0.430625000000012 
0.3518750000000106 
0.34187500000001053 
0.34312500000001056 
0.3918750000000111 
0.26187500000001035 
0.41437500000001165 
0.18562500000000906 
0.4193750000000118 
0.3368750000000105 
0.33562500000001055 
0.3268750000000105 
0.41062500000001156 
0.3131250000000105 
0.3043750000000105 
0.3693750000000106 
0.4156250000000117 
0.3893750000000111 
0.3931250000000111 
0.38437500000001096 
0.3493750000000106 
0.3318750000000105 
0.3718750000000106 
0.4243750000000119 
0.3681250000000106 
0.41062500000001156 
0.3693750000000106 
0.43562500000001214 
0.29437500000001043 
0.3393750000000106 
0.3343750000000105 
0.385625000000011 
0.21437500000000942 
0.4131250000000117 
0.32812500000001055 
0.3568750000000106 
0.39812500000001133 
0.41937500000001177 
0.37312500000001064 
0.35187500000001054 
0.3518750000000106 
0.35312500000001057 
0.3606250000000106 
0.37062500000001064 
0.3581250000000106 
0.3181250000000105 
0.37687500000001073 
0.24812500000001028 
0.4243750000000119 
0.3743750000000107 
0.3731250000000106 
0.42937500000001205 
0.37687500000001073 
0.45062500000001227 
0.3181250000000105 
0.33312500000001055 
0.40062500000001133 
0.33062500000001055 
0.30562500000001047 
0.38187500000001084 
0.4168750000000117 
0.37687500000001073 
0.3018750000000105 
0.38187500000001084 
0.3143750000000105 
0.2756250000000104 
0.40562500000001145 
0.3918750000000111 
0.4118750000000117 
0.23812500000001005 
0.35312500000001057 
0.3631250000000106 
0.30687500000001044 
0.28937500000001043 
0.3156250000000105 
0.38437500000001096 
0.3581250000000106 
0.4131250000000117 
0.39812500000001133 
0.3718750000000106 
0.27187500000001036 
0.3681250000000106 
0.3581250000000106 
0.31812500000001054 
0.3606250000000106 
0.4143750000000117 
0.35062500000001057 
0.3218750000000105 
0.3093750000000105 
0.3306250000000105 
0.3718750000000106 
0.16062500000000904 
0.4181250000000118 
0.2781250000000104 
0.3268750000000105 
0.2868750000000104 
0.3081250000000105 
0.3781250000000107 
0.3668750000000106 
0.3968750000000112 
0.34312500000001056 
0.25937500000001035 
0.43562500000001214 
0.29812500000001046 
0.34187500000001053 
0.3631250000000106 
0.24687500000001028 
0.3518750000000106 
0.385625000000011 
0.35562500000001057 
0.40062500000001133 
0.22312500000000965 
0.3643750000000106 
0.40562500000001145 
0.37687500000001073 
0.43437500000001217 
0.385625000000011 
0.3956250000000112 
0.3043750000000105 
0.3968750000000112 
0.3706250000000106 
0.32312500000001054 
0.4206250000000118 
0.3018750000000105 
0.42437500000001194 
0.35937500000001055 
0.4431250000000122 
0.29812500000001046 
0.4043750000000114 
0.35062500000001057 
0.4131250000000117 
0.3468750000000106 
0.3306250000000105 
0.3343750000000105 
0.37687500000001073 
0.3268750000000105 
0.29187500000001043 
0.30187500000001044 
0.20812500000000925 
0.34062500000001056 
0.3993750000000113 
0.3343750000000105 
0.40812500000001156 
0.33937500000001053 
0.3656250000000106 
0.3981250000000112 
0.42437500000001194 
0.3618750000000106 
0.34812500000001056 
0.3343750000000105 
0.4206250000000118 
0.3918750000000111 
0.35312500000001057 
0.3893750000000111 
0.45687500000001224 
0.29062500000001046 
0.2868750000000104 
0.4093750000000116 
0.4256250000000119 
0.2581250000000104 
0.43187500000001217 
0.3206250000000105 
0.4168750000000118 
0.4143750000000117 
0.35312500000001057 
0.388125000000011 
0.28812500000001046 
0.34187500000001053 
0.19812500000000907 
0.3368750000000105 
0.27437500000001036 
0.37812500000001076 
0.3693750000000106 
0.33312500000001055 
0.3131250000000105 
0.3993750000000113 
0.3618750000000106 
0.37812500000001076 
0.3893750000000111 
0.3731250000000106 
0.29937500000001044 
0.388125000000011 
0.38437500000001096 
0.40062500000001133 
0.3593750000000106 
0.29187500000001043 
0.3268750000000105 
0.3243750000000105 
0.36812500000001064 
0.2106250000000093 
0.34562500000001056 
0.38062500000001087 
0.3243750000000105 
0.29062500000001046 
0.3681250000000106 
0.37687500000001073 
0.3743750000000107 
0.3168750000000105 
0.3893750000000111 
0.38062500000001087 
0.3656250000000106 
0.3906250000000111 
0.385625000000011 
0.35312500000001057 
0.3181250000000105 
0.3581250000000106 
0.39312500000001105 
0.32312500000001054 
0.3256250000000105 
0.32312500000001054 
0.28812500000001046 
0.24437500000001022 
0.32562500000001054 
0.40062500000001133 
0.3906250000000111 
0.2206250000000096 
0.385625000000011 
0.4431250000000122 
0.3718750000000106 
0.3193750000000105 
0.26937500000001036 
0.2093750000000093 
0.3918750000000111 
0.42187500000001193 
0.3343750000000105 
0.38687500000001096 
0.3143750000000105 
0.3593750000000106 
0.41062500000001156 
0.33562500000001055 
0.29437500000001043 
0.3718750000000106 
0.25937500000001035 
0.34437500000001053 
0.3193750000000105 
0.38062500000001087 
0.33312500000001055 
0.3906250000000111 
0.14062500000000902 
0.3568750000000106 
0.3643750000000106 
0.3943750000000112 
0.3806250000000108 
0.3906250000000111 
0.3181250000000105 
0.33812500000001056 
0.38437500000001096 
0.3518750000000106 
0.40312500000001145 
0.388125000000011 
0.35562500000001057 
0.29312500000001046 
0.3131250000000105 
0.3606250000000106 
0.38437500000001096 
0.36312500000001063 
0.29187500000001043 
0.4543750000000122 
0.3631250000000106 
0.38187500000001084 
0.3781250000000107 
0.3731250000000106 
0.3068750000000105 
0.25937500000001035 
0.3181250000000105 
0.2531250000000103 
0.4181250000000118 
0.3731250000000106 
0.3781250000000107 
0.21437500000000942 
0.3668750000000106 
0.3593750000000106 
0.2718750000000104 
0.30062500000001047 
0.4256250000000119 
0.2581250000000104 
0.3593750000000106 
0.2831250000000104 
0.4143750000000117 
0.34562500000001056 
0.3343750000000105 
0.30937500000001045 
0.3756250000000107 
0.35312500000001057 
0.428125000000012 
0.32062500000001054 
0.4043750000000114 
0.22937500000000982 
0.3906250000000111 
0.3918750000000111 
0.3606250000000106 
0.3968750000000112 
0.33062500000001055 
0.4231250000000119 
0.3168750000000105 
0.3106250000000105 
0.42187500000001193 
0.37062500000001064 
0.30312500000001047 
0.3756250000000107 
