0.33937500000001053 
0.40812500000001156 
0.3518750000000106 
0.42187500000001177 
0.34062500000001056 
0.20312500000000913 
0.3318750000000105 
0.3618750000000106 
0.38187500000001084 
0.3631250000000106 
0.14812500000000903 
0.3268750000000105 
0.39937500000001136 
0.26687500000001035 
0.37812500000001076 
0.428125000000012 
0.3618750000000106 
0.3168750000000105 
0.33312500000001055 
0.43312500000001214 
0.2718750000000104 
0.3706250000000106 
0.3518750000000106 
0.35437500000001054 
0.3943750000000112 
0.3968750000000112 
0.3581250000000106 
0.4118750000000117 
0.38437500000001096 
0.2781250000000104 
0.3181250000000105 
0.40562500000001145 
0.4068750000000115 
0.4593750000000122 
0.17437500000000905 
0.21937500000000953 
0.3193750000000105 
0.3631250000000106 
0.4593750000000122 
0.430625000000012 
0.3918750000000111 
0.4206250000000118 
0.3256250000000105 
0.34187500000001053 
0.3268750000000105 
0.3806250000000108 
0.43187500000001217 
0.3631250000000106 
0.3218750000000105 
0.39812500000001133 
0.3743750000000107 
0.4181250000000118 
0.33562500000001055 
0.3781250000000107 
0.2756250000000104 
0.3581250000000106 
0.3243750000000105 
0.34687500000001054 
0.18687500000000906 
0.37937500000001084 
0.26187500000001035 
0.430625000000012 
0.3806250000000108 
0.3718750000000106 
0.38062500000001087 
0.4131250000000117 
0.3781250000000107 
0.29312500000001046 
0.34312500000001056 
0.38187500000001084 
0.4131250000000117 
0.28937500000001043 
0.3618750000000106 
0.4381250000000122 
0.35062500000001057 
0.30937500000001045 
0.3631250000000106 
0.2243750000000097 
0.33812500000001056 
0.3231250000000105 
0.30187500000001044 
0.3331250000000105 
0.3606250000000106 
0.3931250000000111 
0.29187500000001043 
0.34812500000001056 
0.30562500000001047 
0.385625000000011 
0.3193750000000105 
0.3693750000000106 
0.3906250000000111 
0.2681250000000104 
0.3981250000000112 
0.385625000000011 
0.3143750000000105 
0.23562500000001 
0.30187500000001044 
0.3218750000000105 
0.3893750000000111 
0.3756250000000107 
0.383125000000011 
0.3806250000000108 
0.3618750000000106 
0.34062500000001056 
0.4206250000000118 
0.3318750000000105 
0.3631250000000106 
0.37687500000001073 
0.38437500000001096 
0.43437500000001217 
0.30437500000001044 
0.25562500000001037 
0.43562500000001214 
0.35562500000001057 
0.4068750000000116 
0.3618750000000106 
0.37812500000001076 
0.3206250000000105 
0.3218750000000105 
0.3918750000000111 
0.4193750000000118 
0.3693750000000106 
0.38187500000001084 
0.40062500000001133 
0.42937500000001205 
0.3893750000000111 
0.3993750000000113 
0.3131250000000105 
0.2843750000000104 
0.3181250000000105 
0.3906250000000111 
0.39812500000001133 
0.37312500000001064 
0.3993750000000113 
0.2793750000000104 
0.23812500000001005 
0.3156250000000105 
0.17562500000000905 
0.2406250000000101 
0.42937500000001205 
0.28937500000001043 
0.43437500000001217 
0.34437500000001053 
0.32062500000001054 
0.3906250000000111 
0.34687500000001054 
0.30937500000001045 
0.3993750000000113 
0.42687500000001205 
0.34812500000001056 
0.3706250000000106 
0.3893750000000111 
0.3931250000000111 
0.41062500000001156 
0.3468750000000106 
0.43562500000001214 
0.35062500000001057 
0.2793750000000104 
0.3918750000000111 
0.430625000000012 
0.3581250000000106 
0.35062500000001057 
0.428125000000012 
0.29562500000001046 
0.37937500000001084 
0.3993750000000113 
0.3831250000000109 
0.29937500000001044 
0.4118750000000116 
0.19062500000000906 
0.34937500000001054 
0.25937500000001035 
0.3981250000000112 
0.4168750000000117 
0.34312500000001056 
0.41687500000001165 
0.41687500000001165 
0.3618750000000106 
0.3631250000000106 
0.29812500000001046 
0.4043750000000114 
0.41437500000001165 
0.39812500000001133 
0.34187500000001053 
0.3918750000000111 
0.3343750000000105 
0.29437500000001043 
0.4531250000000122 
0.3956250000000112 
0.3668750000000106 
0.3081250000000105 
0.35562500000001057 
0.4156250000000117 
0.3581250000000106 
0.3193750000000105 
0.3081250000000105 
0.3256250000000105 
0.4381250000000122 
0.3306250000000105 
0.3106250000000105 
0.38187500000001084 
0.4043750000000114 
0.3018750000000105 
0.38687500000001096 
0.3218750000000105 
0.43437500000001217 
0.33312500000001055 
0.3693750000000106 
0.3956250000000112 
0.29562500000001046 
0.38187500000001084 
0.42187500000001193 
0.39062500000001105 
0.3718750000000106 
0.38187500000001084 
0.4131250000000117 
0.3131250000000105 
0.37812500000001076 
0.41062500000001156 
0.36812500000001064 
0.3643750000000106 
0.3706250000000106 
0.41062500000001156 
0.3243750000000105 
0.3631250000000106 
0.3943750000000112 
0.4256250000000119 
0.3918750000000111 
0.35437500000001054 
0.21187500000000936 
0.3668750000000106 
0.21812500000000953 
0.3618750000000106 
0.2968750000000105 
0.37812500000001076 
0.37312500000001064 
0.3293750000000105 
0.44062500000001226 
0.22687500000000976 
0.3093750000000105 
0.3743750000000107 
0.3693750000000106 
0.34437500000001053 
0.37687500000001073 
0.31812500000001054 
0.3318750000000105 
0.3918750000000111 
0.3256250000000105 
0.43187500000001217 
0.18187500000000906 
0.29062500000001046 
0.4018750000000113 
0.33062500000001055 
0.3668750000000106 
0.2531250000000103 
0.37312500000001064 
0.44062500000001215 
0.39812500000001133 
0.388125000000011 
0.4043750000000114 
0.3568750000000106 
0.3268750000000105 
0.3993750000000113 
0.48312500000001224 
0.3668750000000106 
0.35062500000001057 
0.45187500000001224 
0.3593750000000106 
0.3093750000000105 
0.3368750000000105 
0.3931250000000112 
0.35312500000001057 
0.23187500000000988 
0.36812500000001064 
0.34062500000001056 
0.30437500000001044 
0.26687500000001035 
0.2506250000000103 
0.4243750000000119 
0.3706250000000106 
0.4093750000000116 
0.385625000000011 
0.40562500000001145 
0.4193750000000118 
0.3831250000000109 
0.3293750000000105 
0.2631250000000104 
0.3181250000000105 
0.37687500000001073 
0.2793750000000104 
0.28812500000001046 
0.3181250000000105 
0.4168750000000118 
0.3106250000000105 
0.3718750000000106 
0.3993750000000113 
0.3906250000000111 
0.4018750000000113 
0.2418750000000101 
0.385625000000011 
