0.4956250000000123 
0.48812500000001224 
0.4606250000000123 
0.5031250000000123 
0.49312500000001225 
0.5006250000000123 
0.43562500000001214 
0.4243750000000119 
0.4918750000000123 
0.4681250000000122 
0.21062500000000925 
0.33687500000001047 
0.25062500000001026 
0.48812500000001224 
0.48187500000001227 
0.47812500000001223 
0.5018750000000123 
0.5056250000000123 
0.4531250000000122 
0.5231250000000123 
0.44187500000001223 
0.4793750000000122 
0.4906250000000123 
0.34687500000001054 
0.4481250000000122 
0.3368750000000105 
0.3231250000000105 
0.48187500000001227 
0.4681250000000122 
0.4631250000000122 
0.4256250000000119 
0.4956250000000123 
0.5093750000000122 
0.4181250000000117 
0.35687500000001054 
0.2831250000000104 
0.47312500000001223 
0.44187500000001223 
0.49812500000001225 
0.47312500000001223 
0.5093750000000122 
0.47812500000001223 
0.40562500000001145 
0.3156250000000105 
0.5093750000000122 
0.47687500000001226 
0.3606250000000106 
0.3918750000000111 
0.4906250000000123 
0.4756250000000122 
0.37687500000001073 
0.4806250000000123 
0.4643750000000122 
0.4068750000000114 
0.24312500000001017 
0.48187500000001227 
0.47187500000001226 
0.4943750000000122 
0.5031250000000123 
0.49812500000001225 
0.4843750000000122 
0.4856250000000123 
0.49812500000001225 
0.43562500000001214 
0.4743750000000122 
0.47812500000001223 
0.5068750000000123 
0.4531250000000122 
0.4018750000000113 
0.48812500000001224 
0.40562500000001145 
0.4393750000000122 
0.4943750000000122 
0.48687500000001227 
0.4968750000000123 
0.5006250000000123 
0.5118750000000123 
0.4956250000000123 
0.4443750000000122 
0.4243750000000119 
0.5006250000000123 
0.4743750000000122 
0.4793750000000122 
0.4481250000000122 
0.47812500000001223 
0.38812500000001093 
0.4343750000000121 
0.27187500000001036 
0.43562500000001214 
0.48812500000001224 
0.4943750000000122 
0.4968750000000123 
0.5006250000000123 
0.4743750000000122 
0.3643750000000106 
0.4693750000000122 
0.3181250000000105 
0.3118750000000104 
0.49312500000001225 
0.4756250000000123 
0.4493750000000122 
0.4756250000000123 
0.44062500000001215 
0.4856250000000123 
0.5068750000000123 
0.5018750000000123 
0.4443750000000122 
0.4743750000000122 
0.46562500000001217 
0.3206250000000105 
0.36937500000001056 
0.3156250000000104 
0.48687500000001227 
0.47687500000001226 
0.4231250000000119 
0.49812500000001225 
0.47312500000001223 
0.48687500000001227 
0.4593750000000122 
0.3968750000000112 
0.41437500000001165 
0.5006250000000123 
0.41187500000001154 
0.30437500000001044 
0.41062500000001156 
0.2631250000000103 
0.35937500000001055 
0.4918750000000123 
0.34437500000001053 
0.3993750000000113 
0.3731250000000106 
0.4993750000000122 
0.43437500000001217 
0.3681250000000106 
0.41937500000001177 
0.26062500000001027 
0.3706250000000106 
0.49312500000001225 
0.4256250000000119 
0.28437500000001037 
0.4906250000000123 
0.46187500000001225 
0.4531250000000122 
0.48312500000001224 
0.34937500000001054 
0.4943750000000122 
0.4993750000000122 
0.48187500000001227 
0.48812500000001224 
0.3743750000000106 
0.27437500000001036 
0.48312500000001224 
0.4918750000000123 
0.5106250000000123 
0.41687500000001165 
0.45687500000001213 
0.5006250000000123 
0.4681250000000122 
0.5056250000000123 
0.5031250000000123 
0.4956250000000123 
0.4631250000000122 
0.3681250000000106 
0.5043750000000122 
0.5018750000000123 
0.3231250000000105 
0.47687500000001226 
0.39812500000001116 
0.4956250000000123 
0.3956250000000112 
0.4606250000000123 
0.5106250000000123 
0.5118750000000123 
0.44562500000001215 
0.4943750000000122 
0.39312500000001105 
0.4918750000000123 
0.49312500000001225 
0.47812500000001223 
0.4581250000000122 
0.5056250000000123 
0.4381250000000122 
0.40562500000001145 
0.5031250000000123 
0.4943750000000122 
0.4656250000000123 
0.3856250000000108 
0.4993750000000122 
0.45687500000001224 
0.45687500000001224 
0.34187500000001053 
0.48187500000001227 
0.48812500000001224 
0.4531250000000122 
0.4431250000000122 
0.4418750000000121 
0.44562500000001215 
0.4743750000000122 
0.4681250000000122 
0.48687500000001227 
0.4681250000000122 
0.37937500000001073 
0.4893750000000122 
0.5006250000000123 
0.4593750000000122 
0.42187500000001177 
0.4968750000000123 
0.4393750000000122 
0.26312500000001027 
0.48187500000001227 
0.4918750000000123 
0.46062500000001216 
0.45062500000001215 
0.4231250000000118 
0.4706250000000123 
0.4856250000000123 
0.4643750000000122 
0.29187500000001043 
0.5043750000000122 
0.4843750000000122 
0.42187500000001177 
0.3256250000000105 
0.48312500000001224 
0.5018750000000123 
0.49312500000001225 
0.4706250000000123 
0.5031250000000123 
0.49312500000001225 
0.4856250000000122 
0.4843750000000122 
0.3368750000000105 
0.5106250000000123 
0.49312500000001225 
0.47812500000001223 
0.4706250000000123 
0.2918750000000104 
0.45687500000001224 
0.28687500000001037 
0.4543750000000122 
0.4756250000000123 
0.48187500000001227 
0.3681250000000106 
0.48812500000001224 
0.3831250000000108 
0.4893750000000122 
0.48687500000001227 
0.4968750000000123 
0.4268750000000119 
0.4643750000000122 
0.46562500000001217 
0.3993750000000113 
0.5056250000000123 
0.3656250000000106 
0.4431250000000122 
0.45187500000001213 
0.42187500000001177 
0.4693750000000122 
0.3268750000000105 
0.5043750000000122 
0.4893750000000122 
0.5081250000000123 
0.4943750000000122 
0.4893750000000122 
0.5068750000000123 
0.4631250000000122 
0.4943750000000122 
0.41062500000001156 
0.4681250000000122 
0.4856250000000123 
0.41687500000001165 
0.36437500000001055 
0.4806250000000122 
0.47812500000001223 
0.4443750000000122 
0.46187500000001225 
0.47312500000001223 
0.38187500000001084 
0.31687500000001045 
0.3631250000000106 
0.5018750000000123 
0.5031250000000123 
0.2818750000000104 
0.5043750000000122 
0.45562500000001216 
0.4681250000000122 
0.45562500000001216 
0.46062500000001216 
0.4806250000000122 
0.3731250000000106 
0.4968750000000123 
0.35562500000001057 
0.5106250000000123 
0.42187500000001177 
0.3456250000000105 
0.41312500000001157 
0.4531250000000122 
0.4543750000000122 
0.48312500000001224 
0.31187500000001045 
0.4856250000000123 
