0.3968750000000112 
0.428125000000012 
0.3306250000000105 
0.3643750000000106 
0.45187500000001224 
0.4193750000000118 
0.4531250000000122 
0.3893750000000111 
0.2843750000000104 
0.4893750000000122 
0.4268750000000119 
0.29437500000001043 
0.46187500000001225 
0.3318750000000105 
0.43312500000001214 
0.4793750000000122 
0.3756250000000107 
0.40062500000001133 
0.428125000000012 
0.4168750000000117 
0.3756250000000107 
0.4493750000000122 
0.4681250000000122 
0.388125000000011 
0.3518750000000106 
0.4018750000000113 
0.39812500000001116 
0.4368750000000122 
0.4431250000000122 
0.47187500000001226 
0.37812500000001076 
0.38687500000001096 
0.40812500000001156 
0.3343750000000105 
0.4593750000000122 
0.4118750000000116 
0.3543750000000106 
0.44687500000001223 
0.4181250000000118 
0.4131250000000117 
0.4118750000000116 
0.40937500000001154 
0.428125000000012 
0.34937500000001054 
0.44562500000001215 
0.4793750000000122 
0.3318750000000105 
0.3631250000000106 
0.44062500000001215 
0.3631250000000106 
0.4368750000000121 
0.4181250000000118 
0.4093750000000116 
0.44687500000001223 
0.3431250000000105 
0.3618750000000106 
0.4368750000000122 
0.29687500000001044 
0.40187500000001136 
0.40812500000001156 
0.3931250000000111 
0.2868750000000104 
0.40562500000001145 
0.3643750000000106 
0.4943750000000122 
0.3681250000000106 
0.3993750000000113 
0.4181250000000118 
0.46187500000001225 
0.43562500000001214 
0.44562500000001226 
0.4368750000000122 
0.429375000000012 
0.34937500000001054 
0.34812500000001056 
0.34812500000001056 
0.43312500000001214 
0.4318750000000121 
0.34312500000001056 
0.42437500000001194 
0.31187500000001045 
0.35437500000001054 
0.3831250000000109 
0.30937500000001045 
0.3618750000000106 
0.2831250000000104 
0.4018750000000113 
0.3693750000000106 
0.40312500000001145 
0.4143750000000117 
0.34187500000001053 
0.35312500000001057 
0.37937500000001073 
0.3518750000000106 
0.4593750000000122 
0.4043750000000114 
0.4368750000000122 
0.3956250000000112 
0.37687500000001073 
0.3593750000000106 
0.4531250000000122 
0.43437500000001217 
0.3681250000000106 
0.3693750000000106 
0.3281250000000105 
0.4856250000000123 
0.4656250000000123 
0.3343750000000105 
0.3656250000000106 
0.3381250000000105 
0.3693750000000106 
0.44187500000001223 
0.4256250000000119 
0.3143750000000105 
0.39812500000001133 
0.41437500000001165 
0.4393750000000122 
0.29187500000001043 
0.3743750000000106 
0.43187500000001217 
0.46187500000001225 
0.43562500000001214 
0.385625000000011 
0.35562500000001057 
0.428125000000012 
0.30187500000001044 
0.3493750000000106 
0.42187500000001177 
0.4743750000000122 
0.3168750000000105 
0.4168750000000118 
0.44187500000001223 
0.45562500000001216 
0.26687500000001035 
0.33312500000001055 
0.4018750000000113 
0.37937500000001073 
0.41437500000001165 
0.4243750000000119 
0.35312500000001057 
0.3693750000000106 
0.41187500000001154 
0.3918750000000111 
0.4368750000000122 
0.3681250000000106 
0.3968750000000112 
0.3343750000000105 
0.46687500000001225 
0.4543750000000122 
0.3756250000000107 
0.46187500000001225 
0.3593750000000106 
0.26937500000001036 
0.4168750000000118 
0.42937500000001205 
0.46187500000001225 
0.42937500000001205 
0.3656250000000106 
0.3343750000000105 
0.46687500000001225 
0.37937500000001084 
0.42687500000001205 
0.4143750000000117 
0.29937500000001044 
0.4531250000000122 
0.46187500000001225 
0.4193750000000118 
0.3156250000000105 
0.4231250000000119 
0.47312500000001223 
0.2806250000000104 
0.35562500000001057 
0.4043750000000114 
0.4231250000000119 
0.3981250000000112 
0.3668750000000106 
0.34187500000001053 
0.32812500000001055 
0.4118750000000116 
0.3931250000000112 
0.3906250000000111 
0.45187500000001224 
0.2818750000000104 
0.3018750000000105 
0.4381250000000122 
0.3581250000000106 
0.4631250000000122 
0.3618750000000106 
0.30937500000001045 
0.25937500000001035 
0.3343750000000105 
0.4956250000000123 
0.4206250000000118 
0.3918750000000111 
0.40062500000001133 
0.3806250000000108 
0.4206250000000118 
0.43437500000001217 
0.46187500000001225 
0.3606250000000106 
0.40562500000001145 
0.3806250000000108 
0.34812500000001056 
0.37937500000001073 
0.3231250000000105 
0.34562500000001056 
0.4706250000000123 
0.42437500000001194 
0.3731250000000106 
0.3618750000000106 
0.3568750000000106 
0.42187500000001177 
0.3318750000000105 
0.4443750000000122 
0.3693750000000106 
0.4068750000000114 
0.21062500000000925 
0.3543750000000106 
0.2556250000000103 
0.45187500000001224 
0.42187500000001177 
0.45562500000001227 
0.4743750000000122 
0.3968750000000112 
0.45562500000001227 
0.4156250000000117 
0.40312500000001145 
0.43437500000001217 
0.32312500000001054 
0.4743750000000122 
0.33562500000001055 
0.3681250000000106 
0.39812500000001133 
0.4231250000000119 
0.43562500000001214 
0.4043750000000114 
0.42437500000001194 
0.46687500000001225 
0.25437500000001034 
0.3993750000000113 
0.40062500000001133 
0.3993750000000113 
0.4531250000000122 
0.45062500000001227 
0.42437500000001194 
0.48812500000001224 
0.4493750000000122 
0.3693750000000106 
0.3831250000000109 
0.45187500000001224 
0.4231250000000119 
0.4581250000000122 
0.45562500000001227 
0.3668750000000106 
0.23687500000001 
0.4631250000000122 
0.38687500000001096 
0.4631250000000122 
0.45687500000001224 
0.38437500000001085 
0.4018750000000113 
0.48937500000001233 
0.3968750000000112 
0.43562500000001214 
0.3756250000000107 
0.33937500000001053 
0.3968750000000112 
0.4043750000000114 
0.39937500000001136 
0.3718750000000106 
0.3706250000000106 
0.4481250000000122 
0.45687500000001224 
0.4256250000000119 
0.3543750000000106 
0.35937500000001055 
0.3906250000000111 
0.40562500000001145 
0.38687500000001096 
0.3581250000000106 
0.37687500000001073 
0.35437500000001054 
0.44187500000001223 
0.3931250000000111 
0.4018750000000113 
0.30062500000001047 
0.44062500000001215 
0.4131250000000117 
0.44562500000001215 
0.2981250000000104 
0.3806250000000108 
0.3268750000000105 
0.4131250000000117 
0.40562500000001145 
0.4918750000000123 
0.38437500000001096 
0.4531250000000122 
0.4131250000000117 
0.4368750000000122 
0.4693750000000122 
