0.2606250000000104 
0.3568750000000106 
0.43437500000001217 
0.4431250000000122 
0.43562500000001214 
0.4231250000000119 
0.32812500000001055 
0.33562500000001055 
0.34312500000001056 
0.25687500000001035 
0.43187500000001217 
0.3943750000000112 
0.34812500000001056 
0.3906250000000111 
0.29187500000001043 
0.3943750000000112 
0.30562500000001047 
0.4181250000000118 
0.2781250000000104 
0.2631250000000104 
0.46187500000001225 
0.42437500000001194 
0.42437500000001194 
0.4643750000000122 
0.37937500000001084 
0.35312500000001057 
0.4793750000000122 
0.385625000000011 
0.3618750000000106 
0.4093750000000116 
0.4043750000000114 
0.40812500000001156 
0.44062500000001226 
0.30562500000001047 
0.3106250000000105 
0.44562500000001226 
0.3418750000000106 
0.3956250000000112 
0.30562500000001047 
0.3568750000000106 
0.35437500000001054 
0.3656250000000106 
0.40812500000001156 
0.388125000000011 
0.41062500000001156 
0.2956250000000104 
0.34312500000001056 
0.3781250000000107 
0.35562500000001057 
0.46187500000001225 
0.19687500000000907 
0.4131250000000117 
0.4118750000000116 
0.3931250000000111 
0.3606250000000106 
0.4068750000000116 
0.43437500000001217 
0.35312500000001057 
0.29312500000001046 
0.3306250000000105 
0.24437500000001017 
0.3581250000000106 
0.37687500000001073 
0.3968750000000112 
0.41187500000001154 
0.4231250000000119 
0.3831250000000108 
0.3368750000000105 
0.3256250000000105 
0.3831250000000109 
0.34312500000001056 
0.3656250000000106 
0.4431250000000122 
0.30562500000001047 
0.3731250000000106 
0.2756250000000104 
0.3756250000000107 
0.3918750000000111 
0.43562500000001214 
0.4168750000000118 
0.22187500000000965 
0.3618750000000106 
0.4193750000000118 
0.3943750000000112 
0.3831250000000109 
0.3743750000000106 
0.26187500000001035 
0.44562500000001226 
0.33062500000001055 
0.4168750000000118 
0.3443750000000106 
0.3968750000000112 
0.4531250000000122 
0.3668750000000106 
0.3681250000000106 
0.30312500000001047 
0.38812500000001093 
0.3668750000000106 
0.2606250000000103 
0.21437500000000942 
0.29937500000001044 
0.41937500000001177 
0.40937500000001154 
0.45562500000001227 
0.3156250000000105 
0.45687500000001224 
0.3631250000000106 
0.41187500000001154 
0.41187500000001154 
0.34687500000001054 
0.32562500000001054 
0.30562500000001047 
0.38562500000001093 
0.4168750000000118 
0.40312500000001145 
0.4531250000000122 
0.3918750000000111 
0.4181250000000118 
0.35187500000001054 
0.4393750000000122 
0.3468750000000106 
0.3968750000000112 
0.38687500000001096 
0.3593750000000106 
0.3606250000000106 
0.32062500000001054 
0.3343750000000105 
0.3756250000000107 
0.29562500000001046 
0.33562500000001055 
0.37812500000001076 
0.26437500000001035 
0.35562500000001057 
0.40062500000001133 
0.38437500000001096 
0.42187500000001193 
0.3943750000000112 
0.3106250000000105 
0.3343750000000105 
0.3643750000000106 
0.4381250000000122 
0.23187500000000988 
0.14437500000000902 
0.39812500000001133 
0.4018750000000113 
0.44562500000001215 
0.38687500000001096 
0.43437500000001217 
0.38062500000001087 
0.3368750000000105 
0.33937500000001053 
0.3718750000000106 
0.38687500000001096 
0.35562500000001057 
0.31437500000001045 
0.4231250000000119 
0.33812500000001056 
0.42437500000001194 
0.23437500000000994 
0.3668750000000106 
0.40812500000001156 
0.3931250000000112 
0.4906250000000123 
0.19562500000000907 
0.45187500000001224 
0.36812500000001064 
0.38062500000001087 
0.42187500000001193 
0.430625000000012 
0.4256250000000119 
0.3143750000000105 
0.3581250000000106 
0.3606250000000106 
0.3981250000000112 
0.34062500000001056 
0.4231250000000119 
0.37562500000001076 
0.30937500000001045 
0.39687500000001125 
0.28937500000001043 
0.3493750000000106 
0.430625000000012 
0.45687500000001224 
0.2756250000000104 
0.38437500000001085 
0.29437500000001043 
0.3256250000000105 
0.3218750000000105 
0.43187500000001217 
0.3981250000000112 
0.4143750000000117 
0.38187500000001084 
0.3568750000000106 
0.3643750000000106 
0.2756250000000104 
0.45562500000001227 
0.4381250000000122 
0.40062500000001133 
0.3931250000000111 
0.34437500000001053 
0.40812500000001156 
0.430625000000012 
0.3893750000000111 
0.3156250000000105 
0.2906250000000104 
0.3681250000000106 
0.33562500000001055 
0.3756250000000107 
0.43562500000001214 
0.2418750000000101 
0.4631250000000122 
0.3656250000000106 
0.41062500000001156 
0.35312500000001057 
0.37312500000001064 
0.42437500000001194 
0.42687500000001205 
0.3256250000000105 
0.4268750000000119 
0.3343750000000105 
0.41062500000001156 
0.4256250000000119 
0.41062500000001156 
0.40562500000001145 
0.29312500000001046 
0.3681250000000106 
0.4581250000000122 
0.34062500000001056 
0.40312500000001145 
0.45187500000001224 
0.3918750000000111 
0.42187500000001177 
0.429375000000012 
0.3631250000000106 
0.4393750000000122 
0.33562500000001055 
0.3906250000000111 
0.43312500000001214 
0.44187500000001223 
0.22937500000000982 
0.40937500000001154 
0.3893750000000111 
0.4393750000000122 
0.4043750000000114 
0.40062500000001133 
0.37687500000001073 
0.42437500000001194 
0.3193750000000105 
0.41437500000001165 
0.39812500000001133 
0.15687500000000903 
0.3468750000000106 
0.32062500000001054 
0.43562500000001214 
0.3493750000000106 
0.41437500000001165 
0.4118750000000117 
0.42187500000001193 
0.4631250000000122 
0.38437500000001096 
0.2793750000000104 
0.4431250000000122 
0.3568750000000106 
0.3668750000000106 
0.43562500000001214 
0.3831250000000108 
0.35562500000001057 
0.3131250000000105 
0.3731250000000106 
0.3468750000000106 
0.3981250000000112 
0.41937500000001177 
0.3693750000000106 
0.2506250000000103 
0.29312500000001046 
0.3693750000000106 
0.3643750000000106 
0.34937500000001054 
0.38437500000001096 
0.43562500000001214 
0.30062500000001047 
0.39062500000001105 
0.2781250000000104 
0.29187500000001043 
0.37062500000001064 
0.3931250000000111 
0.39812500000001133 
0.19937500000000907 
0.28562500000001045 
0.40062500000001133 
0.26187500000001035 
0.4806250000000123 
0.35187500000001054 
0.3131250000000105 
0.40562500000001145 
0.40937500000001154 
0.3181250000000105 
0.3731250000000106 
0.3418750000000106 
0.4368750000000122 
