0.4381250000000122 
0.3343750000000105 
0.3681250000000106 
0.4206250000000118 
0.33812500000001056 
0.4156250000000117 
0.41062500000001156 
0.35562500000001057 
0.3231250000000105 
0.3131250000000105 
0.3606250000000106 
0.37937500000001084 
0.38437500000001096 
0.3593750000000106 
0.24437500000001017 
0.3368750000000105 
0.35062500000001057 
0.41062500000001156 
0.29687500000001044 
0.4018750000000113 
0.36187500000001055 
0.4181250000000118 
0.3218750000000105 
0.3831250000000108 
0.3906250000000111 
0.24812500000001028 
0.3168750000000105 
0.3043750000000105 
0.4018750000000113 
0.24687500000001028 
0.3681250000000106 
0.3831250000000109 
0.40312500000001145 
0.4043750000000115 
0.428125000000012 
0.40312500000001145 
0.24437500000001022 
0.3281250000000105 
0.3106250000000105 
0.35562500000001057 
0.3693750000000106 
0.4018750000000113 
0.2581250000000104 
0.34312500000001056 
0.30562500000001047 
0.34312500000001056 
0.4181250000000118 
0.3181250000000105 
0.41062500000001156 
0.41687500000001165 
0.3156250000000105 
0.29187500000001043 
0.4181250000000118 
0.4181250000000118 
0.37687500000001073 
0.43437500000001217 
0.3618750000000106 
0.3631250000000106 
0.34687500000001054 
0.34937500000001054 
0.25437500000001034 
0.3243750000000105 
0.3581250000000106 
0.3918750000000111 
0.3706250000000106 
0.37562500000001076 
0.23312500000000994 
0.4231250000000119 
0.3156250000000105 
0.3831250000000109 
0.3631250000000106 
0.4243750000000119 
0.26187500000001035 
0.4156250000000117 
0.2206250000000096 
0.29187500000001043 
0.44687500000001223 
0.3468750000000106 
0.34562500000001056 
0.2843750000000104 
0.4143750000000117 
0.3743750000000107 
0.34437500000001053 
0.2756250000000104 
0.45187500000001224 
0.3693750000000106 
0.3643750000000106 
0.3993750000000113 
0.3618750000000106 
0.3693750000000106 
0.3893750000000111 
0.3693750000000106 
0.4906250000000123 
0.3218750000000105 
0.30062500000001047 
0.2506250000000103 
0.38187500000001084 
0.35562500000001057 
0.3931250000000111 
0.3806250000000108 
0.3906250000000111 
0.3518750000000106 
0.34187500000001053 
0.3918750000000111 
0.4493750000000122 
0.38062500000001087 
0.4381250000000122 
0.3906250000000111 
0.4168750000000118 
0.3918750000000111 
0.25562500000001037 
0.34562500000001056 
0.3343750000000105 
0.37937500000001084 
0.3968750000000112 
0.3943750000000112 
0.35562500000001057 
0.3731250000000106 
0.34562500000001056 
0.35312500000001057 
0.33562500000001055 
0.4756250000000123 
0.3718750000000106 
0.30312500000001047 
0.40562500000001145 
0.42437500000001194 
0.3343750000000105 
0.34437500000001053 
0.42437500000001194 
0.4043750000000114 
0.3318750000000105 
0.25687500000001035 
0.388125000000011 
0.40187500000001136 
0.40812500000001156 
0.3231250000000105 
0.3593750000000106 
0.3706250000000106 
0.24687500000001023 
0.3518750000000106 
0.4243750000000119 
0.3656250000000106 
0.4256250000000119 
0.39812500000001133 
0.29187500000001043 
0.34062500000001056 
0.37562500000001076 
0.40812500000001156 
0.3831250000000108 
0.41187500000001154 
0.26437500000001035 
0.4543750000000122 
0.20187500000000907 
0.41062500000001156 
0.3643750000000106 
0.3993750000000113 
0.3043750000000105 
0.4493750000000122 
0.3543750000000106 
0.34562500000001056 
0.35562500000001057 
0.388125000000011 
0.38687500000001096 
0.46187500000001225 
0.33812500000001056 
0.2106250000000093 
0.3968750000000112 
0.45187500000001224 
0.37687500000001073 
0.4068750000000114 
0.40812500000001156 
0.3343750000000105 
0.3631250000000106 
0.34062500000001056 
0.35562500000001057 
0.43312500000001214 
0.44062500000001215 
0.42187500000001177 
0.3906250000000111 
0.3318750000000105 
0.40062500000001133 
0.3206250000000105 
0.3893750000000111 
0.3906250000000111 
0.3706250000000106 
0.3893750000000111 
0.3318750000000105 
0.34062500000001056 
0.2556250000000103 
0.3318750000000105 
0.3318750000000105 
0.3218750000000105 
0.4218750000000118 
0.3643750000000106 
0.3731250000000106 
0.40312500000001145 
0.41187500000001154 
0.3781250000000107 
0.2756250000000104 
0.41062500000001156 
0.4156250000000117 
0.3568750000000106 
0.3743750000000106 
0.41937500000001177 
0.3106250000000105 
0.40937500000001154 
0.36562500000001064 
0.3656250000000106 
0.3968750000000112 
0.3293750000000105 
0.34062500000001056 
0.44687500000001223 
0.45687500000001224 
0.4168750000000118 
0.34562500000001056 
0.45187500000001224 
0.3318750000000105 
0.44062500000001215 
0.34687500000001054 
0.38437500000001096 
0.3631250000000106 
0.3906250000000111 
0.43437500000001217 
0.2631250000000104 
0.3093750000000105 
0.3956250000000112 
0.3918750000000111 
0.385625000000011 
0.3606250000000106 
0.42187500000001193 
0.4481250000000122 
0.37687500000001073 
0.43187500000001217 
0.3718750000000106 
0.29437500000001043 
0.39812500000001133 
0.26187500000001035 
0.29687500000001044 
0.29812500000001046 
0.3968750000000112 
0.3318750000000105 
0.385625000000011 
0.4118750000000117 
0.3943750000000112 
0.4231250000000119 
0.3743750000000106 
0.41187500000001154 
0.3218750000000105 
0.2581250000000104 
0.40812500000001156 
0.3281250000000105 
0.40062500000001133 
0.42687500000001205 
0.3706250000000106 
0.28937500000001043 
0.2581250000000104 
0.3193750000000105 
0.40562500000001145 
0.37562500000001076 
0.3731250000000106 
0.4231250000000119 
0.34937500000001054 
0.3781250000000107 
0.45187500000001224 
0.3331250000000105 
0.45562500000001227 
0.3568750000000106 
0.3968750000000112 
0.40312500000001145 
0.35312500000001057 
0.3893750000000111 
0.4493750000000122 
0.32562500000001054 
0.35687500000001054 
0.39312500000001105 
0.3656250000000106 
0.43437500000001217 
0.2881250000000104 
0.34687500000001054 
0.22687500000000976 
0.4256250000000119 
0.3593750000000106 
0.4493750000000122 
0.3468750000000106 
0.3906250000000111 
0.40562500000001145 
0.4431250000000122 
0.37937500000001084 
0.3831250000000108 
0.33312500000001055 
0.4231250000000119 
0.4256250000000119 
0.40062500000001133 
0.3468750000000106 
0.3318750000000105 
0.4206250000000118 
0.34687500000001054 
0.3806250000000108 
0.37687500000001073 
0.3181250000000105 
