0.3456250000000105 
0.49812500000001225 
0.4793750000000122 
0.24937500000001028 
0.45187500000001224 
0.4593750000000122 
0.4893750000000122 
0.4893750000000122 
0.46562500000001217 
0.3281250000000105 
0.4918750000000123 
0.48312500000001224 
0.4906250000000123 
0.4793750000000122 
0.4593750000000122 
0.4843750000000122 
0.5031250000000123 
0.27812500000001034 
0.48312500000001224 
0.29937500000001044 
0.4856250000000122 
0.49812500000001225 
0.4018750000000113 
0.16937500000000905 
0.5018750000000123 
0.48312500000001224 
0.45562500000001216 
0.5006250000000123 
0.45062500000001215 
0.4968750000000123 
0.4806250000000122 
0.3756250000000106 
0.49812500000001225 
0.3056250000000104 
0.4681250000000122 
0.4968750000000123 
0.47812500000001223 
0.4693750000000122 
0.4856250000000122 
0.47687500000001226 
0.35312500000001057 
0.49812500000001225 
0.4856250000000123 
0.49312500000001225 
0.25187500000001023 
0.3893750000000111 
0.5043750000000122 
0.4493750000000122 
0.45062500000001215 
0.4918750000000123 
0.48812500000001224 
0.45562500000001216 
0.49812500000001225 
0.5006250000000123 
0.4843750000000122 
0.4381250000000122 
0.3156250000000105 
0.34687500000001054 
0.2706250000000104 
0.5006250000000123 
0.4856250000000123 
0.48187500000001227 
0.48687500000001227 
0.44062500000001215 
0.41437500000001165 
0.3968750000000112 
0.45062500000001215 
0.44187500000001223 
0.40812500000001145 
0.32437500000001046 
0.49312500000001225 
0.48187500000001227 
0.38687500000001096 
0.2993750000000104 
0.48187500000001227 
0.4693750000000122 
0.48187500000001227 
0.4956250000000123 
0.49312500000001225 
0.49812500000001225 
0.4531250000000122 
0.47687500000001226 
0.40062500000001133 
0.4206250000000118 
0.28437500000001037 
0.3968750000000112 
0.5081250000000123 
0.5093750000000122 
0.4956250000000123 
0.4156250000000117 
0.4843750000000122 
0.48187500000001227 
0.4693750000000122 
0.4443750000000122 
0.5006250000000123 
0.3006250000000104 
0.4581250000000122 
0.47687500000001226 
0.31937500000001046 
0.3506250000000105 
0.4643750000000122 
0.3681250000000106 
0.4443750000000122 
0.3706250000000106 
0.43437500000001217 
0.4643750000000122 
0.48187500000001227 
0.5081250000000123 
0.3918750000000111 
0.3006250000000104 
0.3343750000000105 
0.47687500000001226 
0.4956250000000123 
0.4256250000000119 
0.47187500000001226 
0.34437500000001053 
0.4993750000000122 
0.47312500000001223 
0.46562500000001217 
0.4906250000000123 
0.4918750000000123 
0.4543750000000122 
0.4206250000000118 
0.4268750000000119 
0.39062500000001105 
0.3731250000000106 
0.5093750000000122 
0.5056250000000123 
0.28812500000001035 
0.4631250000000122 
0.5068750000000123 
0.4043750000000113 
0.5006250000000123 
0.4343750000000121 
0.4893750000000122 
0.4056250000000114 
0.38437500000001085 
0.47187500000001226 
0.31437500000001045 
0.5081250000000123 
0.48687500000001227 
0.3156250000000105 
0.41687500000001165 
0.44062500000001215 
0.41687500000001165 
0.49312500000001225 
0.48312500000001224 
0.4393750000000122 
0.44062500000001215 
0.5018750000000123 
0.4543750000000122 
0.43437500000001217 
0.37937500000001073 
0.3481250000000105 
0.47687500000001226 
0.4581250000000122 
0.4918750000000123 
0.4956250000000123 
0.5043750000000122 
0.4231250000000119 
0.37437500000001056 
0.4156250000000117 
0.44187500000001223 
0.4706250000000123 
0.49812500000001225 
0.4993750000000122 
0.5006250000000123 
0.4706250000000122 
0.4893750000000122 
0.38437500000001085 
0.4906250000000123 
0.49312500000001225 
0.3918750000000111 
0.4481250000000122 
0.42187500000001177 
0.41687500000001165 
0.3581250000000106 
0.47812500000001223 
0.4806250000000123 
0.4631250000000122 
0.4956250000000123 
0.4581250000000122 
0.4856250000000122 
0.35687500000001054 
0.4656250000000123 
0.4531250000000122 
0.4906250000000123 
0.4481250000000122 
0.41062500000001156 
0.5031250000000123 
0.4806250000000123 
0.48687500000001227 
0.5068750000000123 
0.4543750000000122 
0.48687500000001227 
0.4968750000000123 
0.38437500000001085 
0.30687500000001044 
0.40312500000001134 
0.4993750000000122 
0.4631250000000122 
0.2881250000000104 
0.40937500000001154 
0.46062500000001216 
0.4756250000000123 
0.4993750000000122 
0.5006250000000123 
0.48312500000001224 
0.21187500000000942 
0.4106250000000115 
0.47187500000001226 
0.47812500000001223 
0.49312500000001225 
0.24562500000001017 
0.4918750000000123 
0.4843750000000122 
0.47812500000001223 
0.3993750000000113 
0.47187500000001226 
0.430625000000012 
0.48312500000001224 
0.42187500000001177 
0.4993750000000122 
0.4906250000000123 
0.5006250000000123 
0.4431250000000122 
0.4243750000000119 
0.4893750000000122 
0.4968750000000123 
0.4968750000000123 
0.4793750000000122 
0.4956250000000123 
0.2768750000000103 
0.49312500000001225 
0.41187500000001154 
0.46562500000001217 
0.46562500000001217 
0.38812500000001093 
0.47312500000001223 
0.47312500000001223 
0.43437500000001217 
0.49312500000001225 
0.4968750000000123 
0.4918750000000123 
0.430625000000012 
0.4943750000000122 
0.4893750000000122 
0.44687500000001223 
0.44062500000001215 
0.4906250000000123 
0.428125000000012 
0.4843750000000122 
0.5031250000000123 
0.29687500000001044 
0.4706250000000123 
0.4968750000000123 
0.45062500000001215 
0.48687500000001227 
0.5031250000000123 
0.48312500000001224 
0.4968750000000123 
0.41937500000001177 
0.4681250000000122 
0.4893750000000122 
0.4706250000000122 
0.5018750000000123 
0.3606250000000106 
0.5043750000000122 
0.5031250000000123 
0.35437500000001054 
0.4918750000000123 
0.431875000000012 
0.5006250000000123 
0.4593750000000122 
0.3331250000000105 
0.5006250000000123 
0.46062500000001216 
0.41062500000001156 
0.4693750000000122 
0.4206250000000118 
0.41187500000001154 
0.4156250000000117 
0.48687500000001227 
0.4968750000000123 
0.4031250000000113 
0.4531250000000122 
0.4906250000000123 
0.3656250000000106 
0.5018750000000123 
0.5106250000000123 
0.47812500000001223 
0.36687500000001055 
0.4806250000000123 
0.27312500000001033 
0.4843750000000122 
0.22062500000000942 
0.3731250000000106 
0.4018750000000113 
0.428125000000012 
0.5106250000000123 
