0.4206250000000118 
0.4856250000000123 
0.4443750000000122 
0.48312500000001224 
0.4843750000000122 
0.5031250000000123 
0.5068750000000123 
0.37687500000001073 
0.5131250000000123 
0.48687500000001227 
0.4068750000000114 
0.5031250000000123 
0.4906250000000123 
0.34437500000001053 
0.47812500000001223 
0.4043750000000114 
0.41062500000001156 
0.4918750000000123 
0.40812500000001145 
0.4231250000000119 
0.38187500000001084 
0.4431250000000122 
0.29937500000001044 
0.4206250000000118 
0.44562500000001215 
0.4256250000000119 
0.35437500000001054 
0.5043750000000122 
0.4581250000000122 
0.4443750000000122 
0.4531250000000122 
0.48187500000001227 
0.4443750000000122 
0.4431250000000122 
0.34812500000001056 
0.4431250000000122 
0.47312500000001223 
0.4256250000000119 
0.5218750000000123 
0.4493750000000122 
0.3893750000000111 
0.45062500000001215 
0.4893750000000122 
0.36187500000001055 
0.19562500000000907 
0.48687500000001227 
0.4968750000000123 
0.3631250000000106 
0.47187500000001226 
0.42937500000001205 
0.3943750000000112 
0.37937500000001073 
0.39812500000001116 
0.4368750000000121 
0.4643750000000122 
0.47812500000001223 
0.26937500000001036 
0.44562500000001215 
0.38687500000001096 
0.5056250000000123 
0.4368750000000122 
0.4443750000000122 
0.431875000000012 
0.42687500000001205 
0.4481250000000122 
0.37937500000001073 
0.44062500000001215 
0.49312500000001225 
0.37937500000001084 
0.26187500000001035 
0.48187500000001227 
0.385625000000011 
0.4543750000000122 
0.46062500000001216 
0.5106250000000123 
0.3706250000000106 
0.45687500000001224 
0.38812500000001093 
0.4231250000000119 
0.41437500000001165 
0.5043750000000123 
0.44062500000001215 
0.4893750000000122 
0.3368750000000105 
0.4593750000000122 
0.43562500000001214 
0.4156250000000117 
0.5018750000000123 
0.41937500000001177 
0.48687500000001227 
0.4793750000000122 
0.47187500000001226 
0.3918750000000111 
0.5018750000000123 
0.45062500000001215 
0.40937500000001154 
0.43312500000001214 
0.4393750000000122 
0.3268750000000105 
0.43562500000001214 
0.5256250000000123 
0.4181250000000118 
0.30187500000001044 
0.4206250000000118 
0.4118750000000116 
0.4493750000000122 
0.4381250000000122 
0.34812500000001056 
0.44687500000001223 
0.4206250000000118 
0.4943750000000122 
0.41062500000001156 
0.4743750000000122 
0.34312500000001056 
0.47312500000001223 
0.4131250000000117 
0.48812500000001224 
0.4993750000000122 
0.3218750000000105 
0.4743750000000122 
0.48687500000001227 
0.35062500000001057 
0.4756250000000122 
0.4843750000000122 
0.5081250000000123 
0.4918750000000123 
0.428125000000012 
0.4943750000000122 
0.3756250000000107 
0.40562500000001145 
0.34062500000001056 
0.37687500000001073 
0.4256250000000119 
0.3568750000000106 
0.44687500000001223 
0.5131250000000123 
0.4393750000000122 
0.45687500000001224 
0.4943750000000122 
0.4193750000000118 
0.430625000000012 
0.40312500000001145 
0.48187500000001227 
0.42437500000001194 
0.3256250000000105 
0.3681250000000106 
0.4806250000000123 
0.4481250000000122 
0.47812500000001223 
0.4481250000000122 
0.3781250000000107 
0.30437500000001044 
0.430625000000012 
0.48812500000001224 
0.4231250000000119 
0.4368750000000122 
0.4056250000000114 
0.3906250000000111 
0.45062500000001227 
0.44562500000001215 
0.45562500000001216 
0.4368750000000121 
0.48812500000001224 
0.4893750000000122 
0.4531250000000122 
0.4493750000000122 
0.3931250000000111 
0.37687500000001073 
0.4243750000000119 
0.5031250000000123 
0.42937500000001205 
0.4231250000000119 
0.385625000000011 
0.43187500000001217 
0.47687500000001226 
0.45187500000001224 
0.5068750000000123 
0.29687500000001044 
0.45562500000001227 
0.42187500000001177 
0.4393750000000122 
0.4256250000000119 
0.4206250000000118 
0.47687500000001226 
0.5193750000000122 
0.41687500000001165 
0.4631250000000122 
0.4268750000000119 
0.38687500000001096 
0.4018750000000113 
0.4693750000000122 
0.38687500000001096 
0.44562500000001215 
0.46187500000001225 
0.40937500000001154 
0.4681250000000122 
0.43187500000001217 
0.47187500000001226 
0.4843750000000122 
0.47687500000001226 
0.5106250000000123 
0.430625000000012 
0.4131250000000117 
0.4443750000000122 
0.4156250000000117 
0.4756250000000123 
0.35312500000001057 
0.37687500000001073 
0.3368750000000105 
0.4418750000000121 
0.3581250000000106 
0.3581250000000106 
0.3831250000000108 
0.2656250000000103 
0.5031250000000123 
0.38562500000001093 
0.43187500000001205 
0.48812500000001224 
0.4443750000000122 
0.3806250000000108 
0.4843750000000122 
0.4893750000000122 
0.5156250000000123 
0.5018750000000123 
0.46062500000001216 
0.46187500000001225 
0.4943750000000122 
0.3281250000000105 
0.4156250000000117 
0.46562500000001217 
0.4643750000000122 
0.43562500000001214 
0.4943750000000122 
0.46562500000001217 
0.33562500000001055 
0.46687500000001225 
0.39312500000001105 
0.4756250000000123 
0.4443750000000122 
0.4043750000000114 
0.3681250000000106 
0.4706250000000122 
0.4593750000000122 
0.36937500000001056 
0.4743750000000122 
0.4793750000000122 
0.47812500000001223 
0.41437500000001165 
0.42937500000001205 
0.38437500000001096 
0.5043750000000122 
0.5156250000000123 
0.4706250000000123 
0.3681250000000106 
0.49312500000001225 
0.46687500000001225 
0.4581250000000122 
0.4481250000000122 
0.3631250000000106 
0.4243750000000119 
0.4493750000000122 
0.40937500000001154 
0.4893750000000122 
0.4918750000000123 
0.45187500000001224 
0.4531250000000122 
0.4906250000000123 
0.41937500000001177 
0.44062500000001215 
0.19312500000000907 
0.45687500000001224 
0.429375000000012 
0.429375000000012 
0.4181250000000118 
0.43562500000001214 
0.4481250000000122 
0.4206250000000118 
0.41437500000001165 
0.45562500000001216 
0.18812500000000906 
0.3706250000000106 
0.43312500000001214 
0.36687500000001055 
0.48812500000001224 
0.4956250000000123 
0.5168750000000123 
0.4493750000000122 
0.47312500000001223 
0.4156250000000117 
0.4606250000000123 
0.45562500000001216 
0.429375000000012 
0.4343750000000121 
0.34562500000001056 
0.4131250000000117 
0.4106250000000115 
0.39312500000001105 
0.3656250000000106 
0.33312500000001055 
0.4706250000000122 
