0.4443750000000122 
0.3831250000000108 
0.4206250000000118 
0.42937500000001205 
0.385625000000011 
0.3718750000000106 
0.17937500000000905 
0.47312500000001223 
0.45562500000001216 
0.3143750000000105 
0.4068750000000116 
0.3106250000000105 
0.3756250000000107 
0.2806250000000104 
0.4156250000000117 
0.38687500000001096 
0.3956250000000112 
0.3668750000000106 
0.46187500000001225 
0.3756250000000107 
0.30062500000001047 
0.43562500000001225 
0.43187500000001217 
0.34437500000001053 
0.426875000000012 
0.37687500000001073 
0.35062500000001057 
0.44562500000001215 
0.41937500000001177 
0.37937500000001084 
0.38187500000001084 
0.4206250000000118 
0.30437500000001044 
0.33562500000001055 
0.38687500000001096 
0.33812500000001056 
0.40562500000001145 
0.43562500000001214 
0.2881250000000104 
0.40937500000001154 
0.4531250000000122 
0.34812500000001056 
0.38687500000001096 
0.3343750000000105 
0.4431250000000122 
0.428125000000012 
0.3331250000000105 
0.3343750000000105 
0.44187500000001223 
0.37812500000001076 
0.3931250000000111 
0.3593750000000106 
0.30062500000001047 
0.43437500000001217 
0.38687500000001096 
0.41687500000001165 
0.3343750000000105 
0.4156250000000117 
0.40937500000001154 
0.3668750000000106 
0.46687500000001225 
0.41062500000001156 
0.44687500000001223 
0.36812500000001064 
0.37937500000001084 
0.41062500000001156 
0.42937500000001205 
0.42937500000001205 
0.34062500000001056 
0.3606250000000106 
0.3668750000000106 
0.40812500000001156 
0.45562500000001216 
0.4806250000000123 
0.40062500000001133 
0.40312500000001145 
0.46687500000001225 
0.3218750000000105 
0.3968750000000112 
0.3656250000000106 
0.44187500000001223 
0.37937500000001084 
0.4256250000000119 
0.4606250000000123 
0.3931250000000111 
0.3131250000000105 
0.4156250000000117 
0.34937500000001054 
0.3631250000000106 
0.4643750000000122 
0.4043750000000114 
0.40812500000001156 
0.3743750000000106 
0.3131250000000105 
0.30937500000001045 
0.44562500000001215 
0.4431250000000122 
0.3918750000000111 
0.35062500000001057 
0.3193750000000105 
0.43312500000001214 
0.4643750000000122 
0.37937500000001084 
0.3918750000000111 
0.3206250000000105 
0.3231250000000105 
0.3643750000000106 
0.4181250000000118 
0.3543750000000106 
0.2906250000000104 
0.40562500000001145 
0.29062500000001046 
0.30562500000001047 
0.30437500000001044 
0.3181250000000105 
0.3018750000000105 
0.30312500000001047 
0.4393750000000122 
0.3106250000000105 
0.34562500000001056 
0.34062500000001056 
0.4181250000000118 
0.34687500000001054 
0.2856250000000104 
0.4843750000000123 
0.3731250000000106 
0.30937500000001045 
0.2518750000000103 
0.45187500000001224 
0.3956250000000112 
0.41062500000001156 
0.33562500000001055 
0.24937500000001028 
0.42187500000001177 
0.4068750000000115 
0.22312500000000965 
0.3918750000000111 
0.4231250000000119 
0.38062500000001087 
0.3718750000000106 
0.39812500000001133 
0.3743750000000107 
0.24687500000001023 
0.4093750000000116 
0.42437500000001194 
0.34562500000001056 
0.44562500000001226 
0.4118750000000116 
0.43187500000001217 
0.34562500000001056 
0.41187500000001154 
0.3943750000000112 
0.3931250000000111 
0.4256250000000119 
0.39812500000001133 
0.3931250000000111 
0.4693750000000122 
0.3668750000000106 
0.34062500000001056 
0.2768750000000104 
0.4443750000000122 
0.4068750000000114 
0.3568750000000106 
0.3256250000000105 
0.3218750000000105 
0.3906250000000111 
0.3931250000000111 
0.3706250000000106 
0.3931250000000112 
0.4481250000000122 
0.4193750000000118 
0.3893750000000111 
0.30437500000001044 
0.25937500000001035 
0.34687500000001054 
0.3143750000000105 
0.42687500000001205 
0.3368750000000105 
0.3806250000000108 
0.4068750000000114 
0.3943750000000112 
0.42937500000001205 
0.35437500000001054 
0.4018750000000113 
0.3893750000000111 
0.42437500000001194 
0.3181250000000105 
0.3731250000000106 
0.3831250000000108 
0.43562500000001214 
0.45187500000001224 
0.4368750000000122 
0.33062500000001055 
0.4193750000000118 
0.2706250000000104 
0.3143750000000105 
0.46062500000001216 
0.4543750000000122 
0.4368750000000122 
0.44562500000001215 
0.44687500000001223 
0.4381250000000122 
0.28937500000001043 
0.3718750000000106 
0.4443750000000122 
0.43562500000001214 
0.4043750000000115 
0.388125000000011 
0.3306250000000105 
0.46187500000001225 
0.4393750000000122 
0.43437500000001217 
0.45187500000001224 
0.385625000000011 
0.34562500000001056 
0.2793750000000104 
0.3756250000000107 
0.33312500000001055 
0.430625000000012 
0.2831250000000104 
0.430625000000012 
0.20062500000000907 
0.43312500000001214 
0.40312500000001145 
0.34312500000001056 
0.385625000000011 
0.34437500000001053 
0.2881250000000104 
0.4168750000000118 
0.42687500000001205 
0.3643750000000106 
0.4156250000000117 
0.3131250000000105 
0.4156250000000117 
0.38187500000001084 
0.39687500000001125 
0.3931250000000111 
0.3106250000000105 
0.39062500000001105 
0.34687500000001054 
0.23062500000000982 
0.38437500000001096 
0.3993750000000113 
0.3956250000000112 
0.2781250000000104 
0.3968750000000112 
0.2781250000000104 
0.26437500000001035 
0.33062500000001055 
0.37312500000001064 
0.4368750000000122 
0.3343750000000105 
0.3618750000000106 
0.4493750000000122 
0.35687500000001054 
0.2931250000000104 
0.3743750000000106 
0.40937500000001154 
0.41437500000001165 
0.37687500000001073 
0.35687500000001054 
0.3918750000000111 
0.44562500000001215 
0.3293750000000105 
0.4206250000000118 
0.3618750000000106 
0.2506250000000103 
0.27437500000001036 
0.43437500000001217 
0.48187500000001227 
0.39812500000001116 
0.35187500000001054 
0.44187500000001223 
0.4043750000000114 
0.3631250000000106 
0.25937500000001035 
0.4643750000000122 
0.37687500000001073 
0.3131250000000105 
0.4431250000000122 
0.4043750000000114 
0.3543750000000106 
0.4393750000000122 
0.27437500000001036 
0.3931250000000111 
0.34812500000001056 
0.33937500000001053 
0.37812500000001076 
0.4131250000000117 
0.3218750000000105 
0.4093750000000116 
0.430625000000012 
0.3631250000000106 
0.3568750000000106 
0.38187500000001084 
0.3931250000000112 
0.3381250000000105 
0.385625000000011 
0.2218750000000096 
0.35687500000001054 
