0.3681250000000106 
0.3218750000000105 
0.40562500000001145 
0.3968750000000112 
0.38687500000001096 
0.2818750000000104 
0.37687500000001073 
0.33937500000001053 
0.4231250000000119 
0.30687500000001044 
0.4543750000000122 
0.35437500000001054 
0.40812500000001156 
0.33562500000001055 
0.3956250000000112 
0.4531250000000122 
0.41687500000001165 
0.3281250000000105 
0.3743750000000107 
0.25437500000001034 
0.2556250000000103 
0.3781250000000107 
0.45062500000001215 
0.3968750000000112 
0.37562500000001076 
0.3181250000000105 
0.29437500000001043 
0.3156250000000105 
0.3368750000000105 
0.4206250000000118 
0.3568750000000106 
0.3343750000000105 
0.4206250000000118 
0.3193750000000105 
0.41937500000001177 
0.37312500000001064 
0.4018750000000113 
0.3943750000000112 
0.4043750000000114 
0.3118750000000105 
0.33062500000001055 
0.4181250000000118 
0.3668750000000106 
0.3581250000000106 
0.26187500000001035 
0.3906250000000111 
0.3906250000000111 
0.2631250000000104 
0.4581250000000122 
0.35062500000001057 
0.40812500000001156 
0.43312500000001214 
0.3906250000000111 
0.3256250000000105 
0.4193750000000118 
0.45687500000001224 
0.34937500000001054 
0.3131250000000105 
0.3643750000000106 
0.34812500000001056 
0.3706250000000106 
0.41062500000001156 
0.2881250000000104 
0.37062500000001064 
0.37687500000001073 
0.43562500000001214 
0.4093750000000116 
0.3618750000000106 
0.34187500000001053 
0.3131250000000105 
0.34812500000001056 
0.29812500000001046 
0.385625000000011 
0.38062500000001087 
0.2556250000000103 
0.4068750000000114 
0.2806250000000104 
0.3681250000000106 
0.3293750000000105 
0.29937500000001044 
0.3743750000000106 
0.41062500000001156 
0.30687500000001044 
0.4068750000000114 
0.3731250000000106 
0.44687500000001223 
0.19937500000000907 
0.25937500000001035 
0.37937500000001073 
0.4181250000000118 
0.30312500000001047 
0.4381250000000122 
0.3743750000000106 
0.43312500000001214 
0.388125000000011 
0.35062500000001057 
0.33562500000001055 
0.4256250000000119 
0.3493750000000106 
0.3668750000000106 
0.37812500000001076 
0.40187500000001136 
0.3543750000000106 
0.2818750000000104 
0.33312500000001055 
0.2681250000000104 
0.4068750000000114 
0.3706250000000106 
0.3731250000000106 
0.3693750000000106 
0.4231250000000119 
0.3293750000000105 
0.4043750000000115 
0.4443750000000122 
0.4443750000000122 
0.3043750000000105 
0.4156250000000117 
0.34187500000001053 
0.385625000000011 
0.3981250000000112 
0.30312500000001047 
0.3931250000000111 
0.35312500000001057 
0.388125000000011 
0.3606250000000106 
0.35062500000001057 
0.3943750000000112 
0.38687500000001096 
0.41062500000001156 
0.4243750000000119 
0.4093750000000116 
0.3781250000000107 
0.4381250000000122 
0.43562500000001214 
0.4756250000000123 
0.3156250000000105 
0.33312500000001055 
0.3568750000000106 
0.40937500000001154 
0.3743750000000106 
0.29187500000001043 
0.4181250000000118 
0.2768750000000104 
0.4018750000000113 
0.3606250000000106 
0.37937500000001084 
0.3693750000000106 
0.2906250000000104 
0.37562500000001076 
0.3781250000000107 
0.25062500000001037 
0.26687500000001035 
0.32062500000001054 
0.4043750000000114 
0.388125000000011 
0.38437500000001096 
0.3581250000000106 
0.3931250000000111 
0.3593750000000106 
0.40312500000001134 
0.41187500000001154 
0.3093750000000105 
0.3718750000000106 
0.40812500000001156 
0.40812500000001156 
0.4206250000000118 
0.26187500000001035 
0.45187500000001224 
0.3906250000000111 
0.3743750000000106 
0.3106250000000105 
0.4118750000000117 
0.3931250000000111 
0.4206250000000118 
0.4206250000000118 
0.27437500000001036 
0.3893750000000111 
0.4181250000000118 
0.3581250000000106 
0.3893750000000111 
0.3956250000000112 
0.3193750000000105 
0.3968750000000112 
0.34062500000001056 
0.3168750000000105 
0.4068750000000114 
0.3756250000000107 
0.3831250000000109 
0.388125000000011 
0.4181250000000118 
0.3606250000000106 
0.3656250000000106 
0.33312500000001055 
0.32562500000001054 
0.2731250000000104 
0.4156250000000117 
0.3631250000000106 
0.22937500000000982 
0.43187500000001217 
0.4181250000000118 
0.44562500000001215 
0.3143750000000105 
0.29937500000001044 
0.4181250000000118 
0.3693750000000106 
0.3606250000000106 
0.3668750000000106 
0.44062500000001226 
0.37937500000001073 
0.4231250000000119 
0.3081250000000105 
0.3956250000000112 
0.3218750000000105 
0.37937500000001084 
0.3718750000000106 
0.3781250000000107 
0.4156250000000117 
0.3981250000000112 
0.4118750000000117 
0.4531250000000122 
0.3106250000000105 
0.3943750000000112 
0.3618750000000106 
0.3106250000000105 
0.26937500000001036 
0.35437500000001054 
0.43312500000001214 
0.33312500000001055 
0.29937500000001044 
0.4093750000000116 
0.34812500000001056 
0.3956250000000112 
0.4206250000000118 
0.3068750000000105 
0.38187500000001084 
0.4606250000000123 
0.3931250000000112 
0.40562500000001145 
0.3956250000000112 
0.37562500000001076 
0.39812500000001133 
0.4181250000000118 
0.35187500000001054 
0.3093750000000105 
0.33562500000001055 
0.2531250000000103 
0.4193750000000118 
0.18937500000000906 
0.2768750000000104 
0.43562500000001225 
0.430625000000012 
0.42687500000001205 
0.45687500000001224 
0.3218750000000105 
0.24437500000001017 
0.34812500000001056 
0.4156250000000117 
0.38187500000001084 
0.43562500000001214 
0.43437500000001217 
0.4706250000000123 
0.29937500000001044 
0.38687500000001096 
0.33812500000001056 
0.3943750000000112 
0.29562500000001046 
0.4143750000000117 
0.38187500000001084 
0.35062500000001057 
0.42437500000001194 
0.34812500000001056 
0.24687500000001028 
0.428125000000012 
0.3668750000000106 
0.3181250000000105 
0.3268750000000105 
0.33812500000001056 
0.41437500000001165 
0.3668750000000106 
0.3293750000000105 
0.3656250000000106 
0.3618750000000106 
0.4181250000000118 
0.3668750000000106 
0.3943750000000112 
0.44062500000001215 
0.41937500000001177 
0.3931250000000111 
0.3931250000000112 
0.3093750000000105 
0.2818750000000104 
0.430625000000012 
0.4018750000000113 
0.3693750000000106 
0.4543750000000122 
0.45187500000001224 
0.34937500000001054 
0.38187500000001084 
0.27437500000001036 
0.3756250000000107 
