0.2668750000000103 
0.4943750000000122 
0.4706250000000123 
0.24812500000001023 
0.43312500000001214 
0.4393750000000122 
0.4581250000000122 
0.43187500000001205 
0.4968750000000123 
0.22062500000000954 
0.2993750000000104 
0.21937500000000948 
0.4581250000000122 
0.4968750000000123 
0.48187500000001227 
0.4793750000000122 
0.22437500000000954 
0.4206250000000118 
0.28312500000001034 
0.48812500000001224 
0.4793750000000122 
0.47187500000001226 
0.47687500000001226 
0.431875000000012 
0.39312500000001105 
0.16562500000000904 
0.4918750000000123 
0.5018750000000123 
0.34687500000001054 
0.3381250000000105 
0.4918750000000123 
0.41312500000001157 
0.4968750000000123 
0.4431250000000122 
0.4806250000000123 
0.4843750000000122 
0.41937500000001177 
0.49312500000001225 
0.48812500000001224 
0.4993750000000122 
0.36437500000001055 
0.4968750000000123 
0.41437500000001165 
0.2968750000000104 
0.4606250000000123 
0.4906250000000123 
0.4581250000000122 
0.2293750000000097 
0.4956250000000123 
0.4743750000000122 
0.4531250000000122 
0.44687500000001223 
0.28687500000001037 
0.4381250000000122 
0.4968750000000123 
0.4993750000000122 
0.3368750000000105 
0.4593750000000122 
0.46562500000001217 
0.48812500000001224 
0.5018750000000123 
0.49812500000001225 
0.4993750000000122 
0.49812500000001225 
0.23312500000000982 
0.4806250000000122 
0.4893750000000122 
0.3631250000000106 
0.2981250000000104 
0.26062500000001027 
0.4756250000000122 
0.4793750000000122 
0.21562500000000942 
0.4993750000000122 
0.3381250000000105 
0.4968750000000123 
0.3856250000000108 
0.4993750000000122 
0.48312500000001224 
0.2981250000000104 
0.3393750000000105 
0.18937500000000906 
0.4631250000000122 
0.4956250000000123 
0.43312500000001214 
0.45687500000001224 
0.429375000000012 
0.39062500000001105 
0.4906250000000123 
0.4068750000000114 
0.3656250000000106 
0.38937500000001096 
0.4893750000000122 
0.3681250000000106 
0.4593750000000122 
0.5018750000000123 
0.4906250000000123 
0.3931250000000111 
0.49312500000001225 
0.44687500000001223 
0.4956250000000123 
0.3806250000000108 
0.3831250000000108 
0.3231250000000105 
0.39062500000001105 
0.41187500000001154 
0.3731250000000106 
0.4031250000000113 
0.2631250000000103 
0.4343750000000121 
0.4956250000000123 
0.4968750000000123 
0.4856250000000123 
0.45062500000001215 
0.4906250000000123 
0.4856250000000122 
0.47812500000001223 
0.43312500000001214 
0.4993750000000122 
0.4918750000000123 
0.4956250000000123 
0.25312500000001026 
0.47312500000001223 
0.34687500000001054 
0.4706250000000123 
0.4956250000000123 
0.36187500000001055 
0.47312500000001223 
0.3806250000000108 
0.4756250000000122 
0.47687500000001226 
0.4968750000000123 
0.48687500000001227 
0.4231250000000119 
0.4993750000000122 
0.4918750000000123 
0.3681250000000106 
0.4956250000000123 
0.48187500000001227 
0.4681250000000122 
0.3406250000000105 
0.431875000000012 
0.40312500000001134 
0.34437500000001053 
0.4918750000000123 
0.4856250000000123 
0.4206250000000118 
0.4068750000000114 
0.5006250000000123 
0.4443750000000122 
0.4843750000000122 
0.46687500000001225 
0.4631250000000122 
0.49812500000001225 
0.40062500000001133 
0.4993750000000122 
0.4431250000000122 
0.4181250000000118 
0.5043750000000122 
0.4756250000000122 
0.47312500000001223 
0.5006250000000123 
0.48687500000001227 
0.49312500000001225 
0.5006250000000123 
0.4681250000000122 
0.48187500000001227 
0.431875000000012 
0.41937500000001177 
0.3293750000000105 
0.4743750000000122 
0.5056250000000123 
0.4181250000000117 
0.4418750000000121 
0.49812500000001225 
0.3281250000000105 
0.38687500000001096 
0.4993750000000122 
0.4593750000000122 
0.4906250000000123 
0.4993750000000122 
0.5043750000000122 
0.5018750000000123 
0.36687500000001055 
0.5018750000000123 
0.4993750000000122 
0.36187500000001055 
0.5006250000000123 
0.4706250000000123 
0.46687500000001225 
0.5006250000000123 
0.4006250000000113 
0.5006250000000123 
0.39812500000001116 
0.5031250000000123 
0.3806250000000107 
0.4631250000000122 
0.49812500000001225 
0.4956250000000123 
0.5006250000000123 
0.4656250000000123 
0.5006250000000123 
0.35687500000001054 
0.2118750000000093 
0.4893750000000122 
0.43437500000001217 
0.4481250000000122 
0.4993750000000122 
0.49312500000001225 
0.4993750000000122 
0.4368750000000122 
0.4693750000000122 
0.2506250000000103 
0.4268750000000119 
0.2743750000000103 
0.40812500000001145 
0.4943750000000122 
0.49812500000001225 
0.4968750000000123 
0.48687500000001227 
0.47687500000001226 
0.4681250000000122 
0.49937500000001234 
0.4681250000000122 
0.36437500000001055 
0.2943750000000104 
0.4343750000000121 
0.4993750000000122 
0.3406250000000105 
0.4443750000000122 
0.43187500000001205 
0.4231250000000118 
0.31687500000001045 
0.4443750000000122 
0.4706250000000123 
0.3981250000000112 
0.47687500000001226 
0.23687500000000988 
0.4856250000000123 
0.3481250000000105 
0.23062500000000982 
0.3656250000000106 
0.34937500000001054 
0.3656250000000106 
0.4906250000000123 
0.4581250000000122 
0.39312500000001105 
0.4543750000000122 
0.41187500000001154 
0.4993750000000122 
0.3356250000000105 
0.43562500000001214 
0.48187500000001227 
0.48312500000001224 
0.38437500000001085 
0.3918750000000111 
0.43437500000001217 
0.4681250000000122 
0.4581250000000122 
0.46687500000001225 
0.4756250000000123 
0.47687500000001226 
0.4581250000000122 
0.4581250000000122 
0.48812500000001224 
0.45562500000001216 
0.25312500000001026 
0.48812500000001224 
0.31687500000001045 
0.4531250000000122 
0.4993750000000122 
0.4968750000000123 
0.49812500000001225 
0.45187500000001224 
0.35437500000001054 
0.41187500000001154 
0.4593750000000122 
0.40937500000001154 
0.4493750000000122 
0.48812500000001224 
0.3531250000000105 
0.2893750000000104 
0.5006250000000123 
0.5006250000000123 
0.4993750000000122 
0.4943750000000122 
0.3456250000000105 
0.4906250000000122 
0.38562500000001093 
0.429375000000012 
0.4843750000000122 
0.43187500000001205 
0.42937500000001205 
0.4968750000000123 
0.37187500000001056 
0.45062500000001215 
0.4481250000000122 
0.5031250000000123 
0.4343750000000121 
0.3831250000000108 
