0.4918750000000123 
0.4643750000000122 
0.2631250000000103 
0.4756250000000123 
0.4418750000000121 
0.4806250000000123 
0.4943750000000122 
0.16687500000000904 
0.3731250000000106 
0.48812500000001224 
0.3156250000000105 
0.4806250000000123 
0.3918750000000111 
0.16687500000000904 
0.4756250000000123 
0.3156250000000105 
0.2631250000000103 
0.34812500000001056 
0.4706250000000122 
0.34812500000001056 
0.3731250000000106 
0.4706250000000122 
0.3731250000000106 
0.34812500000001056 
0.3731250000000106 
0.3731250000000106 
0.3156250000000105 
0.2631250000000103 
0.4068750000000114 
0.4968750000000123 
0.4418750000000121 
0.4943750000000122 
0.4206250000000118 
0.4706250000000122 
0.4993750000000122 
0.3156250000000105 
0.4806250000000123 
0.5006250000000123 
0.4843750000000122 
0.5006250000000123 
0.4756250000000123 
0.5018750000000123 
0.4643750000000122 
0.4706250000000122 
0.3918750000000111 
0.4968750000000123 
0.4206250000000118 
0.4418750000000121 
0.34812500000001056 
0.34812500000001056 
0.16687500000000904 
0.4993750000000122 
0.4993750000000122 
0.4706250000000122 
0.48812500000001224 
0.45062500000001215 
0.4943750000000122 
0.48812500000001224 
0.45062500000001215 
0.5018750000000123 
0.5018750000000123 
0.45062500000001215 
0.3918750000000111 
0.4581250000000122 
0.3918750000000111 
0.34812500000001056 
0.4918750000000123 
0.3918750000000111 
0.34812500000001056 
0.4968750000000123 
0.4418750000000121 
0.4418750000000121 
0.4806250000000123 
0.49812500000001225 
0.4806250000000123 
0.4943750000000122 
0.4418750000000121 
0.4643750000000122 
0.4968750000000123 
0.4643750000000122 
0.4943750000000122 
0.5006250000000123 
0.16687500000000904 
0.4068750000000114 
0.2631250000000103 
0.4968750000000123 
0.4843750000000122 
0.431875000000012 
0.4918750000000123 
0.5018750000000123 
0.431875000000012 
0.4068750000000114 
0.4918750000000123 
0.4843750000000122 
0.4418750000000121 
0.4206250000000118 
0.5018750000000123 
0.4706250000000122 
0.4968750000000123 
0.3156250000000105 
0.16687500000000904 
0.4943750000000122 
0.34812500000001056 
0.4706250000000122 
0.4943750000000122 
0.4843750000000122 
0.4918750000000123 
0.4706250000000122 
0.16687500000000904 
0.34812500000001056 
0.5018750000000123 
0.5006250000000123 
0.49812500000001225 
0.4206250000000118 
0.4643750000000122 
0.3156250000000105 
0.4418750000000121 
0.4918750000000123 
0.3156250000000105 
0.4581250000000122 
0.4993750000000122 
0.4756250000000123 
0.4918750000000123 
0.3731250000000106 
0.3918750000000111 
0.3731250000000106 
0.2631250000000103 
0.49812500000001225 
0.4706250000000122 
0.3918750000000111 
0.2631250000000103 
0.3918750000000111 
0.4418750000000121 
0.3918750000000111 
0.3918750000000111 
0.5006250000000123 
0.4843750000000122 
0.4418750000000121 
0.3156250000000105 
0.5018750000000123 
0.4418750000000121 
0.4806250000000123 
0.3918750000000111 
0.4843750000000122 
0.3156250000000105 
0.4643750000000122 
0.5006250000000123 
0.3731250000000106 
0.4993750000000122 
0.3156250000000105 
0.49812500000001225 
0.5018750000000123 
0.4968750000000123 
0.3918750000000111 
0.4943750000000122 
0.4843750000000122 
0.48812500000001224 
0.4706250000000122 
0.4918750000000123 
0.431875000000012 
0.4643750000000122 
0.4756250000000123 
0.4581250000000122 
0.34812500000001056 
0.34812500000001056 
0.4843750000000122 
0.431875000000012 
0.3918750000000111 
0.4943750000000122 
0.49812500000001225 
0.5006250000000123 
0.4643750000000122 
0.431875000000012 
0.4206250000000118 
0.4918750000000123 
0.2631250000000103 
0.48812500000001224 
0.49812500000001225 
0.45062500000001215 
0.5006250000000123 
0.4418750000000121 
0.48812500000001224 
0.4993750000000122 
0.4068750000000114 
0.4806250000000123 
0.4993750000000122 
0.49812500000001225 
0.4843750000000122 
0.5018750000000123 
0.4068750000000114 
0.5006250000000123 
0.4706250000000122 
0.45062500000001215 
0.4581250000000122 
0.3918750000000111 
0.4206250000000118 
0.3731250000000106 
0.5006250000000123 
0.4581250000000122 
0.5006250000000123 
0.4968750000000123 
0.2631250000000103 
0.3731250000000106 
0.4643750000000122 
0.4918750000000123 
0.3156250000000105 
0.4206250000000118 
0.4418750000000121 
0.4993750000000122 
0.4418750000000121 
0.4643750000000122 
0.4918750000000123 
0.4068750000000114 
0.431875000000012 
0.2631250000000103 
0.4643750000000122 
0.4806250000000123 
0.4706250000000122 
0.5006250000000123 
0.3731250000000106 
0.4643750000000122 
0.2631250000000103 
0.4206250000000118 
0.4068750000000114 
0.4943750000000122 
0.5018750000000123 
0.45062500000001215 
0.4756250000000123 
0.4943750000000122 
0.48812500000001224 
0.4843750000000122 
0.4843750000000122 
0.4706250000000122 
0.2631250000000103 
0.431875000000012 
0.4068750000000114 
0.3156250000000105 
0.3731250000000106 
0.4843750000000122 
0.4918750000000123 
0.4581250000000122 
0.4706250000000122 
0.4643750000000122 
0.4581250000000122 
0.4581250000000122 
0.34812500000001056 
0.5006250000000123 
0.3156250000000105 
0.4068750000000114 
0.5018750000000123 
0.4643750000000122 
0.4806250000000123 
0.4806250000000123 
0.45062500000001215 
0.4418750000000121 
0.4943750000000122 
0.49812500000001225 
0.34812500000001056 
0.4418750000000121 
0.4418750000000121 
0.3156250000000105 
0.3156250000000105 
0.4943750000000122 
0.3731250000000106 
0.5006250000000123 
0.4843750000000122 
0.4756250000000123 
0.48812500000001224 
0.4943750000000122 
0.4943750000000122 
0.4918750000000123 
0.4756250000000123 
0.5018750000000123 
0.2631250000000103 
0.4581250000000122 
0.5006250000000123 
0.3918750000000111 
0.3731250000000106 
0.4418750000000121 
0.4206250000000118 
0.4843750000000122 
0.4068750000000114 
0.4206250000000118 
0.4968750000000123 
0.4918750000000123 
0.4706250000000122 
0.4418750000000121 
0.431875000000012 
0.4843750000000122 
0.4756250000000123 
0.431875000000012 
0.45062500000001215 
0.49812500000001225 
0.4993750000000122 
0.4943750000000122 
0.4843750000000122 
0.4206250000000118 
0.5018750000000123 
0.5006250000000123 
0.4581250000000122 
