0.3656250000000106 
0.3206250000000105 
0.40562500000001145 
0.4543750000000122 
0.43187500000001217 
0.42187500000001193 
0.40312500000001145 
0.43312500000001214 
0.3318750000000105 
0.3918750000000111 
0.3593750000000106 
0.3581250000000106 
0.4268750000000119 
0.3618750000000106 
0.4643750000000122 
0.40812500000001156 
0.41687500000001165 
0.3681250000000106 
0.4143750000000117 
0.34562500000001056 
0.3831250000000109 
0.34312500000001056 
0.4043750000000114 
0.4256250000000119 
0.48312500000001224 
0.4793750000000122 
0.4381250000000122 
0.3681250000000106 
0.4256250000000119 
0.4956250000000123 
0.4856250000000123 
0.4581250000000122 
0.4168750000000118 
0.38812500000001093 
0.48812500000001224 
0.4018750000000113 
0.4543750000000122 
0.3681250000000106 
0.43312500000001214 
0.3181250000000105 
0.3968750000000112 
0.4018750000000113 
0.20187500000000907 
0.3306250000000105 
0.41062500000001156 
0.47312500000001223 
0.33562500000001055 
0.4193750000000118 
0.44062500000001215 
0.29812500000001046 
0.4743750000000122 
0.3968750000000112 
0.29437500000001043 
0.3743750000000106 
0.3743750000000106 
0.3918750000000111 
0.3993750000000113 
0.4681250000000122 
0.4368750000000122 
0.5018750000000123 
0.4231250000000119 
0.31687500000001045 
0.3518750000000106 
0.4256250000000119 
0.38187500000001084 
0.5006250000000123 
0.4681250000000122 
0.2656250000000104 
0.42187500000001193 
0.36687500000001055 
0.44187500000001223 
0.3881250000000111 
0.4443750000000122 
0.3581250000000106 
0.4543750000000122 
0.31437500000001045 
0.3956250000000112 
0.33812500000001056 
0.46562500000001217 
0.3706250000000106 
0.41062500000001156 
0.4256250000000119 
0.430625000000012 
0.3906250000000111 
0.5056250000000123 
0.4368750000000122 
0.4118750000000117 
0.4693750000000122 
0.46187500000001225 
0.4543750000000122 
0.43437500000001217 
0.4693750000000122 
0.42937500000001205 
0.3718750000000106 
0.4231250000000119 
0.46187500000001225 
0.3931250000000111 
0.40062500000001133 
0.4218750000000118 
0.43437500000001217 
0.37687500000001073 
0.4368750000000122 
0.4231250000000119 
0.44687500000001223 
0.4256250000000119 
0.41437500000001165 
0.4443750000000122 
0.4131250000000117 
0.4393750000000122 
0.42437500000001194 
0.31937500000001046 
0.46062500000001216 
0.46687500000001225 
0.4393750000000122 
0.39062500000001105 
0.47812500000001223 
0.4906250000000123 
0.4531250000000122 
0.4256250000000119 
0.25437500000001034 
0.35562500000001057 
0.43562500000001214 
0.3756250000000107 
0.42187500000001177 
0.4431250000000122 
0.4543750000000122 
0.40312500000001145 
0.44687500000001223 
0.3756250000000107 
0.40062500000001133 
0.3631250000000106 
0.4231250000000119 
0.3381250000000105 
0.4581250000000122 
0.4593750000000122 
0.44062500000001215 
0.40062500000001133 
0.34937500000001054 
0.44562500000001215 
0.3731250000000106 
0.4693750000000122 
0.4443750000000122 
0.43312500000001214 
0.38687500000001096 
0.46187500000001225 
0.4918750000000123 
0.42937500000001205 
0.42937500000001205 
0.4481250000000122 
0.3981250000000112 
0.4043750000000114 
0.45562500000001216 
0.4431250000000122 
0.3956250000000112 
0.4681250000000122 
0.4893750000000122 
0.43312500000001214 
0.4681250000000122 
0.45062500000001227 
0.45187500000001224 
0.37687500000001073 
0.3831250000000108 
0.4118750000000116 
0.47312500000001223 
0.3956250000000112 
0.4918750000000123 
0.388125000000011 
0.37937500000001084 
0.39812500000001133 
0.48687500000001227 
0.4256250000000119 
0.3356250000000105 
0.5043750000000122 
0.4856250000000123 
0.4531250000000122 
0.38687500000001096 
0.428125000000012 
0.4156250000000117 
0.4231250000000119 
0.38687500000001096 
0.44187500000001223 
0.27437500000001036 
0.4993750000000122 
0.5006250000000123 
0.41687500000001165 
0.48687500000001227 
0.44562500000001215 
0.37687500000001073 
0.3268750000000105 
0.41687500000001165 
0.3631250000000106 
0.3168750000000105 
0.4393750000000122 
0.4231250000000119 
0.41062500000001156 
0.4018750000000113 
0.4593750000000122 
0.3143750000000105 
0.3993750000000113 
0.4343750000000121 
0.385625000000011 
0.43187500000001217 
0.41062500000001156 
0.4268750000000119 
0.3918750000000111 
0.40562500000001145 
0.3806250000000108 
0.3368750000000105 
0.4481250000000122 
0.45562500000001227 
0.3668750000000106 
0.48187500000001227 
0.4231250000000119 
0.35312500000001057 
0.46187500000001225 
0.3668750000000106 
0.429375000000012 
0.40312500000001134 
0.4843750000000122 
0.33937500000001053 
0.3731250000000106 
0.430625000000012 
0.4743750000000122 
0.23687500000001005 
0.44562500000001215 
0.44687500000001223 
0.4018750000000113 
0.49312500000001225 
0.34562500000001056 
0.4893750000000122 
0.38687500000001096 
0.45562500000001216 
0.4443750000000122 
0.45062500000001227 
0.45187500000001224 
0.41062500000001156 
0.4443750000000122 
0.4431250000000122 
0.26187500000001035 
0.4593750000000122 
0.44562500000001215 
0.3681250000000106 
0.385625000000011 
0.3956250000000112 
0.4593750000000122 
0.3718750000000106 
0.4231250000000119 
0.3968750000000112 
0.4018750000000113 
0.44062500000001215 
0.4856250000000123 
0.3281250000000105 
0.4918750000000123 
0.3118750000000105 
0.2981250000000104 
0.21437500000000942 
0.43562500000001214 
0.3968750000000112 
0.43562500000001214 
0.46187500000001225 
0.34937500000001054 
0.45187500000001224 
0.27687500000001036 
0.4431250000000122 
0.4806250000000123 
0.4381250000000122 
0.4481250000000122 
0.3343750000000105 
0.44062500000001215 
0.40937500000001154 
0.4693750000000122 
0.4856250000000123 
0.4906250000000123 
0.38187500000001084 
0.4743750000000122 
0.4756250000000123 
0.3943750000000112 
0.44687500000001223 
0.40562500000001145 
0.3806250000000108 
0.4531250000000122 
0.22812500000000976 
0.4443750000000122 
0.3993750000000113 
0.30562500000001047 
0.44187500000001223 
0.428125000000012 
0.4706250000000123 
0.30562500000001047 
0.35312500000001057 
0.3956250000000112 
0.4256250000000119 
0.4493750000000122 
0.3806250000000108 
0.4493750000000122 
0.4156250000000117 
0.40062500000001133 
0.3956250000000112 
0.2518750000000103 
0.3993750000000113 
