0.40562500000001145 
0.3718750000000106 
0.48312500000001224 
0.4393750000000122 
0.40812500000001156 
0.48187500000001227 
0.46062500000001216 
0.46062500000001216 
0.31687500000001045 
0.4193750000000118 
0.43437500000001217 
0.36187500000001055 
0.41687500000001165 
0.3681250000000106 
0.4943750000000122 
0.3718750000000106 
0.24812500000001028 
0.4231250000000119 
0.38937500000001096 
0.48187500000001227 
0.4131250000000117 
0.4068750000000114 
0.43437500000001217 
0.38562500000001093 
0.44562500000001215 
0.48187500000001227 
0.3993750000000113 
0.3831250000000109 
0.3656250000000106 
0.4893750000000122 
0.3831250000000109 
0.4156250000000117 
0.24937500000001034 
0.3956250000000112 
0.4943750000000122 
0.388125000000011 
0.47312500000001223 
0.2956250000000104 
0.4493750000000122 
0.43562500000001214 
0.3218750000000105 
0.428125000000012 
0.428125000000012 
0.46687500000001225 
0.42187500000001177 
0.35937500000001055 
0.4381250000000122 
0.48312500000001224 
0.4368750000000122 
0.38687500000001096 
0.4018750000000113 
0.3281250000000105 
0.430625000000012 
0.42187500000001177 
0.4206250000000118 
0.4643750000000122 
0.37937500000001073 
0.4743750000000122 
0.38437500000001085 
0.4256250000000119 
0.5006250000000123 
0.4193750000000118 
0.41687500000001165 
0.44562500000001226 
0.38687500000001096 
0.3906250000000111 
0.40937500000001154 
0.4631250000000122 
0.43562500000001214 
0.4156250000000117 
0.49312500000001225 
0.40937500000001154 
0.3806250000000108 
0.44562500000001215 
0.4393750000000122 
0.3606250000000106 
0.4743750000000122 
0.3968750000000112 
0.4156250000000117 
0.40062500000001133 
0.46062500000001216 
0.5106250000000123 
0.4843750000000122 
0.4193750000000118 
0.48812500000001224 
0.42187500000001177 
0.43562500000001214 
0.4043750000000114 
0.4143750000000117 
0.39312500000001105 
0.4493750000000122 
0.44562500000001215 
0.3993750000000113 
0.28937500000001043 
0.3206250000000105 
0.37812500000001076 
0.37812500000001076 
0.43437500000001217 
0.3681250000000106 
0.3743750000000106 
0.45187500000001224 
0.3643750000000106 
0.3618750000000106 
0.2656250000000103 
0.3906250000000111 
0.47812500000001223 
0.45687500000001224 
0.3718750000000106 
0.37687500000001073 
0.41187500000001154 
0.2868750000000104 
0.37937500000001084 
0.40812500000001145 
0.38687500000001096 
0.45562500000001227 
0.4231250000000119 
0.3156250000000105 
0.3831250000000109 
0.4943750000000122 
0.23562500000000994 
0.3931250000000111 
0.4431250000000122 
0.37687500000001073 
0.4493750000000122 
0.47312500000001223 
0.431875000000012 
0.38687500000001096 
0.2881250000000104 
0.3806250000000108 
0.3306250000000105 
0.4968750000000123 
0.430625000000012 
0.45062500000001215 
0.4043750000000114 
0.35562500000001057 
0.4606250000000123 
0.41937500000001177 
0.4093750000000116 
0.3943750000000111 
0.48312500000001224 
0.35062500000001057 
0.4443750000000122 
0.43437500000001217 
0.48812500000001224 
0.4068750000000114 
0.4231250000000119 
0.4843750000000122 
0.41937500000001177 
0.3918750000000111 
0.3956250000000112 
0.4043750000000114 
0.3643750000000106 
0.37812500000001076 
0.4381250000000122 
0.4156250000000117 
0.40312500000001145 
0.4056250000000114 
0.4481250000000122 
0.45062500000001215 
0.3543750000000106 
0.43437500000001217 
0.42687500000001194 
0.43312500000001214 
0.3406250000000105 
0.23937500000001005 
0.3731250000000106 
0.29937500000001044 
0.46687500000001225 
0.4706250000000123 
0.33562500000001055 
0.4256250000000119 
0.5043750000000122 
0.3781250000000107 
0.4068750000000114 
0.4231250000000119 
0.4793750000000122 
0.4443750000000122 
0.29437500000001043 
0.3993750000000113 
0.4581250000000122 
0.4606250000000123 
0.39062500000001105 
0.35187500000001054 
0.3168750000000105 
0.4156250000000117 
0.42687500000001205 
0.43187500000001217 
0.36187500000001055 
0.4143750000000117 
0.41687500000001165 
0.44187500000001223 
0.48687500000001227 
0.4893750000000122 
0.4493750000000122 
0.43437500000001217 
0.33062500000001055 
0.430625000000012 
0.2781250000000104 
0.48187500000001227 
0.40937500000001154 
0.2506250000000103 
0.3656250000000106 
0.46187500000001225 
0.29437500000001043 
0.4968750000000123 
0.47187500000001226 
0.4368750000000122 
0.47687500000001226 
0.4131250000000117 
0.4343750000000121 
0.44062500000001215 
0.48812500000001224 
0.48187500000001227 
0.4943750000000122 
0.3668750000000106 
0.19687500000000907 
0.41062500000001156 
0.4531250000000122 
0.429375000000012 
0.2806250000000104 
0.4593750000000122 
0.33937500000001053 
0.41437500000001165 
0.40062500000001133 
0.32437500000001046 
0.4131250000000117 
0.4393750000000122 
0.3906250000000111 
0.4206250000000118 
0.4068750000000114 
0.2831250000000104 
0.4368750000000122 
0.49937500000001234 
0.46187500000001225 
0.48937500000001233 
0.3968750000000112 
0.4431250000000122 
0.4743750000000122 
0.4481250000000122 
0.3606250000000106 
0.388125000000011 
0.35062500000001057 
0.47812500000001223 
0.4893750000000122 
0.43312500000001214 
0.4206250000000118 
0.2756250000000104 
0.4693750000000122 
0.2556250000000103 
0.36437500000001055 
0.44562500000001215 
0.38937500000001096 
0.4093750000000116 
0.3631250000000106 
0.3968750000000112 
0.4443750000000122 
0.47187500000001226 
0.40562500000001145 
0.4806250000000123 
0.39312500000001105 
0.428125000000012 
0.4256250000000119 
0.4231250000000119 
0.34187500000001053 
0.4143750000000117 
0.4706250000000123 
0.40812500000001156 
0.45562500000001227 
0.3656250000000106 
0.4543750000000122 
0.47187500000001226 
0.4381250000000122 
0.38187500000001084 
0.3056250000000104 
0.4206250000000118 
0.3943750000000111 
0.3668750000000106 
0.388125000000011 
0.43187500000001217 
0.43562500000001214 
0.3568750000000106 
0.4631250000000122 
0.45562500000001227 
0.4743750000000122 
0.3943750000000112 
0.4393750000000122 
0.3943750000000112 
0.3943750000000112 
0.4656250000000123 
0.3943750000000112 
0.3718750000000106 
0.4068750000000114 
0.3268750000000105 
0.44062500000001215 
0.430625000000012 
0.34312500000001056 
0.4118750000000117 
0.30562500000001047 
0.41062500000001156 
0.43187500000001217 
