0.43437500000001217 
0.3831250000000108 
0.4018750000000113 
0.3731250000000106 
0.47687500000001226 
0.430625000000012 
0.46687500000001225 
0.42187500000001177 
0.4181250000000118 
0.48812500000001224 
0.3156250000000105 
0.29562500000001046 
0.44687500000001223 
0.4393750000000122 
0.4893750000000122 
0.4206250000000118 
0.4393750000000122 
0.48312500000001224 
0.43562500000001214 
0.34187500000001053 
0.4443750000000122 
0.43437500000001217 
0.3581250000000106 
0.3656250000000106 
0.37812500000001076 
0.3143750000000105 
0.45687500000001224 
0.4256250000000119 
0.3356250000000105 
0.4156250000000117 
0.4206250000000118 
0.26187500000001035 
0.4156250000000117 
0.4856250000000123 
0.43437500000001217 
0.44562500000001215 
0.4193750000000118 
0.38687500000001096 
0.3781250000000107 
0.3231250000000105 
0.48687500000001227 
0.4793750000000122 
0.44187500000001223 
0.3581250000000106 
0.38812500000001093 
0.47312500000001223 
0.5006250000000123 
0.3831250000000109 
0.5018750000000123 
0.2906250000000104 
0.4431250000000122 
0.3606250000000106 
0.46687500000001225 
0.3181250000000105 
0.47187500000001226 
0.42937500000001205 
0.3893750000000111 
0.48687500000001227 
0.37562500000001076 
0.4206250000000118 
0.4443750000000122 
0.43187500000001217 
0.3193750000000105 
0.4381250000000122 
0.4393750000000122 
0.43187500000001217 
0.3993750000000113 
0.4493750000000122 
0.4193750000000118 
0.3956250000000112 
0.2656250000000103 
0.4968750000000123 
0.33937500000001053 
0.47312500000001223 
0.4843750000000122 
0.4231250000000119 
0.4593750000000122 
0.4068750000000114 
0.3893750000000111 
0.46687500000001225 
0.4156250000000117 
0.43437500000001217 
0.40562500000001145 
0.3968750000000112 
0.38687500000001096 
0.43437500000001217 
0.4393750000000122 
0.41687500000001165 
0.30437500000001044 
0.429375000000012 
0.3906250000000111 
0.49312500000001225 
0.28937500000001043 
0.40062500000001133 
0.45187500000001224 
0.27437500000001036 
0.29687500000001044 
0.45687500000001224 
0.35687500000001054 
0.3693750000000106 
0.4181250000000118 
0.43312500000001214 
0.3931250000000111 
0.46687500000001225 
0.3943750000000112 
0.4393750000000122 
0.35687500000001054 
0.4381250000000122 
0.4131250000000117 
0.4631250000000122 
0.46062500000001216 
0.4231250000000119 
0.4043750000000114 
0.41937500000001177 
0.4131250000000117 
0.4256250000000119 
0.3706250000000106 
0.21312500000000936 
0.4181250000000118 
0.4431250000000122 
0.3831250000000108 
0.4481250000000122 
0.3943750000000112 
0.4443750000000122 
0.40562500000001145 
0.40062500000001133 
0.4531250000000122 
0.3093750000000105 
0.46187500000001225 
0.4256250000000119 
0.3543750000000106 
0.40312500000001134 
0.4068750000000115 
0.4756250000000122 
0.4493750000000122 
0.38687500000001096 
0.4381250000000122 
0.4431250000000122 
0.4593750000000122 
0.3168750000000105 
0.4706250000000123 
0.3943750000000112 
0.42937500000001205 
0.3543750000000106 
0.3368750000000105 
0.41187500000001154 
0.43312500000001214 
0.49812500000001225 
0.43562500000001214 
0.21687500000000942 
0.4218750000000118 
0.41062500000001156 
0.3343750000000105 
0.45562500000001216 
0.4256250000000119 
0.429375000000012 
0.47687500000001226 
0.31187500000001045 
0.431875000000012 
0.44062500000001215 
0.44062500000001215 
0.48312500000001224 
0.3656250000000106 
0.35687500000001054 
0.4368750000000122 
0.49812500000001225 
0.44062500000001215 
0.39312500000001105 
0.4631250000000122 
0.42937500000001205 
0.4593750000000122 
0.4168750000000117 
0.4606250000000123 
0.4531250000000122 
0.49312500000001225 
0.37937500000001084 
0.42687500000001194 
0.3581250000000106 
0.385625000000011 
0.42187500000001177 
0.3668750000000106 
0.4443750000000122 
0.3918750000000111 
0.44687500000001223 
0.3918750000000111 
0.4743750000000122 
0.36187500000001055 
0.4156250000000117 
0.22937500000000977 
0.41062500000001156 
0.38187500000001084 
0.4368750000000122 
0.3656250000000106 
0.4206250000000118 
0.4181250000000118 
0.4856250000000123 
0.40312500000001145 
0.3893750000000111 
0.43437500000001217 
0.4631250000000122 
0.3806250000000108 
0.47812500000001223 
0.431875000000012 
0.34062500000001056 
0.4968750000000123 
0.46187500000001225 
0.2868750000000104 
0.45062500000001227 
0.28937500000001043 
0.38687500000001096 
0.47812500000001223 
0.16187500000000904 
0.44187500000001223 
0.3643750000000106 
0.37937500000001073 
0.4806250000000123 
0.4543750000000122 
0.44062500000001215 
0.43187500000001217 
0.4231250000000119 
0.4918750000000123 
0.3918750000000111 
0.4081250000000114 
0.40937500000001154 
0.4218750000000118 
0.4593750000000122 
0.43562500000001214 
0.5056250000000123 
0.3656250000000106 
0.4631250000000122 
0.4381250000000122 
0.40562500000001145 
0.4643750000000122 
0.430625000000012 
0.34437500000001053 
0.3743750000000106 
0.34812500000001056 
0.428125000000012 
0.4681250000000122 
0.43562500000001214 
0.4218750000000118 
0.47312500000001223 
0.5006250000000123 
0.4068750000000114 
0.4018750000000113 
0.4193750000000118 
0.45562500000001227 
0.4606250000000123 
0.4168750000000117 
0.34562500000001056 
0.4443750000000122 
0.3943750000000112 
0.3943750000000112 
0.3343750000000105 
0.35937500000001055 
0.4956250000000123 
0.34687500000001054 
0.40562500000001145 
0.44187500000001223 
0.4606250000000123 
0.4593750000000122 
0.42187500000001193 
0.3631250000000106 
0.40937500000001154 
0.2093750000000093 
0.44062500000001215 
0.48187500000001227 
0.34687500000001054 
0.38812500000001093 
0.4181250000000118 
0.4243750000000119 
0.4093750000000116 
0.4706250000000122 
0.4093750000000116 
0.40562500000001145 
0.4743750000000122 
0.43437500000001217 
0.47687500000001226 
0.4806250000000123 
0.2793750000000104 
0.2206250000000096 
0.4393750000000122 
0.3243750000000105 
0.30187500000001044 
0.4043750000000114 
0.3756250000000107 
0.4493750000000122 
0.34437500000001053 
0.4156250000000117 
0.40562500000001145 
0.4131250000000117 
0.3618750000000106 
0.4181250000000118 
0.3981250000000112 
0.4018750000000113 
0.42937500000001205 
0.44562500000001226 
0.47687500000001226 
0.4943750000000122 
0.4143750000000117 
