0.4531250000000122 
0.4843750000000122 
0.48812500000001224 
0.3918750000000111 
0.48187500000001227 
0.4393750000000122 
0.3681250000000106 
0.4531250000000122 
0.38437500000001096 
0.4693750000000122 
0.30062500000001047 
0.4368750000000121 
0.46062500000001216 
0.48812500000001224 
0.3943750000000112 
0.4393750000000122 
0.3206250000000105 
0.44562500000001215 
0.4531250000000122 
0.3106250000000105 
0.5031250000000123 
0.3368750000000105 
0.3606250000000106 
0.4156250000000117 
0.45187500000001224 
0.429375000000012 
0.3956250000000112 
0.38062500000001087 
0.4243750000000119 
0.5168750000000123 
0.3156250000000105 
0.4018750000000113 
0.4693750000000122 
0.45187500000001224 
0.31437500000001045 
0.3956250000000112 
0.45687500000001224 
0.25437500000000995 
0.3956250000000112 
0.3806250000000108 
0.3743750000000106 
0.3206250000000105 
0.3293750000000105 
0.5243750000000122 
0.40312500000001145 
0.3593750000000106 
0.40937500000001154 
0.45687500000001224 
0.41187500000001154 
0.5118750000000123 
0.45187500000001224 
0.3756250000000106 
0.5118750000000123 
0.38562500000001093 
0.4018750000000113 
0.43312500000001214 
0.38437500000001085 
0.40562500000001145 
0.4756250000000122 
0.4256250000000119 
0.430625000000012 
0.41437500000001165 
0.4243750000000119 
0.4593750000000122 
0.44187500000001223 
0.4631250000000122 
0.5268750000000123 
0.4681250000000122 
0.429375000000012 
0.31687500000001045 
0.430625000000012 
0.38187500000001084 
0.3693750000000106 
0.5168750000000123 
0.35062500000001057 
0.3993750000000113 
0.3231250000000105 
0.41937500000001177 
0.3806250000000108 
0.3106250000000105 
0.48687500000001227 
0.388125000000011 
0.4843750000000122 
0.4443750000000122 
0.45062500000001215 
0.4643750000000122 
0.3893750000000111 
0.3918750000000111 
0.43312500000001214 
0.4181250000000117 
0.4143750000000117 
0.40312500000001145 
0.4956250000000122 
0.4856250000000123 
0.4381250000000122 
0.45187500000001213 
0.44062500000001215 
0.49312500000001225 
0.5306250000000122 
0.388125000000011 
0.3743750000000107 
0.44562500000001215 
0.3918750000000111 
0.4368750000000122 
0.45187500000001224 
0.4918750000000123 
0.28937500000001043 
0.41937500000001177 
0.4081250000000114 
0.5093750000000122 
0.44062500000001215 
0.4906250000000123 
0.40562500000001145 
0.23062500000000988 
0.3681250000000106 
0.3831250000000108 
0.4206250000000118 
0.37687500000001073 
0.4231250000000119 
0.43312500000001214 
0.4231250000000119 
0.33687500000001047 
0.44187500000001223 
0.4206250000000118 
0.3431250000000105 
0.3218750000000105 
0.45687500000001224 
0.37687500000001073 
0.5431250000000123 
0.4793750000000122 
0.4806250000000123 
0.4643750000000122 
0.4543750000000122 
0.38437500000001096 
0.42437500000001194 
0.4893750000000122 
0.45562500000001216 
0.4393750000000122 
0.4143750000000117 
0.4131250000000117 
0.4181250000000118 
0.33937500000001053 
0.45687500000001224 
0.5306250000000123 
0.49312500000001225 
0.40562500000001145 
0.4343750000000121 
0.45062500000001215 
0.3931250000000111 
0.24812500000001028 
0.4793750000000122 
0.36937500000001056 
0.4131250000000117 
0.5168750000000123 
0.46562500000001217 
0.4018750000000113 
0.4206250000000118 
0.48187500000001227 
0.34437500000001053 
0.42687500000001194 
0.3068750000000104 
0.41937500000001177 
0.41937500000001177 
0.41187500000001154 
0.3756250000000107 
0.3931250000000111 
0.4843750000000122 
0.5081250000000123 
0.5143750000000122 
0.47187500000001226 
0.4268750000000119 
0.430625000000012 
0.46562500000001217 
0.429375000000012 
0.5168750000000123 
0.40562500000001145 
0.42437500000001194 
0.42937500000001205 
0.47312500000001223 
0.3331250000000105 
0.46187500000001225 
0.5331250000000123 
0.3643750000000106 
0.4431250000000122 
0.3368750000000105 
0.4068750000000114 
0.3506250000000105 
0.3906250000000111 
0.2056250000000092 
0.3931250000000111 
0.4181250000000118 
0.4856250000000123 
0.34437500000001053 
0.48187500000001227 
0.37937500000001084 
0.41187500000001154 
0.4393750000000122 
0.5318750000000123 
0.38937500000001096 
0.3756250000000107 
0.46187500000001225 
0.4493750000000122 
0.43562500000001214 
0.3568750000000106 
0.48187500000001215 
0.48812500000001224 
0.47187500000001226 
0.4443750000000122 
0.5143750000000124 
0.4743750000000122 
0.5018750000000123 
0.5293750000000123 
0.3306250000000105 
0.5256250000000123 
0.5093750000000122 
0.388125000000011 
0.37937500000001073 
0.47812500000001223 
0.44687500000001223 
0.47687500000001226 
0.4843750000000122 
0.49812500000001225 
0.4906250000000122 
0.3706250000000106 
0.46687500000001225 
0.3193750000000105 
0.4756250000000123 
0.4793750000000122 
0.4431250000000122 
0.4381250000000122 
0.46687500000001225 
0.4631250000000122 
0.3918750000000111 
0.46187500000001225 
0.3943750000000112 
0.38937500000001096 
0.3168750000000105 
0.44562500000001215 
0.21062500000000925 
0.4481250000000122 
0.3718750000000106 
0.4906250000000123 
0.3756250000000107 
0.35687500000001054 
0.5081250000000123 
0.4968750000000123 
0.45187500000001213 
0.4206250000000118 
0.4156250000000117 
0.428125000000012 
0.3931250000000111 
0.5006250000000122 
0.4206250000000118 
0.2668750000000103 
0.3818750000000108 
0.3918750000000111 
0.4231250000000118 
0.4631250000000122 
0.40937500000001154 
0.37687500000001073 
0.4418750000000121 
0.43187500000001217 
0.3743750000000107 
0.47812500000001223 
0.4393750000000122 
0.4181250000000118 
0.3643750000000106 
0.44562500000001215 
0.4856250000000123 
0.4543750000000122 
0.5068750000000123 
0.3993750000000113 
0.5043750000000122 
0.4656250000000123 
0.4131250000000117 
0.4681250000000122 
0.47687500000001226 
0.3631250000000106 
0.4393750000000122 
0.43187500000001205 
0.4256250000000119 
0.38437500000001085 
0.5106250000000123 
0.40062500000001133 
0.34812500000001056 
0.3006250000000104 
0.4943750000000122 
0.4693750000000122 
0.44062500000001215 
0.4706250000000122 
0.29812500000001046 
0.40937500000001154 
0.3618750000000106 
0.40312500000001134 
0.4593750000000122 
0.5131250000000123 
0.4856250000000123 
0.46187500000001225 
0.5168750000000123 
0.30937500000001045 
