0.48187500000001227 
0.4681250000000118 
0.5706250000000124 
0.5468750000000123 
0.48062500000001196 
0.5706250000000123 
0.5706250000000123 
0.5393750000000123 
0.47812500000001223 
0.5543750000000123 
0.5756250000000124 
0.4631250000000121 
0.433125000000012 
0.4081250000000114 
0.4968750000000123 
0.5093750000000122 
0.5381250000000123 
0.5593750000000123 
0.4581250000000121 
0.44062500000001187 
0.5343750000000123 
0.5468750000000123 
0.4756250000000122 
0.4793750000000122 
0.5143750000000122 
0.5443750000000122 
0.5468750000000123 
0.49312500000001225 
0.5456250000000122 
0.46562500000001217 
0.5406250000000122 
0.5581250000000123 
0.4543750000000121 
0.5481250000000123 
0.5056250000000123 
0.4918750000000123 
0.38812500000001077 
0.4693750000000122 
0.5618750000000122 
0.46062500000001205 
0.5093750000000122 
0.5518750000000123 
0.4543750000000121 
0.5643750000000123 
0.4843750000000122 
0.5681250000000123 
0.5243750000000122 
0.5456250000000122 
0.5206250000000122 
0.5068750000000123 
0.5081250000000123 
0.433125000000012 
0.5043750000000122 
0.5343750000000121 
0.5381250000000122 
0.5018750000000123 
0.5218750000000123 
0.48187500000001227 
0.5206250000000122 
0.433125000000012 
0.4943750000000122 
0.5743750000000123 
0.5056250000000121 
0.5443750000000123 
0.4906250000000121 
0.5281250000000123 
0.5256250000000121 
0.5631250000000123 
0.5006250000000123 
0.5693750000000123 
0.5593750000000123 
0.5668750000000122 
0.5168750000000121 
0.5293750000000121 
0.430625000000012 
0.5681250000000123 
0.5281250000000123 
0.488125000000012 
0.5118750000000123 
0.5743750000000123 
0.5581250000000122 
0.44437500000001207 
0.5168750000000123 
0.5181250000000123 
0.5481250000000123 
0.4806250000000122 
0.5343750000000123 
0.5393750000000122 
0.5568750000000122 
0.5193750000000121 
0.5381250000000123 
0.5356250000000122 
0.4793750000000122 
0.4431250000000122 
0.5743750000000123 
0.5756250000000123 
0.5068750000000123 
0.5268750000000123 
0.5443750000000123 
0.5531250000000123 
0.5456250000000122 
0.5418750000000122 
0.5468750000000123 
0.5331250000000123 
0.5593750000000123 
0.5481250000000122 
0.5556250000000122 
0.5218750000000123 
0.5568750000000123 
0.5718750000000123 
0.4943750000000122 
0.4993750000000122 
0.42437500000001177 
0.39937500000001114 
0.4918750000000123 
0.5243750000000121 
0.5343750000000123 
0.4993750000000122 
0.37312500000001053 
0.5243750000000122 
0.5193750000000122 
0.5581250000000123 
0.5631250000000123 
0.5406250000000122 
0.5131250000000122 
0.5018750000000121 
0.3918750000000109 
0.5156250000000122 
0.5343750000000123 
0.5406250000000122 
0.3281250000000103 
0.5593750000000123 
0.5193750000000122 
0.5218750000000122 
0.36312500000001047 
0.5743750000000123 
0.5656250000000123 
0.45062500000001215 
0.49312500000001225 
0.5318750000000123 
0.44937500000001207 
0.48187500000001227 
0.4681250000000118 
0.5081250000000122 
0.46187500000001214 
0.5768750000000124 
0.5593750000000123 
0.5143750000000121 
0.5181250000000123 
0.3818750000000106 
0.5731250000000123 
0.4956250000000123 
0.4893750000000122 
0.5743750000000123 
0.5106250000000122 
0.4968750000000123 
0.5556250000000122 
0.5656250000000123 
0.45187500000001213 
0.4268750000000119 
0.5618750000000123 
0.5056250000000122 
0.5768750000000124 
0.5756250000000124 
0.5656250000000123 
0.488125000000012 
0.46187500000001214 
0.493125000000012 
0.5093750000000122 
0.4981250000000119 
0.49312500000001225 
0.5768750000000124 
0.49312500000001225 
0.4731250000000121 
0.5381250000000123 
0.49812500000001225 
0.4418750000000121 
0.4593750000000122 
0.4268750000000119 
0.5306250000000121 
0.5143750000000122 
0.5356250000000122 
0.46562500000001217 
0.5118750000000123 
0.5131250000000123 
0.5706250000000124 
0.5343750000000121 
0.4956250000000123 
0.5456250000000122 
0.5243750000000122 
0.32312500000001 
0.5056250000000122 
0.5506250000000122 
0.5193750000000121 
0.5281250000000123 
0.4943750000000122 
0.5293750000000123 
0.5118750000000121 
0.5631250000000123 
0.39937500000001114 
0.5243750000000122 
0.5731250000000123 
0.47062500000001184 
0.5006250000000121 
0.5143750000000122 
0.45187500000001213 
0.4918750000000123 
0.5031250000000123 
0.5693750000000123 
0.5781250000000123 
0.5331250000000123 
0.44937500000001207 
0.5243750000000122 
0.5731250000000123 
0.42062500000001174 
0.5593750000000123 
0.41187500000001137 
0.4643750000000122 
0.5656250000000123 
0.5281250000000122 
0.4843750000000119 
0.5156250000000122 
0.28687500000001004 
0.5606250000000124 
0.49687500000001217 
0.5718750000000123 
0.5031250000000123 
0.5631250000000123 
0.5381250000000122 
0.5518750000000123 
0.5406250000000122 
0.5743750000000123 
0.5043750000000122 
0.5206250000000122 
0.5381250000000123 
0.5756250000000123 
0.4943750000000122 
0.4581250000000122 
0.5006250000000122 
0.4981250000000119 
0.5018750000000123 
0.5031250000000123 
0.4843750000000122 
0.4918750000000123 
0.5143750000000122 
0.5481250000000123 
0.3468750000000104 
0.5656250000000123 
0.5143750000000121 
0.4656250000000117 
0.5006250000000122 
0.38687500000001074 
0.4706250000000122 
0.5356250000000122 
0.5118750000000123 
0.5681250000000123 
0.47687500000001193 
0.5056250000000121 
0.4956250000000123 
0.5706250000000123 
0.32187500000001035 
0.5006250000000122 
0.5118750000000123 
0.5706250000000123 
0.5418750000000122 
0.5543750000000123 
0.433125000000012 
0.5493750000000123 
0.48812500000001224 
0.4643750000000122 
0.5718750000000123 
0.5393750000000123 
0.49812500000001225 
0.32187500000001035 
0.5706250000000123 
0.5506250000000122 
0.4943750000000122 
0.49687500000001206 
0.4956250000000121 
0.5756250000000124 
0.5581250000000123 
0.5393750000000123 
0.48687500000001216 
0.503125000000012 
0.5031250000000123 
0.5768750000000124 
0.5656250000000123 
0.5768750000000124 
0.48687500000001227 
0.5756250000000124 
0.5068750000000123 
0.5381250000000123 
0.4856250000000122 
0.3756250000000105 
0.48687500000001227 
0.3756250000000105 
0.5593750000000123 
0.38687500000001074 
0.46687500000001214 
0.48312500000001224 
