0.4606250000000123 
0.3943750000000112 
0.4256250000000119 
0.42187500000001193 
0.4481250000000122 
0.5118750000000123 
0.4656250000000123 
0.37937500000001073 
0.44187500000001223 
0.428125000000012 
0.3668750000000106 
0.40562500000001145 
0.3968750000000112 
0.44687500000001223 
0.3368750000000105 
0.3968750000000112 
0.428125000000012 
0.34562500000001056 
0.4131250000000117 
0.3968750000000112 
0.40312500000001145 
0.4193750000000118 
0.44562500000001215 
0.44562500000001215 
0.5031250000000123 
0.30312500000001047 
0.2931250000000104 
0.41937500000001177 
0.3568750000000106 
0.41437500000001165 
0.47812500000001223 
0.45562500000001216 
0.3618750000000106 
0.40562500000001145 
0.4018750000000113 
0.3918750000000111 
0.45062500000001227 
0.4368750000000121 
0.44062500000001215 
0.4381250000000122 
0.4706250000000122 
0.38687500000001096 
0.3756250000000107 
0.4581250000000122 
0.42187500000001193 
0.40187500000001136 
0.49812500000001225 
0.5168750000000123 
0.45562500000001227 
0.4243750000000119 
0.43437500000001217 
0.29937500000001044 
0.4243750000000119 
0.3581250000000106 
0.37687500000001073 
0.44062500000001215 
0.4381250000000122 
0.4431250000000122 
0.29937500000001044 
0.34687500000001054 
0.45187500000001224 
0.39812500000001133 
0.4043750000000114 
0.40937500000001154 
0.4206250000000118 
0.43187500000001217 
0.42437500000001194 
0.3918750000000111 
0.4231250000000119 
0.40062500000001133 
0.4043750000000114 
0.40812500000001156 
0.48187500000001227 
0.4693750000000122 
0.4043750000000115 
0.48312500000001224 
0.428125000000012 
0.40812500000001156 
0.46187500000001225 
0.48687500000001227 
0.4393750000000122 
0.44187500000001223 
0.44187500000001223 
0.42937500000001205 
0.18437500000000906 
0.3331250000000105 
0.4418750000000121 
0.42437500000001194 
0.43312500000001214 
0.40937500000001154 
0.3993750000000113 
0.32812500000001055 
0.3968750000000112 
0.44562500000001215 
0.3918750000000111 
0.4643750000000122 
0.48687500000001227 
0.4593750000000122 
0.3931250000000111 
0.4143750000000117 
0.48937500000001233 
0.34437500000001053 
0.35562500000001057 
0.3731250000000106 
0.38812500000001093 
0.4468750000000121 
0.3893750000000111 
0.4156250000000117 
0.4493750000000122 
0.4068750000000114 
0.3143750000000105 
0.44062500000001215 
0.4068750000000114 
0.44187500000001223 
0.428125000000012 
0.43312500000001214 
0.4481250000000122 
0.39062500000001105 
0.4793750000000122 
0.5081250000000123 
0.3581250000000106 
0.29812500000001046 
0.40562500000001145 
0.4793750000000122 
0.45687500000001224 
0.3668750000000106 
0.46687500000001225 
0.41437500000001165 
0.429375000000012 
0.3718750000000106 
0.3693750000000106 
0.4268750000000119 
0.4181250000000118 
0.4531250000000122 
0.34437500000001053 
0.3731250000000106 
0.4231250000000119 
0.39562500000001116 
0.41937500000001177 
0.43312500000001214 
0.45062500000001215 
0.4606250000000123 
0.4756250000000123 
0.4531250000000122 
0.4481250000000122 
0.4368750000000122 
0.385625000000011 
0.44687500000001223 
0.3943750000000112 
0.4531250000000122 
0.3318750000000105 
0.48687500000001227 
0.44062500000001215 
0.4843750000000122 
0.4481250000000122 
0.4493750000000122 
0.4493750000000122 
0.40937500000001154 
0.2443750000000101 
0.35437500000001054 
0.4843750000000122 
0.388125000000011 
0.41937500000001177 
0.43437500000001217 
0.3268750000000105 
0.3968750000000112 
0.34562500000001056 
0.35687500000001054 
0.3593750000000106 
0.3581250000000106 
0.388125000000011 
0.4343750000000121 
0.4381250000000122 
0.44187500000001223 
0.42687500000001205 
0.4543750000000122 
0.3743750000000106 
0.3943750000000112 
0.44562500000001226 
0.3756250000000107 
0.35187500000001054 
0.42187500000001193 
0.42187500000001193 
0.47812500000001223 
0.3906250000000111 
0.3181250000000105 
0.27187500000001036 
0.3906250000000111 
0.38062500000001087 
0.30187500000001044 
0.40562500000001145 
0.43437500000001217 
0.42437500000001194 
0.41937500000001177 
0.3731250000000106 
0.38562500000001093 
0.4381250000000122 
0.41687500000001165 
0.4268750000000119 
0.45562500000001227 
0.4481250000000122 
0.3118750000000105 
0.40812500000001145 
0.4156250000000117 
0.3668750000000106 
0.2806250000000104 
0.4793750000000122 
0.4156250000000117 
0.4443750000000122 
0.4068750000000114 
0.40312500000001145 
0.4156250000000117 
0.45062500000001215 
0.40312500000001134 
0.46687500000001225 
0.4531250000000122 
0.4043750000000114 
0.4631250000000122 
0.4706250000000123 
0.40062500000001133 
0.32062500000001054 
0.42687500000001205 
0.4193750000000118 
0.39937500000001136 
0.3731250000000106 
0.3631250000000106 
0.34187500000001053 
0.3831250000000109 
0.430625000000012 
0.3918750000000111 
0.4481250000000122 
0.21687500000000948 
0.44062500000001215 
0.3781250000000107 
0.4581250000000122 
0.47187500000001226 
0.4743750000000122 
0.32812500000001055 
0.4231250000000119 
0.5081250000000123 
0.40062500000001133 
0.44562500000001215 
0.4443750000000122 
0.5193750000000122 
0.39312500000001105 
0.4256250000000119 
0.4681250000000122 
0.4156250000000117 
0.3356250000000105 
0.3606250000000106 
0.42187500000001177 
0.4918750000000123 
0.4631250000000122 
0.29437500000001043 
0.4181250000000118 
0.4043750000000114 
0.45062500000001227 
0.3893750000000111 
0.37687500000001073 
0.4743750000000122 
0.44187500000001223 
0.42437500000001194 
0.3631250000000106 
0.45562500000001227 
0.4643750000000122 
0.3931250000000111 
0.3956250000000112 
0.45562500000001227 
0.3168750000000105 
0.4368750000000122 
0.44562500000001226 
0.43437500000001217 
0.4068750000000114 
0.43562500000001214 
0.29687500000001044 
0.4181250000000118 
0.43187500000001205 
0.4256250000000119 
0.4643750000000122 
0.4956250000000122 
0.42937500000001205 
0.3493750000000106 
0.47187500000001226 
0.3943750000000112 
0.388125000000011 
0.43187500000001217 
0.4393750000000122 
0.3631250000000106 
0.41187500000001154 
0.4681250000000122 
0.47687500000001226 
0.4493750000000122 
0.3931250000000111 
0.3106250000000105 
0.45187500000001224 
0.44562500000001215 
0.30687500000001044 
0.4156250000000117 
0.3956250000000112 
0.40812500000001156 
