0.46687500000001225 
0.47187500000001226 
0.4681250000000122 
0.46187500000001225 
0.428125000000012 
0.4606250000000123 
0.4706250000000123 
0.36437500000001055 
0.4131250000000117 
0.44687500000001223 
0.30312500000001047 
0.45687500000001224 
0.4531250000000122 
0.36187500000001055 
0.29687500000001044 
0.34062500000001056 
0.4631250000000122 
0.4018750000000113 
0.4656250000000123 
0.48312500000001224 
0.4156250000000117 
0.3918750000000111 
0.4481250000000122 
0.430625000000012 
0.40937500000001154 
0.3743750000000107 
0.41437500000001165 
0.4068750000000114 
0.35937500000001055 
0.4168750000000118 
0.4381250000000122 
0.3268750000000105 
0.45687500000001224 
0.29187500000001043 
0.4381250000000122 
0.3143750000000105 
0.3131250000000105 
0.41937500000001177 
0.3256250000000105 
0.4368750000000122 
0.47812500000001223 
0.23562500000000994 
0.3956250000000112 
0.4531250000000122 
0.35062500000001057 
0.38687500000001096 
0.4968750000000123 
0.18937500000000906 
0.4443750000000122 
0.44062500000001215 
0.30187500000001044 
0.48312500000001224 
0.44562500000001226 
0.44062500000001226 
0.428125000000012 
0.4481250000000122 
0.4093750000000116 
0.29687500000001044 
0.3718750000000106 
0.43312500000001214 
0.37687500000001073 
0.35437500000001054 
0.34562500000001056 
0.3918750000000111 
0.428125000000012 
0.3231250000000105 
0.35312500000001057 
0.4043750000000115 
0.3656250000000106 
0.3231250000000105 
0.4018750000000113 
0.3981250000000112 
0.4018750000000113 
0.42937500000001205 
0.3156250000000105 
0.40062500000001133 
0.3906250000000111 
0.34687500000001054 
0.4018750000000113 
0.4693750000000122 
0.4643750000000122 
0.4231250000000119 
0.4806250000000123 
0.44062500000001215 
0.3343750000000105 
0.4193750000000118 
0.4681250000000122 
0.42187500000001193 
0.3943750000000112 
0.4343750000000121 
0.38187500000001084 
0.26937500000001036 
0.40562500000001145 
0.4593750000000122 
0.40562500000001145 
0.3606250000000106 
0.4631250000000122 
0.4381250000000122 
0.3306250000000105 
0.34187500000001053 
0.2631250000000104 
0.3518750000000106 
0.4531250000000122 
0.4806250000000123 
0.4656250000000123 
0.3943750000000112 
0.43312500000001214 
0.3718750000000106 
0.35562500000001057 
0.34937500000001054 
0.4381250000000122 
0.4381250000000122 
0.19312500000000907 
0.4743750000000122 
0.4393750000000122 
0.3631250000000106 
0.3731250000000106 
0.3231250000000105 
0.42187500000001193 
0.43562500000001214 
0.5056250000000123 
0.3993750000000113 
0.35937500000001055 
0.3993750000000113 
0.3743750000000106 
0.4543750000000122 
0.3518750000000106 
0.17687500000000905 
0.47312500000001223 
0.3906250000000111 
0.44562500000001215 
0.3756250000000107 
0.41187500000001154 
0.34687500000001054 
0.4693750000000122 
0.45187500000001224 
0.4181250000000118 
0.25687500000001035 
0.3831250000000109 
0.3656250000000106 
0.3618750000000106 
0.40062500000001133 
0.44687500000001223 
0.43312500000001214 
0.3593750000000106 
0.43437500000001217 
0.45062500000001227 
0.45062500000001215 
0.3331250000000105 
0.40937500000001154 
0.38187500000001084 
0.35062500000001057 
0.41437500000001165 
0.3206250000000105 
0.3306250000000105 
0.4068750000000114 
0.2956250000000104 
0.40312500000001145 
0.43312500000001214 
0.3081250000000105 
0.40812500000001156 
0.42687500000001205 
0.41187500000001154 
0.3618750000000106 
0.2793750000000104 
0.3131250000000105 
0.3656250000000106 
0.33937500000001053 
0.34937500000001054 
0.4443750000000122 
0.47312500000001223 
0.44562500000001215 
0.3968750000000112 
0.37937500000001084 
0.44562500000001215 
0.40062500000001133 
0.42687500000001205 
0.4131250000000117 
0.4968750000000123 
0.32812500000001055 
0.41937500000001177 
0.3831250000000109 
0.3943750000000112 
0.47312500000001223 
0.4231250000000119 
0.42187500000001193 
0.4581250000000122 
0.385625000000011 
0.3831250000000109 
0.3231250000000105 
0.41062500000001156 
0.428125000000012 
0.33812500000001056 
0.37062500000001064 
0.47187500000001226 
0.4143750000000117 
0.4431250000000122 
0.45562500000001227 
0.3831250000000109 
0.47187500000001226 
0.40312500000001145 
0.3231250000000105 
0.4581250000000122 
0.3606250000000106 
0.33812500000001056 
0.4381250000000122 
0.37687500000001073 
0.43312500000001214 
0.3143750000000105 
0.3743750000000106 
0.3293750000000105 
0.3918750000000111 
0.4168750000000117 
0.44562500000001215 
0.4906250000000123 
0.4143750000000117 
0.38437500000001096 
0.40812500000001156 
0.16437500000000904 
0.4743750000000122 
0.38687500000001096 
0.4918750000000123 
0.37687500000001073 
0.48187500000001227 
0.41062500000001156 
0.41687500000001165 
0.42937500000001205 
0.3743750000000106 
0.43437500000001217 
0.385625000000011 
0.26937500000001036 
0.37562500000001076 
0.40062500000001133 
0.38687500000001096 
0.3693750000000106 
0.4231250000000119 
0.4068750000000115 
0.3656250000000106 
0.430625000000012 
0.3943750000000112 
0.3331250000000105 
0.3293750000000105 
0.4531250000000122 
0.35562500000001057 
0.38687500000001096 
0.429375000000012 
0.30437500000001044 
0.4543750000000122 
0.3268750000000105 
0.3106250000000105 
0.4531250000000122 
0.3518750000000106 
0.24687500000001023 
0.3718750000000106 
0.4168750000000118 
0.4131250000000117 
0.4493750000000122 
0.44062500000001215 
0.4156250000000117 
0.41687500000001165 
0.39812500000001116 
0.4956250000000123 
0.4493750000000122 
0.4643750000000122 
0.23812500000001005 
0.4181250000000118 
0.4581250000000122 
0.43562500000001214 
0.2843750000000104 
0.4231250000000119 
0.35562500000001057 
0.48687500000001227 
0.3168750000000105 
0.44562500000001215 
0.4131250000000117 
0.43312500000001214 
0.4393750000000122 
0.48312500000001224 
0.4381250000000122 
0.24562500000001017 
0.4256250000000119 
0.46687500000001225 
0.42687500000001205 
0.32312500000001054 
0.43562500000001214 
0.3956250000000112 
0.2756250000000104 
0.35312500000001057 
0.42687500000001205 
0.3593750000000106 
0.45187500000001224 
0.3893750000000111 
0.3031250000000104 
0.428125000000012 
0.37937500000001073 
0.3581250000000106 
0.3993750000000113 
0.38062500000001087 
0.385625000000011 
0.3756250000000107 
