0.38187500000001084 
0.3081250000000105 
0.4543750000000122 
0.44562500000001226 
0.4206250000000118 
0.4393750000000122 
0.47687500000001226 
0.41062500000001156 
0.3281250000000105 
0.45562500000001227 
0.388125000000011 
0.3906250000000111 
0.4693750000000122 
0.23812500000001 
0.4368750000000122 
0.430625000000012 
0.4018750000000113 
0.3706250000000106 
0.42187500000001193 
0.45687500000001224 
0.4606250000000123 
0.4181250000000118 
0.45687500000001224 
0.48312500000001224 
0.3181250000000105 
0.48187500000001227 
0.430625000000012 
0.3931250000000112 
0.38187500000001084 
0.3756250000000107 
0.30437500000001044 
0.3568750000000106 
0.35312500000001057 
0.34812500000001056 
0.3681250000000106 
0.24812500000001028 
0.40312500000001134 
0.35062500000001057 
0.4181250000000118 
0.4706250000000123 
0.3206250000000105 
0.33562500000001055 
0.4431250000000122 
0.46687500000001225 
0.3743750000000107 
0.40562500000001145 
0.4543750000000122 
0.3706250000000106 
0.40062500000001133 
0.3743750000000106 
0.41187500000001154 
0.3668750000000106 
0.34437500000001053 
0.4706250000000123 
0.3831250000000109 
0.42187500000001193 
0.4131250000000117 
0.3156250000000105 
0.3956250000000112 
0.45562500000001216 
0.37687500000001073 
0.44062500000001215 
0.34937500000001054 
0.37687500000001073 
0.3906250000000111 
0.37937500000001084 
0.40937500000001154 
0.2868750000000104 
0.3143750000000105 
0.34187500000001053 
0.3906250000000111 
0.35187500000001054 
0.42437500000001194 
0.3918750000000111 
0.3206250000000105 
0.4156250000000117 
0.4643750000000122 
0.43562500000001214 
0.3956250000000112 
0.33062500000001055 
0.3681250000000106 
0.3993750000000113 
0.40062500000001133 
0.45062500000001215 
0.35437500000001054 
0.44062500000001215 
0.3993750000000113 
0.29312500000001046 
0.4231250000000119 
0.2606250000000103 
0.3881250000000111 
0.4043750000000115 
0.4531250000000122 
0.4256250000000119 
0.3106250000000105 
0.430625000000012 
0.42437500000001194 
0.43562500000001225 
0.3981250000000112 
0.4581250000000122 
0.4393750000000122 
0.37312500000001064 
0.29187500000001043 
0.4368750000000122 
0.38437500000001096 
0.4181250000000118 
0.4793750000000122 
0.28937500000001043 
0.38187500000001084 
0.4856250000000123 
0.33937500000001053 
0.4206250000000118 
0.44187500000001223 
0.35687500000001054 
0.40562500000001145 
0.40187500000001136 
0.42187500000001193 
0.4243750000000119 
0.4181250000000118 
0.30562500000001047 
0.29687500000001044 
0.40062500000001133 
0.41937500000001177 
0.4481250000000122 
0.4643750000000122 
0.36812500000001064 
0.4231250000000119 
0.3668750000000106 
0.29437500000001043 
0.4543750000000122 
0.36437500000001055 
0.4168750000000118 
0.4181250000000118 
0.2931250000000104 
0.47812500000001223 
0.3568750000000106 
0.3543750000000106 
0.3981250000000112 
0.3968750000000112 
0.29812500000001046 
0.42937500000001205 
0.42937500000001205 
0.3668750000000106 
0.4131250000000117 
0.29062500000001046 
0.40312500000001145 
0.45187500000001224 
0.36187500000001055 
0.4543750000000122 
0.32812500000001055 
0.34687500000001054 
0.39562500000001116 
0.36437500000001055 
0.37687500000001073 
0.40312500000001145 
0.33937500000001053 
0.4206250000000118 
0.4131250000000117 
0.3743750000000106 
0.2706250000000104 
0.4393750000000122 
0.4543750000000122 
0.4431250000000122 
0.34437500000001053 
0.42937500000001205 
0.42937500000001205 
0.3781250000000107 
0.4118750000000116 
0.40812500000001156 
0.4843750000000123 
0.4256250000000119 
0.42437500000001194 
0.3906250000000111 
0.4093750000000116 
0.4443750000000122 
0.40062500000001133 
0.385625000000011 
0.44187500000001223 
0.428125000000012 
0.3743750000000106 
0.3718750000000106 
0.4368750000000122 
0.38187500000001084 
0.3756250000000107 
0.34187500000001053 
0.44562500000001215 
0.3968750000000112 
0.2256250000000097 
0.3943750000000112 
0.3281250000000105 
0.37687500000001073 
0.4181250000000118 
0.3581250000000106 
0.40062500000001133 
0.4643750000000122 
0.3368750000000105 
0.3656250000000106 
0.4218750000000118 
0.30062500000001047 
0.42187500000001193 
0.45687500000001224 
0.28937500000001043 
0.3131250000000105 
0.4156250000000117 
0.4068750000000114 
0.2731250000000104 
0.4093750000000116 
0.37812500000001076 
0.3743750000000106 
0.40312500000001134 
0.3918750000000111 
0.3606250000000106 
0.3931250000000112 
0.37687500000001073 
0.4431250000000122 
0.45687500000001224 
0.3231250000000105 
0.42437500000001194 
0.385625000000011 
0.3543750000000106 
0.4431250000000122 
0.48937500000001233 
0.4906250000000123 
0.4368750000000122 
0.3356250000000105 
0.34437500000001053 
0.3643750000000106 
0.41437500000001165 
0.41187500000001154 
0.2856250000000104 
0.39687500000001125 
0.3681250000000106 
0.38062500000001087 
0.45562500000001227 
0.3806250000000108 
0.36437500000001055 
0.33062500000001055 
0.40562500000001145 
0.31937500000001046 
0.39812500000001133 
0.29187500000001043 
0.41687500000001165 
0.37687500000001073 
0.40312500000001145 
0.34187500000001053 
0.4743750000000122 
0.3243750000000105 
0.37312500000001064 
0.4256250000000119 
0.48812500000001224 
0.4806250000000123 
0.4793750000000122 
0.40312500000001145 
0.34062500000001056 
0.34812500000001056 
0.3806250000000108 
0.3993750000000113 
0.41062500000001156 
0.4481250000000122 
0.44062500000001215 
0.39812500000001116 
0.3243750000000105 
0.40562500000001145 
0.3743750000000106 
0.4368750000000122 
0.2831250000000104 
0.38687500000001096 
0.4181250000000118 
0.43437500000001217 
0.43187500000001217 
0.3743750000000106 
0.3993750000000113 
0.3756250000000107 
0.4443750000000122 
0.4381250000000122 
0.42937500000001205 
0.3081250000000105 
0.44187500000001223 
0.2868750000000104 
0.3781250000000107 
0.3931250000000111 
0.3981250000000112 
0.3893750000000111 
0.26187500000001035 
0.4643750000000122 
0.4193750000000118 
0.3643750000000106 
0.37937500000001084 
0.3931250000000112 
0.4043750000000114 
0.47187500000001226 
0.4181250000000118 
0.3656250000000106 
0.42187500000001177 
0.3256250000000105 
0.4393750000000122 
0.3256250000000105 
0.3668750000000106 
0.43312500000001214 
0.22437500000000965 
