0.49312500000001225 
0.48187500000001227 
0.4481250000000122 
0.33562500000001055 
0.430625000000012 
0.31687500000001045 
0.41437500000001165 
0.5131250000000123 
0.4693750000000122 
0.5193750000000122 
0.4993750000000122 
0.3943750000000111 
0.48812500000001224 
0.4793750000000122 
0.45562500000001216 
0.42687500000001205 
0.47687500000001226 
0.4256250000000119 
0.3356250000000105 
0.4893750000000122 
0.46187500000001225 
0.4118750000000117 
0.3918750000000111 
0.4481250000000122 
0.36937500000001056 
0.4756250000000123 
0.42937500000001205 
0.5006250000000123 
0.4393750000000122 
0.47687500000001226 
0.4493750000000122 
0.5256250000000123 
0.35187500000001054 
0.4368750000000121 
0.428125000000012 
0.4693750000000122 
0.4843750000000122 
0.34937500000001054 
0.4493750000000122 
0.5281250000000123 
0.4993750000000122 
0.3893750000000111 
0.46187500000001225 
0.5281250000000123 
0.5018750000000123 
0.43437500000001217 
0.5018750000000123 
0.4168750000000117 
0.45187500000001224 
0.5381250000000123 
0.45062500000001227 
0.2668750000000103 
0.4193750000000118 
0.3943750000000111 
0.4806250000000122 
0.5218750000000123 
0.33062500000001055 
0.3981250000000112 
0.43437500000001217 
0.45687500000001224 
0.3668750000000106 
0.48812500000001224 
0.3918750000000111 
0.45562500000001227 
0.5231250000000123 
0.47812500000001223 
0.4393750000000122 
0.47812500000001223 
0.44687500000001223 
0.47812500000001223 
0.3681250000000106 
0.5018750000000123 
0.4643750000000122 
0.43312500000001214 
0.5043750000000122 
0.4543750000000122 
0.4443750000000122 
0.45562500000001216 
0.4918750000000123 
0.24812500000001017 
0.41437500000001165 
0.4631250000000122 
0.32812500000001044 
0.4968750000000123 
0.5143750000000122 
0.40062500000001133 
0.4181250000000117 
0.5106250000000123 
0.45687500000001224 
0.45062500000001215 
0.4043750000000114 
0.3693750000000106 
0.40812500000001145 
0.4643750000000122 
0.33187500000001047 
0.3731250000000106 
0.430625000000012 
0.45562500000001227 
0.4581250000000122 
0.5281250000000123 
0.46562500000001217 
0.4681250000000122 
0.5068750000000123 
0.4543750000000122 
0.4893750000000122 
0.48312500000001224 
0.35312500000001057 
0.5106250000000123 
0.44187500000001223 
0.4543750000000122 
0.4231250000000119 
0.4368750000000121 
0.47812500000001223 
0.5168750000000123 
0.4393750000000122 
0.4581250000000122 
0.4381250000000122 
0.4693750000000122 
0.47312500000001223 
0.43562500000001214 
0.34062500000001056 
0.4381250000000122 
0.48312500000001224 
0.4906250000000123 
0.32437500000001046 
0.38187500000001084 
0.4968750000000123 
0.36687500000001055 
0.30562500000001047 
0.45687500000001224 
0.48687500000001227 
0.5056250000000123 
0.4993750000000122 
0.46687500000001225 
0.5131250000000123 
0.49812500000001225 
0.47687500000001226 
0.4631250000000122 
0.4793750000000122 
0.4943750000000122 
0.45562500000001216 
0.4206250000000118 
0.45687500000001224 
0.45687500000001224 
0.45062500000001215 
0.5368750000000123 
0.5018750000000123 
0.4581250000000122 
0.45562500000001216 
0.46062500000001216 
0.4468750000000121 
0.4918750000000123 
0.4593750000000122 
0.4143750000000117 
0.4943750000000122 
0.4393750000000122 
0.430625000000012 
0.4193750000000118 
0.34937500000001054 
0.49812500000001225 
0.4956250000000123 
0.5168750000000123 
0.5431250000000123 
0.2831250000000104 
0.4681250000000122 
0.39812500000001116 
0.46187500000001225 
0.46062500000001216 
0.27437500000001036 
0.3456250000000105 
0.3731250000000106 
0.4631250000000122 
0.48812500000001224 
0.43562500000001214 
0.5056250000000123 
0.49812500000001225 
0.4493750000000122 
0.4806250000000123 
0.3918750000000111 
0.4018750000000113 
0.5093750000000122 
0.4968750000000123 
0.4493750000000122 
0.3993750000000113 
0.45562500000001216 
0.4493750000000122 
0.4681250000000122 
0.3831250000000108 
0.39812500000001116 
0.4743750000000122 
0.4943750000000122 
0.40562500000001145 
0.4481250000000122 
0.4531250000000122 
0.23937500000001005 
0.5043750000000122 
0.4968750000000123 
0.5068750000000123 
0.38562500000001093 
0.5143750000000122 
0.40312500000001145 
0.4431250000000122 
0.5356250000000122 
0.45562500000001216 
0.4043750000000114 
0.47812500000001223 
0.3631250000000106 
0.3656250000000106 
0.3968750000000112 
0.3118750000000105 
0.40812500000001156 
0.47812500000001223 
0.46562500000001217 
0.4156250000000117 
0.429375000000012 
0.48187500000001227 
0.4756250000000123 
0.44562500000001215 
0.48812500000001224 
0.3431250000000105 
0.3568750000000106 
0.5081250000000123 
0.40312500000001134 
0.4531250000000122 
0.5068750000000123 
0.5018750000000123 
0.37812500000001076 
0.48312500000001224 
0.45562500000001216 
0.40562500000001145 
0.4693750000000122 
0.4368750000000121 
0.48812500000001224 
0.39312500000001105 
0.42937500000001205 
0.47187500000001226 
0.431875000000012 
0.4943750000000122 
0.4806250000000123 
0.46062500000001216 
0.4193750000000118 
0.45687500000001224 
0.428125000000012 
0.4381250000000122 
0.5043750000000122 
0.5068750000000123 
0.428125000000012 
0.4193750000000118 
0.4368750000000121 
0.4581250000000122 
0.4793750000000122 
0.43562500000001214 
0.5006250000000122 
0.34562500000001056 
0.43187500000001205 
0.4181250000000118 
0.26687500000001035 
0.5043750000000122 
0.47187500000001226 
0.49812500000001225 
0.4593750000000122 
0.4643750000000122 
0.4156250000000117 
0.37937500000001073 
0.4543750000000122 
0.48312500000001224 
0.4993750000000122 
0.5181250000000123 
0.42187500000001177 
0.42937500000001205 
0.5031250000000123 
0.4393750000000122 
0.42937500000001205 
0.49312500000001225 
0.34437500000001053 
0.5056250000000123 
0.38187500000001084 
0.428125000000012 
0.47812500000001223 
0.36187500000001055 
0.4206250000000118 
0.4806250000000122 
0.26437500000001035 
0.3856250000000108 
0.4043750000000114 
0.4381250000000122 
0.41937500000001177 
0.4481250000000122 
0.48812500000001224 
0.40562500000001145 
0.4943750000000122 
0.4606250000000123 
0.4093750000000114 
0.4906250000000122 
0.4656250000000123 
0.4368750000000122 
0.4743750000000122 
0.5018750000000123 
0.2956250000000104 
0.4943750000000122 
