0.3981250000000112 
0.40937500000001154 
0.31187500000001045 
0.4156250000000117 
0.4743750000000122 
0.3606250000000106 
0.30437500000001044 
0.37937500000001073 
0.46562500000001217 
0.3706250000000106 
0.3693750000000106 
0.3331250000000105 
0.41687500000001165 
0.34312500000001056 
0.3781250000000107 
0.3993750000000113 
0.43437500000001217 
0.4206250000000118 
0.4431250000000122 
0.4681250000000122 
0.4043750000000114 
0.3606250000000106 
0.34812500000001056 
0.44062500000001215 
0.3931250000000112 
0.3906250000000111 
0.4256250000000119 
0.42937500000001205 
0.40562500000001145 
0.3656250000000106 
0.45687500000001224 
0.35062500000001057 
0.430625000000012 
0.4068750000000115 
0.3981250000000112 
0.4068750000000114 
0.36437500000001055 
0.3956250000000112 
0.3968750000000112 
0.388125000000011 
0.4131250000000117 
0.40562500000001145 
0.3368750000000105 
0.4581250000000122 
0.4593750000000122 
0.3943750000000112 
0.42687500000001205 
0.33562500000001055 
0.430625000000012 
0.35562500000001057 
0.4118750000000117 
0.385625000000011 
0.34687500000001054 
0.3956250000000112 
0.4156250000000117 
0.34562500000001056 
0.42937500000001205 
0.3681250000000106 
0.4068750000000114 
0.2906250000000104 
0.37812500000001076 
0.4068750000000114 
0.3368750000000105 
0.3368750000000105 
0.35062500000001057 
0.4656250000000123 
0.44687500000001223 
0.45687500000001224 
0.3581250000000106 
0.3893750000000111 
0.33812500000001056 
0.3168750000000105 
0.32812500000001055 
0.42437500000001194 
0.4231250000000119 
0.3631250000000106 
0.4206250000000118 
0.3206250000000105 
0.4393750000000122 
0.4543750000000122 
0.44687500000001223 
0.4906250000000123 
0.3631250000000106 
0.3356250000000105 
0.33312500000001055 
0.2856250000000104 
0.38187500000001084 
0.4268750000000119 
0.3968750000000112 
0.45687500000001224 
0.46187500000001225 
0.4743750000000122 
0.32812500000001055 
0.37937500000001084 
0.4443750000000122 
0.3943750000000112 
0.4756250000000123 
0.35562500000001057 
0.4906250000000123 
0.38187500000001084 
0.37687500000001073 
0.3156250000000105 
0.3693750000000106 
0.3318750000000105 
0.3893750000000111 
0.3731250000000106 
0.34312500000001056 
0.40562500000001145 
0.4168750000000118 
0.3606250000000106 
0.3968750000000112 
0.34687500000001054 
0.3718750000000106 
0.3618750000000106 
0.4231250000000119 
0.3993750000000113 
0.34937500000001054 
0.38687500000001096 
0.4231250000000119 
0.36187500000001055 
0.4118750000000117 
0.44562500000001215 
0.40812500000001156 
0.33937500000001053 
0.4256250000000119 
0.38187500000001084 
0.4243750000000119 
0.3518750000000106 
0.43437500000001217 
0.385625000000011 
0.38812500000001093 
0.33812500000001056 
0.38812500000001093 
0.3168750000000105 
0.3343750000000105 
0.33062500000001055 
0.428125000000012 
0.4243750000000119 
0.4068750000000115 
0.41937500000001177 
0.4206250000000118 
0.4593750000000122 
0.23687500000001 
0.4143750000000117 
0.3281250000000105 
0.38437500000001096 
0.4543750000000122 
0.3743750000000106 
0.34562500000001056 
0.34187500000001053 
0.34437500000001053 
0.4431250000000122 
0.35562500000001057 
0.3968750000000112 
0.42187500000001193 
0.3906250000000111 
0.4706250000000123 
0.3906250000000111 
0.45562500000001227 
0.3293750000000105 
0.38687500000001096 
0.4593750000000122 
0.3593750000000106 
0.3656250000000106 
0.38437500000001096 
0.46187500000001225 
0.34812500000001056 
0.3206250000000105 
0.30687500000001044 
0.4256250000000119 
0.35062500000001057 
0.30562500000001047 
0.3931250000000111 
0.3931250000000111 
0.4156250000000117 
0.3606250000000106 
0.3656250000000106 
0.4131250000000117 
0.3918750000000111 
0.426875000000012 
0.29687500000001044 
0.3231250000000105 
0.38687500000001096 
0.38187500000001084 
0.3743750000000107 
0.4531250000000122 
0.39812500000001133 
0.3881250000000111 
0.3368750000000105 
0.4143750000000117 
0.3131250000000105 
0.428125000000012 
0.2743750000000104 
0.43562500000001214 
0.4606250000000123 
0.3618750000000106 
0.3318750000000105 
0.4393750000000122 
0.38562500000001093 
0.3543750000000106 
0.37937500000001073 
0.38687500000001096 
0.34312500000001056 
0.3718750000000106 
0.3693750000000106 
0.37937500000001084 
0.3956250000000112 
0.30187500000001044 
0.4181250000000118 
0.42687500000001205 
0.3606250000000106 
0.4693750000000122 
0.44187500000001223 
0.4231250000000119 
0.3543750000000106 
0.41437500000001165 
0.41937500000001177 
0.4793750000000122 
0.36562500000001064 
0.3218750000000105 
0.4393750000000122 
0.3643750000000106 
0.4243750000000119 
0.3681250000000106 
0.3918750000000111 
0.3693750000000106 
0.34812500000001056 
0.3731250000000106 
0.40562500000001145 
0.46187500000001225 
0.430625000000012 
0.4656250000000123 
0.4018750000000113 
0.35437500000001054 
0.43312500000001214 
0.3906250000000111 
0.30562500000001047 
0.3493750000000106 
0.3581250000000106 
0.29937500000001044 
0.40562500000001145 
0.3331250000000105 
0.38437500000001096 
0.35437500000001054 
0.3643750000000106 
0.3756250000000107 
0.43437500000001217 
0.3943750000000112 
0.40812500000001156 
0.3993750000000113 
0.3543750000000106 
0.46187500000001225 
0.44187500000001223 
0.3943750000000112 
0.3568750000000106 
0.45562500000001216 
0.4431250000000122 
0.3643750000000106 
0.4481250000000122 
0.3206250000000105 
0.3568750000000106 
0.4131250000000117 
0.3631250000000106 
0.30187500000001044 
0.37687500000001073 
0.4156250000000117 
0.4431250000000122 
0.4368750000000122 
0.40562500000001145 
0.3656250000000106 
0.35062500000001057 
0.38187500000001084 
0.3893750000000111 
0.4368750000000122 
0.42187500000001177 
0.33812500000001056 
0.3606250000000106 
0.42937500000001205 
0.4643750000000122 
0.3593750000000106 
0.4631250000000122 
0.40562500000001145 
0.2956250000000104 
0.38187500000001084 
0.3781250000000107 
0.4131250000000117 
0.38812500000001093 
0.37062500000001064 
0.4443750000000122 
0.3631250000000106 
0.3968750000000112 
0.4231250000000119 
0.2706250000000104 
0.3668750000000106 
0.3693750000000106 
0.47187500000001226 
0.37812500000001076 
0.4593750000000122 
0.39312500000001105 
0.3468750000000106 
