0.3943750000000112 
0.2743750000000104 
0.3931250000000112 
0.38437500000001096 
0.41687500000001165 
0.35312500000001057 
0.3656250000000106 
0.3681250000000106 
0.42937500000001205 
0.4593750000000122 
0.3956250000000112 
0.4156250000000117 
0.3306250000000105 
0.21937500000000953 
0.47312500000001223 
0.3643750000000106 
0.43562500000001214 
0.4143750000000117 
0.3643750000000106 
0.41937500000001177 
0.40062500000001133 
0.34812500000001056 
0.2756250000000104 
0.388125000000011 
0.3968750000000112 
0.41437500000001165 
0.3943750000000112 
0.4231250000000119 
0.43562500000001214 
0.3781250000000107 
0.3781250000000107 
0.3781250000000107 
0.25437500000001034 
0.3218750000000105 
0.4156250000000117 
0.38187500000001084 
0.3906250000000111 
0.40937500000001154 
0.38187500000001084 
0.3256250000000105 
0.42437500000001194 
0.3568750000000106 
0.4231250000000119 
0.3418750000000106 
0.3931250000000111 
0.42187500000001177 
0.37812500000001076 
0.4118750000000117 
0.385625000000011 
0.4131250000000117 
0.43437500000001217 
0.3268750000000105 
0.4043750000000114 
0.4431250000000122 
0.2743750000000104 
0.33562500000001055 
0.27187500000001036 
0.4018750000000113 
0.2606250000000103 
0.3918750000000111 
0.4181250000000118 
0.2681250000000104 
0.37687500000001073 
0.4393750000000122 
0.3993750000000113 
0.385625000000011 
0.25187500000001034 
0.41187500000001154 
0.3581250000000106 
0.46562500000001217 
0.4393750000000122 
0.45187500000001224 
0.3743750000000106 
0.3618750000000106 
0.4493750000000122 
0.3943750000000112 
0.2881250000000104 
0.34812500000001056 
0.4693750000000122 
0.45687500000001224 
0.4193750000000118 
0.37562500000001076 
0.30312500000001047 
0.4018750000000113 
0.3518750000000106 
0.37812500000001076 
0.44687500000001223 
0.3543750000000106 
0.40812500000001156 
0.4593750000000122 
0.41437500000001165 
0.3143750000000105 
0.34687500000001054 
0.3293750000000105 
0.38062500000001087 
0.30062500000001047 
0.4368750000000122 
0.40312500000001145 
0.3693750000000106 
0.38062500000001087 
0.40937500000001154 
0.3606250000000106 
0.3293750000000105 
0.3268750000000105 
0.3756250000000107 
0.4581250000000122 
0.4368750000000122 
0.3968750000000112 
0.3631250000000106 
0.3743750000000107 
0.34312500000001056 
0.3206250000000105 
0.2831250000000104 
0.3656250000000106 
0.3831250000000108 
0.4543750000000122 
0.35437500000001054 
0.3068750000000105 
0.3931250000000111 
0.34562500000001056 
0.42437500000001194 
0.3568750000000106 
0.3893750000000111 
0.41437500000001165 
0.4256250000000119 
0.38687500000001096 
0.44562500000001226 
0.3343750000000105 
0.40562500000001145 
0.3918750000000111 
0.3243750000000105 
0.37937500000001073 
0.4043750000000115 
0.38187500000001084 
0.34562500000001056 
0.3956250000000112 
0.3631250000000106 
0.3981250000000112 
0.33812500000001056 
0.38187500000001084 
0.18812500000000906 
0.34312500000001056 
0.4093750000000116 
0.3231250000000105 
0.428125000000012 
0.3756250000000107 
0.3443750000000106 
0.2868750000000104 
0.33562500000001055 
0.4206250000000118 
0.33562500000001055 
0.3743750000000107 
0.32312500000001054 
0.35187500000001054 
0.42687500000001205 
0.2756250000000104 
0.3656250000000106 
0.388125000000011 
0.34312500000001056 
0.4068750000000115 
0.45187500000001224 
0.4531250000000122 
0.3893750000000111 
0.3943750000000112 
0.31937500000001046 
0.3656250000000106 
0.37687500000001073 
0.430625000000012 
0.41062500000001156 
0.34812500000001056 
0.45562500000001216 
0.3131250000000105 
0.3081250000000105 
0.41062500000001156 
0.3706250000000106 
0.4193750000000118 
0.3906250000000111 
0.41187500000001154 
0.4593750000000122 
0.3993750000000113 
0.40062500000001133 
0.4093750000000116 
0.388125000000011 
0.4206250000000118 
0.38687500000001096 
0.4068750000000114 
0.4656250000000123 
0.38187500000001084 
0.3756250000000107 
0.44187500000001223 
0.428125000000012 
0.430625000000012 
0.30562500000001047 
0.17562500000000905 
0.24312500000001017 
0.3143750000000105 
0.37812500000001076 
0.4368750000000122 
0.388125000000011 
0.43187500000001217 
0.29562500000001046 
0.3143750000000105 
0.35562500000001057 
0.3893750000000111 
0.3718750000000106 
0.3981250000000112 
0.4018750000000113 
0.29687500000001044 
0.42187500000001193 
0.3618750000000106 
0.3268750000000105 
0.3593750000000106 
0.3968750000000112 
0.3781250000000107 
0.33812500000001056 
0.35562500000001057 
0.3943750000000112 
0.4068750000000116 
0.3681250000000106 
0.35312500000001057 
0.45187500000001224 
0.3931250000000112 
0.3568750000000106 
0.4043750000000115 
0.37937500000001084 
0.37062500000001064 
0.21187500000000936 
0.40937500000001154 
0.3881250000000111 
0.3943750000000112 
0.25687500000001035 
0.38187500000001084 
0.44187500000001223 
0.4043750000000114 
0.34687500000001054 
0.4143750000000117 
0.2931250000000104 
0.44062500000001215 
0.3193750000000105 
0.44062500000001215 
0.40312500000001145 
0.3618750000000106 
0.4643750000000122 
0.3543750000000106 
0.35062500000001057 
0.4018750000000113 
0.40062500000001133 
0.37812500000001076 
0.37062500000001064 
0.3343750000000105 
0.3931250000000111 
0.43437500000001217 
0.3918750000000111 
0.38187500000001084 
0.4181250000000118 
0.3931250000000111 
0.3956250000000112 
0.47812500000001223 
0.30062500000001047 
0.3631250000000106 
0.4631250000000122 
0.3593750000000106 
0.34312500000001056 
0.4581250000000122 
0.3643750000000106 
0.4118750000000117 
0.42937500000001205 
0.38187500000001084 
0.4156250000000117 
0.3318750000000105 
0.3931250000000111 
0.33812500000001056 
0.4531250000000122 
0.38687500000001096 
0.3543750000000106 
0.3931250000000112 
0.35062500000001057 
0.3281250000000105 
0.3281250000000105 
0.44562500000001226 
0.3306250000000105 
0.39687500000001125 
0.38187500000001084 
0.4181250000000118 
0.33312500000001055 
0.35437500000001054 
0.2906250000000104 
0.44687500000001223 
0.35687500000001054 
0.41187500000001154 
0.3918750000000111 
0.4393750000000122 
0.34562500000001056 
0.41062500000001156 
0.39937500000001136 
0.44062500000001215 
0.3918750000000111 
0.35562500000001057 
0.42937500000001205 
0.4068750000000114 
