0.4056250000000114 
0.47812500000001223 
0.4706250000000122 
0.5018750000000123 
0.4843750000000122 
0.3156250000000105 
0.4906250000000123 
0.4968750000000123 
0.4918750000000123 
0.4343750000000121 
0.4281250000000119 
0.5043750000000122 
0.48312500000001224 
0.3506250000000105 
0.48312500000001224 
0.4943750000000122 
0.46562500000001217 
0.4206250000000118 
0.39812500000001116 
0.4168750000000117 
0.4431250000000122 
0.4043750000000114 
0.46562500000001217 
0.4793750000000122 
0.4893750000000122 
0.4181250000000118 
0.5081250000000123 
0.47687500000001226 
0.4443750000000122 
0.4643750000000122 
0.5106250000000123 
0.4956250000000123 
0.46687500000001225 
0.39812500000001116 
0.4143750000000117 
0.3606250000000105 
0.3368750000000105 
0.3968750000000112 
0.5156250000000123 
0.40062500000001133 
0.4631250000000122 
0.5006250000000122 
0.5056250000000123 
0.5306250000000123 
0.5056250000000122 
0.4693750000000122 
0.41687500000001165 
0.3981250000000112 
0.4918750000000123 
0.5043750000000122 
0.4006250000000113 
0.5143750000000124 
0.4043750000000113 
0.31437500000001045 
0.46187500000001225 
0.29437500000001043 
0.4956250000000123 
0.4918750000000123 
0.37187500000001056 
0.4956250000000123 
0.4693750000000122 
0.3718750000000106 
0.5181250000000123 
0.35562500000001057 
0.48187500000001227 
0.5031250000000123 
0.5031250000000123 
0.4906250000000123 
0.32312500000001054 
0.48812500000001224 
0.4543750000000122 
0.4643750000000122 
0.4643750000000122 
0.5206250000000123 
0.47187500000001226 
0.3406250000000105 
0.4443750000000122 
0.5068750000000123 
0.35187500000001054 
0.41687500000001165 
0.45062500000001215 
0.5143750000000122 
0.4543750000000122 
0.2893750000000104 
0.4443750000000122 
0.4943750000000122 
0.4968750000000123 
0.4681250000000122 
0.4843750000000122 
0.4181250000000118 
0.4918750000000123 
0.4806250000000122 
0.4843750000000122 
0.25562500000001037 
0.4693750000000122 
0.40312500000001134 
0.45062500000001215 
0.5006250000000123 
0.4493750000000122 
0.49312500000001225 
0.46687500000001225 
0.45687500000001224 
0.3893750000000111 
0.4156250000000116 
0.4481250000000122 
0.4743750000000122 
0.4431250000000122 
0.5143750000000122 
0.3656250000000106 
0.4593750000000122 
0.40312500000001134 
0.385625000000011 
0.35187500000001054 
0.35437500000001054 
0.49812500000001225 
0.35562500000001057 
0.4443750000000122 
0.4681250000000122 
0.4906250000000123 
0.4643750000000122 
0.4256250000000119 
0.4231250000000118 
0.4393750000000122 
0.4693750000000122 
0.4968750000000123 
0.45187500000001224 
0.46562500000001217 
0.40937500000001154 
0.37312500000001053 
0.4543750000000122 
0.4681250000000122 
0.5043750000000122 
0.41937500000001177 
0.43312500000001214 
0.4468750000000121 
0.2806250000000103 
0.3406250000000105 
0.28937500000001043 
0.4368750000000121 
0.47812500000001223 
0.34937500000001054 
0.4493750000000122 
0.49812500000001225 
0.5143750000000122 
0.4793750000000122 
0.5056250000000123 
0.5056250000000123 
0.4906250000000122 
0.391875000000011 
0.4531250000000122 
0.4181250000000118 
0.3743750000000106 
0.3706250000000106 
0.47187500000001226 
0.3431250000000105 
0.36187500000001055 
0.49312500000001225 
0.4368750000000121 
0.4643750000000122 
0.46562500000001217 
0.48812500000001224 
0.38812500000001093 
0.4943750000000122 
0.32562500000001043 
0.5118750000000123 
0.5093750000000122 
0.5106250000000123 
0.4956250000000123 
0.4231250000000119 
0.4743750000000122 
0.4806250000000123 
0.29812500000001035 
0.5256250000000122 
0.48312500000001224 
0.43562500000001214 
0.49812500000001225 
0.48312500000001224 
0.44687500000001223 
0.4943750000000122 
0.4743750000000122 
0.29562500000001035 
0.46687500000001214 
0.40937500000001154 
0.4368750000000121 
0.4493750000000122 
0.4906250000000122 
0.47687500000001226 
0.33937500000001053 
0.4956250000000123 
0.45562500000001216 
0.33437500000001047 
0.5068750000000123 
0.5093750000000122 
0.4793750000000122 
0.4206250000000118 
0.5293750000000123 
0.4993750000000122 
0.4906250000000123 
0.48187500000001227 
0.3406250000000105 
0.3131250000000105 
0.5043750000000122 
0.4368750000000121 
0.4756250000000123 
0.4956250000000123 
0.4856250000000123 
0.39812500000001116 
0.46187500000001225 
0.4806250000000122 
0.4368750000000121 
0.4918750000000123 
0.46187500000001214 
0.45687500000001224 
0.36437500000001055 
0.48312500000001224 
0.3956250000000112 
0.3806250000000107 
0.4843750000000122 
0.5131250000000123 
0.4968750000000123 
0.3943750000000112 
0.29812500000001046 
0.46687500000001225 
0.35562500000001057 
0.29812500000001035 
0.4681250000000122 
0.4706250000000122 
0.4706250000000123 
0.5018750000000123 
0.4993750000000122 
0.5006250000000123 
0.30687500000001044 
0.5018750000000123 
0.41062500000001156 
0.46062500000001216 
0.4481250000000122 
0.4918750000000123 
0.3981250000000112 
0.47812500000001223 
0.3231250000000105 
0.4156250000000117 
0.5143750000000122 
0.41062500000001156 
0.4856250000000123 
0.5006250000000123 
0.4693750000000122 
0.4906250000000122 
0.40812500000001156 
0.5031250000000123 
0.5081250000000123 
0.4918750000000123 
0.47187500000001226 
0.5231250000000123 
0.35437500000001054 
0.45062500000001215 
0.4843750000000122 
0.30187500000001044 
0.30312500000001047 
0.41437500000001165 
0.3993750000000112 
0.3918750000000111 
0.43312500000001214 
0.49812500000001225 
0.48812500000001224 
0.42187500000001177 
0.5006250000000122 
0.38812500000001093 
0.35187500000001054 
0.4043750000000114 
0.44562500000001215 
0.42187500000001177 
0.5018750000000123 
0.5156250000000123 
0.5218750000000123 
0.4956250000000123 
0.3806250000000107 
0.4918750000000123 
0.48687500000001227 
0.4893750000000122 
0.48687500000001227 
0.43312500000001214 
0.48187500000001227 
0.4643750000000122 
0.34187500000001053 
0.4243750000000119 
0.4156250000000117 
0.5018750000000123 
0.43562500000001214 
0.19687500000000907 
0.38687500000001096 
0.5156250000000123 
0.45062500000001215 
0.47812500000001223 
0.4806250000000123 
0.45062500000001215 
0.5256250000000123 
0.3731250000000106 
0.4856250000000123 
0.40812500000001145 
0.49312500000001225 
