0.2806250000000104 
0.3731250000000106 
0.25312500000001037 
0.4043750000000114 
0.40062500000001133 
0.42687500000001205 
0.2618750000000103 
0.34312500000001056 
0.2768750000000104 
0.44062500000001226 
0.4168750000000118 
0.3906250000000111 
0.4043750000000115 
0.43562500000001214 
0.3631250000000106 
0.33937500000001053 
0.25187500000001034 
0.35312500000001057 
0.42187500000001193 
0.30687500000001044 
0.44062500000001226 
0.41937500000001177 
0.35312500000001057 
0.42687500000001205 
0.2681250000000104 
0.4481250000000122 
0.4043750000000115 
0.4593750000000122 
0.4068750000000116 
0.38687500000001096 
0.4381250000000122 
0.28562500000001045 
0.3918750000000111 
0.2831250000000104 
0.3268750000000105 
0.44687500000001223 
0.3743750000000106 
0.3181250000000105 
0.4068750000000114 
0.22812500000000976 
0.40312500000001145 
0.4531250000000122 
0.48687500000001227 
0.34312500000001056 
0.4206250000000118 
0.38562500000001093 
0.47312500000001223 
0.3956250000000112 
0.4631250000000122 
0.43437500000001217 
0.3893750000000111 
0.3581250000000106 
0.46687500000001225 
0.38437500000001085 
0.3918750000000111 
0.37687500000001073 
0.38187500000001084 
0.35437500000001054 
0.3593750000000106 
0.48312500000001224 
0.3293750000000105 
0.4231250000000119 
0.46187500000001225 
0.4681250000000122 
0.4131250000000117 
0.38437500000001096 
0.4093750000000116 
0.3968750000000112 
0.44562500000001215 
0.4256250000000119 
0.3593750000000106 
0.4156250000000117 
0.34937500000001054 
0.31937500000001046 
0.3993750000000113 
0.2756250000000104 
0.3143750000000105 
0.38437500000001096 
0.47812500000001223 
0.34437500000001053 
0.3581250000000106 
0.4631250000000122 
0.42937500000001205 
0.3631250000000106 
0.37937500000001084 
0.2856250000000104 
0.45562500000001227 
0.3631250000000106 
0.3981250000000112 
0.40312500000001145 
0.42437500000001194 
0.4256250000000119 
0.2881250000000104 
0.4043750000000115 
0.4018750000000113 
0.25062500000001037 
0.3281250000000105 
0.38937500000001096 
0.30562500000001047 
0.3731250000000106 
0.41937500000001177 
0.3981250000000112 
0.38812500000001093 
0.4593750000000122 
0.48812500000001224 
0.4181250000000118 
0.35312500000001057 
0.4431250000000122 
0.31187500000001045 
0.42437500000001194 
0.35062500000001057 
0.4368750000000122 
0.2881250000000104 
0.3606250000000106 
0.35312500000001057 
0.40312500000001145 
0.40937500000001154 
0.3118750000000105 
0.4181250000000118 
0.3468750000000106 
0.34812500000001056 
0.38437500000001096 
0.44687500000001223 
0.32062500000001054 
0.430625000000012 
0.40187500000001136 
0.3618750000000106 
0.3743750000000107 
0.4393750000000122 
0.4181250000000118 
0.4131250000000117 
0.3893750000000111 
0.3706250000000106 
0.4593750000000122 
0.428125000000012 
0.3968750000000112 
0.23812500000001005 
0.4443750000000122 
0.3693750000000106 
0.31187500000001045 
0.33062500000001055 
0.30062500000001047 
0.4206250000000118 
0.3831250000000108 
0.4443750000000122 
0.38687500000001096 
0.41937500000001177 
0.3606250000000106 
0.3518750000000106 
0.4181250000000118 
0.41687500000001165 
0.4256250000000119 
0.3643750000000106 
0.3918750000000111 
0.4606250000000123 
0.4393750000000122 
0.3193750000000105 
0.43562500000001214 
0.3368750000000105 
0.429375000000012 
0.2906250000000104 
0.42937500000001205 
0.45562500000001227 
0.40312500000001145 
0.4543750000000122 
0.2506250000000103 
0.45562500000001216 
0.430625000000012 
0.3831250000000108 
0.3831250000000108 
0.3281250000000105 
0.4493750000000122 
0.3718750000000106 
0.3743750000000107 
0.29437500000001043 
0.3581250000000106 
0.430625000000012 
0.3268750000000105 
0.4756250000000123 
0.34812500000001056 
0.37062500000001064 
0.39812500000001133 
0.4643750000000122 
0.41062500000001156 
0.30687500000001044 
0.38687500000001096 
0.37687500000001073 
0.3368750000000105 
0.4581250000000122 
0.3956250000000112 
0.4168750000000118 
0.4368750000000122 
0.42687500000001205 
0.3543750000000106 
0.43187500000001217 
0.40562500000001145 
0.41062500000001156 
0.3581250000000106 
0.3118750000000105 
0.3568750000000106 
0.3931250000000111 
0.2881250000000104 
0.4793750000000122 
0.2881250000000104 
0.3706250000000106 
0.4131250000000117 
0.23937500000001005 
0.30562500000001047 
0.3918750000000111 
0.4943750000000122 
0.43187500000001217 
0.38437500000001096 
0.41062500000001156 
0.3931250000000112 
0.4206250000000118 
0.2756250000000104 
0.2981250000000104 
0.3331250000000105 
0.4368750000000122 
0.39812500000001133 
0.4193750000000118 
0.41062500000001156 
0.3968750000000112 
0.4181250000000118 
0.4643750000000122 
0.4043750000000114 
0.43437500000001217 
0.3318750000000105 
0.3293750000000105 
0.3618750000000106 
0.3956250000000112 
0.40312500000001145 
0.3693750000000106 
0.3693750000000106 
0.3943750000000112 
0.4393750000000122 
0.36812500000001064 
0.4643750000000122 
0.40062500000001133 
0.3318750000000105 
0.4168750000000118 
0.4431250000000122 
0.4443750000000122 
0.4431250000000122 
0.428125000000012 
0.43312500000001214 
0.4018750000000113 
0.46187500000001225 
0.34812500000001056 
0.3368750000000105 
0.4381250000000122 
0.4743750000000122 
0.3368750000000105 
0.2631250000000103 
0.42937500000001205 
0.3193750000000105 
0.429375000000012 
0.34687500000001054 
0.4218750000000118 
0.4093750000000116 
0.3318750000000105 
0.3618750000000106 
0.44562500000001215 
0.4531250000000122 
0.42937500000001205 
0.4131250000000117 
0.3831250000000108 
0.4756250000000123 
0.4018750000000113 
0.35312500000001057 
0.3318750000000105 
0.40062500000001133 
0.3931250000000111 
0.2956250000000104 
0.4431250000000122 
0.40937500000001154 
0.3581250000000106 
0.4431250000000122 
0.26437500000001035 
0.38437500000001096 
0.4043750000000115 
0.3381250000000105 
0.4181250000000118 
0.41187500000001154 
0.43437500000001217 
0.4043750000000114 
0.40312500000001145 
0.34062500000001056 
0.3518750000000106 
0.3931250000000111 
0.34062500000001056 
0.4018750000000113 
0.4631250000000122 
0.4018750000000113 
0.41437500000001165 
0.2556250000000103 
0.4193750000000118 
0.4443750000000122 
0.35062500000001057 
0.4243750000000119 
