0.2818750000000104 
0.35187500000001054 
0.3131250000000105 
0.34437500000001053 
0.43437500000001217 
0.3681250000000106 
0.42937500000001205 
0.3906250000000111 
0.35562500000001057 
0.32562500000001054 
0.30187500000001044 
0.4131250000000117 
0.2868750000000104 
0.385625000000011 
0.41062500000001156 
0.38062500000001087 
0.41062500000001156 
0.41062500000001156 
0.39562500000001116 
0.3568750000000106 
0.3956250000000112 
0.4493750000000122 
0.44687500000001223 
0.3906250000000111 
0.4531250000000122 
0.3631250000000106 
0.41687500000001165 
0.26437500000001035 
0.4068750000000115 
0.4193750000000118 
0.4543750000000122 
0.36562500000001064 
0.4393750000000122 
0.34937500000001054 
0.33562500000001055 
0.4181250000000118 
0.35937500000001055 
0.3668750000000106 
0.2043750000000092 
0.4018750000000113 
0.33937500000001053 
0.2781250000000104 
0.3943750000000112 
0.34062500000001056 
0.4443750000000122 
0.4643750000000122 
0.43562500000001214 
0.3981250000000112 
0.40812500000001156 
0.4168750000000118 
0.3956250000000112 
0.4156250000000117 
0.2793750000000104 
0.4131250000000117 
0.34937500000001054 
0.40562500000001145 
0.3206250000000105 
0.3293750000000105 
0.4531250000000122 
0.3931250000000111 
0.4431250000000122 
0.3981250000000112 
0.3931250000000111 
0.3018750000000105 
0.3693750000000106 
0.4168750000000117 
0.3593750000000106 
0.39812500000001133 
0.385625000000011 
0.3706250000000106 
0.37562500000001076 
0.3581250000000106 
0.43312500000001214 
0.40812500000001156 
0.4231250000000119 
0.4143750000000117 
0.41687500000001165 
0.3181250000000105 
0.3618750000000106 
0.35562500000001057 
0.3718750000000106 
0.4181250000000118 
0.4168750000000118 
0.4043750000000114 
0.3443750000000106 
0.40812500000001156 
0.3618750000000106 
0.40812500000001156 
0.3206250000000105 
0.3543750000000106 
0.2606250000000103 
0.28312500000001045 
0.40312500000001145 
0.37937500000001084 
0.3268750000000105 
0.33562500000001055 
0.34937500000001054 
0.4393750000000122 
0.18812500000000906 
0.27187500000001036 
0.41062500000001156 
0.48312500000001224 
0.42937500000001205 
0.38437500000001096 
0.3968750000000112 
0.30562500000001047 
0.4368750000000122 
0.3193750000000105 
0.36437500000001055 
0.44562500000001226 
0.4068750000000114 
0.43187500000001217 
0.39937500000001136 
0.26687500000001035 
0.34687500000001054 
0.4918750000000123 
0.25937500000001035 
0.35937500000001055 
0.4393750000000122 
0.3131250000000105 
0.3743750000000106 
0.3206250000000105 
0.40937500000001154 
0.35312500000001057 
0.45562500000001227 
0.3681250000000106 
0.41062500000001156 
0.4656250000000123 
0.33062500000001055 
0.428125000000012 
0.429375000000012 
0.30687500000001044 
0.40312500000001145 
0.42937500000001205 
0.3893750000000111 
0.30687500000001044 
0.4581250000000122 
0.37312500000001064 
0.2993750000000105 
0.2981250000000104 
0.4156250000000117 
0.33937500000001053 
0.47687500000001226 
0.29812500000001046 
0.29187500000001043 
0.3143750000000105 
0.2818750000000104 
0.4393750000000122 
0.40062500000001133 
0.3918750000000111 
0.2631250000000104 
0.25687500000001035 
0.3493750000000106 
0.43562500000001214 
0.35062500000001057 
0.3206250000000105 
0.40812500000001156 
0.4368750000000122 
0.3993750000000113 
0.3681250000000106 
0.47312500000001223 
0.428125000000012 
0.3993750000000113 
0.3918750000000111 
0.3693750000000106 
0.3918750000000111 
0.30187500000001044 
0.3706250000000106 
0.41687500000001165 
0.3831250000000108 
0.26937500000001036 
0.428125000000012 
0.3643750000000106 
0.3693750000000106 
0.2681250000000104 
0.40562500000001145 
0.2768750000000104 
0.40937500000001154 
0.31187500000001045 
0.25437500000001034 
0.3968750000000112 
0.3806250000000108 
0.40312500000001145 
0.4156250000000117 
0.4368750000000122 
0.38687500000001096 
0.41437500000001165 
0.35062500000001057 
0.3568750000000106 
0.3906250000000111 
0.29437500000001043 
0.44687500000001223 
0.4493750000000122 
0.3943750000000112 
0.4193750000000118 
0.3656250000000106 
0.40312500000001145 
0.385625000000011 
0.3218750000000105 
0.21437500000000942 
0.4206250000000118 
0.4593750000000122 
0.388125000000011 
0.3781250000000107 
0.43562500000001214 
0.4206250000000118 
0.35562500000001057 
0.34187500000001053 
0.3143750000000105 
0.34812500000001056 
0.39937500000001136 
0.4681250000000122 
0.4043750000000115 
0.25937500000001035 
0.42937500000001205 
0.37687500000001073 
0.41437500000001165 
0.3293750000000105 
0.40812500000001156 
0.34312500000001056 
0.38687500000001096 
0.3718750000000106 
0.42687500000001205 
0.34937500000001054 
0.37687500000001073 
0.3218750000000105 
0.3093750000000105 
0.4368750000000122 
0.4068750000000114 
0.388125000000011 
0.43312500000001214 
0.3993750000000113 
0.3643750000000106 
0.35312500000001057 
0.4168750000000118 
0.4393750000000122 
0.29437500000001043 
0.428125000000012 
0.3943750000000112 
0.4068750000000115 
0.3631250000000106 
0.428125000000012 
0.3668750000000106 
0.430625000000012 
0.35562500000001057 
0.19312500000000907 
0.4481250000000122 
0.34187500000001053 
0.385625000000011 
0.3131250000000105 
0.38437500000001096 
0.4231250000000119 
0.385625000000011 
0.3243750000000105 
0.39812500000001133 
0.23437500000000994 
0.25687500000001035 
0.35312500000001057 
0.3618750000000106 
0.40812500000001156 
0.34312500000001056 
0.38187500000001084 
0.4543750000000122 
0.3606250000000106 
0.3293750000000105 
0.3568750000000106 
0.3781250000000107 
0.35062500000001057 
0.3718750000000106 
0.3218750000000105 
0.42687500000001205 
0.38437500000001096 
0.4193750000000118 
0.2731250000000104 
0.4481250000000122 
0.34062500000001056 
0.34062500000001056 
0.28937500000001043 
0.40187500000001136 
0.44187500000001223 
0.3918750000000111 
0.43187500000001217 
0.4656250000000123 
0.2831250000000104 
0.3331250000000105 
0.4381250000000122 
0.37687500000001073 
0.34437500000001053 
0.35062500000001057 
0.4018750000000113 
0.3081250000000105 
0.34312500000001056 
0.3193750000000105 
0.26937500000001036 
0.29687500000001044 
0.44187500000001223 
0.34187500000001053 
0.3918750000000111 
0.3106250000000105 
0.3693750000000106 
