0.36937500000001056 
0.47812500000001223 
0.3843750000000108 
0.5381250000000123 
0.4968750000000123 
0.5181250000000123 
0.5243750000000122 
0.46562500000001217 
0.5543750000000123 
0.4706250000000122 
0.4756250000000122 
0.4181250000000116 
0.40812500000001145 
0.5406250000000123 
0.5131250000000123 
0.49187500000001216 
0.5343750000000123 
0.3843750000000108 
0.5068750000000123 
0.4368750000000121 
0.5093750000000122 
0.5306250000000123 
0.5193750000000122 
0.5018750000000123 
0.4968750000000123 
0.4643750000000122 
0.5206250000000123 
0.4468750000000121 
0.5418750000000123 
0.4856250000000122 
0.5568750000000123 
0.430625000000012 
0.5681250000000123 
0.5568750000000123 
0.40812500000001156 
0.5343750000000123 
0.4968750000000123 
0.5181250000000123 
0.46562500000001217 
0.4593750000000122 
0.37687500000001056 
0.49812500000001225 
0.5118750000000123 
0.4593750000000122 
0.4793750000000122 
0.45687500000001224 
0.4043750000000114 
0.48187500000001227 
0.4806250000000123 
0.4906250000000122 
0.40937500000001137 
0.4243750000000119 
0.48312500000001224 
0.4443750000000122 
0.5206250000000122 
0.4043750000000114 
0.3656250000000106 
0.41937500000001166 
0.4693750000000122 
0.34562500000001056 
0.4268750000000119 
0.4431250000000122 
0.4743750000000122 
0.5293750000000123 
0.3793750000000105 
0.28937500000001026 
0.3856250000000108 
0.5118750000000123 
0.4756250000000122 
0.5656250000000124 
0.5043750000000122 
0.5256250000000122 
0.434375000000012 
0.5281250000000123 
0.44062500000001215 
0.4731250000000121 
0.3606250000000105 
0.5356250000000122 
0.4231250000000118 
0.396875000000011 
0.5231250000000123 
0.5268750000000123 
0.5493750000000123 
0.4756250000000123 
0.4893750000000122 
0.5181250000000123 
0.4943750000000122 
0.47812500000001223 
0.5081250000000123 
0.5031250000000123 
0.4693750000000122 
0.4243750000000119 
0.37187500000001056 
0.42062500000001174 
0.4393750000000122 
0.4443750000000122 
0.47687500000001215 
0.43562500000001214 
0.5368750000000123 
0.43312500000001214 
0.5343750000000123 
0.5343750000000123 
0.4906250000000122 
0.34687500000001054 
0.5718750000000123 
0.45687500000001224 
0.39312500000001105 
0.4906250000000123 
0.5206250000000122 
0.45562500000001216 
0.49312500000001225 
0.4968750000000123 
0.5131250000000123 
0.5256250000000123 
0.3568750000000105 
0.5043750000000122 
0.4943750000000122 
0.4206250000000118 
0.4531250000000122 
0.4156250000000116 
0.45187500000001224 
0.45562500000001216 
0.5018750000000123 
0.4131250000000115 
0.5168750000000123 
0.5193750000000122 
0.47812500000001223 
0.4956250000000122 
0.4743750000000122 
0.5268750000000123 
0.5293750000000123 
0.2206250000000091 
0.430625000000012 
0.47812500000001223 
0.4531250000000122 
0.3831250000000109 
0.5468750000000123 
0.5206250000000122 
0.4643750000000122 
0.5406250000000122 
0.49312500000001225 
0.49312500000001225 
0.3293750000000104 
0.49312500000001225 
0.44062500000001203 
0.3893750000000109 
0.4156250000000115 
0.5343750000000123 
0.46062500000001216 
0.3943750000000111 
0.4418750000000121 
0.41312500000001157 
0.48187500000001227 
0.4231250000000119 
0.4743750000000122 
0.4293750000000119 
0.5393750000000123 
0.45687500000001224 
0.34437500000001053 
0.4793750000000122 
0.5306250000000122 
0.45687500000001213 
0.5168750000000122 
0.4431250000000121 
0.5193750000000122 
0.4693750000000122 
0.4043750000000114 
0.45187500000001224 
0.46187500000001214 
0.5081250000000123 
0.5618750000000123 
0.47812500000001223 
0.5218750000000122 
0.4368750000000121 
0.46562500000001217 
0.5093750000000122 
0.4493750000000122 
0.4443750000000122 
0.4481250000000122 
0.3718750000000106 
0.4543750000000122 
0.3818750000000106 
0.5106250000000122 
0.5268750000000122 
0.4181250000000116 
0.48312500000001224 
0.5218750000000123 
0.4368750000000121 
0.4693750000000122 
0.4418750000000121 
0.3806250000000107 
0.5368750000000123 
0.3943750000000111 
0.35062500000001057 
0.5043750000000122 
0.45187500000001224 
0.5356250000000122 
0.37687500000001073 
0.4918750000000123 
0.4756250000000122 
0.39562500000001105 
0.5318750000000123 
0.4781250000000121 
0.4531250000000122 
0.5318750000000123 
0.5456250000000122 
0.5531250000000123 
0.5106250000000123 
0.41437500000001154 
0.47687500000001226 
0.46062500000001216 
0.5193750000000122 
0.39187500000001074 
0.4443750000000122 
0.5093750000000122 
0.48687500000001227 
0.5368750000000123 
0.3331250000000105 
0.5593750000000123 
0.39312500000001105 
0.5281250000000123 
0.4268750000000119 
0.4393750000000122 
0.4843750000000122 
0.5156250000000122 
0.4706250000000122 
0.4418750000000121 
0.45687500000001213 
0.5481250000000123 
0.47812500000001223 
0.5031250000000123 
0.5668750000000123 
0.5331250000000123 
0.4031250000000113 
0.4581250000000122 
0.4381250000000121 
0.5306250000000122 
0.48812500000001224 
0.49312500000001225 
0.42312500000001174 
0.45062500000001215 
0.4906250000000122 
0.41937500000001177 
0.4381250000000122 
0.4743750000000122 
0.5243750000000122 
0.42312500000001174 
0.3918750000000111 
0.5293750000000123 
0.5306250000000122 
0.45562500000001216 
0.37312500000001053 
0.5106250000000122 
0.40062500000001117 
0.46687500000001214 
0.5031250000000123 
0.4843750000000122 
0.5056250000000122 
0.5093750000000122 
0.5243750000000122 
0.4368750000000121 
0.4343750000000121 
0.5718750000000123 
0.4956250000000122 
0.45062500000001215 
0.5693750000000123 
0.5256250000000122 
0.37437500000001056 
0.4943750000000122 
0.5318750000000123 
0.4743750000000122 
0.5406250000000122 
0.4681250000000122 
0.5343750000000123 
0.5018750000000123 
0.5468750000000123 
0.5143750000000122 
0.4893750000000122 
0.394375000000011 
0.4131250000000117 
0.5293750000000123 
0.4431250000000122 
0.5406250000000122 
0.5193750000000122 
0.4856250000000122 
0.4893750000000122 
0.4843750000000122 
0.5218750000000122 
0.3993750000000113 
0.4806250000000123 
0.5543750000000123 
0.5181250000000123 
0.46562500000001217 
0.3968750000000112 
0.46062500000001216 
0.5481250000000123 
0.4806250000000122 
0.47312500000001223 
0.4231250000000119 
0.4468750000000121 
