0.47187500000001226 
0.39562500000001116 
0.5081250000000123 
0.4756250000000123 
0.5143750000000122 
0.5081250000000123 
0.5456250000000122 
0.39562500000001105 
0.5606250000000123 
0.4368750000000121 
0.45562500000001216 
0.4593750000000122 
0.4956250000000123 
0.46062500000001216 
0.42937500000001205 
0.431875000000012 
0.4006250000000113 
0.5231250000000123 
0.4706250000000122 
0.43562500000001214 
0.4906250000000122 
0.4481250000000122 
0.4756250000000122 
0.5043750000000122 
0.3781250000000107 
0.429375000000012 
0.40937500000001154 
0.5106250000000122 
0.5131250000000123 
0.47312500000001223 
0.46562500000001217 
0.41187500000001154 
0.46062500000001216 
0.5106250000000123 
0.5593750000000123 
0.4181250000000118 
0.5143750000000122 
0.4443750000000122 
0.4993750000000122 
0.4756250000000122 
0.42562500000001174 
0.5106250000000123 
0.42312500000001174 
0.4543750000000122 
0.5181250000000123 
0.37187500000001056 
0.4681250000000122 
0.5006250000000123 
0.5631250000000123 
0.4693750000000122 
0.4743750000000122 
0.48812500000001224 
0.4793750000000122 
0.4606250000000123 
0.5118750000000123 
0.4181250000000116 
0.5106250000000122 
0.36937500000001056 
0.3931250000000111 
0.5043750000000122 
0.3868750000000108 
0.41937500000001177 
0.5231250000000122 
0.5443750000000123 
0.5006250000000122 
0.39562500000001105 
0.4468750000000121 
0.38812500000001093 
0.46187500000001214 
0.46187500000001214 
0.4043750000000114 
0.4968750000000123 
0.4706250000000122 
0.48812500000001224 
0.4381250000000122 
0.5368750000000123 
0.3181250000000105 
0.4893750000000122 
0.5006250000000123 
0.49312500000001225 
0.4756250000000122 
0.5043750000000122 
0.46062500000001216 
0.48312500000001224 
0.5506250000000122 
0.4606250000000123 
0.2831250000000104 
0.49312500000001225 
0.5156250000000122 
0.5281250000000123 
0.4368750000000122 
0.5131250000000123 
0.5268750000000123 
0.40937500000001154 
0.5406250000000122 
0.4893750000000122 
0.49312500000001225 
0.5581250000000123 
0.4231250000000119 
0.3343750000000105 
0.5018750000000123 
0.5306250000000123 
0.4893750000000122 
0.4793750000000122 
0.4481250000000122 
0.5331250000000123 
0.5056250000000122 
0.5018750000000123 
0.4756250000000123 
0.5268750000000123 
0.3781250000000107 
0.39937500000001114 
0.5193750000000122 
0.3656250000000106 
0.5106250000000122 
0.4918750000000123 
0.4756250000000123 
0.49437500000001233 
0.4893750000000122 
0.4443750000000122 
0.5456250000000122 
0.4893750000000122 
0.47687500000001215 
0.4968750000000123 
0.5206250000000123 
0.5381250000000123 
0.3943750000000111 
0.34562500000001056 
0.4543750000000122 
0.41187500000001154 
0.4906250000000122 
0.5056250000000123 
0.4793750000000122 
0.3993750000000112 
0.3931250000000111 
0.34812500000001056 
0.5231250000000123 
0.41687500000001165 
0.5393750000000123 
0.5593750000000123 
0.3668750000000106 
0.4393750000000122 
0.5318750000000123 
0.4906250000000122 
0.4856250000000122 
0.5393750000000123 
0.4806250000000122 
0.429375000000012 
0.3968750000000112 
0.44562500000001215 
0.5168750000000123 
0.5418750000000123 
0.3743750000000106 
0.38687500000001096 
0.47312500000001223 
0.5006250000000122 
0.49312500000001225 
0.45187500000001224 
0.49312500000001225 
0.4893750000000122 
0.48187500000001227 
0.4381250000000121 
0.5481250000000123 
0.4393750000000122 
0.5093750000000122 
0.43562500000001214 
0.45562500000001216 
0.5618750000000123 
0.43312500000001214 
0.3806250000000107 
0.47812500000001223 
0.4006250000000113 
0.431875000000012 
0.4993750000000122 
0.41062500000001156 
0.5043750000000122 
0.4956250000000122 
0.4993750000000122 
0.47687500000001226 
0.4543750000000122 
0.5268750000000123 
0.48312500000001224 
0.4943750000000122 
0.44562500000001215 
0.4531250000000122 
0.41437500000001165 
0.4993750000000122 
0.4181250000000118 
0.5118750000000123 
0.46687500000001225 
0.4893750000000122 
0.5306250000000122 
0.44562500000001215 
0.46687500000001225 
0.4106250000000115 
0.48812500000001224 
0.49312500000001225 
0.47687500000001215 
0.4468750000000121 
0.47312500000001223 
0.42062500000001174 
0.5418750000000123 
0.4181250000000116 
0.4993750000000122 
0.47312500000001223 
0.5281250000000123 
0.45562500000001216 
0.4393750000000122 
0.45687500000001224 
0.48312500000001224 
0.5493750000000123 
0.45562500000001216 
0.38437500000001085 
0.4531250000000122 
0.4581250000000122 
0.4643750000000122 
0.5006250000000122 
0.48812500000001224 
0.5081250000000123 
0.39312500000001105 
0.4793750000000122 
0.46687500000001225 
0.5118750000000123 
0.39937500000001114 
0.4993750000000122 
0.48687500000001227 
0.5131250000000123 
0.4681250000000122 
0.43312500000001214 
0.3918750000000109 
0.39562500000001116 
0.4743750000000122 
0.5306250000000123 
0.4893750000000122 
0.4293750000000119 
0.4843750000000122 
0.29812500000001046 
0.45687500000001224 
0.4481250000000122 
0.5168750000000123 
0.4543750000000122 
0.4468750000000121 
0.4593750000000122 
0.39062500000001094 
0.44562500000001215 
0.47187500000001215 
0.4543750000000122 
0.5293750000000123 
0.5206250000000123 
0.38437500000001096 
0.4906250000000122 
0.5081250000000123 
0.4906250000000123 
0.5056250000000122 
0.45562500000001216 
0.4956250000000122 
0.49812500000001225 
0.34062500000001045 
0.5218750000000123 
0.4181250000000117 
0.45062500000001215 
0.5093750000000122 
0.5368750000000123 
0.5056250000000123 
0.5418750000000123 
0.4793750000000122 
0.5406250000000122 
0.43062500000001197 
0.49312500000001225 
0.45062500000001215 
0.5618750000000123 
0.5568750000000123 
0.5018750000000123 
0.5231250000000123 
0.5181250000000123 
0.5331250000000123 
0.5418750000000123 
0.5118750000000122 
0.4693750000000122 
0.48687500000001227 
0.3706250000000106 
0.43312500000001214 
0.40312500000001134 
0.4268750000000119 
0.42312500000001174 
0.5093750000000122 
0.47187500000001226 
0.5143750000000122 
0.4906250000000122 
0.4481250000000122 
0.47687500000001226 
0.5431250000000123 
0.3831250000000108 
0.5006250000000122 
0.4968750000000123 
0.4643750000000122 
0.5481250000000123 
0.48812500000001224 
0.44562500000001215 
0.5481250000000123 
