0.430625000000012 
0.3943750000000112 
0.3956250000000112 
0.29937500000001044 
0.37562500000001076 
0.38062500000001087 
0.3181250000000105 
0.44562500000001226 
0.38687500000001096 
0.37937500000001084 
0.2106250000000093 
0.4206250000000118 
0.3368750000000105 
0.3368750000000105 
0.2843750000000104 
0.38187500000001084 
0.3831250000000109 
0.4118750000000117 
0.43562500000001214 
0.3493750000000106 
0.41062500000001156 
0.34812500000001056 
0.40062500000001133 
0.33562500000001055 
0.3606250000000106 
0.37562500000001076 
0.3831250000000108 
0.3693750000000106 
0.33812500000001056 
0.3343750000000105 
0.3693750000000106 
0.35437500000001054 
0.4368750000000122 
0.3656250000000106 
0.40562500000001145 
0.42687500000001205 
0.37312500000001064 
0.27437500000001036 
0.34437500000001053 
0.428125000000012 
0.45187500000001224 
0.35062500000001057 
0.41437500000001165 
0.3931250000000112 
0.3581250000000106 
0.4381250000000122 
0.30312500000001047 
0.3606250000000106 
0.3943750000000112 
0.36812500000001064 
0.3543750000000106 
0.37687500000001073 
0.3543750000000106 
0.33312500000001055 
0.2818750000000104 
0.4093750000000116 
0.2681250000000104 
0.38687500000001096 
0.3368750000000105 
0.34562500000001056 
0.38687500000001096 
0.37937500000001084 
0.40812500000001156 
0.32812500000001055 
0.4093750000000116 
0.34812500000001056 
0.3731250000000106 
0.4431250000000122 
0.3706250000000106 
0.4443750000000122 
0.34812500000001056 
0.4381250000000122 
0.40937500000001154 
0.38062500000001087 
0.37062500000001064 
0.42687500000001205 
0.37312500000001064 
0.34562500000001056 
0.42437500000001194 
0.29437500000001043 
0.3081250000000105 
0.37562500000001076 
0.4156250000000117 
0.3756250000000107 
0.4256250000000119 
0.3256250000000105 
0.3831250000000108 
0.3018750000000105 
0.35312500000001057 
0.4481250000000122 
0.3618750000000106 
0.42687500000001205 
0.35437500000001054 
0.3593750000000106 
0.38687500000001096 
0.33937500000001053 
0.3306250000000105 
0.4018750000000113 
0.30937500000001045 
0.4256250000000119 
0.3756250000000107 
0.3706250000000106 
0.23187500000000988 
0.4018750000000113 
0.4393750000000122 
0.3718750000000106 
0.3631250000000106 
0.4581250000000122 
0.4018750000000113 
0.45062500000001215 
0.3181250000000105 
0.3268750000000105 
0.3231250000000105 
0.33562500000001055 
0.4443750000000122 
0.2818750000000104 
0.4168750000000118 
0.3943750000000112 
0.35062500000001057 
0.35437500000001054 
0.3931250000000111 
0.24812500000001028 
0.29562500000001046 
0.37687500000001073 
0.47812500000001223 
0.44687500000001223 
0.34562500000001056 
0.37312500000001064 
0.40062500000001133 
0.3231250000000105 
0.431875000000012 
0.37312500000001064 
0.37687500000001073 
0.35562500000001057 
0.4193750000000118 
0.428125000000012 
0.4018750000000113 
0.3943750000000112 
0.4118750000000117 
0.38437500000001096 
0.45187500000001224 
0.3756250000000107 
0.40312500000001145 
0.3693750000000106 
0.4068750000000115 
0.22937500000000977 
0.40062500000001133 
0.33562500000001055 
0.33937500000001053 
0.32562500000001054 
0.3593750000000106 
0.41687500000001165 
0.3318750000000105 
0.32812500000001055 
0.3956250000000112 
0.3268750000000105 
0.38812500000001093 
0.3943750000000112 
0.3618750000000106 
0.41187500000001154 
0.4118750000000116 
0.3293750000000105 
0.33562500000001055 
0.3656250000000106 
0.37312500000001064 
0.3718750000000106 
0.35562500000001057 
0.38812500000001093 
0.33312500000001055 
0.34937500000001054 
0.3293750000000105 
0.4156250000000117 
0.3493750000000106 
0.3181250000000105 
0.42687500000001205 
0.32562500000001054 
0.38437500000001096 
0.38062500000001087 
0.3193750000000105 
0.3681250000000106 
0.2656250000000104 
0.4256250000000119 
0.3581250000000106 
0.3093750000000105 
0.26187500000001035 
0.18812500000000906 
0.3693750000000106 
0.3918750000000111 
0.25687500000001035 
0.34437500000001053 
0.38062500000001087 
0.42687500000001205 
0.4381250000000122 
0.3318750000000105 
0.3906250000000111 
0.3831250000000108 
0.3318750000000105 
0.3468750000000106 
0.35187500000001054 
0.37687500000001073 
0.3893750000000111 
0.45187500000001224 
0.388125000000011 
0.3568750000000106 
0.34187500000001053 
0.3231250000000105 
0.388125000000011 
0.27187500000001036 
0.41437500000001165 
0.44187500000001223 
0.40312500000001145 
0.3731250000000106 
0.38437500000001096 
0.34562500000001056 
0.35062500000001057 
0.42937500000001205 
0.4156250000000117 
0.3218750000000105 
0.31187500000001045 
0.3718750000000106 
0.3756250000000107 
0.35312500000001057 
0.3706250000000106 
0.4156250000000117 
0.38187500000001084 
0.4206250000000118 
0.42187500000001177 
0.30062500000001047 
0.41687500000001165 
0.428125000000012 
0.25687500000001035 
0.3093750000000105 
0.3781250000000107 
0.4256250000000119 
0.4256250000000119 
0.388125000000011 
0.33937500000001053 
0.3181250000000105 
0.35187500000001054 
0.3618750000000106 
0.3593750000000106 
0.3906250000000111 
0.42437500000001194 
0.19687500000000907 
0.4068750000000115 
0.33937500000001053 
0.30312500000001047 
0.34312500000001056 
0.3931250000000112 
0.42937500000001205 
0.38187500000001084 
0.34562500000001056 
0.3918750000000111 
0.3906250000000111 
0.37937500000001084 
0.25437500000001034 
0.33312500000001055 
0.3193750000000105 
0.3693750000000106 
0.3681250000000106 
0.3718750000000106 
0.30062500000001047 
0.34312500000001056 
0.38062500000001087 
0.3918750000000111 
0.3718750000000106 
0.3706250000000106 
0.3718750000000106 
0.37687500000001073 
0.40312500000001145 
0.3931250000000111 
0.42437500000001194 
0.3468750000000106 
0.3518750000000106 
0.34687500000001054 
0.38687500000001096 
0.3656250000000106 
0.42187500000001193 
0.3681250000000106 
0.32562500000001054 
0.30562500000001047 
0.3831250000000109 
0.3606250000000106 
0.2531250000000103 
0.30062500000001047 
0.45187500000001224 
0.3743750000000107 
0.3906250000000111 
0.2881250000000104 
0.3693750000000106 
0.3668750000000106 
0.23187500000000982 
0.3206250000000105 
0.3956250000000112 
0.38187500000001084 
0.37062500000001064 
0.37062500000001064 
0.3781250000000107 
0.3781250000000107 
0.35437500000001054 
