0.3831250000000109 
0.3906250000000111 
0.41062500000001156 
0.4043750000000114 
0.3881250000000111 
0.46187500000001225 
0.34937500000001054 
0.40812500000001156 
0.37937500000001084 
0.22312500000000965 
0.40812500000001156 
0.43562500000001225 
0.38687500000001096 
0.2681250000000104 
0.44062500000001215 
0.3906250000000111 
0.4443750000000122 
0.4656250000000123 
0.3931250000000112 
0.46562500000001217 
0.4681250000000122 
0.4043750000000114 
0.45187500000001224 
0.38437500000001096 
0.3693750000000106 
0.17812500000000905 
0.3731250000000106 
0.42687500000001205 
0.34062500000001056 
0.41062500000001156 
0.3618750000000106 
0.43312500000001214 
0.4143750000000117 
0.38062500000001087 
0.4481250000000122 
0.3606250000000106 
0.4643750000000122 
0.3706250000000106 
0.3906250000000111 
0.34812500000001056 
0.40312500000001145 
0.3118750000000105 
0.41937500000001177 
0.3243750000000105 
0.33937500000001053 
0.3706250000000106 
0.3681250000000106 
0.3693750000000106 
0.3981250000000112 
0.3931250000000112 
0.4256250000000119 
0.24312500000001017 
0.44062500000001215 
0.428125000000012 
0.3931250000000112 
0.3043750000000105 
0.35062500000001057 
0.37562500000001076 
0.39937500000001136 
0.40562500000001145 
0.4368750000000122 
0.3656250000000106 
0.4181250000000118 
0.4681250000000122 
0.35937500000001055 
0.3268750000000105 
0.3918750000000111 
0.4381250000000122 
0.4593750000000122 
0.3893750000000111 
0.3893750000000111 
0.4381250000000122 
0.4193750000000118 
0.42187500000001193 
0.35062500000001057 
0.3281250000000105 
0.4156250000000117 
0.4143750000000117 
0.3718750000000106 
0.3656250000000106 
0.34562500000001056 
0.2843750000000104 
0.4631250000000122 
0.3181250000000105 
0.4843750000000123 
0.34562500000001056 
0.3743750000000106 
0.2806250000000104 
0.29687500000001044 
0.3256250000000105 
0.3206250000000105 
0.4156250000000117 
0.31687500000001045 
0.3956250000000112 
0.4493750000000122 
0.43437500000001217 
0.4368750000000122 
0.25937500000001035 
0.44062500000001215 
0.43312500000001214 
0.2768750000000104 
0.32812500000001055 
0.38187500000001084 
0.3806250000000108 
0.3568750000000106 
0.3993750000000113 
0.3893750000000111 
0.47187500000001226 
0.3593750000000106 
0.46687500000001225 
0.3443750000000106 
0.3956250000000112 
0.41437500000001165 
0.4206250000000118 
0.47687500000001226 
0.4156250000000117 
0.4393750000000122 
0.42937500000001205 
0.40937500000001154 
0.3931250000000112 
0.33312500000001055 
0.4118750000000116 
0.34187500000001053 
0.3718750000000106 
0.38187500000001084 
0.430625000000012 
0.38562500000001093 
0.3906250000000111 
0.3918750000000111 
0.4593750000000122 
0.35437500000001054 
0.2631250000000103 
0.4143750000000117 
0.3706250000000106 
0.44187500000001223 
0.3631250000000106 
0.35312500000001057 
0.3443750000000106 
0.39812500000001133 
0.28937500000001043 
0.38187500000001084 
0.40312500000001145 
0.4218750000000118 
0.34062500000001056 
0.30937500000001045 
0.429375000000012 
0.23687500000001 
0.42187500000001193 
0.3718750000000106 
0.3956250000000112 
0.46187500000001225 
0.2881250000000104 
0.4143750000000117 
0.3806250000000108 
0.42187500000001177 
0.46187500000001225 
0.41187500000001154 
0.26187500000001035 
0.38062500000001087 
0.3281250000000105 
0.42937500000001205 
0.42187500000001177 
0.37687500000001073 
0.385625000000011 
0.2106250000000093 
0.4131250000000117 
0.430625000000012 
0.24812500000001028 
0.2781250000000104 
0.3731250000000106 
0.3018750000000105 
0.4018750000000113 
0.2581250000000103 
0.3118750000000105 
0.43187500000001217 
0.39062500000001105 
0.35187500000001054 
0.33937500000001053 
0.3631250000000106 
0.430625000000012 
0.3756250000000107 
0.35312500000001057 
0.34187500000001053 
0.39312500000001105 
0.37812500000001076 
0.34062500000001056 
0.4206250000000118 
0.3743750000000106 
0.3618750000000106 
0.44687500000001223 
0.388125000000011 
0.4706250000000123 
0.34812500000001056 
0.4381250000000122 
0.3218750000000105 
0.42937500000001205 
0.3681250000000106 
0.4681250000000122 
0.4593750000000122 
0.38937500000001096 
0.4181250000000118 
0.428125000000012 
0.44687500000001223 
0.29187500000001043 
0.4093750000000116 
0.4543750000000122 
0.4368750000000122 
0.38187500000001084 
0.3143750000000105 
0.3293750000000105 
0.43437500000001217 
0.3681250000000106 
0.30687500000001044 
0.37812500000001076 
0.4156250000000117 
0.37562500000001076 
0.4131250000000117 
0.3468750000000106 
0.38687500000001096 
0.38687500000001096 
0.2606250000000103 
0.24937500000001028 
0.24937500000001028 
0.4368750000000122 
0.3206250000000105 
0.41687500000001165 
0.3893750000000111 
0.3668750000000106 
0.38562500000001093 
0.40937500000001154 
0.35312500000001057 
0.4068750000000114 
0.385625000000011 
0.4443750000000122 
0.35187500000001054 
0.4043750000000114 
0.3943750000000112 
0.4143750000000117 
0.43187500000001217 
0.3543750000000106 
0.4068750000000114 
0.43562500000001214 
0.3668750000000106 
0.37937500000001073 
0.3781250000000107 
0.4593750000000122 
0.35562500000001057 
0.4118750000000116 
0.48312500000001224 
0.40062500000001133 
0.41937500000001177 
0.34937500000001054 
0.3318750000000105 
0.35562500000001057 
0.3281250000000105 
0.4018750000000113 
0.42437500000001194 
0.45562500000001216 
0.4381250000000122 
0.3943750000000112 
0.4231250000000119 
0.3606250000000106 
0.3893750000000111 
0.38187500000001084 
0.41062500000001156 
0.31187500000001045 
0.3781250000000107 
0.41062500000001156 
0.428125000000012 
0.3918750000000111 
0.4018750000000113 
0.26437500000001035 
0.388125000000011 
0.47687500000001226 
0.44187500000001223 
0.3206250000000105 
0.2706250000000104 
0.4243750000000119 
0.44187500000001223 
0.385625000000011 
0.3518750000000106 
0.428125000000012 
0.35187500000001054 
0.45062500000001227 
0.4193750000000118 
0.4168750000000117 
0.3268750000000105 
0.4018750000000113 
0.34187500000001053 
0.3606250000000106 
0.3606250000000106 
0.3343750000000105 
0.44562500000001215 
0.46062500000001216 
0.3668750000000106 
0.3193750000000105 
0.3906250000000111 
0.43187500000001217 
0.3106250000000105 
0.3318750000000105 
