0.39812500000001133 
0.4543750000000122 
0.38187500000001084 
0.32812500000001055 
0.41062500000001156 
0.43312500000001214 
0.3706250000000106 
0.3918750000000111 
0.42687500000001205 
0.42687500000001205 
0.4156250000000117 
0.40937500000001154 
0.41187500000001154 
0.44062500000001215 
0.2956250000000104 
0.41187500000001154 
0.37687500000001073 
0.3756250000000107 
0.4068750000000114 
0.33312500000001055 
0.30312500000001047 
0.44187500000001223 
0.45687500000001224 
0.38437500000001096 
0.21312500000000936 
0.4318750000000121 
0.41437500000001165 
0.3756250000000107 
0.34312500000001056 
0.3206250000000105 
0.34062500000001056 
0.3218750000000105 
0.4231250000000119 
0.3543750000000106 
0.37312500000001064 
0.46687500000001225 
0.428125000000012 
0.41437500000001165 
0.3643750000000106 
0.430625000000012 
0.37562500000001076 
0.42937500000001205 
0.2818750000000104 
0.37562500000001076 
0.36812500000001064 
0.3368750000000105 
0.2581250000000104 
0.34812500000001056 
0.3893750000000111 
0.3568750000000106 
0.38187500000001084 
0.23812500000001005 
0.4043750000000114 
0.3206250000000105 
0.3581250000000106 
0.4206250000000118 
0.4181250000000118 
0.2931250000000104 
0.20812500000000925 
0.45187500000001224 
0.3918750000000111 
0.35437500000001054 
0.388125000000011 
0.3693750000000106 
0.4131250000000117 
0.30437500000001044 
0.33937500000001053 
0.3993750000000113 
0.3656250000000106 
0.42937500000001205 
0.3743750000000106 
0.40562500000001145 
0.3993750000000113 
0.4131250000000117 
0.4131250000000117 
0.3356250000000105 
0.35062500000001057 
0.4193750000000118 
0.21562500000000942 
0.4118750000000117 
0.4481250000000122 
0.3331250000000105 
0.4381250000000122 
0.3606250000000106 
0.3606250000000106 
0.39812500000001133 
0.3931250000000112 
0.4156250000000117 
0.44687500000001223 
0.41062500000001156 
0.34437500000001053 
0.3568750000000106 
0.3668750000000106 
0.44062500000001215 
0.3568750000000106 
0.4581250000000122 
0.3943750000000112 
0.3668750000000106 
0.3743750000000106 
0.4206250000000118 
0.4368750000000122 
0.3831250000000109 
0.4193750000000118 
0.3631250000000106 
0.3218750000000105 
0.38187500000001084 
0.4143750000000117 
0.3256250000000105 
0.4168750000000118 
0.3131250000000105 
0.4193750000000118 
0.46187500000001225 
0.3243750000000105 
0.4181250000000118 
0.3618750000000106 
0.2218750000000096 
0.3918750000000111 
0.40062500000001133 
0.3343750000000105 
0.3156250000000105 
0.44062500000001226 
0.4656250000000123 
0.40062500000001133 
0.40812500000001156 
0.42687500000001205 
0.3706250000000106 
0.3931250000000112 
0.32312500000001054 
0.22812500000000976 
0.3956250000000112 
0.4443750000000122 
0.42937500000001205 
0.3493750000000106 
0.23812500000001005 
0.40562500000001145 
0.3893750000000111 
0.29187500000001043 
0.3631250000000106 
0.3943750000000112 
0.32062500000001054 
0.3568750000000106 
0.42437500000001194 
0.4181250000000118 
0.39312500000001105 
0.385625000000011 
0.40812500000001156 
0.40812500000001156 
0.3156250000000105 
0.32562500000001054 
0.3681250000000106 
0.34062500000001056 
0.4193750000000118 
0.3956250000000112 
0.4256250000000119 
0.38687500000001096 
0.3618750000000106 
0.34562500000001056 
0.3893750000000111 
0.4143750000000117 
0.42937500000001205 
0.3756250000000107 
0.45062500000001215 
0.47187500000001226 
0.35937500000001055 
0.40812500000001156 
0.38437500000001096 
0.39812500000001133 
0.3718750000000106 
0.4206250000000118 
0.4131250000000117 
0.34812500000001056 
0.34812500000001056 
0.38437500000001096 
0.3106250000000105 
0.41937500000001177 
0.40812500000001156 
0.4018750000000113 
0.3631250000000106 
0.42437500000001194 
0.2881250000000104 
0.3668750000000106 
0.41062500000001156 
0.3831250000000109 
0.24562500000001022 
0.33562500000001055 
0.42187500000001193 
0.28812500000001046 
0.45062500000001227 
0.37812500000001076 
0.2681250000000104 
0.4543750000000122 
0.3718750000000106 
0.3593750000000106 
0.21187500000000936 
0.3593750000000106 
0.4381250000000122 
0.34312500000001056 
0.41062500000001156 
0.39812500000001133 
0.3606250000000106 
0.37937500000001084 
0.30062500000001047 
0.4068750000000114 
0.3918750000000111 
0.40562500000001145 
0.33812500000001056 
0.3493750000000106 
0.3893750000000111 
0.40062500000001133 
0.4181250000000118 
0.3131250000000105 
0.3581250000000106 
0.38687500000001096 
0.43312500000001214 
0.3231250000000105 
0.388125000000011 
0.3656250000000106 
0.35062500000001057 
0.34437500000001053 
0.3306250000000105 
0.33937500000001053 
0.428125000000012 
0.3106250000000105 
0.33937500000001053 
0.44562500000001226 
0.40937500000001154 
0.22312500000000965 
0.3906250000000111 
0.34562500000001056 
0.3743750000000106 
0.44187500000001223 
0.2743750000000104 
0.33562500000001055 
0.34562500000001056 
0.37687500000001073 
0.3668750000000106 
0.34562500000001056 
0.32562500000001054 
0.29937500000001044 
0.4181250000000118 
0.3193750000000105 
0.34812500000001056 
0.24812500000001028 
0.42187500000001193 
0.3643750000000106 
0.4231250000000119 
0.34562500000001056 
0.37937500000001084 
0.3106250000000105 
0.37937500000001084 
0.3081250000000105 
0.34812500000001056 
0.42187500000001193 
0.34062500000001056 
0.3381250000000105 
0.16562500000000904 
0.3718750000000106 
0.3418750000000106 
0.30062500000001047 
0.3618750000000106 
0.40812500000001156 
0.37937500000001084 
0.23062500000000982 
0.21562500000000948 
0.38062500000001087 
0.38687500000001096 
0.34812500000001056 
0.4093750000000116 
0.3106250000000105 
0.39937500000001136 
0.4481250000000122 
0.38562500000001093 
0.3593750000000106 
0.4131250000000117 
0.4393750000000122 
0.4206250000000118 
0.41062500000001156 
0.43312500000001214 
0.3543750000000106 
0.4543750000000122 
0.4043750000000114 
0.43187500000001217 
0.3243750000000105 
0.3356250000000105 
0.2206250000000096 
0.37812500000001076 
0.4243750000000119 
0.41437500000001165 
0.4593750000000122 
0.40062500000001133 
0.430625000000012 
0.35312500000001057 
0.34187500000001053 
0.2793750000000104 
0.39062500000001105 
0.3606250000000106 
0.4493750000000122 
0.44062500000001215 
0.4743750000000122 
0.41187500000001154 
