0.34812500000001056 
0.41937500000001177 
0.4006250000000113 
0.42187500000001177 
0.35437500000001054 
0.5268750000000123 
0.4656250000000123 
0.4956250000000123 
0.4943750000000122 
0.4643750000000122 
0.5043750000000122 
0.39312500000001105 
0.4893750000000122 
0.5306250000000123 
0.4806250000000123 
0.44562500000001215 
0.49312500000001225 
0.5068750000000123 
0.4181250000000118 
0.4443750000000122 
0.4056250000000114 
0.431875000000012 
0.41187500000001154 
0.4956250000000123 
0.5043750000000122 
0.4381250000000122 
0.49312500000001225 
0.5256250000000123 
0.2943750000000104 
0.5081250000000123 
0.5031250000000123 
0.5031250000000123 
0.429375000000012 
0.4856250000000122 
0.48187500000001227 
0.27812500000001034 
0.4368750000000121 
0.39312500000001105 
0.4968750000000123 
0.3893750000000111 
0.3918750000000111 
0.5031250000000123 
0.3681250000000106 
0.4993750000000122 
0.4268750000000119 
0.3818750000000107 
0.4481250000000122 
0.4956250000000122 
0.4856250000000123 
0.4793750000000122 
0.43562500000001214 
0.49312500000001225 
0.4493750000000122 
0.41687500000001165 
0.29937500000001027 
0.4756250000000123 
0.5168750000000123 
0.43187500000001217 
0.4581250000000122 
0.45062500000001215 
0.5193750000000122 
0.5181250000000123 
0.5056250000000123 
0.4806250000000123 
0.3968750000000112 
0.3293750000000105 
0.4168750000000117 
0.39312500000001105 
0.3431250000000105 
0.5256250000000123 
0.39812500000001116 
0.4793750000000122 
0.4956250000000123 
0.4081250000000114 
0.4918750000000123 
0.5156250000000123 
0.5056250000000123 
0.4918750000000123 
0.42687500000001194 
0.3781250000000107 
0.4943750000000122 
0.36937500000001056 
0.4806250000000122 
0.43312500000001214 
0.34562500000001056 
0.3656250000000106 
0.47312500000001223 
0.43312500000001203 
0.5356250000000123 
0.3793750000000107 
0.48812500000001224 
0.43187500000001217 
0.3706250000000106 
0.4468750000000121 
0.3381250000000105 
0.4531250000000122 
0.4393750000000122 
0.3893750000000109 
0.5143750000000122 
0.43562500000001214 
0.43312500000001214 
0.35062500000001057 
0.5268750000000123 
0.49312500000001225 
0.4993750000000122 
0.43562500000001214 
0.46062500000001216 
0.5256250000000123 
0.4843750000000122 
0.4393750000000122 
0.5193750000000122 
0.4531250000000122 
0.4643750000000122 
0.4956250000000123 
0.3831250000000109 
0.4918750000000123 
0.5218750000000123 
0.3806250000000107 
0.5168750000000123 
0.49812500000001225 
0.5243750000000122 
0.5118750000000123 
0.2593750000000102 
0.46187500000001225 
0.48812500000001224 
0.4706250000000122 
0.48312500000001224 
0.48312500000001224 
0.47812500000001223 
0.3781250000000107 
0.4756250000000122 
0.41312500000001157 
0.37437500000001056 
0.4906250000000123 
0.46062500000001216 
0.5168750000000123 
0.4631250000000122 
0.4693750000000122 
0.20312500000000908 
0.48187500000001227 
0.4243750000000119 
0.42687500000001194 
0.41687500000001165 
0.5181250000000123 
0.5006250000000123 
0.41062500000001156 
0.4531250000000122 
0.47312500000001223 
0.3918750000000111 
0.48312500000001224 
0.5143750000000122 
0.4656250000000123 
0.48687500000001227 
0.23562500000000983 
0.41937500000001177 
0.4956250000000123 
0.3731250000000106 
0.3068750000000105 
0.47312500000001223 
0.4443750000000122 
0.4643750000000122 
0.2781250000000104 
0.3118750000000104 
0.5268750000000123 
0.5256250000000123 
0.42187500000001177 
0.4793750000000122 
0.47187500000001226 
0.39562500000001116 
0.47187500000001226 
0.4906250000000123 
0.4743750000000122 
0.29437500000001043 
0.3406250000000105 
0.2993750000000105 
0.39062500000001094 
0.4643750000000122 
0.4631250000000122 
0.5343750000000123 
0.3006250000000105 
0.3943750000000112 
0.4643750000000122 
0.5256250000000123 
0.5131250000000123 
0.47812500000001223 
0.47312500000001223 
0.45062500000001215 
0.48812500000001224 
0.4468750000000121 
0.46562500000001217 
0.4706250000000123 
0.3943750000000112 
0.4893750000000122 
0.5131250000000123 
0.4893750000000122 
0.5043750000000122 
0.3918750000000111 
0.5231250000000123 
0.4918750000000123 
0.47187500000001226 
0.4793750000000122 
0.3993750000000113 
0.5231250000000123 
0.4681250000000122 
0.47312500000001223 
0.4743750000000122 
0.4268750000000119 
0.5143750000000122 
0.5143750000000122 
0.31937500000001046 
0.27687500000001036 
0.4593750000000122 
0.4431250000000122 
0.44687500000001223 
0.4893750000000122 
0.45062500000001215 
0.4843750000000122 
0.4206250000000118 
0.45187500000001224 
0.3943750000000112 
0.5031250000000123 
0.37687500000001056 
0.4893750000000122 
0.48687500000001227 
0.4368750000000121 
0.4093750000000116 
0.5093750000000122 
0.3081250000000104 
0.4493750000000122 
0.5018750000000123 
0.4843750000000122 
0.3968750000000112 
0.3693750000000106 
0.48687500000001227 
0.4531250000000122 
0.39812500000001116 
0.49312500000001225 
0.5081250000000123 
0.45187500000001224 
0.3443750000000106 
0.429375000000012 
0.48687500000001227 
0.31312500000001053 
0.38937500000001096 
0.5143750000000122 
0.5043750000000122 
0.48812500000001224 
0.5156250000000123 
0.4431250000000122 
0.39062500000001105 
0.45562500000001216 
0.4368750000000121 
0.4806250000000122 
0.40937500000001154 
0.4631250000000122 
0.5218750000000123 
0.4481250000000121 
0.4756250000000122 
0.4631250000000122 
0.4593750000000122 
0.4443750000000122 
0.45187500000001224 
0.3993750000000113 
0.37437500000001056 
0.37687500000001073 
0.4856250000000123 
0.4431250000000122 
0.4956250000000122 
0.5031250000000123 
0.4418750000000121 
0.4893750000000122 
0.4756250000000122 
0.5181250000000123 
0.5231250000000123 
0.4606250000000123 
0.4056250000000114 
0.4793750000000122 
0.4693750000000122 
0.48812500000001224 
0.4843750000000122 
0.5193750000000122 
0.4943750000000122 
0.5293750000000123 
0.5156250000000123 
0.4806250000000122 
0.48812500000001224 
0.4418750000000121 
0.46562500000001217 
0.3406250000000105 
0.4106250000000115 
0.5131250000000123 
0.3918750000000111 
0.4643750000000122 
0.42687500000001205 
0.4956250000000123 
0.48187500000001227 
0.4993750000000122 
0.45562500000001216 
0.5256250000000122 
0.38437500000001096 
