0.385625000000011 
0.3731250000000106 
0.4093750000000116 
0.4068750000000114 
0.4068750000000114 
0.40562500000001145 
0.25937500000001035 
0.3718750000000106 
0.3743750000000106 
0.41937500000001177 
0.3043750000000105 
0.3606250000000106 
0.4018750000000113 
0.41937500000001177 
0.3718750000000106 
0.24062500000001005 
0.3193750000000105 
0.3593750000000106 
0.42687500000001205 
0.385625000000011 
0.3718750000000106 
0.40562500000001145 
0.3968750000000112 
0.45562500000001227 
0.29812500000001046 
0.37937500000001084 
0.3631250000000106 
0.38687500000001096 
0.40562500000001145 
0.30187500000001044 
0.4181250000000118 
0.37062500000001064 
0.3568750000000106 
0.37687500000001073 
0.4193750000000118 
0.35187500000001054 
0.22812500000000982 
0.3268750000000105 
0.40562500000001145 
0.37062500000001064 
0.42687500000001205 
0.2843750000000104 
0.3918750000000111 
0.3831250000000109 
0.35062500000001057 
0.3668750000000106 
0.4018750000000113 
0.3218750000000105 
0.388125000000011 
0.40812500000001156 
0.29937500000001044 
0.34812500000001056 
0.3518750000000106 
0.3581250000000106 
0.3643750000000106 
0.3081250000000105 
0.3293750000000105 
0.18562500000000906 
0.37687500000001073 
0.37812500000001076 
0.4156250000000117 
0.3731250000000106 
0.15312500000000903 
0.3568750000000106 
0.3893750000000111 
0.3743750000000107 
0.3593750000000106 
0.4443750000000122 
0.37937500000001073 
0.39062500000001105 
0.3206250000000105 
0.3918750000000111 
0.29562500000001046 
0.3256250000000105 
0.3256250000000105 
0.48687500000001227 
0.18062500000000906 
0.35062500000001057 
0.3931250000000111 
0.34187500000001053 
0.3693750000000106 
0.2756250000000104 
0.428125000000012 
0.37937500000001084 
0.42687500000001205 
0.43437500000001217 
0.21687500000000948 
0.3693750000000106 
0.25687500000001035 
0.3943750000000112 
0.37062500000001064 
0.4643750000000122 
0.40062500000001133 
0.3743750000000107 
0.2681250000000104 
0.40312500000001145 
0.35562500000001057 
0.29812500000001046 
0.3256250000000105 
0.3231250000000105 
0.3256250000000105 
0.42437500000001194 
0.3668750000000106 
0.3181250000000105 
0.40187500000001136 
0.4206250000000118 
0.3393750000000106 
0.3668750000000106 
0.35312500000001057 
0.34562500000001056 
0.3231250000000105 
0.40562500000001145 
0.4043750000000115 
0.4131250000000117 
0.3043750000000105 
0.3343750000000105 
0.44562500000001215 
0.30437500000001044 
0.37312500000001064 
0.33812500000001056 
0.30937500000001045 
0.4206250000000118 
0.3193750000000105 
0.33937500000001053 
0.21937500000000953 
0.33812500000001056 
0.29562500000001046 
0.3543750000000106 
0.2743750000000104 
0.38062500000001087 
0.4243750000000119 
0.3543750000000106 
0.18812500000000906 
0.3606250000000106 
0.4043750000000114 
0.23062500000000988 
0.3593750000000106 
0.40062500000001133 
0.37062500000001064 
0.2843750000000104 
0.40562500000001145 
0.4168750000000117 
0.37937500000001073 
0.3706250000000106 
0.4131250000000117 
0.44562500000001215 
0.3781250000000107 
0.25187500000001034 
0.38687500000001096 
0.19562500000000907 
0.41437500000001165 
0.3956250000000112 
0.32812500000001055 
0.4481250000000122 
0.3593750000000106 
0.428125000000012 
0.3681250000000106 
0.2781250000000104 
0.3918750000000111 
0.32062500000001054 
0.4381250000000122 
0.28187500000001037 
0.3181250000000105 
0.3718750000000106 
0.3268750000000105 
0.3606250000000106 
0.29812500000001046 
0.3731250000000106 
0.41187500000001154 
0.3806250000000108 
0.3943750000000112 
0.3368750000000105 
0.37687500000001073 
0.37937500000001084 
0.39812500000001133 
0.41062500000001156 
0.3268750000000105 
0.3831250000000109 
0.3093750000000105 
0.34687500000001054 
0.3093750000000105 
0.2818750000000104 
0.30687500000001044 
0.3543750000000106 
0.3806250000000108 
0.31187500000001045 
0.388125000000011 
0.385625000000011 
0.46187500000001225 
0.4231250000000119 
0.3181250000000105 
0.42937500000001205 
0.34062500000001056 
0.3293750000000105 
0.3943750000000112 
0.37937500000001084 
0.3943750000000112 
0.4131250000000117 
0.3393750000000106 
0.40062500000001133 
0.43312500000001214 
0.3493750000000106 
0.3668750000000106 
0.3781250000000107 
0.4156250000000117 
0.24187500000001017 
0.39812500000001133 
0.33937500000001053 
0.45687500000001224 
0.26187500000001035 
0.34187500000001053 
0.30312500000001047 
0.29687500000001044 
0.3718750000000106 
0.3318750000000105 
0.3581250000000106 
0.3493750000000106 
0.2581250000000103 
0.3831250000000109 
0.3306250000000105 
0.37812500000001076 
0.3831250000000109 
0.3068750000000105 
0.33937500000001053 
0.33312500000001055 
0.3693750000000106 
0.3968750000000112 
0.3893750000000111 
0.3293750000000105 
0.4581250000000122 
0.3668750000000106 
0.3631250000000106 
0.40812500000001156 
0.3206250000000105 
0.4093750000000116 
0.2606250000000103 
0.430625000000012 
0.41437500000001165 
0.4231250000000119 
0.34312500000001056 
0.4443750000000122 
0.45062500000001215 
0.37687500000001073 
0.3243750000000105 
0.3493750000000106 
0.2843750000000104 
0.23312500000000988 
0.2931250000000104 
0.33312500000001055 
0.2093750000000093 
0.34687500000001054 
0.13562500000000902 
0.40062500000001133 
0.3893750000000111 
0.34187500000001053 
0.38437500000001096 
0.3831250000000109 
0.38437500000001096 
0.37062500000001064 
0.40812500000001156 
0.3281250000000105 
0.4068750000000115 
0.25562500000001037 
0.34062500000001056 
0.30687500000001044 
0.37687500000001073 
0.3918750000000111 
0.23437500000000994 
0.40812500000001156 
0.41937500000001177 
0.29687500000001044 
0.34562500000001056 
0.3631250000000106 
0.32812500000001055 
0.4231250000000119 
0.3743750000000106 
0.385625000000011 
0.39062500000001105 
0.34312500000001056 
0.35687500000001054 
0.3306250000000105 
0.4318750000000121 
0.42687500000001205 
0.4018750000000113 
0.3906250000000111 
0.35062500000001057 
0.33812500000001056 
0.43562500000001214 
0.3706250000000106 
0.3956250000000112 
0.4018750000000113 
0.37312500000001064 
0.33937500000001053 
0.27687500000001036 
0.34812500000001056 
0.3968750000000112 
0.4256250000000119 
0.25312500000001037 
0.40812500000001156 
0.3906250000000111 
