0.4543750000000122 
0.4043750000000115 
0.35562500000001057 
0.4193750000000118 
0.34812500000001056 
0.37687500000001073 
0.32062500000001054 
0.2906250000000104 
0.3368750000000105 
0.46062500000001216 
0.3756250000000107 
0.3293750000000105 
0.3318750000000105 
0.40812500000001156 
0.32312500000001054 
0.38562500000001093 
0.3743750000000107 
0.35312500000001057 
0.2831250000000104 
0.3118750000000105 
0.3993750000000113 
0.33062500000001055 
0.31187500000001045 
0.40312500000001145 
0.3593750000000106 
0.41062500000001156 
0.3943750000000112 
0.35187500000001054 
0.41062500000001156 
0.34687500000001054 
0.33312500000001055 
0.35562500000001057 
0.3581250000000106 
0.33312500000001055 
0.3743750000000107 
0.3743750000000107 
0.40062500000001133 
0.3156250000000105 
0.33062500000001055 
0.3643750000000106 
0.30562500000001047 
0.2556250000000103 
0.4068750000000114 
0.3681250000000106 
0.2056250000000092 
0.3518750000000106 
0.3968750000000112 
0.43312500000001214 
0.38437500000001096 
0.40062500000001133 
0.3593750000000106 
0.3156250000000105 
0.4193750000000118 
0.3268750000000105 
0.2756250000000104 
0.29437500000001043 
0.3956250000000112 
0.3718750000000106 
0.20812500000000925 
0.41437500000001165 
0.33062500000001055 
0.43562500000001214 
0.33812500000001056 
0.43187500000001217 
0.4156250000000117 
0.3106250000000105 
0.3193750000000105 
0.3718750000000106 
0.38437500000001096 
0.34562500000001056 
0.388125000000011 
0.3368750000000105 
0.40562500000001145 
0.3643750000000106 
0.39812500000001133 
0.34062500000001056 
0.3718750000000106 
0.43187500000001217 
0.3368750000000105 
0.3243750000000105 
0.3831250000000109 
0.3368750000000105 
0.39812500000001133 
0.34812500000001056 
0.3968750000000112 
0.4231250000000119 
0.29937500000001044 
0.3743750000000106 
0.33937500000001053 
0.38437500000001096 
0.3293750000000105 
0.3718750000000106 
0.33812500000001056 
0.385625000000011 
0.41062500000001156 
0.3806250000000108 
0.38062500000001087 
0.4181250000000118 
0.3256250000000105 
0.4368750000000122 
0.3568750000000106 
0.43562500000001214 
0.3293750000000105 
0.29937500000001044 
0.34812500000001056 
0.3393750000000106 
0.34062500000001056 
0.34312500000001056 
0.42437500000001194 
0.3106250000000105 
0.34062500000001056 
0.39062500000001105 
0.37562500000001076 
0.35062500000001057 
0.3306250000000105 
0.3718750000000106 
0.3706250000000106 
0.4143750000000117 
0.3668750000000106 
0.3518750000000106 
0.4181250000000118 
0.3918750000000111 
0.22937500000000982 
0.3631250000000106 
0.40812500000001156 
0.21687500000000948 
0.28937500000001043 
0.30687500000001044 
0.3918750000000111 
0.4156250000000117 
0.3881250000000111 
0.42687500000001205 
0.41062500000001156 
0.3618750000000106 
0.3968750000000112 
0.3618750000000106 
0.34937500000001054 
0.3743750000000107 
0.34187500000001053 
0.3918750000000111 
0.41937500000001177 
0.34062500000001056 
0.3256250000000105 
0.3931250000000112 
0.3681250000000106 
0.428125000000012 
0.2556250000000103 
0.24937500000001028 
0.4381250000000122 
0.3643750000000106 
0.3581250000000106 
0.3743750000000106 
0.4156250000000117 
0.38687500000001096 
0.3906250000000111 
0.4393750000000122 
0.3581250000000106 
0.40062500000001133 
0.30937500000001045 
0.3956250000000112 
0.3493750000000106 
0.43312500000001214 
0.29937500000001044 
0.37062500000001064 
0.3543750000000106 
0.3943750000000112 
0.40562500000001145 
0.24687500000001023 
0.35437500000001054 
0.2556250000000103 
0.3893750000000111 
0.38437500000001096 
0.3368750000000105 
0.4018750000000113 
0.37312500000001064 
0.29562500000001046 
0.23562500000001 
0.3243750000000105 
0.3606250000000106 
0.41062500000001156 
0.3781250000000107 
0.3906250000000111 
0.2581250000000103 
0.38687500000001096 
0.3606250000000106 
0.3656250000000106 
0.37562500000001076 
0.3131250000000105 
0.40937500000001154 
0.3893750000000111 
0.35312500000001057 
0.34437500000001053 
0.3668750000000106 
0.3118750000000105 
0.29562500000001046 
0.3643750000000106 
0.32812500000001055 
0.2656250000000104 
0.3518750000000106 
0.40937500000001154 
0.37562500000001076 
0.29812500000001046 
0.2781250000000104 
0.44562500000001226 
0.4156250000000117 
0.30437500000001044 
0.37312500000001064 
0.33312500000001055 
0.38437500000001085 
0.3256250000000105 
0.3468750000000106 
0.24437500000001017 
0.2793750000000104 
0.428125000000012 
0.3318750000000105 
0.2868750000000104 
0.4543750000000122 
0.43312500000001214 
0.3343750000000105 
0.2806250000000104 
0.38437500000001096 
0.3193750000000105 
0.3806250000000108 
0.3906250000000111 
0.32562500000001054 
0.3918750000000111 
0.4131250000000117 
0.3018750000000105 
0.30187500000001044 
0.33062500000001055 
0.3956250000000112 
0.3718750000000106 
0.43312500000001214 
0.3893750000000111 
0.3731250000000106 
0.32812500000001055 
0.35312500000001057 
0.38187500000001084 
0.30562500000001047 
0.4681250000000122 
0.3931250000000112 
0.34437500000001053 
0.3993750000000113 
0.34937500000001054 
0.3468750000000106 
0.33812500000001056 
0.37562500000001076 
0.37562500000001076 
0.4068750000000114 
0.3981250000000112 
0.3543750000000106 
0.32812500000001055 
0.34562500000001056 
0.34562500000001056 
0.40062500000001133 
0.40312500000001145 
0.3981250000000112 
0.22937500000000982 
0.37312500000001064 
0.26437500000001035 
0.3693750000000106 
0.29437500000001043 
0.40562500000001145 
0.32312500000001054 
0.41437500000001165 
0.2818750000000104 
0.34062500000001056 
0.34187500000001053 
0.40562500000001145 
0.3381250000000105 
0.27437500000001036 
0.3068750000000105 
0.3218750000000105 
0.37812500000001076 
0.38187500000001084 
0.2806250000000104 
0.4193750000000118 
0.42187500000001193 
0.23187500000000982 
0.37687500000001073 
0.35437500000001054 
0.3893750000000111 
0.38187500000001084 
0.22937500000000982 
0.3618750000000106 
0.3931250000000111 
0.388125000000011 
0.3956250000000112 
0.19687500000000907 
0.4018750000000113 
0.3931250000000112 
0.28937500000001043 
0.3543750000000106 
0.2043750000000092 
0.4168750000000117 
0.26437500000001035 
0.43562500000001214 
0.37562500000001076 
0.42687500000001205 
0.4156250000000117 
