0.40312500000001134 
0.3368750000000105 
0.35562500000001057 
0.42687500000001205 
0.3706250000000106 
0.4131250000000117 
0.3718750000000106 
0.3931250000000111 
0.33937500000001053 
0.4156250000000117 
0.3168750000000105 
0.3918750000000111 
0.3756250000000107 
0.4481250000000122 
0.2681250000000103 
0.43437500000001217 
0.38437500000001085 
0.3581250000000106 
0.38187500000001084 
0.25687500000001035 
0.41437500000001165 
0.34562500000001056 
0.3968750000000112 
0.33312500000001055 
0.37937500000001084 
0.45187500000001224 
0.3956250000000112 
0.4168750000000118 
0.4543750000000122 
0.3568750000000106 
0.3968750000000112 
0.3293750000000105 
0.44062500000001215 
0.40562500000001145 
0.430625000000012 
0.3318750000000105 
0.30687500000001044 
0.3993750000000113 
0.40312500000001145 
0.4043750000000115 
0.38187500000001084 
0.4381250000000122 
0.2781250000000104 
0.4093750000000116 
0.3381250000000105 
0.35062500000001057 
0.3543750000000106 
0.385625000000011 
0.3968750000000112 
0.4643750000000122 
0.4043750000000115 
0.45062500000001215 
0.40312500000001145 
0.38187500000001084 
0.35187500000001054 
0.3931250000000112 
0.430625000000012 
0.49312500000001225 
0.38187500000001084 
0.35562500000001057 
0.3206250000000105 
0.3968750000000112 
0.29312500000001046 
0.3643750000000106 
0.43562500000001214 
0.4243750000000119 
0.45562500000001227 
0.34437500000001053 
0.42937500000001205 
0.3918750000000111 
0.3931250000000111 
0.4381250000000122 
0.33937500000001053 
0.4631250000000122 
0.4706250000000123 
0.3806250000000108 
0.38562500000001093 
0.4043750000000114 
0.3693750000000106 
0.3918750000000111 
0.27687500000001036 
0.43562500000001225 
0.26437500000001035 
0.3993750000000113 
0.35312500000001057 
0.4231250000000119 
0.42187500000001193 
0.29687500000001044 
0.40562500000001145 
0.4918750000000123 
0.4531250000000122 
0.43312500000001214 
0.45687500000001224 
0.4681250000000122 
0.44562500000001215 
0.4143750000000117 
0.3293750000000105 
0.4181250000000118 
0.4043750000000115 
0.3956250000000112 
0.388125000000011 
0.4543750000000122 
0.46562500000001217 
0.40187500000001136 
0.4068750000000114 
0.4431250000000122 
0.43187500000001217 
0.42687500000001205 
0.3756250000000107 
0.4531250000000122 
0.29687500000001044 
0.37937500000001084 
0.4043750000000114 
0.36187500000001055 
0.3718750000000106 
0.3993750000000113 
0.4118750000000116 
0.2743750000000104 
0.3593750000000106 
0.4381250000000122 
0.41062500000001156 
0.34437500000001053 
0.4156250000000117 
0.4481250000000122 
0.38187500000001084 
0.23937500000001005 
0.4093750000000116 
0.4243750000000119 
0.3918750000000111 
0.40312500000001134 
0.40312500000001145 
0.3943750000000112 
0.3581250000000106 
0.4206250000000118 
0.45187500000001224 
0.3731250000000106 
0.4118750000000117 
0.40812500000001156 
0.4043750000000114 
0.3681250000000106 
0.31187500000001045 
0.4368750000000122 
0.45562500000001216 
0.48187500000001227 
0.4893750000000122 
0.40312500000001145 
0.43437500000001217 
0.30187500000001044 
0.39812500000001133 
0.2806250000000104 
0.41187500000001154 
0.4256250000000119 
0.4693750000000122 
0.41437500000001165 
0.35437500000001054 
0.39812500000001133 
0.4368750000000122 
0.3956250000000112 
0.44062500000001215 
0.45187500000001224 
0.35562500000001057 
0.42187500000001193 
0.40812500000001156 
0.44562500000001215 
0.38687500000001096 
0.30062500000001047 
0.3693750000000106 
0.4193750000000118 
0.4393750000000122 
0.4706250000000123 
0.44062500000001215 
0.4206250000000118 
0.34312500000001056 
0.4531250000000122 
0.37937500000001084 
0.4156250000000117 
0.42437500000001194 
0.3993750000000113 
0.3993750000000113 
0.3218750000000105 
0.4693750000000122 
0.25687500000001035 
0.3831250000000108 
0.37687500000001073 
0.3618750000000106 
0.3731250000000106 
0.24562500000001022 
0.3781250000000107 
0.45687500000001224 
0.4393750000000122 
0.4631250000000122 
0.42437500000001194 
0.3156250000000105 
0.43562500000001214 
0.3931250000000112 
0.47187500000001226 
0.4443750000000122 
0.3906250000000111 
0.37687500000001073 
0.3693750000000106 
0.48187500000001227 
0.41187500000001154 
0.3668750000000106 
0.4368750000000122 
0.2868750000000104 
0.42687500000001205 
0.3693750000000106 
0.33937500000001053 
0.46687500000001225 
0.3893750000000111 
0.47812500000001223 
0.40312500000001145 
0.4218750000000118 
0.4531250000000122 
0.428125000000012 
0.3518750000000106 
0.41687500000001165 
0.35062500000001057 
0.3831250000000108 
0.4231250000000119 
0.3518750000000106 
0.27312500000001033 
0.4656250000000123 
0.37687500000001073 
0.3956250000000112 
0.3568750000000106 
0.2868750000000104 
0.3893750000000111 
0.34687500000001054 
0.4431250000000122 
0.34812500000001056 
0.3968750000000112 
0.34812500000001056 
0.430625000000012 
0.3968750000000112 
0.40062500000001133 
0.35312500000001057 
0.3993750000000113 
0.3993750000000113 
0.3468750000000106 
0.41062500000001156 
0.4143750000000117 
0.45062500000001215 
0.3968750000000112 
0.388125000000011 
0.42687500000001205 
0.41187500000001154 
0.42187500000001193 
0.2831250000000104 
0.38562500000001093 
0.34812500000001056 
0.4068750000000114 
0.4068750000000114 
0.43187500000001217 
0.45562500000001227 
0.4143750000000117 
0.3581250000000106 
0.41062500000001156 
0.35062500000001057 
0.4593750000000122 
0.4181250000000118 
0.3956250000000112 
0.4843750000000122 
0.24562500000001022 
0.4231250000000119 
0.3906250000000111 
0.4068750000000114 
0.4481250000000122 
0.30687500000001044 
0.3231250000000105 
0.36812500000001064 
0.41437500000001165 
0.3906250000000111 
0.38562500000001093 
0.3243750000000105 
0.3343750000000105 
0.40812500000001156 
0.37937500000001073 
0.40812500000001156 
0.41187500000001154 
0.30062500000001047 
0.32812500000001055 
0.29937500000001044 
0.38187500000001084 
0.4681250000000122 
0.4193750000000118 
0.33062500000001055 
0.48812500000001224 
0.4143750000000117 
0.3618750000000106 
0.4181250000000118 
0.3918750000000111 
0.3881250000000111 
0.39812500000001133 
0.47312500000001223 
0.43187500000001217 
0.3781250000000107 
0.37687500000001073 
0.3831250000000109 
0.3593750000000106 
