0.4043750000000114 
0.3831250000000108 
0.35312500000001057 
0.4743750000000122 
0.5131250000000123 
0.4693750000000122 
0.4193750000000118 
0.4968750000000123 
0.45562500000001216 
0.4581250000000122 
0.42187500000001177 
0.18562500000000906 
0.4531250000000122 
0.5193750000000122 
0.4843750000000122 
0.3481250000000105 
0.4393750000000122 
0.3631250000000106 
0.4918750000000123 
0.4943750000000122 
0.5031250000000123 
0.48687500000001227 
0.4493750000000122 
0.4281250000000119 
0.4681250000000122 
0.45687500000001224 
0.49312500000001225 
0.4343750000000121 
0.24687500000001017 
0.48312500000001224 
0.4631250000000122 
0.4793750000000122 
0.5068750000000123 
0.4043750000000114 
0.3231250000000105 
0.47812500000001223 
0.4943750000000122 
0.4681250000000122 
0.4381250000000122 
0.4993750000000122 
0.4968750000000123 
0.5193750000000122 
0.431875000000012 
0.3706250000000106 
0.4418750000000121 
0.49312500000001225 
0.4843750000000122 
0.47187500000001226 
0.5068750000000123 
0.4206250000000118 
0.4593750000000122 
0.43312500000001214 
0.2893750000000104 
0.4443750000000122 
0.44062500000001215 
0.39562500000001116 
0.37687500000001073 
0.4856250000000122 
0.4531250000000122 
0.4431250000000122 
0.35187500000001054 
0.4681250000000122 
0.4968750000000123 
0.5131250000000123 
0.4893750000000122 
0.46687500000001225 
0.39062500000001105 
0.36187500000001055 
0.49312500000001225 
0.5018750000000123 
0.4843750000000122 
0.4956250000000123 
0.48812500000001224 
0.3681250000000106 
0.3256250000000105 
0.4706250000000122 
0.44062500000001215 
0.49812500000001225 
0.22062500000000976 
0.4893750000000122 
0.4581250000000122 
0.5118750000000123 
0.49312500000001225 
0.3531250000000105 
0.33937500000001053 
0.47312500000001223 
0.4068750000000114 
0.43437500000001217 
0.46187500000001225 
0.4968750000000123 
0.46187500000001225 
0.48687500000001227 
0.43187500000001217 
0.49812500000001225 
0.47687500000001226 
0.4531250000000122 
0.4706250000000122 
0.4043750000000113 
0.3993750000000112 
0.4793750000000122 
0.3018750000000105 
0.49812500000001225 
0.22062500000000954 
0.41687500000001165 
0.5093750000000122 
0.4143750000000117 
0.4793750000000122 
0.5018750000000123 
0.4543750000000122 
0.46562500000001217 
0.49312500000001225 
0.4493750000000122 
0.3156250000000105 
0.33187500000001047 
0.32562500000001043 
0.5031250000000123 
0.4918750000000123 
0.38812500000001093 
0.4431250000000122 
0.30937500000001045 
0.35687500000001054 
0.4906250000000123 
0.3368750000000105 
0.4256250000000119 
0.3681250000000106 
0.5206250000000122 
0.5043750000000122 
0.3293750000000105 
0.4381250000000122 
0.41687500000001165 
0.5106250000000123 
0.3731250000000106 
0.44562500000001215 
0.4443750000000122 
0.4231250000000118 
0.4793750000000122 
0.4593750000000122 
0.4943750000000122 
0.5131250000000123 
0.4943750000000122 
0.46062500000001216 
0.4443750000000122 
0.5131250000000123 
0.4943750000000122 
0.41687500000001165 
0.48687500000001227 
0.4643750000000122 
0.4693750000000122 
0.3406250000000105 
0.4543750000000122 
0.49812500000001225 
0.4756250000000123 
0.3606250000000106 
0.4943750000000122 
0.41437500000001165 
0.46687500000001225 
0.4043750000000114 
0.47187500000001226 
0.4693750000000122 
0.35687500000001054 
0.41937500000001177 
0.49812500000001225 
0.4893750000000122 
0.5081250000000123 
0.48312500000001224 
0.46187500000001225 
0.4493750000000122 
0.3993750000000112 
0.41687500000001165 
0.34187500000001053 
0.4493750000000122 
0.3893750000000109 
0.46062500000001216 
0.4418750000000121 
0.5018750000000123 
0.5006250000000123 
0.44687500000001223 
0.5181250000000123 
0.4743750000000122 
0.4268750000000119 
0.5068750000000123 
0.46062500000001216 
0.5031250000000123 
0.3231250000000105 
0.47812500000001223 
0.5143750000000122 
0.5031250000000123 
0.430625000000012 
0.4531250000000122 
0.41062500000001156 
0.4593750000000122 
0.48687500000001227 
0.48687500000001227 
0.45062500000001215 
0.48312500000001224 
0.41062500000001156 
0.49812500000001225 
0.5168750000000123 
0.5106250000000123 
0.4493750000000122 
0.5156250000000123 
0.46187500000001225 
0.5193750000000122 
0.45062500000001215 
0.3193750000000105 
0.430625000000012 
0.4693750000000122 
0.4743750000000122 
0.2743750000000104 
0.4743750000000122 
0.4393750000000122 
0.46562500000001217 
0.41062500000001156 
0.4743750000000122 
0.5006250000000122 
0.5018750000000123 
0.47687500000001226 
0.430625000000012 
0.38562500000001093 
0.4693750000000122 
0.46562500000001217 
0.4368750000000121 
0.47312500000001223 
0.4368750000000122 
0.44562500000001215 
0.5306250000000123 
0.4368750000000121 
0.48187500000001227 
0.45562500000001216 
0.3606250000000106 
0.49312500000001225 
0.35687500000001054 
0.2631250000000103 
0.4543750000000122 
0.4643750000000122 
0.43312500000001214 
0.4681250000000122 
0.4593750000000122 
0.5018750000000123 
0.43312500000001214 
0.5018750000000123 
0.49812500000001225 
0.5006250000000123 
0.5081250000000123 
0.44062500000001215 
0.48687500000001227 
0.33437500000001047 
0.5018750000000123 
0.4806250000000123 
0.4156250000000117 
0.46562500000001217 
0.48687500000001227 
0.4906250000000123 
0.35062500000001057 
0.4906250000000123 
0.3593750000000106 
0.4156250000000117 
0.4643750000000122 
0.38437500000001085 
0.5056250000000123 
0.4856250000000123 
0.3631250000000105 
0.5031250000000123 
0.4906250000000123 
0.44062500000001215 
0.430625000000012 
0.4956250000000123 
0.5293750000000123 
0.47187500000001226 
0.36937500000001056 
0.3806250000000108 
0.4181250000000116 
0.4893750000000122 
0.4631250000000122 
0.47812500000001223 
0.4943750000000122 
0.4856250000000122 
0.4856250000000123 
0.33562500000001044 
0.4643750000000122 
0.45062500000001215 
0.3968750000000112 
0.4756250000000123 
0.47312500000001223 
0.4843750000000122 
0.3856250000000108 
0.4543750000000122 
0.4543750000000122 
0.35937500000001055 
0.5068750000000123 
0.3631250000000106 
0.4856250000000122 
0.5056250000000123 
0.4256250000000119 
0.5068750000000123 
0.3143750000000105 
0.5006250000000123 
0.5093750000000122 
0.4493750000000122 
0.3056250000000104 
