0.4593750000000122 
0.40562500000001145 
0.4681250000000122 
0.49812500000001225 
0.3281250000000105 
0.49812500000001225 
0.47687500000001226 
0.4606250000000123 
0.4793750000000122 
0.3668750000000106 
0.2656250000000103 
0.27687500000001036 
0.5043750000000122 
0.25562500000001026 
0.49812500000001225 
0.4081250000000114 
0.5106250000000123 
0.38062500000001087 
0.46062500000001216 
0.4581250000000122 
0.43312500000001214 
0.48812500000001224 
0.48312500000001224 
0.45687500000001213 
0.5193750000000122 
0.4531250000000122 
0.39562500000001116 
0.4843750000000122 
0.48312500000001224 
0.4943750000000122 
0.3181250000000105 
0.5043750000000122 
0.5118750000000123 
0.45687500000001213 
0.5043750000000122 
0.47312500000001223 
0.48312500000001224 
0.4806250000000122 
0.49312500000001225 
0.4693750000000122 
0.430625000000012 
0.4706250000000122 
0.4531250000000122 
0.4956250000000123 
0.5118750000000123 
0.3781250000000107 
0.30437500000001044 
0.5118750000000123 
0.5081250000000123 
0.4843750000000122 
0.4806250000000122 
0.43312500000001214 
0.4968750000000123 
0.4943750000000122 
0.44562500000001215 
0.3731250000000106 
0.4231250000000119 
0.46062500000001216 
0.5268750000000123 
0.5043750000000122 
0.3693750000000106 
0.32187500000001046 
0.5331250000000123 
0.46187500000001225 
0.4806250000000123 
0.4243750000000119 
0.43437500000001217 
0.4543750000000122 
0.49312500000001225 
0.49812500000001225 
0.4381250000000122 
0.5006250000000122 
0.4418750000000121 
0.4443750000000122 
0.2718750000000103 
0.4393750000000122 
0.47812500000001223 
0.39062500000001105 
0.39812500000001116 
0.4993750000000122 
0.3181250000000105 
0.48187500000001227 
0.40312500000001134 
0.48687500000001227 
0.4443750000000122 
0.3081250000000104 
0.2731250000000103 
0.2981250000000104 
0.3443750000000105 
0.49312500000001225 
0.39312500000001105 
0.4743750000000122 
0.4468750000000121 
0.3606250000000106 
0.4706250000000123 
0.44687500000001223 
0.3768750000000107 
0.34562500000001056 
0.4368750000000122 
0.3668750000000106 
0.46187500000001225 
0.5168750000000123 
0.42187500000001177 
0.4756250000000123 
0.3918750000000111 
0.2631250000000104 
0.4943750000000122 
0.4906250000000123 
0.3843750000000108 
0.3081250000000105 
0.29312500000001046 
0.4893750000000122 
0.3343750000000105 
0.4856250000000123 
0.4068750000000114 
0.47687500000001226 
0.3918750000000111 
0.4581250000000122 
0.4968750000000123 
0.5093750000000122 
0.4068750000000114 
0.5131250000000123 
0.4968750000000123 
0.4443750000000122 
0.26562500000001027 
0.5281250000000123 
0.39062500000001105 
0.37687500000001073 
0.4393750000000122 
0.28687500000001037 
0.4918750000000123 
0.46562500000001217 
0.3318750000000105 
0.4956250000000122 
0.4281250000000119 
0.4631250000000122 
0.5018750000000123 
0.44562500000001215 
0.44187500000001223 
0.36687500000001055 
0.5031250000000123 
0.5018750000000123 
0.4481250000000122 
0.4756250000000123 
0.41937500000001177 
0.4856250000000122 
0.4281250000000119 
0.4418750000000121 
0.5281250000000123 
0.42687500000001194 
0.44562500000001215 
0.3431250000000105 
0.47312500000001223 
0.4643750000000122 
0.4943750000000122 
0.4993750000000122 
0.4793750000000122 
0.5131250000000123 
0.4943750000000122 
0.44687500000001223 
0.4793750000000122 
0.4393750000000122 
0.4631250000000122 
0.4156250000000117 
0.45062500000001215 
0.5093750000000123 
0.5168750000000123 
0.49312500000001225 
0.4956250000000123 
0.5018750000000123 
0.47812500000001223 
0.41062500000001156 
0.49812500000001225 
0.5106250000000123 
0.3318750000000105 
0.3968750000000112 
0.4968750000000123 
0.36937500000001056 
0.4156250000000116 
0.4593750000000122 
0.3206250000000105 
0.5043750000000122 
0.40312500000001134 
0.5143750000000122 
0.46062500000001216 
0.4018750000000113 
0.5068750000000123 
0.47187500000001226 
0.29437500000001043 
0.40312500000001134 
0.5093750000000122 
0.31937500000001046 
0.3306250000000105 
0.3993750000000113 
0.48812500000001224 
0.49812500000001225 
0.5156250000000123 
0.4893750000000122 
0.5193750000000122 
0.4543750000000122 
0.47312500000001223 
0.49812500000001225 
0.3681250000000106 
0.46562500000001217 
0.5143750000000122 
0.4218750000000118 
0.5093750000000122 
0.5118750000000123 
0.44062500000001215 
0.5168750000000123 
0.45562500000001216 
0.3693750000000106 
0.33812500000001056 
0.49312500000001225 
0.4443750000000122 
0.5106250000000123 
0.4956250000000123 
0.48687500000001227 
0.34812500000001056 
0.35187500000001054 
0.38812500000001093 
0.3581250000000106 
0.5056250000000123 
0.44062500000001215 
0.29812500000001046 
0.4643750000000122 
0.4643750000000122 
0.3931250000000111 
0.45687500000001224 
0.4806250000000123 
0.48687500000001227 
0.5131250000000123 
0.5018750000000123 
0.5281250000000123 
0.5056250000000123 
0.4856250000000123 
0.5118750000000123 
0.5056250000000122 
0.3106250000000105 
0.4481250000000122 
0.4581250000000122 
0.4181250000000118 
0.3631250000000106 
0.26187500000001035 
0.5293750000000123 
0.4543750000000122 
0.3731250000000106 
0.4968750000000123 
0.4993750000000122 
0.34687500000001054 
0.4956250000000123 
0.47812500000001223 
0.5318750000000123 
0.4643750000000122 
0.33812500000001056 
0.4268750000000119 
0.36937500000001056 
0.4968750000000123 
0.4681250000000122 
0.5143750000000122 
0.48687500000001227 
0.3606250000000106 
0.4268750000000119 
0.43562500000001214 
0.37187500000001056 
0.47187500000001226 
0.4893750000000122 
0.3706250000000106 
0.5006250000000123 
0.4593750000000122 
0.5243750000000122 
0.4856250000000123 
0.4006250000000113 
0.3706250000000106 
0.3968750000000112 
0.4343750000000121 
0.45187500000001224 
0.34187500000001053 
0.4843750000000122 
0.5018750000000123 
0.5043750000000122 
0.5131250000000123 
0.48687500000001227 
0.5081250000000123 
0.47187500000001226 
0.38437500000001085 
0.35687500000001054 
0.5031250000000123 
0.47812500000001223 
0.4168750000000117 
0.3081250000000105 
0.4593750000000122 
0.45062500000001215 
0.44187500000001223 
0.46562500000001217 
0.5168750000000123 
0.3943750000000111 
0.4706250000000123 
0.4906250000000123 
0.46687500000001225 
