0.40937500000001154 
0.39312500000001105 
0.3681250000000106 
0.38187500000001084 
0.4643750000000122 
0.4943750000000122 
0.4893750000000122 
0.4943750000000122 
0.3381250000000105 
0.42437500000001194 
0.4631250000000122 
0.5093750000000122 
0.47687500000001226 
0.5193750000000122 
0.4681250000000122 
0.4918750000000123 
0.48812500000001224 
0.4693750000000122 
0.4681250000000122 
0.49812500000001225 
0.4443750000000122 
0.5243750000000122 
0.44062500000001215 
0.48687500000001227 
0.5193750000000122 
0.4256250000000119 
0.5068750000000123 
0.4893750000000122 
0.4268750000000119 
0.45187500000001224 
0.3981250000000112 
0.4206250000000118 
0.5043750000000122 
0.5018750000000123 
0.34937500000001054 
0.5006250000000123 
0.4856250000000122 
0.5268750000000123 
0.5318750000000123 
0.4531250000000122 
0.4956250000000123 
0.4968750000000123 
0.4943750000000122 
0.47187500000001226 
0.48187500000001227 
0.4643750000000122 
0.30437500000001044 
0.42437500000001194 
0.4806250000000122 
0.33937500000001053 
0.41937500000001177 
0.4706250000000123 
0.5093750000000122 
0.4206250000000118 
0.43437500000001217 
0.4956250000000123 
0.4856250000000123 
0.49812500000001225 
0.47312500000001223 
0.39562500000001116 
0.4593750000000122 
0.37437500000001056 
0.41687500000001165 
0.3243750000000105 
0.2968750000000103 
0.4368750000000121 
0.4856250000000123 
0.4893750000000122 
0.431875000000012 
0.48187500000001227 
0.3756250000000106 
0.4693750000000122 
0.5031250000000123 
0.42187500000001177 
0.4893750000000122 
0.48187500000001227 
0.3643750000000106 
0.45062500000001215 
0.4593750000000122 
0.26687500000001035 
0.41312500000001157 
0.4893750000000122 
0.5018750000000123 
0.47687500000001226 
0.4793750000000122 
0.4531250000000122 
0.4856250000000123 
0.5118750000000123 
0.37437500000001056 
0.4631250000000122 
0.46062500000001216 
0.4743750000000122 
0.4843750000000122 
0.4393750000000122 
0.4443750000000122 
0.47312500000001223 
0.4006250000000113 
0.4706250000000122 
0.2943750000000103 
0.46187500000001225 
0.3218750000000105 
0.5118750000000123 
0.4381250000000122 
0.42937500000001205 
0.48312500000001224 
0.4993750000000122 
0.5056250000000123 
0.4268750000000119 
0.428125000000012 
0.430625000000012 
0.46687500000001225 
0.24312500000001017 
0.43312500000001214 
0.3606250000000106 
0.5068750000000123 
0.47812500000001223 
0.5018750000000123 
0.5093750000000122 
0.40937500000001154 
0.5243750000000122 
0.48812500000001224 
0.4806250000000122 
0.43562500000001214 
0.4943750000000122 
0.45062500000001215 
0.4268750000000119 
0.43437500000001217 
0.44062500000001215 
0.47312500000001223 
0.5181250000000123 
0.3893750000000111 
0.47812500000001223 
0.45562500000001216 
0.4956250000000123 
0.5081250000000123 
0.45562500000001216 
0.4431250000000122 
0.4156250000000116 
0.45062500000001215 
0.4481250000000122 
0.3968750000000112 
0.34312500000001056 
0.43562500000001214 
0.4806250000000122 
0.4893750000000122 
0.5018750000000123 
0.3318750000000105 
0.48312500000001224 
0.4968750000000123 
0.4856250000000122 
0.3581250000000106 
0.4893750000000122 
0.4581250000000122 
0.47312500000001223 
0.3631250000000106 
0.388125000000011 
0.5118750000000123 
0.5056250000000123 
0.38562500000001093 
0.38187500000001084 
0.4906250000000123 
0.48687500000001227 
0.47312500000001223 
0.4706250000000122 
0.5006250000000123 
0.4431250000000122 
0.5056250000000123 
0.4756250000000122 
0.5118750000000123 
0.49812500000001225 
0.46687500000001225 
0.49812500000001225 
0.5006250000000123 
0.4856250000000122 
0.5131250000000123 
0.4156250000000117 
0.4856250000000122 
0.44562500000001215 
0.31812500000001037 
0.40562500000001145 
0.4468750000000121 
0.4968750000000123 
0.22687500000000965 
0.4706250000000123 
0.4593750000000122 
0.25937500000001035 
0.5206250000000123 
0.3381250000000105 
0.5081250000000123 
0.4156250000000117 
0.35312500000001057 
0.47312500000001223 
0.4631250000000122 
0.4843750000000122 
0.4856250000000122 
0.4418750000000121 
0.3381250000000105 
0.4806250000000122 
0.41062500000001156 
0.49812500000001225 
0.4706250000000123 
0.4268750000000119 
0.3218750000000105 
0.37437500000001056 
0.48187500000001227 
0.38687500000001096 
0.3606250000000106 
0.36437500000001055 
0.48812500000001224 
0.45562500000001216 
0.49812500000001225 
0.5156250000000123 
0.3106250000000105 
0.2856250000000104 
0.48687500000001227 
0.44187500000001223 
0.37687500000001073 
0.48187500000001227 
0.46187500000001225 
0.5031250000000123 
0.4906250000000122 
0.4206250000000118 
0.49812500000001225 
0.4543750000000122 
0.4018750000000113 
0.29187500000001043 
0.3281250000000105 
0.4743750000000122 
0.4706250000000122 
0.4743750000000122 
0.4968750000000123 
0.3756250000000106 
0.4693750000000122 
0.4793750000000122 
0.47687500000001226 
0.38687500000001096 
0.4643750000000122 
0.47187500000001226 
0.4593750000000122 
0.4843750000000122 
0.428125000000012 
0.3756250000000107 
0.4993750000000122 
0.5168750000000123 
0.4443750000000122 
0.4756250000000122 
0.25312500000001037 
0.5168750000000123 
0.44062500000001215 
0.4906250000000122 
0.35437500000001054 
0.4906250000000122 
0.5081250000000123 
0.4956250000000123 
0.5031250000000123 
0.3181250000000104 
0.5106250000000123 
0.48187500000001227 
0.41437500000001165 
0.5118750000000123 
0.4893750000000122 
0.4493750000000122 
0.4906250000000123 
0.4856250000000123 
0.4893750000000122 
0.4018750000000113 
0.429375000000012 
0.4906250000000123 
0.5181250000000123 
0.4956250000000122 
0.49312500000001225 
0.48687500000001227 
0.5031250000000123 
0.4156250000000117 
0.41937500000001177 
0.4956250000000123 
0.5018750000000123 
0.3981250000000112 
0.34687500000001054 
0.4431250000000122 
0.48187500000001227 
0.5106250000000123 
0.4168750000000117 
0.4918750000000123 
0.38187500000001084 
0.46687500000001225 
0.5118750000000123 
0.44187500000001223 
0.35437500000001054 
0.5143750000000122 
0.33937500000001053 
0.4956250000000122 
0.4056250000000114 
0.4268750000000119 
0.4843750000000122 
0.4368750000000121 
0.4743750000000122 
0.3743750000000106 
0.4906250000000123 
0.4231250000000119 
