0.35187500000001054 
0.3806250000000108 
0.2818750000000104 
0.40562500000001145 
0.3393750000000106 
0.3068750000000105 
0.30187500000001044 
0.3918750000000111 
0.34437500000001053 
0.3781250000000107 
0.33812500000001056 
0.40812500000001156 
0.388125000000011 
0.3706250000000106 
0.3906250000000111 
0.3668750000000106 
0.3218750000000105 
0.3631250000000106 
0.3706250000000106 
0.428125000000012 
0.30312500000001047 
0.4156250000000117 
0.43312500000001214 
0.3581250000000106 
0.4131250000000117 
0.3618750000000106 
0.3718750000000106 
0.3231250000000105 
0.42187500000001193 
0.3631250000000106 
0.4243750000000119 
0.388125000000011 
0.34562500000001056 
0.3981250000000112 
0.41687500000001165 
0.30312500000001047 
0.4131250000000117 
0.3656250000000106 
0.3956250000000112 
0.29937500000001044 
0.3193750000000105 
0.41062500000001156 
0.30187500000001044 
0.3643750000000106 
0.4043750000000115 
0.33312500000001055 
0.3956250000000112 
0.3731250000000106 
0.3931250000000112 
0.2706250000000104 
0.30062500000001047 
0.29562500000001046 
0.3718750000000106 
0.3993750000000113 
0.40312500000001145 
0.3831250000000109 
0.29312500000001046 
0.32562500000001054 
0.33937500000001053 
0.35187500000001054 
0.3081250000000105 
0.38062500000001087 
0.33812500000001056 
0.40312500000001145 
0.34812500000001056 
0.30687500000001044 
0.4393750000000122 
0.34312500000001056 
0.3543750000000106 
0.4118750000000117 
0.33312500000001055 
0.34937500000001054 
0.3706250000000106 
0.3593750000000106 
0.37812500000001076 
0.2793750000000104 
0.44562500000001226 
0.430625000000012 
0.385625000000011 
0.3893750000000111 
0.428125000000012 
0.33562500000001055 
0.35562500000001057 
0.40062500000001133 
0.3606250000000106 
0.3118750000000105 
0.3543750000000106 
0.3656250000000106 
0.4068750000000114 
0.3631250000000106 
0.3643750000000106 
0.3631250000000106 
0.3756250000000107 
0.40312500000001145 
0.4656250000000123 
0.30312500000001047 
0.4181250000000118 
0.3781250000000107 
0.38687500000001096 
0.388125000000011 
0.385625000000011 
0.3906250000000111 
0.3368750000000105 
0.2793750000000104 
0.3618750000000106 
0.38437500000001096 
0.35062500000001057 
0.35562500000001057 
0.37937500000001084 
0.34062500000001056 
0.36562500000001064 
0.34437500000001053 
0.2768750000000104 
0.33312500000001055 
0.34187500000001053 
0.2581250000000104 
0.385625000000011 
0.25437500000001034 
0.3306250000000105 
0.2506250000000103 
0.3131250000000105 
0.2793750000000104 
0.3993750000000113 
0.29937500000001044 
0.2606250000000104 
0.38062500000001087 
0.41187500000001154 
0.40062500000001133 
0.35562500000001057 
0.2743750000000104 
0.3343750000000105 
0.3693750000000106 
0.2681250000000104 
0.37937500000001084 
0.42937500000001205 
0.44687500000001223 
0.30312500000001047 
0.3193750000000105 
0.4643750000000122 
0.4206250000000118 
0.42687500000001205 
0.33562500000001055 
0.30062500000001047 
0.3606250000000106 
0.4206250000000118 
0.3468750000000106 
0.23187500000000988 
0.3993750000000113 
0.37937500000001084 
0.40812500000001156 
0.3618750000000106 
0.3806250000000108 
0.3581250000000106 
0.41437500000001165 
0.3118750000000105 
0.3643750000000106 
0.34562500000001056 
0.2781250000000104 
0.3931250000000112 
0.33312500000001055 
0.2631250000000104 
0.3956250000000112 
0.3993750000000113 
0.4693750000000122 
0.35062500000001057 
0.3118750000000105 
0.42937500000001205 
0.3581250000000106 
0.3518750000000106 
0.3668750000000106 
0.4068750000000115 
0.35312500000001057 
0.3618750000000106 
0.3743750000000106 
0.3193750000000105 
0.2556250000000103 
0.35062500000001057 
0.3131250000000105 
0.3631250000000106 
0.2818750000000104 
0.38562500000001093 
0.42937500000001205 
0.31812500000001054 
0.3781250000000107 
0.41937500000001177 
0.2781250000000104 
0.33312500000001055 
0.33562500000001055 
0.33812500000001056 
0.4231250000000119 
0.40812500000001156 
0.41062500000001156 
0.3968750000000112 
0.2993750000000105 
0.4043750000000114 
0.4206250000000118 
0.48312500000001224 
0.3518750000000106 
0.42187500000001193 
0.2781250000000104 
0.3243750000000105 
0.3581250000000106 
0.40812500000001156 
0.3293750000000105 
0.2643750000000104 
0.3243750000000105 
0.383125000000011 
0.30187500000001044 
0.4206250000000118 
0.3493750000000106 
0.3931250000000112 
0.3656250000000106 
0.34812500000001056 
0.3268750000000105 
0.3618750000000106 
0.40812500000001156 
0.37937500000001084 
0.4131250000000117 
0.3518750000000106 
0.3931250000000112 
0.3343750000000105 
0.3206250000000105 
0.35562500000001057 
0.4118750000000117 
0.4018750000000113 
0.33937500000001053 
0.34937500000001054 
0.3681250000000106 
0.32312500000001054 
0.29687500000001044 
0.37937500000001073 
0.40062500000001133 
0.4118750000000116 
0.3618750000000106 
0.33312500000001055 
0.4531250000000122 
0.4143750000000117 
0.40812500000001156 
0.3956250000000112 
0.3831250000000109 
0.3543750000000106 
0.4206250000000118 
0.385625000000011 
0.34687500000001054 
0.24687500000001028 
0.33937500000001053 
0.4231250000000119 
0.3731250000000106 
0.40312500000001145 
0.29562500000001046 
0.28812500000001046 
0.3993750000000113 
0.3656250000000106 
0.3318750000000105 
0.2656250000000104 
0.3268750000000105 
0.2656250000000104 
0.3068750000000105 
0.38062500000001087 
0.34562500000001056 
0.40812500000001156 
0.3343750000000105 
0.2606250000000104 
0.3593750000000106 
0.4156250000000117 
0.4018750000000113 
0.42437500000001194 
0.35312500000001057 
0.34312500000001056 
0.3706250000000106 
0.34437500000001053 
0.3993750000000113 
0.32312500000001054 
0.23062500000000982 
0.3981250000000112 
0.3931250000000111 
0.3193750000000105 
0.2418750000000101 
0.4231250000000119 
0.35312500000001057 
0.38687500000001096 
0.44562500000001215 
0.3631250000000106 
0.2781250000000104 
0.4018750000000113 
0.4393750000000122 
0.31187500000001045 
0.2781250000000104 
0.35062500000001057 
0.25187500000001034 
0.33062500000001055 
0.4481250000000122 
0.33937500000001053 
0.3718750000000106 
0.38687500000001096 
0.3581250000000106 
0.26687500000001035 
0.34812500000001056 
0.2806250000000104 
0.40812500000001156 
