0.36437500000001055 
0.23062500000000982 
0.4181250000000118 
0.41062500000001156 
0.43312500000001214 
0.4381250000000122 
0.41937500000001177 
0.34812500000001056 
0.44062500000001215 
0.24687500000001028 
0.3831250000000109 
0.3706250000000106 
0.4593750000000122 
0.43562500000001214 
0.4631250000000122 
0.3668750000000106 
0.3781250000000107 
0.3918750000000111 
0.34687500000001054 
0.38437500000001096 
0.3093750000000105 
0.3118750000000105 
0.3568750000000106 
0.29187500000001043 
0.4068750000000114 
0.40937500000001154 
0.45562500000001216 
0.4256250000000119 
0.20812500000000925 
0.44687500000001223 
0.40312500000001145 
0.4231250000000119 
0.36437500000001055 
0.3718750000000106 
0.4206250000000118 
0.430625000000012 
0.4043750000000114 
0.4181250000000118 
0.4381250000000122 
0.4256250000000119 
0.34437500000001053 
0.3631250000000106 
0.30937500000001045 
0.29187500000001043 
0.40312500000001145 
0.4481250000000122 
0.3593750000000106 
0.4493750000000122 
0.3981250000000112 
0.3143750000000105 
0.44187500000001223 
0.40812500000001156 
0.44562500000001226 
0.35562500000001057 
0.385625000000011 
0.38437500000001096 
0.34562500000001056 
0.4381250000000122 
0.4193750000000118 
0.4206250000000118 
0.27687500000001036 
0.23062500000000982 
0.4756250000000123 
0.4743750000000122 
0.45187500000001224 
0.3893750000000111 
0.3968750000000112 
0.4581250000000122 
0.4643750000000122 
0.3993750000000113 
0.2818750000000104 
0.2781250000000104 
0.37312500000001064 
0.40812500000001156 
0.3631250000000106 
0.3643750000000106 
0.3243750000000105 
0.45062500000001215 
0.4593750000000122 
0.3243750000000105 
0.2856250000000104 
0.41187500000001154 
0.4606250000000123 
0.4381250000000122 
0.35562500000001057 
0.3668750000000106 
0.3931250000000111 
0.3718750000000106 
0.4706250000000123 
0.48687500000001227 
0.38687500000001096 
0.45062500000001215 
0.3781250000000107 
0.38187500000001084 
0.3193750000000105 
0.3968750000000112 
0.4231250000000119 
0.4906250000000122 
0.3681250000000106 
0.426875000000012 
0.48187500000001227 
0.4443750000000122 
0.2931250000000104 
0.48312500000001224 
0.41687500000001165 
0.3693750000000106 
0.4918750000000123 
0.45062500000001227 
0.4181250000000118 
0.3918750000000111 
0.43437500000001217 
0.3668750000000106 
0.4706250000000123 
0.4381250000000122 
0.3893750000000111 
0.48812500000001224 
0.48687500000001227 
0.4531250000000122 
0.4806250000000123 
0.3156250000000105 
0.3993750000000113 
0.3831250000000109 
0.32812500000001055 
0.3906250000000111 
0.44687500000001223 
0.47312500000001223 
0.37312500000001064 
0.3618750000000106 
0.3368750000000105 
0.45187500000001224 
0.4593750000000122 
0.4118750000000117 
0.3956250000000112 
0.43187500000001217 
0.4131250000000117 
0.3943750000000112 
0.4893750000000122 
0.4381250000000122 
0.4368750000000122 
0.4906250000000123 
0.4743750000000122 
0.3718750000000106 
0.38562500000001093 
0.4381250000000122 
0.47687500000001226 
0.43312500000001214 
0.4606250000000123 
0.41062500000001156 
0.40937500000001154 
0.4993750000000122 
0.41937500000001177 
0.42437500000001194 
0.3656250000000106 
0.43437500000001217 
0.47812500000001223 
0.385625000000011 
0.4893750000000122 
0.2843750000000104 
0.385625000000011 
0.428125000000012 
0.44687500000001223 
0.428125000000012 
0.38062500000001087 
0.4968750000000123 
0.3343750000000105 
0.3918750000000111 
0.3706250000000106 
0.40187500000001136 
0.46062500000001216 
0.3656250000000106 
0.3993750000000113 
0.37312500000001064 
0.47187500000001226 
0.41187500000001154 
0.429375000000012 
0.4593750000000122 
0.4493750000000122 
0.4118750000000116 
0.45687500000001224 
0.38687500000001096 
0.3106250000000105 
0.42187500000001193 
0.4543750000000122 
0.47187500000001226 
0.45687500000001224 
0.3718750000000106 
0.35437500000001054 
0.47812500000001223 
0.4943750000000122 
0.3168750000000105 
0.4493750000000122 
0.2818750000000104 
0.41187500000001154 
0.3731250000000106 
0.4443750000000122 
0.4706250000000123 
0.45062500000001215 
0.4543750000000122 
0.47687500000001226 
0.30062500000001047 
0.4793750000000122 
0.2768750000000104 
0.3668750000000106 
0.4018750000000113 
0.4706250000000123 
0.44062500000001226 
0.3756250000000107 
0.38187500000001084 
0.40062500000001133 
0.45062500000001227 
0.4118750000000116 
0.44062500000001215 
0.3618750000000106 
0.44062500000001215 
0.4643750000000122 
0.34437500000001053 
0.40812500000001156 
0.43312500000001214 
0.33312500000001055 
0.3781250000000107 
0.3668750000000106 
0.43312500000001214 
0.44687500000001223 
0.3943750000000112 
0.47812500000001223 
0.4043750000000114 
0.40937500000001154 
0.3918750000000111 
0.44187500000001223 
0.4381250000000122 
0.4493750000000122 
0.4181250000000118 
0.4806250000000123 
0.3618750000000106 
0.3943750000000112 
0.4543750000000122 
0.3918750000000111 
0.43187500000001217 
0.44187500000001223 
0.48312500000001224 
0.4643750000000122 
0.4631250000000122 
0.4906250000000123 
0.25437500000001034 
0.45562500000001227 
0.42687500000001205 
0.4443750000000122 
0.31937500000001046 
0.4181250000000118 
0.4443750000000122 
0.3906250000000111 
0.3781250000000107 
0.49812500000001225 
0.4756250000000123 
0.4043750000000114 
0.45187500000001224 
0.3406250000000105 
0.4256250000000119 
0.43437500000001217 
0.3643750000000106 
0.3606250000000106 
0.48687500000001227 
0.3543750000000106 
0.46687500000001225 
0.46062500000001216 
0.3581250000000106 
0.40812500000001145 
0.3668750000000106 
0.36187500000001055 
0.41937500000001177 
0.45062500000001227 
0.18687500000000906 
0.39812500000001133 
0.40562500000001145 
0.4381250000000122 
0.45187500000001224 
0.4256250000000119 
0.4756250000000122 
0.4893750000000122 
0.29812500000001046 
0.4656250000000123 
0.41437500000001165 
0.428125000000012 
0.48187500000001227 
0.44062500000001215 
0.44187500000001223 
0.42937500000001205 
0.3706250000000106 
0.40812500000001145 
0.40937500000001154 
0.4593750000000122 
0.3668750000000106 
0.4343750000000121 
0.45562500000001227 
0.4681250000000122 
0.3706250000000106 
0.3568750000000106 
0.3193750000000105 
0.3993750000000113 
0.4131250000000117 
