0.3943750000000112 
0.3906250000000111 
0.3606250000000106 
0.38187500000001084 
0.35062500000001057 
0.4268750000000119 
0.3806250000000108 
0.44187500000001223 
0.3718750000000106 
0.4531250000000122 
0.40062500000001133 
0.4231250000000119 
0.45562500000001227 
0.3256250000000105 
0.29312500000001046 
0.2406250000000101 
0.34812500000001056 
0.46687500000001225 
0.3993750000000113 
0.3668750000000106 
0.40312500000001145 
0.3068750000000105 
0.4393750000000122 
0.37937500000001084 
0.4368750000000122 
0.3943750000000112 
0.388125000000011 
0.3831250000000109 
0.3231250000000105 
0.43312500000001214 
0.3743750000000106 
0.4206250000000118 
0.4656250000000123 
0.4193750000000118 
0.44562500000001226 
0.43312500000001214 
0.43437500000001217 
0.3993750000000113 
0.4181250000000118 
0.30062500000001047 
0.38187500000001084 
0.3956250000000112 
0.3906250000000111 
0.34812500000001056 
0.40562500000001145 
0.18687500000000906 
0.3906250000000111 
0.37312500000001064 
0.3318750000000105 
0.3468750000000106 
0.29687500000001044 
0.41062500000001156 
0.2756250000000104 
0.38687500000001096 
0.44687500000001223 
0.3718750000000106 
0.41437500000001165 
0.39937500000001136 
0.34562500000001056 
0.3068750000000105 
0.37062500000001064 
0.3368750000000105 
0.430625000000012 
0.4181250000000118 
0.33562500000001055 
0.4206250000000118 
0.34187500000001053 
0.4218750000000118 
0.37937500000001084 
0.29187500000001043 
0.3181250000000105 
0.3743750000000107 
0.3681250000000106 
0.3943750000000112 
0.30312500000001047 
0.33937500000001053 
0.19812500000000907 
0.3256250000000105 
0.3568750000000106 
0.3268750000000105 
0.36562500000001064 
0.38687500000001096 
0.45687500000001224 
0.4956250000000123 
0.24437500000001017 
0.4256250000000119 
0.3681250000000106 
0.4168750000000118 
0.3943750000000112 
0.388125000000011 
0.3243750000000105 
0.3656250000000106 
0.3743750000000107 
0.2256250000000097 
0.34937500000001054 
0.2781250000000104 
0.39812500000001133 
0.37812500000001076 
0.4168750000000118 
0.22062500000000954 
0.4443750000000122 
0.4606250000000123 
0.2718750000000104 
0.3118750000000105 
0.38687500000001096 
0.32312500000001054 
0.3718750000000106 
0.3931250000000112 
0.3606250000000106 
0.30937500000001045 
0.4181250000000118 
0.3643750000000106 
0.37312500000001064 
0.47187500000001226 
0.3956250000000112 
0.3581250000000106 
0.3068750000000105 
0.3993750000000113 
0.40937500000001154 
0.4531250000000122 
0.43312500000001214 
0.41062500000001156 
0.3206250000000105 
0.3218750000000105 
0.38062500000001087 
0.38187500000001084 
0.39812500000001133 
0.41062500000001156 
0.34187500000001053 
0.3831250000000109 
0.428125000000012 
0.38687500000001096 
0.3618750000000106 
0.4131250000000117 
0.4368750000000122 
0.3606250000000106 
0.42437500000001194 
0.4043750000000114 
0.4181250000000118 
0.3543750000000106 
0.3156250000000105 
0.3831250000000109 
0.3493750000000106 
0.3143750000000105 
0.4068750000000114 
0.3193750000000105 
0.3893750000000111 
0.3518750000000106 
0.3168750000000105 
0.3943750000000112 
0.3631250000000106 
0.3743750000000106 
0.4131250000000117 
0.42937500000001205 
0.428125000000012 
0.3706250000000106 
0.29937500000001044 
0.29312500000001046 
0.30312500000001047 
0.4431250000000122 
0.3643750000000106 
0.37562500000001076 
0.3518750000000106 
0.4018750000000113 
0.3943750000000112 
0.32812500000001055 
0.20062500000000907 
0.39812500000001133 
0.4018750000000113 
0.16312500000000904 
0.32312500000001054 
0.388125000000011 
0.43437500000001217 
0.3343750000000105 
0.4043750000000114 
0.40812500000001156 
0.44687500000001223 
0.3718750000000106 
0.35562500000001057 
0.3618750000000106 
0.3218750000000105 
0.3668750000000106 
0.3281250000000105 
0.3256250000000105 
0.3593750000000106 
0.2806250000000104 
0.41062500000001156 
0.3781250000000107 
0.3643750000000106 
0.4181250000000118 
0.3968750000000112 
0.45187500000001224 
0.40062500000001133 
0.3831250000000109 
0.34437500000001053 
0.3081250000000105 
0.428125000000012 
0.3593750000000106 
0.26937500000001036 
0.3618750000000106 
0.38187500000001084 
0.29937500000001044 
0.2531250000000103 
0.34687500000001054 
0.33812500000001056 
0.38062500000001087 
0.3668750000000106 
0.3293750000000105 
0.4043750000000115 
0.3243750000000105 
0.4806250000000123 
0.42687500000001205 
0.42687500000001205 
0.43562500000001225 
0.3668750000000106 
0.32312500000001054 
0.25687500000001035 
0.3593750000000106 
0.3543750000000106 
0.3581250000000106 
0.41062500000001156 
0.18562500000000906 
0.38437500000001096 
0.3581250000000106 
0.3706250000000106 
0.4443750000000122 
0.3706250000000106 
0.2843750000000104 
0.3893750000000111 
0.3731250000000106 
0.44687500000001223 
0.3993750000000113 
0.38562500000001093 
0.3168750000000105 
0.2718750000000104 
0.37687500000001073 
0.388125000000011 
0.3643750000000106 
0.4043750000000115 
0.4206250000000118 
0.3593750000000106 
0.34062500000001056 
0.30062500000001047 
0.3656250000000106 
0.40312500000001145 
0.34187500000001053 
0.4131250000000117 
0.3018750000000105 
0.40812500000001156 
0.38062500000001087 
0.3568750000000106 
0.4068750000000115 
0.3943750000000112 
0.4643750000000122 
0.44062500000001226 
0.43562500000001214 
0.4756250000000123 
0.4543750000000122 
0.2043750000000092 
0.2781250000000104 
0.3218750000000105 
0.4131250000000117 
0.35687500000001054 
0.3918750000000111 
0.4093750000000116 
0.13437500000000902 
0.4068750000000114 
0.3931250000000111 
0.37687500000001073 
0.34187500000001053 
0.43562500000001214 
0.4018750000000113 
0.27187500000001036 
0.33312500000001055 
0.37062500000001064 
0.15687500000000903 
0.38812500000001093 
0.34062500000001056 
0.40937500000001154 
0.3931250000000111 
0.4043750000000114 
0.3906250000000111 
0.21312500000000936 
0.35937500000001055 
0.35562500000001057 
0.3756250000000107 
0.14437500000000902 
0.430625000000012 
0.34687500000001054 
0.3968750000000112 
0.30312500000001047 
0.4193750000000118 
0.40187500000001136 
0.4131250000000117 
0.26437500000001035 
0.3956250000000112 
0.21312500000000936 
0.4131250000000117 
0.43187500000001217 
0.4018750000000113 
