0.42187500000001193 
0.3218750000000105 
0.2606250000000104 
0.3081250000000105 
0.385625000000011 
0.35937500000001055 
0.3643750000000106 
0.32312500000001054 
0.2856250000000104 
0.3243750000000105 
0.39937500000001136 
0.3706250000000106 
0.3631250000000106 
0.34562500000001056 
0.38562500000001093 
0.34562500000001056 
0.38687500000001096 
0.3931250000000112 
0.4431250000000122 
0.42937500000001205 
0.3181250000000105 
0.3831250000000109 
0.3168750000000105 
0.42687500000001205 
0.4118750000000116 
0.4481250000000122 
0.3568750000000106 
0.33562500000001055 
0.4168750000000118 
0.3118750000000105 
0.3956250000000112 
0.3193750000000105 
0.3931250000000111 
0.3831250000000109 
0.3381250000000105 
0.38062500000001087 
0.37312500000001064 
0.35312500000001057 
0.37937500000001084 
0.39812500000001133 
0.3668750000000106 
0.3293750000000105 
0.37687500000001073 
0.42437500000001194 
0.3543750000000106 
0.3081250000000105 
0.3681250000000106 
0.42187500000001193 
0.3831250000000108 
0.3906250000000111 
0.428125000000012 
0.43562500000001214 
0.34062500000001056 
0.3343750000000105 
0.3956250000000112 
0.3293750000000105 
0.21312500000000942 
0.3643750000000106 
0.33937500000001053 
0.3368750000000105 
0.33937500000001053 
0.37312500000001064 
0.3943750000000112 
0.39812500000001133 
0.41062500000001156 
0.30312500000001047 
0.23812500000001005 
0.34062500000001056 
0.4231250000000119 
0.3293750000000105 
0.4068750000000114 
0.3681250000000106 
0.3893750000000111 
0.33937500000001053 
0.28312500000001045 
0.34562500000001056 
0.37312500000001064 
0.3218750000000105 
0.3581250000000106 
0.4581250000000122 
0.3781250000000107 
0.3106250000000105 
0.3668750000000106 
0.3706250000000106 
0.34312500000001056 
0.3181250000000105 
0.3681250000000106 
0.2806250000000104 
0.30562500000001047 
0.4256250000000119 
0.34312500000001056 
0.3306250000000105 
0.383125000000011 
0.3731250000000106 
0.4118750000000117 
0.4068750000000114 
0.3081250000000105 
0.3831250000000109 
0.42687500000001205 
0.3206250000000105 
0.3131250000000105 
0.33312500000001055 
0.3618750000000106 
0.4256250000000119 
0.34187500000001053 
0.3706250000000106 
0.34812500000001056 
0.34437500000001053 
0.40312500000001145 
0.28812500000001046 
0.3756250000000107 
0.34062500000001056 
0.32312500000001054 
0.38062500000001087 
0.430625000000012 
0.4193750000000118 
0.2631250000000104 
0.34687500000001054 
0.3831250000000108 
0.385625000000011 
0.3118750000000105 
0.34812500000001056 
0.3131250000000105 
0.3343750000000105 
0.4193750000000118 
0.4068750000000116 
0.3156250000000105 
0.38187500000001084 
0.3293750000000105 
0.35312500000001057 
0.4131250000000117 
0.3781250000000107 
0.3831250000000109 
0.3568750000000106 
0.3981250000000112 
0.23812500000001 
0.38437500000001096 
0.2706250000000104 
0.3643750000000106 
0.18812500000000906 
0.35062500000001057 
0.32062500000001054 
0.4118750000000116 
0.41062500000001156 
0.3106250000000105 
0.37937500000001084 
0.2581250000000103 
0.40812500000001156 
0.3643750000000106 
0.35062500000001057 
0.3593750000000106 
0.2418750000000101 
0.30562500000001047 
0.3806250000000108 
0.41062500000001156 
0.23562500000000994 
0.38062500000001087 
0.40562500000001145 
0.35187500000001054 
0.2831250000000104 
0.35062500000001057 
0.4368750000000122 
0.38187500000001084 
0.3106250000000105 
0.34687500000001054 
0.3043750000000105 
0.33062500000001055 
0.34937500000001054 
0.27437500000001036 
0.40812500000001156 
0.3756250000000107 
0.3993750000000113 
0.3993750000000113 
0.40562500000001145 
0.3731250000000106 
0.23812500000001005 
0.3906250000000111 
0.2656250000000104 
0.40562500000001145 
0.3606250000000106 
0.33937500000001053 
0.18562500000000906 
0.4231250000000119 
0.34312500000001056 
0.385625000000011 
0.29437500000001043 
0.29812500000001046 
0.3831250000000108 
0.4156250000000117 
0.30312500000001047 
0.3631250000000106 
0.3906250000000111 
0.42187500000001193 
0.3906250000000111 
0.28812500000001046 
0.29312500000001046 
0.3156250000000105 
0.43437500000001217 
0.3718750000000106 
0.3931250000000111 
0.29812500000001046 
0.3131250000000105 
0.3293750000000105 
0.3543750000000106 
0.3543750000000106 
0.3256250000000105 
0.2531250000000103 
0.37937500000001084 
0.3943750000000112 
0.3156250000000105 
0.34312500000001056 
0.29187500000001043 
0.3618750000000106 
0.30562500000001047 
0.4193750000000118 
0.4143750000000117 
0.39812500000001133 
0.3831250000000108 
0.43187500000001217 
0.4443750000000122 
0.3268750000000105 
0.385625000000011 
0.3706250000000106 
0.3106250000000105 
0.3443750000000106 
0.3668750000000106 
0.3106250000000105 
0.34437500000001053 
0.2406250000000101 
0.3618750000000106 
0.35312500000001057 
0.3606250000000106 
0.3656250000000106 
0.35562500000001057 
0.35562500000001057 
0.4131250000000117 
0.39812500000001133 
0.41062500000001156 
0.3906250000000111 
0.34687500000001054 
0.39937500000001136 
0.3831250000000109 
0.26687500000001035 
0.29312500000001046 
0.2881250000000104 
0.33937500000001053 
0.43437500000001217 
0.44062500000001226 
0.40562500000001145 
0.30562500000001047 
0.34812500000001056 
0.33812500000001056 
0.3718750000000106 
0.3218750000000105 
0.34312500000001056 
0.3306250000000105 
0.3443750000000106 
0.3693750000000106 
0.3643750000000106 
0.38187500000001084 
0.3168750000000105 
0.42937500000001205 
0.3081250000000105 
0.37687500000001073 
0.3943750000000112 
0.41062500000001156 
0.35562500000001057 
0.41437500000001165 
0.39437500000001124 
0.2768750000000104 
0.35312500000001057 
0.3931250000000111 
0.3693750000000106 
0.3668750000000106 
0.3918750000000111 
0.32812500000001055 
0.3893750000000111 
0.30312500000001047 
0.3581250000000106 
0.41187500000001154 
0.3043750000000105 
0.3593750000000106 
0.32312500000001054 
0.4018750000000113 
0.3181250000000105 
0.3731250000000106 
0.38062500000001087 
0.4168750000000118 
0.40312500000001145 
0.3893750000000111 
0.30687500000001044 
0.3681250000000106 
0.3606250000000106 
0.3581250000000106 
0.3293750000000105 
0.38437500000001096 
0.4193750000000118 
0.29312500000001046 
0.41687500000001165 
0.3293750000000105 
