0.4018750000000113 
0.42937500000001205 
0.29687500000001044 
0.3343750000000105 
0.29187500000001043 
0.3643750000000106 
0.428125000000012 
0.3943750000000112 
0.3606250000000106 
0.37937500000001084 
0.3693750000000106 
0.3831250000000108 
0.3118750000000105 
0.20062500000000907 
0.4393750000000122 
0.34562500000001056 
0.3993750000000113 
0.30312500000001047 
0.385625000000011 
0.35437500000001054 
0.37562500000001076 
0.3806250000000108 
0.29437500000001043 
0.3781250000000107 
0.43312500000001214 
0.34562500000001056 
0.40812500000001156 
0.3381250000000105 
0.4181250000000118 
0.34812500000001056 
0.38187500000001084 
0.30687500000001044 
0.33812500000001056 
0.43312500000001214 
0.3593750000000106 
0.3781250000000107 
0.41437500000001165 
0.2818750000000104 
0.3918750000000111 
0.38062500000001087 
0.34187500000001053 
0.3643750000000106 
0.41062500000001156 
0.3943750000000112 
0.4168750000000117 
0.3731250000000106 
0.4231250000000119 
0.3593750000000106 
0.44562500000001226 
0.34562500000001056 
0.4381250000000122 
0.39812500000001133 
0.34312500000001056 
0.4231250000000119 
0.3193750000000105 
0.3756250000000107 
0.3781250000000107 
0.24937500000001028 
0.43312500000001214 
0.385625000000011 
0.22937500000000977 
0.33312500000001055 
0.3218750000000105 
0.2631250000000103 
0.4043750000000114 
0.29312500000001046 
0.46187500000001225 
0.19812500000000907 
0.35062500000001057 
0.3593750000000106 
0.3931250000000111 
0.43437500000001217 
0.39937500000001136 
0.15312500000000903 
0.3931250000000111 
0.3618750000000106 
0.3168750000000105 
0.35062500000001057 
0.34562500000001056 
0.4068750000000115 
0.4143750000000117 
0.37937500000001073 
0.37937500000001084 
0.40937500000001154 
0.4206250000000118 
0.3568750000000106 
0.33937500000001053 
0.3831250000000108 
0.3906250000000111 
0.3743750000000106 
0.39687500000001125 
0.3043750000000105 
0.3981250000000112 
0.3756250000000107 
0.43437500000001217 
0.4481250000000122 
0.34687500000001054 
0.2806250000000104 
0.37937500000001084 
0.428125000000012 
0.41062500000001156 
0.3781250000000107 
0.40062500000001133 
0.3093750000000105 
0.42187500000001193 
0.3318750000000105 
0.34812500000001056 
0.3131250000000105 
0.4168750000000118 
0.32312500000001054 
0.4493750000000122 
0.3806250000000108 
0.388125000000011 
0.23312500000000988 
0.428125000000012 
0.3718750000000106 
0.3743750000000106 
0.3968750000000112 
0.43562500000001214 
0.3693750000000106 
0.388125000000011 
0.3343750000000105 
0.4581250000000122 
0.19687500000000907 
0.29312500000001046 
0.38437500000001096 
0.33062500000001055 
0.4143750000000117 
0.38187500000001084 
0.3956250000000112 
0.21812500000000948 
0.40062500000001133 
0.4143750000000117 
0.40312500000001145 
0.4956250000000123 
0.3543750000000106 
0.41937500000001177 
0.4631250000000122 
0.430625000000012 
0.28312500000001045 
0.3743750000000106 
0.40062500000001133 
0.20187500000000907 
0.42937500000001205 
0.3731250000000106 
0.4493750000000122 
0.4393750000000122 
0.38187500000001084 
0.3168750000000105 
0.40937500000001154 
0.43187500000001217 
0.4043750000000114 
0.34812500000001056 
0.3618750000000106 
0.34187500000001053 
0.3606250000000106 
0.4193750000000118 
0.2731250000000104 
0.43312500000001214 
0.40312500000001145 
0.38687500000001096 
0.3631250000000106 
0.30562500000001047 
0.3618750000000106 
0.43312500000001214 
0.4481250000000122 
0.2581250000000103 
0.4743750000000122 
0.33562500000001055 
0.40312500000001134 
0.37062500000001064 
0.20312500000000913 
0.30562500000001047 
0.21312500000000936 
0.3906250000000111 
0.3256250000000105 
0.34812500000001056 
0.3693750000000106 
0.42687500000001205 
0.34687500000001054 
0.3268750000000105 
0.43312500000001214 
0.4156250000000117 
0.3881250000000111 
0.4018750000000113 
0.44062500000001226 
0.2206250000000096 
0.3956250000000112 
0.42187500000001193 
0.40937500000001154 
0.4181250000000118 
0.3743750000000106 
0.3918750000000111 
0.3693750000000106 
0.2393750000000101 
0.3806250000000108 
0.34562500000001056 
0.3693750000000106 
0.4443750000000122 
0.4368750000000122 
0.40812500000001156 
0.3631250000000106 
0.4243750000000119 
0.4006250000000113 
0.30062500000001047 
0.3256250000000105 
0.3693750000000106 
0.30562500000001047 
0.4231250000000119 
0.41062500000001156 
0.4118750000000117 
0.4256250000000119 
0.3156250000000105 
0.3206250000000105 
0.37687500000001073 
0.44187500000001223 
0.38687500000001096 
0.40812500000001156 
0.3806250000000108 
0.28937500000001043 
0.45687500000001224 
0.4193750000000118 
0.4043750000000114 
0.4181250000000118 
0.45187500000001224 
0.40937500000001154 
0.35562500000001057 
0.33937500000001053 
0.29562500000001046 
0.3443750000000106 
0.35562500000001057 
0.35562500000001057 
0.4381250000000122 
0.41062500000001156 
0.3718750000000106 
0.3806250000000108 
0.3693750000000106 
0.3743750000000106 
0.32062500000001054 
0.3968750000000112 
0.39687500000001125 
0.43187500000001217 
0.3918750000000111 
0.4181250000000118 
0.38187500000001084 
0.2881250000000104 
0.40062500000001133 
0.4543750000000122 
0.36187500000001055 
0.3081250000000105 
0.3581250000000106 
0.3193750000000105 
0.3693750000000106 
0.3181250000000105 
0.44062500000001215 
0.33312500000001055 
0.3643750000000106 
0.428125000000012 
0.3943750000000112 
0.3756250000000107 
0.33937500000001053 
0.430625000000012 
0.42687500000001205 
0.3643750000000106 
0.4256250000000119 
0.34312500000001056 
0.3668750000000106 
0.2218750000000096 
0.45062500000001227 
0.13687500000000902 
0.43562500000001214 
0.4068750000000114 
0.3168750000000105 
0.385625000000011 
0.3968750000000112 
0.34187500000001053 
0.4368750000000122 
0.3943750000000112 
0.4593750000000122 
0.3018750000000105 
0.4043750000000114 
0.4156250000000117 
0.2743750000000104 
0.3718750000000106 
0.3743750000000106 
0.3568750000000106 
0.3993750000000113 
0.35562500000001057 
0.39062500000001105 
0.37687500000001073 
0.2631250000000104 
0.3568750000000106 
0.3306250000000105 
0.34562500000001056 
0.4493750000000122 
0.3656250000000106 
0.3831250000000109 
0.3831250000000109 
0.2581250000000104 
0.3718750000000106 
