0.4018750000000113 
0.42937500000001205 
0.3581250000000106 
0.26687500000001035 
0.38062500000001087 
0.35062500000001057 
0.3918750000000111 
0.4231250000000119 
0.2756250000000104 
0.4531250000000122 
0.33812500000001056 
0.30312500000001047 
0.3631250000000106 
0.42687500000001205 
0.3593750000000106 
0.39812500000001133 
0.3706250000000106 
0.3093750000000105 
0.40062500000001133 
0.44687500000001223 
0.4156250000000117 
0.37062500000001064 
0.3093750000000105 
0.33562500000001055 
0.3968750000000112 
0.3756250000000107 
0.4131250000000117 
0.34687500000001054 
0.42187500000001193 
0.4068750000000116 
0.3743750000000107 
0.26437500000001035 
0.43312500000001214 
0.2218750000000096 
0.32562500000001054 
0.35062500000001057 
0.4118750000000116 
0.4156250000000117 
0.4243750000000119 
0.3318750000000105 
0.3956250000000112 
0.4368750000000122 
0.40562500000001145 
0.3268750000000105 
0.3968750000000112 
0.3281250000000105 
0.35312500000001057 
0.37312500000001064 
0.4043750000000114 
0.37312500000001064 
0.3268750000000105 
0.3956250000000112 
0.34812500000001056 
0.3968750000000112 
0.3081250000000105 
0.2756250000000104 
0.3693750000000106 
0.34312500000001056 
0.44687500000001223 
0.26437500000001035 
0.30062500000001047 
0.3668750000000106 
0.4256250000000119 
0.3956250000000112 
0.38437500000001096 
0.3306250000000105 
0.38687500000001096 
0.2506250000000103 
0.40312500000001145 
0.27437500000001036 
0.3443750000000106 
0.3893750000000111 
0.3993750000000113 
0.3968750000000112 
0.32812500000001055 
0.4156250000000117 
0.2206250000000096 
0.40812500000001156 
0.4206250000000118 
0.33937500000001053 
0.37812500000001076 
0.40562500000001145 
0.3943750000000112 
0.2868750000000104 
0.3281250000000105 
0.3368750000000105 
0.4256250000000119 
0.41437500000001165 
0.30187500000001044 
0.4018750000000113 
0.4043750000000114 
0.34812500000001056 
0.44687500000001223 
0.32812500000001055 
0.3931250000000112 
0.3493750000000106 
0.4018750000000113 
0.30187500000001044 
0.3106250000000105 
0.4193750000000118 
0.3718750000000106 
0.3743750000000106 
0.3118750000000105 
0.4118750000000117 
0.39937500000001136 
0.24562500000001022 
0.32562500000001054 
0.34312500000001056 
0.29812500000001046 
0.3906250000000111 
0.34437500000001053 
0.3668750000000106 
0.3693750000000106 
0.3143750000000105 
0.3656250000000106 
0.3893750000000111 
0.3093750000000105 
0.34687500000001054 
0.33562500000001055 
0.38187500000001084 
0.3743750000000107 
0.4206250000000118 
0.38062500000001087 
0.29687500000001044 
0.3643750000000106 
0.3831250000000108 
0.2806250000000104 
0.34437500000001053 
0.3631250000000106 
0.38187500000001084 
0.32562500000001054 
0.430625000000012 
0.3706250000000106 
0.34062500000001056 
0.3718750000000106 
0.24812500000001028 
0.3631250000000106 
0.2243750000000097 
0.3956250000000112 
0.4168750000000117 
0.3756250000000107 
0.41187500000001154 
0.4181250000000118 
0.3368750000000105 
0.39312500000001105 
0.40937500000001154 
0.430625000000012 
0.33062500000001055 
0.42437500000001194 
0.2743750000000104 
0.23187500000000988 
0.30437500000001044 
0.37687500000001073 
0.3243750000000105 
0.35187500000001054 
0.25937500000001035 
0.29687500000001044 
0.35562500000001057 
0.4231250000000119 
0.42187500000001193 
0.385625000000011 
0.37562500000001076 
0.34937500000001054 
0.4206250000000118 
0.4193750000000118 
0.34562500000001056 
0.38687500000001096 
0.29937500000001044 
0.4131250000000117 
0.42187500000001193 
0.35312500000001057 
0.30312500000001047 
0.4231250000000119 
0.16562500000000904 
0.29812500000001046 
0.33812500000001056 
0.3581250000000106 
0.3756250000000107 
0.3018750000000105 
0.4093750000000116 
0.41687500000001165 
0.35312500000001057 
0.34562500000001056 
0.33812500000001056 
0.34812500000001056 
0.3906250000000111 
0.29562500000001046 
0.40062500000001133 
0.3943750000000112 
0.30312500000001047 
0.4068750000000116 
0.2856250000000104 
0.3643750000000106 
0.41187500000001154 
0.3468750000000106 
0.3981250000000112 
0.41187500000001154 
0.42187500000001193 
0.37687500000001073 
0.38187500000001084 
0.3606250000000106 
0.3718750000000106 
0.3781250000000107 
0.30062500000001047 
0.3206250000000105 
0.4206250000000118 
0.40062500000001133 
0.26187500000001035 
0.3493750000000106 
0.34437500000001053 
0.3493750000000106 
0.37062500000001064 
0.3618750000000106 
0.3606250000000106 
0.29187500000001043 
0.4231250000000119 
0.4393750000000122 
0.42937500000001205 
0.3693750000000106 
0.24812500000001028 
0.385625000000011 
0.3743750000000107 
0.3643750000000106 
0.38687500000001096 
0.385625000000011 
0.34812500000001056 
0.3543750000000106 
0.26937500000001036 
0.3743750000000107 
0.3518750000000106 
0.39812500000001133 
0.38687500000001096 
0.30062500000001047 
0.3231250000000105 
0.3606250000000106 
0.3731250000000106 
0.4068750000000114 
0.4381250000000122 
0.44062500000001226 
0.24812500000001028 
0.3118750000000105 
0.3243750000000105 
0.3943750000000112 
0.4168750000000118 
0.24437500000001017 
0.34062500000001056 
0.2906250000000104 
0.4206250000000118 
0.3293750000000105 
0.41437500000001165 
0.34687500000001054 
0.2681250000000104 
0.3718750000000106 
0.35062500000001057 
0.3631250000000106 
0.3568750000000106 
0.40312500000001145 
0.3268750000000105 
0.3468750000000106 
0.24312500000001017 
0.2731250000000104 
0.4181250000000118 
0.3931250000000112 
0.3493750000000106 
0.3206250000000105 
0.34812500000001056 
0.3331250000000105 
0.42187500000001177 
0.3668750000000106 
0.37312500000001064 
0.13437500000000902 
0.3893750000000111 
0.40562500000001145 
0.3668750000000106 
0.4068750000000116 
0.33812500000001056 
0.34562500000001056 
0.4168750000000118 
0.19687500000000907 
0.3706250000000106 
0.33062500000001055 
0.33312500000001055 
0.32562500000001054 
0.23187500000000988 
0.2518750000000103 
0.3231250000000105 
0.29437500000001043 
0.34437500000001053 
0.3156250000000105 
0.3568750000000106 
0.34187500000001053 
0.35062500000001057 
0.26687500000001035 
0.3243750000000105 
0.3831250000000109 
0.3618750000000106 
0.3443750000000106 
0.3931250000000111 
0.34812500000001056 
0.3106250000000105 
