0.4756250000000122 
0.430625000000012 
0.4693750000000122 
0.4431250000000122 
0.46187500000001225 
0.3981250000000112 
0.4643750000000122 
0.43562500000001214 
0.4918750000000123 
0.44187500000001223 
0.4593750000000122 
0.4918750000000123 
0.39312500000001105 
0.4256250000000119 
0.19312500000000907 
0.5156250000000123 
0.4843750000000122 
0.4531250000000122 
0.3543750000000106 
0.4368750000000122 
0.4206250000000118 
0.4531250000000122 
0.5018750000000123 
0.3593750000000106 
0.37812500000001076 
0.3631250000000106 
0.4181250000000118 
0.47187500000001226 
0.3368750000000105 
0.37937500000001073 
0.4793750000000122 
0.4943750000000122 
0.4806250000000122 
0.49812500000001225 
0.5093750000000122 
0.44687500000001223 
0.45687500000001224 
0.4643750000000122 
0.33937500000001053 
0.3581250000000106 
0.4443750000000122 
0.3781250000000107 
0.428125000000012 
0.5118750000000123 
0.40312500000001134 
0.3718750000000106 
0.5018750000000123 
0.3631250000000106 
0.4918750000000123 
0.5056250000000123 
0.3581250000000106 
0.4806250000000123 
0.46687500000001225 
0.44562500000001215 
0.4806250000000123 
0.4656250000000123 
0.40812500000001156 
0.4756250000000123 
0.5056250000000123 
0.30187500000001044 
0.44062500000001215 
0.4431250000000122 
0.48187500000001227 
0.4531250000000122 
0.4443750000000122 
0.39562500000001116 
0.44062500000001215 
0.3318750000000105 
0.4631250000000122 
0.4131250000000115 
0.3831250000000108 
0.48187500000001227 
0.4381250000000122 
0.3006250000000104 
0.4893750000000122 
0.43312500000001214 
0.428125000000012 
0.4643750000000122 
0.4543750000000122 
0.4156250000000117 
0.4493750000000122 
0.48312500000001224 
0.3956250000000112 
0.47187500000001226 
0.4443750000000122 
0.46687500000001225 
0.4743750000000122 
0.48687500000001227 
0.430625000000012 
0.4918750000000123 
0.3568750000000106 
0.4218750000000118 
0.5218750000000123 
0.4643750000000122 
0.3968750000000112 
0.47812500000001223 
0.46187500000001225 
0.4268750000000119 
0.40937500000001154 
0.5018750000000123 
0.4381250000000122 
0.48312500000001224 
0.4581250000000122 
0.4368750000000122 
0.3943750000000112 
0.4368750000000121 
0.48687500000001227 
0.4068750000000114 
0.428125000000012 
0.45062500000001227 
0.5106250000000123 
0.29687500000001044 
0.4118750000000117 
0.4543750000000122 
0.3156250000000105 
0.4143750000000117 
0.4068750000000114 
0.430625000000012 
0.45187500000001224 
0.45187500000001224 
0.41062500000001156 
0.5206250000000123 
0.4743750000000122 
0.4906250000000123 
0.3618750000000106 
0.3993750000000113 
0.3806250000000108 
0.40937500000001154 
0.4756250000000123 
0.34062500000001056 
0.42187500000001177 
0.3831250000000108 
0.4581250000000122 
0.40312500000001145 
0.4681250000000122 
0.39312500000001105 
0.41187500000001154 
0.4993750000000122 
0.4631250000000122 
0.5093750000000122 
0.36437500000001055 
0.3906250000000111 
0.40937500000001154 
0.4756250000000123 
0.46187500000001225 
0.3856250000000108 
0.48187500000001227 
0.42187500000001177 
0.5031250000000123 
0.3806250000000108 
0.4681250000000122 
0.4956250000000123 
0.3943750000000112 
0.3993750000000113 
0.44562500000001215 
0.428125000000012 
0.4756250000000123 
0.45687500000001224 
0.49812500000001225 
0.38187500000001084 
0.5006250000000123 
0.5168750000000123 
0.27437500000001036 
0.4131250000000117 
0.48687500000001227 
0.4993750000000122 
0.5093750000000122 
0.3993750000000113 
0.3993750000000113 
0.4743750000000122 
0.4068750000000114 
0.45562500000001227 
0.4806250000000123 
0.3981250000000112 
0.48187500000001227 
0.4856250000000123 
0.48812500000001224 
0.43562500000001214 
0.4193750000000118 
0.4218750000000118 
0.40312500000001134 
0.4206250000000118 
0.4181250000000118 
0.4431250000000122 
0.31687500000001045 
0.4543750000000122 
0.39062500000001105 
0.431875000000012 
0.45687500000001224 
0.2406250000000101 
0.4031250000000113 
0.47312500000001223 
0.4443750000000122 
0.4631250000000122 
0.3956250000000112 
0.40312500000001145 
0.430625000000012 
0.3831250000000108 
0.3718750000000106 
0.43437500000001217 
0.5043750000000122 
0.4918750000000123 
0.41687500000001165 
0.30937500000001045 
0.3656250000000106 
0.3581250000000106 
0.42687500000001205 
0.23187500000000988 
0.3756250000000107 
0.3631250000000106 
0.38562500000001093 
0.4481250000000122 
0.3806250000000108 
0.4956250000000123 
0.3581250000000106 
0.4068750000000114 
0.4043750000000114 
0.4681250000000122 
0.47187500000001226 
0.44062500000001215 
0.4481250000000122 
0.41437500000001165 
0.49312500000001225 
0.428125000000012 
0.430625000000012 
0.4918750000000123 
0.45562500000001216 
0.4793750000000122 
0.2518750000000103 
0.40312500000001134 
0.4231250000000119 
0.38437500000001085 
0.388125000000011 
0.3706250000000106 
0.48187500000001227 
0.48187500000001227 
0.3368750000000105 
0.4018750000000113 
0.3706250000000106 
0.4968750000000123 
0.4156250000000117 
0.4743750000000122 
0.43437500000001217 
0.4643750000000122 
0.40812500000001156 
0.34312500000001056 
0.4443750000000122 
0.43187500000001217 
0.4531250000000122 
0.41187500000001154 
0.3968750000000112 
0.430625000000012 
0.36187500000001055 
0.48812500000001224 
0.43437500000001217 
0.3318750000000105 
0.43312500000001214 
0.3218750000000105 
0.4268750000000119 
0.3631250000000106 
0.3831250000000109 
0.43187500000001217 
0.48812500000001224 
0.4943750000000122 
0.3831250000000109 
0.3643750000000106 
0.46062500000001216 
0.42937500000001205 
0.47812500000001223 
0.45687500000001224 
0.48687500000001227 
0.2606250000000103 
0.37937500000001073 
0.40312500000001145 
0.5056250000000123 
0.3368750000000105 
0.4368750000000122 
0.4943750000000122 
0.4156250000000117 
0.45062500000001215 
0.430625000000012 
0.48187500000001227 
0.48187500000001227 
0.38437500000001085 
0.45562500000001227 
0.4368750000000122 
0.44062500000001215 
0.34937500000001054 
0.4368750000000122 
0.43312500000001214 
0.45562500000001216 
0.41687500000001165 
0.44687500000001223 
0.4268750000000119 
0.4381250000000122 
0.44562500000001215 
0.42187500000001193 
0.47687500000001226 
0.46062500000001216 
0.49312500000001225 
