0.47687500000001226 
0.5081250000000123 
0.4681250000000122 
0.47312500000001223 
0.4631250000000122 
0.45562500000001216 
0.4956250000000123 
0.3631250000000106 
0.5143750000000122 
0.4806250000000122 
0.32187500000001046 
0.428125000000012 
0.5081250000000123 
0.17187500000000905 
0.5031250000000123 
0.5068750000000123 
0.4631250000000122 
0.4643750000000122 
0.4756250000000123 
0.34437500000001053 
0.3831250000000108 
0.3268750000000105 
0.45062500000001215 
0.44062500000001215 
0.43312500000001214 
0.39562500000001116 
0.5056250000000123 
0.45062500000001215 
0.3993750000000112 
0.43437500000001217 
0.5068750000000123 
0.4993750000000122 
0.41687500000001165 
0.4943750000000122 
0.40062500000001133 
0.3231250000000105 
0.3818750000000108 
0.3368750000000105 
0.3781250000000107 
0.4443750000000122 
0.48812500000001224 
0.4893750000000122 
0.24187500000001005 
0.29437500000001043 
0.4493750000000122 
0.47687500000001226 
0.4631250000000122 
0.47187500000001226 
0.47812500000001223 
0.5106250000000123 
0.49312500000001225 
0.19562500000000907 
0.4918750000000123 
0.4493750000000122 
0.4593750000000122 
0.5056250000000123 
0.4693750000000122 
0.4856250000000123 
0.3993750000000112 
0.41312500000001157 
0.4943750000000122 
0.5018750000000123 
0.45562500000001216 
0.4843750000000122 
0.4918750000000123 
0.3406250000000105 
0.43312500000001214 
0.3943750000000111 
0.4956250000000123 
0.35562500000001057 
0.47687500000001226 
0.49312500000001225 
0.4706250000000123 
0.4968750000000123 
0.4906250000000123 
0.5043750000000122 
0.430625000000012 
0.5068750000000123 
0.5181250000000123 
0.31437500000001045 
0.4956250000000123 
0.4443750000000122 
0.4906250000000123 
0.4993750000000122 
0.3681250000000106 
0.3243750000000105 
0.49812500000001225 
0.4793750000000122 
0.49812500000001225 
0.4743750000000122 
0.4068750000000114 
0.4893750000000122 
0.4843750000000122 
0.4543750000000122 
0.5106250000000123 
0.44062500000001215 
0.4918750000000123 
0.4856250000000122 
0.4393750000000122 
0.39062500000001105 
0.47312500000001223 
0.4756250000000122 
0.5093750000000122 
0.3156250000000104 
0.4806250000000122 
0.32562500000001054 
0.5031250000000123 
0.4856250000000122 
0.4856250000000123 
0.4993750000000122 
0.34812500000001056 
0.4906250000000122 
0.4918750000000123 
0.4856250000000123 
0.45062500000001215 
0.4906250000000123 
0.36437500000001055 
0.5006250000000123 
0.48187500000001227 
0.4906250000000122 
0.4943750000000122 
0.5081250000000123 
0.4793750000000122 
0.47187500000001226 
0.4681250000000122 
0.24562500000001022 
0.4918750000000123 
0.4793750000000122 
0.3856250000000108 
0.44062500000001215 
0.47687500000001226 
0.35312500000001057 
0.47812500000001223 
0.49812500000001225 
0.39312500000001105 
0.34187500000001053 
0.4956250000000123 
0.47312500000001223 
0.49812500000001225 
0.4968750000000123 
0.4681250000000122 
0.4256250000000119 
0.40312500000001134 
0.431875000000012 
0.26437500000001035 
0.4893750000000122 
0.4531250000000122 
0.4593750000000122 
0.3781250000000107 
0.40812500000001145 
0.4206250000000118 
0.5018750000000123 
0.41437500000001165 
0.4993750000000122 
0.5006250000000123 
0.46062500000001216 
0.3506250000000105 
0.4943750000000122 
0.5093750000000122 
0.4593750000000122 
0.4368750000000121 
0.41187500000001154 
0.48187500000001227 
0.3631250000000106 
0.4056250000000114 
0.32437500000001046 
0.4018750000000113 
0.38937500000001096 
0.49312500000001225 
0.5093750000000122 
0.4706250000000123 
0.35437500000001054 
0.4843750000000122 
0.45562500000001216 
0.4418750000000121 
0.4806250000000123 
0.5056250000000123 
0.4693750000000122 
0.5006250000000123 
0.5031250000000123 
0.5056250000000123 
0.4381250000000122 
0.5068750000000123 
0.45687500000001224 
0.4968750000000123 
0.49812500000001225 
0.4743750000000122 
0.4443750000000122 
0.4906250000000123 
0.3606250000000106 
0.5018750000000123 
0.2606250000000103 
0.5068750000000123 
0.41687500000001165 
0.45687500000001224 
0.48687500000001227 
0.4993750000000122 
0.4943750000000122 
0.29687500000001044 
0.49312500000001225 
0.4956250000000123 
0.43437500000001217 
0.4431250000000122 
0.4543750000000122 
0.4531250000000122 
0.3968750000000112 
0.4693750000000122 
0.3918750000000111 
0.40937500000001154 
0.47312500000001223 
0.4956250000000123 
0.5006250000000123 
0.4743750000000122 
0.3756250000000107 
0.4593750000000122 
0.4593750000000122 
0.49312500000001225 
0.48312500000001224 
0.4481250000000122 
0.4856250000000123 
0.48812500000001224 
0.48312500000001224 
0.40812500000001145 
0.5143750000000122 
0.32437500000001046 
0.4081250000000114 
0.4368750000000121 
0.5168750000000123 
0.4806250000000123 
0.5093750000000122 
0.4943750000000122 
0.4431250000000122 
0.4706250000000123 
0.5043750000000122 
0.5093750000000122 
0.43312500000001214 
0.429375000000012 
0.4743750000000122 
0.4956250000000122 
0.45562500000001216 
0.4693750000000122 
0.35562500000001057 
0.5068750000000123 
0.4181250000000118 
0.46562500000001217 
0.5068750000000123 
0.44687500000001223 
0.3943750000000111 
0.45562500000001216 
0.4993750000000122 
0.46687500000001225 
0.48312500000001224 
0.5018750000000123 
0.4943750000000122 
0.4531250000000122 
0.4368750000000122 
0.4993750000000122 
0.49812500000001225 
0.4743750000000122 
0.4393750000000122 
0.34937500000001054 
0.4906250000000123 
0.5018750000000123 
0.48312500000001224 
0.5031250000000123 
0.48812500000001224 
0.430625000000012 
0.49312500000001225 
0.37687500000001073 
0.3606250000000106 
0.2856250000000104 
0.31937500000001046 
0.48687500000001227 
0.4806250000000123 
0.36437500000001055 
0.4393750000000122 
0.5006250000000123 
0.29687500000001044 
0.39312500000001105 
0.3918750000000111 
0.42187500000001177 
0.5068750000000123 
0.3931250000000111 
0.4068750000000114 
0.4181250000000117 
0.48187500000001227 
0.3631250000000106 
0.4743750000000122 
0.48687500000001227 
0.45562500000001216 
0.4493750000000122 
0.47812500000001223 
0.3156250000000104 
0.5031250000000123 
0.49812500000001225 
0.4443750000000122 
0.4856250000000123 
0.4793750000000122 
0.45187500000001224 
0.5006250000000123 
