0.43437500000001217 
0.3443750000000106 
0.42187500000001193 
0.3606250000000106 
0.2656250000000104 
0.3618750000000106 
0.34562500000001056 
0.34812500000001056 
0.4193750000000118 
0.2881250000000104 
0.38687500000001096 
0.32812500000001055 
0.3143750000000105 
0.4156250000000117 
0.34312500000001056 
0.22812500000000976 
0.3643750000000106 
0.38687500000001096 
0.3106250000000105 
0.3131250000000105 
0.41062500000001156 
0.40562500000001145 
0.385625000000011 
0.41687500000001165 
0.2768750000000104 
0.37312500000001064 
0.43562500000001214 
0.34437500000001053 
0.4168750000000118 
0.4181250000000118 
0.3931250000000111 
0.37812500000001076 
0.35187500000001054 
0.2843750000000104 
0.43312500000001214 
0.3081250000000105 
0.43437500000001217 
0.3468750000000106 
0.34562500000001056 
0.3018750000000105 
0.3493750000000106 
0.3093750000000105 
0.3118750000000105 
0.3268750000000105 
0.35437500000001054 
0.38437500000001096 
0.4168750000000118 
0.40312500000001145 
0.42437500000001194 
0.34312500000001056 
0.40562500000001145 
0.385625000000011 
0.3418750000000106 
0.3918750000000111 
0.34687500000001054 
0.3606250000000106 
0.3931250000000112 
0.34937500000001054 
0.3518750000000106 
0.3043750000000105 
0.3718750000000106 
0.29062500000001046 
0.35562500000001057 
0.3268750000000105 
0.3343750000000105 
0.3718750000000106 
0.4493750000000122 
0.4093750000000116 
0.33937500000001053 
0.38062500000001087 
0.3156250000000105 
0.3743750000000106 
0.3906250000000111 
0.4156250000000117 
0.2731250000000104 
0.43187500000001217 
0.3368750000000105 
0.40812500000001156 
0.3418750000000106 
0.3318750000000105 
0.3743750000000107 
0.40812500000001156 
0.3668750000000106 
0.3043750000000105 
0.33312500000001055 
0.4181250000000118 
0.38187500000001084 
0.37687500000001073 
0.4068750000000114 
0.19812500000000907 
0.3681250000000106 
0.37937500000001084 
0.40812500000001156 
0.4393750000000122 
0.3918750000000111 
0.3656250000000106 
0.23937500000001005 
0.33312500000001055 
0.33937500000001053 
0.3168750000000105 
0.2756250000000104 
0.43312500000001214 
0.38187500000001084 
0.3593750000000106 
0.34062500000001056 
0.2731250000000104 
0.3731250000000106 
0.428125000000012 
0.30437500000001044 
0.34812500000001056 
0.4131250000000117 
0.42187500000001177 
0.35437500000001054 
0.430625000000012 
0.4431250000000122 
0.37937500000001084 
0.4156250000000117 
0.3668750000000106 
0.43437500000001217 
0.4043750000000115 
0.3231250000000105 
0.4193750000000118 
0.3731250000000106 
0.4131250000000117 
0.39937500000001136 
0.37562500000001076 
0.4068750000000114 
0.33562500000001055 
0.3906250000000111 
0.38437500000001096 
0.3343750000000105 
0.3293750000000105 
0.35312500000001057 
0.3831250000000109 
0.3518750000000106 
0.40312500000001145 
0.35312500000001057 
0.3218750000000105 
0.3743750000000107 
0.3518750000000106 
0.3606250000000106 
0.40937500000001154 
0.3293750000000105 
0.35437500000001054 
0.385625000000011 
0.38187500000001084 
0.2806250000000104 
0.3743750000000107 
0.34062500000001056 
0.42437500000001194 
0.39812500000001133 
0.3831250000000109 
0.35562500000001057 
0.33562500000001055 
0.38062500000001087 
0.3643750000000106 
0.30312500000001047 
0.3443750000000106 
0.3943750000000112 
0.3268750000000105 
0.45187500000001224 
0.4156250000000117 
0.40562500000001145 
0.3168750000000105 
0.2681250000000104 
0.3156250000000105 
0.28562500000001045 
0.3581250000000106 
0.30562500000001047 
0.3131250000000105 
0.3806250000000108 
0.3143750000000105 
0.2731250000000104 
0.3206250000000105 
0.3731250000000106 
0.4368750000000122 
0.3343750000000105 
0.2706250000000104 
0.41062500000001156 
0.4581250000000122 
0.3393750000000106 
0.2043750000000092 
0.3368750000000105 
0.41687500000001165 
0.34187500000001053 
0.41687500000001165 
0.43312500000001214 
0.38187500000001084 
0.41437500000001165 
0.34812500000001056 
0.40562500000001145 
0.20062500000000907 
0.4131250000000117 
0.38687500000001096 
0.3581250000000106 
0.3656250000000106 
0.29187500000001043 
0.3893750000000111 
0.30437500000001044 
0.33812500000001056 
0.3831250000000109 
0.3681250000000106 
0.3206250000000105 
0.4093750000000116 
0.33937500000001053 
0.35562500000001057 
0.4481250000000122 
0.3068750000000105 
0.4131250000000117 
0.3343750000000105 
0.3606250000000106 
0.3631250000000106 
0.42437500000001194 
0.2993750000000105 
0.34062500000001056 
0.3193750000000105 
0.3631250000000106 
0.39687500000001125 
0.35562500000001057 
0.4543750000000122 
0.4131250000000117 
0.3206250000000105 
0.3631250000000106 
0.39812500000001133 
0.3368750000000105 
0.3731250000000106 
0.3118750000000105 
0.3968750000000112 
0.3568750000000106 
0.23187500000000988 
0.4043750000000115 
0.3643750000000106 
0.34937500000001054 
0.3368750000000106 
0.37812500000001076 
0.29312500000001046 
0.37312500000001064 
0.3831250000000109 
0.37687500000001073 
0.35562500000001057 
0.42187500000001193 
0.3318750000000105 
0.4206250000000118 
0.40312500000001145 
0.40937500000001154 
0.35437500000001054 
0.3718750000000106 
0.4068750000000115 
0.430625000000012 
0.4381250000000122 
0.29812500000001046 
0.44062500000001226 
0.3731250000000106 
0.35312500000001057 
0.40937500000001154 
0.4068750000000114 
0.3493750000000106 
0.2818750000000104 
0.4143750000000117 
0.43437500000001217 
0.30562500000001047 
0.44687500000001223 
0.29937500000001044 
0.3093750000000105 
0.3581250000000106 
0.2818750000000104 
0.4043750000000114 
0.40062500000001133 
0.33312500000001055 
0.43562500000001225 
0.35562500000001057 
0.3318750000000105 
0.38812500000001093 
0.3743750000000106 
0.4181250000000118 
0.33562500000001055 
0.3443750000000106 
0.3631250000000106 
0.3656250000000106 
0.33937500000001053 
0.44687500000001223 
0.29437500000001043 
0.39812500000001133 
0.37937500000001084 
0.37687500000001073 
0.3606250000000106 
0.44687500000001223 
0.35562500000001057 
0.3206250000000105 
0.32812500000001055 
0.4118750000000117 
0.40937500000001154 
0.25937500000001035 
0.18812500000000906 
0.30062500000001047 
0.3293750000000105 
0.2681250000000104 
0.41062500000001156 
0.21937500000000953 
0.3693750000000106 
