0.3606250000000106 
0.43562500000001214 
0.40062500000001133 
0.3343750000000105 
0.385625000000011 
0.3806250000000108 
0.3956250000000112 
0.3156250000000105 
0.4156250000000117 
0.4193750000000118 
0.32562500000001054 
0.21312500000000936 
0.3181250000000105 
0.3218750000000105 
0.29812500000001046 
0.3943750000000112 
0.3743750000000106 
0.30687500000001044 
0.3218750000000105 
0.34312500000001056 
0.4206250000000118 
0.43312500000001214 
0.4206250000000118 
0.38187500000001084 
0.34062500000001056 
0.3568750000000106 
0.3256250000000105 
0.4143750000000117 
0.3281250000000105 
0.3781250000000107 
0.3181250000000105 
0.42687500000001205 
0.42187500000001193 
0.3206250000000105 
0.3343750000000105 
0.3568750000000106 
0.428125000000012 
0.37812500000001076 
0.38187500000001084 
0.2656250000000104 
0.32562500000001054 
0.35437500000001054 
0.3718750000000106 
0.3468750000000106 
0.3156250000000105 
0.4256250000000119 
0.3893750000000111 
0.37062500000001064 
0.34312500000001056 
0.3618750000000106 
0.3756250000000107 
0.3606250000000106 
0.3931250000000111 
0.34312500000001056 
0.30562500000001047 
0.3518750000000106 
0.36812500000001064 
0.33937500000001053 
0.33062500000001055 
0.14687500000000903 
0.3368750000000105 
0.388125000000011 
0.3318750000000105 
0.3281250000000105 
0.37562500000001076 
0.37062500000001064 
0.24812500000001028 
0.37687500000001073 
0.3293750000000105 
0.35562500000001057 
0.3931250000000111 
0.385625000000011 
0.37687500000001073 
0.37937500000001084 
0.34812500000001056 
0.3318750000000105 
0.16312500000000904 
0.3143750000000105 
0.35062500000001057 
0.43437500000001217 
0.4218750000000118 
0.3918750000000111 
0.21687500000000948 
0.3781250000000107 
0.4231250000000119 
0.38062500000001087 
0.4531250000000122 
0.3718750000000106 
0.33812500000001056 
0.3968750000000112 
0.4131250000000117 
0.37937500000001084 
0.3168750000000105 
0.3081250000000105 
0.3968750000000112 
0.2406250000000101 
0.29187500000001043 
0.37937500000001084 
0.3118750000000105 
0.3693750000000106 
0.38437500000001096 
0.34562500000001056 
0.40562500000001145 
0.3368750000000105 
0.44062500000001215 
0.3106250000000105 
0.33062500000001055 
0.38687500000001096 
0.34562500000001056 
0.3618750000000106 
0.2793750000000104 
0.4018750000000113 
0.35562500000001057 
0.36562500000001064 
0.36812500000001064 
0.4168750000000118 
0.4043750000000115 
0.30687500000001044 
0.33812500000001056 
0.2506250000000103 
0.3668750000000106 
0.3081250000000105 
0.2818750000000104 
0.34687500000001054 
0.34187500000001053 
0.3831250000000109 
0.3893750000000111 
0.3493750000000106 
0.16562500000000904 
0.3893750000000111 
0.38062500000001087 
0.33062500000001055 
0.4206250000000118 
0.4206250000000118 
0.40062500000001133 
0.33062500000001055 
0.3931250000000112 
0.3906250000000111 
0.3168750000000105 
0.3606250000000106 
0.39937500000001136 
0.3118750000000105 
0.2856250000000104 
0.34187500000001053 
0.3593750000000106 
0.4156250000000117 
0.22437500000000965 
0.3068750000000105 
0.3243750000000105 
0.3756250000000107 
0.4068750000000114 
0.36562500000001064 
0.40812500000001156 
0.3018750000000105 
0.38187500000001084 
0.383125000000011 
0.34312500000001056 
0.43187500000001217 
0.3043750000000105 
0.37687500000001073 
0.3581250000000106 
0.21562500000000948 
0.3981250000000112 
0.4143750000000117 
0.3968750000000112 
0.3693750000000106 
0.38062500000001087 
0.4068750000000114 
0.37812500000001076 
0.3306250000000105 
0.33062500000001055 
0.37937500000001084 
0.30062500000001047 
0.3831250000000109 
0.4168750000000118 
0.29437500000001043 
0.37062500000001064 
0.2768750000000104 
0.3631250000000106 
0.3643750000000106 
0.37937500000001084 
0.3543750000000106 
0.3693750000000106 
0.41187500000001154 
0.3343750000000105 
0.2793750000000104 
0.426875000000012 
0.3893750000000111 
0.35562500000001057 
0.34187500000001053 
0.3168750000000105 
0.3606250000000106 
0.3656250000000106 
0.34812500000001056 
0.40812500000001156 
0.3581250000000106 
0.29687500000001044 
0.34062500000001056 
0.35687500000001054 
0.3593750000000106 
0.34437500000001053 
0.3918750000000111 
0.3231250000000105 
0.21312500000000942 
0.37937500000001084 
0.37062500000001064 
0.3143750000000105 
0.3606250000000106 
0.32562500000001054 
0.3643750000000106 
0.30062500000001047 
0.37937500000001084 
0.43562500000001214 
0.39812500000001133 
0.3831250000000109 
0.2581250000000104 
0.428125000000012 
0.4068750000000116 
0.3968750000000112 
0.428125000000012 
0.3368750000000105 
0.40062500000001133 
0.3718750000000106 
0.3743750000000106 
0.3893750000000111 
0.34562500000001056 
0.3631250000000106 
0.3693750000000106 
0.3731250000000106 
0.3631250000000106 
0.4156250000000117 
0.3631250000000106 
0.35187500000001054 
0.2806250000000104 
0.3306250000000105 
0.40812500000001156 
0.43562500000001225 
0.35062500000001057 
0.3368750000000105 
0.3581250000000106 
0.30937500000001045 
0.25437500000001034 
0.3918750000000111 
0.3631250000000106 
0.32562500000001054 
0.3543750000000106 
0.3581250000000106 
0.35312500000001057 
0.3543750000000106 
0.35562500000001057 
0.42187500000001193 
0.29437500000001043 
0.32812500000001055 
0.33562500000001055 
0.33562500000001055 
0.3606250000000106 
0.33937500000001053 
0.3218750000000105 
0.3693750000000106 
0.4018750000000113 
0.28812500000001046 
0.39812500000001133 
0.385625000000011 
0.24937500000001028 
0.34812500000001056 
0.3231250000000105 
0.2881250000000104 
0.45562500000001227 
0.3593750000000106 
0.37937500000001084 
0.3593750000000106 
0.3106250000000105 
0.41437500000001165 
0.32812500000001055 
0.3206250000000105 
0.3893750000000111 
0.3943750000000112 
0.4118750000000117 
0.3718750000000106 
0.40062500000001133 
0.3318750000000105 
0.2556250000000103 
0.3106250000000105 
0.29187500000001043 
0.35062500000001057 
0.29562500000001046 
0.3831250000000108 
0.35312500000001057 
0.32562500000001054 
0.38187500000001084 
0.428125000000012 
0.3118750000000105 
0.3743750000000106 
0.3918750000000111 
0.33812500000001056 
0.3331250000000105 
0.34062500000001056 
0.3981250000000112 
0.3618750000000106 
0.3606250000000106 
