0.3493750000000106 
0.40562500000001145 
0.3181250000000105 
0.4118750000000117 
0.3956250000000112 
0.30562500000001047 
0.24437500000001022 
0.3568750000000106 
0.41062500000001156 
0.36187500000001055 
0.2781250000000104 
0.37687500000001073 
0.3518750000000106 
0.3131250000000105 
0.34312500000001056 
0.3368750000000105 
0.34062500000001056 
0.2731250000000104 
0.29687500000001044 
0.30687500000001044 
0.4206250000000118 
0.33312500000001055 
0.3468750000000106 
0.3806250000000108 
0.3681250000000106 
0.3568750000000106 
0.3343750000000105 
0.4068750000000115 
0.32562500000001054 
0.3143750000000105 
0.30062500000001047 
0.3256250000000105 
0.3931250000000111 
0.4043750000000114 
0.2631250000000104 
0.3018750000000105 
0.29812500000001046 
0.3418750000000106 
0.3693750000000106 
0.38687500000001096 
0.3331250000000105 
0.41187500000001154 
0.4206250000000118 
0.40562500000001145 
0.3631250000000106 
0.3168750000000105 
0.3218750000000105 
0.23937500000001005 
0.3081250000000105 
0.3081250000000105 
0.3218750000000105 
0.37687500000001073 
0.38187500000001084 
0.4118750000000117 
0.3968750000000112 
0.3131250000000105 
0.34062500000001056 
0.2856250000000104 
0.34937500000001054 
0.3106250000000105 
0.42937500000001205 
0.2781250000000104 
0.30562500000001047 
0.39812500000001133 
0.4018750000000113 
0.25187500000001034 
0.25437500000001034 
0.4018750000000113 
0.3668750000000106 
0.3206250000000105 
0.34562500000001056 
0.42937500000001205 
0.3968750000000112 
0.26687500000001035 
0.3968750000000112 
0.21312500000000942 
0.3718750000000106 
0.40312500000001145 
0.35437500000001054 
0.39812500000001133 
0.34562500000001056 
0.40562500000001145 
0.34062500000001056 
0.3593750000000106 
0.428125000000012 
0.22812500000000982 
0.41937500000001177 
0.29937500000001044 
0.4068750000000115 
0.33062500000001055 
0.37312500000001064 
0.2993750000000105 
0.3893750000000111 
0.3343750000000105 
0.40062500000001133 
0.38437500000001096 
0.37562500000001076 
0.3893750000000111 
0.3931250000000111 
0.34812500000001056 
0.3718750000000106 
0.3918750000000111 
0.3781250000000107 
0.31562500000001054 
0.40812500000001156 
0.4381250000000122 
0.33562500000001055 
0.42937500000001205 
0.3656250000000106 
0.35562500000001057 
0.34187500000001053 
0.3956250000000112 
0.25437500000001034 
0.37687500000001073 
0.17062500000000905 
0.29812500000001046 
0.3156250000000105 
0.25687500000001035 
0.383125000000011 
0.4156250000000117 
0.4206250000000118 
0.38187500000001084 
0.24812500000001028 
0.4156250000000117 
0.37562500000001076 
0.3906250000000111 
0.37687500000001073 
0.3443750000000106 
0.3318750000000105 
0.3368750000000105 
0.3806250000000108 
0.41437500000001165 
0.3681250000000106 
0.41187500000001154 
0.2631250000000104 
0.35062500000001057 
0.37562500000001076 
0.3931250000000112 
0.2606250000000103 
0.38062500000001087 
0.37562500000001076 
0.27687500000001036 
0.33062500000001055 
0.4131250000000117 
0.28937500000001043 
0.3931250000000111 
0.2556250000000103 
0.38187500000001084 
0.4206250000000118 
0.3881250000000111 
0.4443750000000122 
0.32562500000001054 
0.3343750000000105 
0.430625000000012 
0.39312500000001105 
0.35062500000001057 
0.35062500000001057 
0.4231250000000119 
0.42687500000001205 
0.26937500000001036 
0.28937500000001043 
0.35062500000001057 
0.3606250000000106 
0.3631250000000106 
0.3668750000000106 
0.3581250000000106 
0.3893750000000111 
0.4068750000000114 
0.25437500000001034 
0.4206250000000118 
0.3356250000000105 
0.42687500000001205 
0.3831250000000108 
0.3368750000000105 
0.37687500000001073 
0.3956250000000112 
0.4143750000000117 
0.29062500000001046 
0.40562500000001145 
0.37687500000001073 
0.3181250000000105 
0.34062500000001056 
0.38062500000001087 
0.126875000000009 
0.26437500000001035 
0.3831250000000109 
0.4018750000000113 
0.3368750000000105 
0.385625000000011 
0.20812500000000925 
0.3106250000000105 
0.3881250000000111 
0.3256250000000105 
0.39687500000001125 
0.4118750000000116 
0.29437500000001043 
0.3518750000000106 
0.35687500000001054 
0.3368750000000106 
0.23812500000001005 
0.26437500000001035 
0.33812500000001056 
0.4593750000000122 
0.3268750000000105 
0.430625000000012 
0.42687500000001205 
0.3956250000000112 
0.3931250000000111 
0.29937500000001044 
0.2868750000000104 
0.4181250000000118 
0.3643750000000106 
0.37687500000001073 
0.3218750000000105 
0.385625000000011 
0.38437500000001096 
0.22937500000000982 
0.40937500000001154 
0.3781250000000107 
0.38687500000001096 
0.3131250000000105 
0.3131250000000105 
0.35062500000001057 
0.37812500000001076 
0.3906250000000111 
0.2806250000000104 
0.4231250000000119 
0.3731250000000106 
0.3681250000000106 
0.33062500000001055 
0.43437500000001217 
0.3668750000000106 
0.4206250000000118 
0.40312500000001145 
0.30312500000001047 
0.4481250000000122 
0.3343750000000105 
0.3193750000000105 
0.4168750000000117 
0.41437500000001165 
0.3368750000000105 
0.3631250000000106 
0.34312500000001056 
0.3493750000000106 
0.34937500000001054 
0.38812500000001093 
0.3593750000000106 
0.34437500000001053 
0.3493750000000106 
0.2781250000000104 
0.3318750000000105 
0.428125000000012 
0.38687500000001096 
0.40562500000001145 
0.33562500000001055 
0.3131250000000105 
0.37937500000001084 
0.4206250000000118 
0.37062500000001064 
0.2843750000000104 
0.3668750000000106 
0.3706250000000106 
0.30062500000001047 
0.3731250000000106 
0.40937500000001154 
0.33562500000001055 
0.3681250000000106 
0.38062500000001087 
0.30437500000001044 
0.38437500000001096 
0.34187500000001053 
0.30437500000001044 
0.3893750000000111 
0.38062500000001087 
0.34437500000001053 
0.2206250000000096 
0.3293750000000105 
0.428125000000012 
0.3718750000000106 
0.4231250000000119 
0.3756250000000107 
0.37937500000001073 
0.26187500000001035 
0.41437500000001165 
0.3806250000000108 
0.3218750000000105 
0.38437500000001096 
0.388125000000011 
0.4368750000000122 
0.3743750000000106 
0.24937500000001034 
0.3543750000000106 
0.3693750000000106 
0.3706250000000106 
0.35562500000001057 
0.3718750000000106 
0.37937500000001084 
0.3706250000000106 
0.3368750000000105 
0.44187500000001223 
