0.3143750000000105 
0.3443750000000106 
0.2843750000000104 
0.46187500000001225 
0.17937500000000905 
0.3668750000000106 
0.43187500000001217 
0.3343750000000105 
0.3981250000000112 
0.3706250000000106 
0.3081250000000105 
0.3956250000000112 
0.37312500000001064 
0.40562500000001145 
0.35312500000001057 
0.4193750000000118 
0.2418750000000101 
0.26187500000001035 
0.4143750000000117 
0.38187500000001084 
0.3931250000000112 
0.3118750000000105 
0.38187500000001084 
0.42687500000001205 
0.40937500000001154 
0.3718750000000106 
0.3656250000000106 
0.33812500000001056 
0.24812500000001028 
0.41062500000001156 
0.3931250000000112 
0.2731250000000104 
0.3343750000000105 
0.2531250000000103 
0.3993750000000113 
0.430625000000012 
0.3656250000000106 
0.34062500000001056 
0.3618750000000106 
0.37062500000001064 
0.3293750000000105 
0.3668750000000106 
0.3731250000000106 
0.3831250000000109 
0.4043750000000114 
0.4581250000000122 
0.4131250000000117 
0.3668750000000106 
0.33062500000001055 
0.3681250000000106 
0.41062500000001156 
0.32812500000001055 
0.3643750000000106 
0.3906250000000111 
0.3956250000000112 
0.385625000000011 
0.37937500000001073 
0.29062500000001046 
0.3581250000000106 
0.3156250000000105 
0.428125000000012 
0.4131250000000117 
0.3756250000000107 
0.4043750000000114 
0.41062500000001156 
0.385625000000011 
0.3543750000000106 
0.3968750000000112 
0.24437500000001017 
0.26687500000001035 
0.3581250000000106 
0.35312500000001057 
0.30312500000001047 
0.41437500000001165 
0.32812500000001055 
0.3718750000000106 
0.3643750000000106 
0.4231250000000119 
0.4231250000000119 
0.37812500000001076 
0.24937500000001034 
0.3968750000000112 
0.37312500000001064 
0.3743750000000106 
0.45187500000001224 
0.3581250000000106 
0.3606250000000106 
0.38187500000001084 
0.4043750000000114 
0.2993750000000105 
0.3143750000000105 
0.33937500000001053 
0.44062500000001215 
0.42687500000001205 
0.388125000000011 
0.29687500000001044 
0.30062500000001047 
0.40312500000001145 
0.43312500000001214 
0.2693750000000104 
0.3693750000000106 
0.43437500000001217 
0.3581250000000106 
0.3181250000000105 
0.430625000000012 
0.35562500000001057 
0.3468750000000106 
0.3643750000000106 
0.4206250000000118 
0.29187500000001043 
0.30437500000001044 
0.34562500000001056 
0.40312500000001145 
0.37687500000001073 
0.4043750000000114 
0.4131250000000117 
0.430625000000012 
0.30312500000001047 
0.3893750000000111 
0.39812500000001133 
0.2643750000000104 
0.4231250000000119 
0.3581250000000106 
0.3743750000000107 
0.34062500000001056 
0.38687500000001096 
0.2793750000000104 
0.35062500000001057 
0.4118750000000117 
0.2743750000000104 
0.4693750000000122 
0.43562500000001214 
0.3806250000000108 
0.23812500000001005 
0.3581250000000106 
0.4443750000000122 
0.33937500000001053 
0.25687500000001035 
0.3393750000000106 
0.3618750000000106 
0.3693750000000106 
0.3206250000000105 
0.4631250000000122 
0.3706250000000106 
0.29312500000001046 
0.34312500000001056 
0.30687500000001044 
0.35187500000001054 
0.3218750000000105 
0.41062500000001156 
0.25687500000001035 
0.45562500000001227 
0.41062500000001156 
0.29437500000001043 
0.38687500000001096 
0.40562500000001145 
0.4168750000000118 
0.37812500000001076 
0.3918750000000111 
0.38437500000001096 
0.3631250000000106 
0.4543750000000122 
0.2606250000000104 
0.35562500000001057 
0.42187500000001193 
0.2931250000000104 
0.3718750000000106 
0.42437500000001194 
0.2606250000000104 
0.25687500000001035 
0.3993750000000113 
0.3293750000000105 
0.3918750000000111 
0.40812500000001156 
0.4168750000000117 
0.3068750000000105 
0.3581250000000106 
0.3831250000000108 
0.3106250000000105 
0.43312500000001214 
0.4193750000000118 
0.2868750000000104 
0.3656250000000106 
0.38687500000001096 
0.37937500000001084 
0.3618750000000106 
0.4231250000000119 
0.3906250000000111 
0.3743750000000107 
0.35562500000001057 
0.383125000000011 
0.34937500000001054 
0.3193750000000105 
0.2581250000000104 
0.37687500000001073 
0.3293750000000105 
0.4493750000000122 
0.4743750000000122 
0.23812500000001005 
0.3906250000000111 
0.39687500000001125 
0.41187500000001154 
0.30187500000001044 
0.3081250000000105 
0.3606250000000106 
0.3581250000000106 
0.38687500000001096 
0.41437500000001165 
0.3956250000000112 
0.2093750000000093 
0.43187500000001217 
0.3218750000000105 
0.3831250000000109 
0.3631250000000106 
0.38687500000001096 
0.3943750000000112 
0.38187500000001084 
0.4593750000000122 
0.27187500000001036 
0.42687500000001205 
0.38187500000001084 
0.29937500000001044 
0.38062500000001087 
0.3356250000000105 
0.4131250000000117 
0.33062500000001055 
0.4206250000000118 
0.3118750000000105 
0.3918750000000111 
0.37062500000001064 
0.39437500000001124 
0.3268750000000105 
0.3681250000000106 
0.37812500000001076 
0.3943750000000112 
0.3906250000000111 
0.34687500000001054 
0.37062500000001064 
0.4318750000000121 
0.4068750000000114 
0.29062500000001046 
0.41062500000001156 
0.385625000000011 
0.42687500000001205 
0.2843750000000104 
0.37812500000001076 
0.3581250000000106 
0.45062500000001227 
0.3693750000000106 
0.40312500000001145 
0.3231250000000105 
0.3606250000000106 
0.3318750000000105 
0.3706250000000106 
0.29687500000001044 
0.29687500000001044 
0.40562500000001145 
0.3693750000000106 
0.3606250000000106 
0.41062500000001156 
0.4393750000000122 
0.32562500000001054 
0.385625000000011 
0.37687500000001073 
0.34687500000001054 
0.3143750000000105 
0.36312500000001063 
0.3093750000000105 
0.4156250000000117 
0.3681250000000106 
0.39812500000001133 
0.37937500000001084 
0.3718750000000106 
0.2818750000000104 
0.17687500000000905 
0.3618750000000106 
0.42187500000001193 
0.3156250000000105 
0.32562500000001054 
0.29437500000001043 
0.30437500000001044 
0.4068750000000114 
0.3693750000000106 
0.4156250000000117 
0.43562500000001214 
0.41187500000001154 
0.3243750000000105 
0.3893750000000111 
0.38187500000001084 
0.3343750000000105 
0.3231250000000105 
0.38062500000001087 
0.3206250000000105 
0.21312500000000936 
0.3681250000000106 
0.34312500000001056 
0.3606250000000106 
0.430625000000012 
0.26937500000001036 
0.2793750000000104 
