0.4968750000000123 
0.4993750000000122 
0.47687500000001226 
0.47187500000001226 
0.5006250000000123 
0.48187500000001227 
0.48187500000001227 
0.2456250000000101 
0.3031250000000104 
0.3831250000000108 
0.46562500000001217 
0.48812500000001224 
0.4993750000000122 
0.5056250000000123 
0.3256250000000105 
0.5031250000000123 
0.46687500000001225 
0.4693750000000122 
0.4156250000000117 
0.4918750000000123 
0.34812500000001056 
0.4918750000000123 
0.47187500000001226 
0.5068750000000123 
0.4206250000000118 
0.48312500000001224 
0.25062500000001026 
0.28437500000001037 
0.4631250000000122 
0.2981250000000104 
0.49312500000001225 
0.4131250000000115 
0.4443750000000122 
0.47187500000001226 
0.4381250000000122 
0.22437500000000965 
0.35437500000001054 
0.41437500000001165 
0.34812500000001056 
0.45062500000001215 
0.5006250000000123 
0.46187500000001225 
0.4993750000000122 
0.4943750000000122 
0.4956250000000123 
0.4943750000000122 
0.45687500000001224 
0.27062500000001033 
0.3406250000000105 
0.4793750000000122 
0.4918750000000123 
0.48812500000001224 
0.48312500000001224 
0.3731250000000106 
0.4481250000000122 
0.48812500000001224 
0.48812500000001224 
0.41937500000001177 
0.4843750000000122 
0.44062500000001215 
0.4156250000000117 
0.4543750000000122 
0.4856250000000123 
0.2781250000000104 
0.5043750000000122 
0.4968750000000123 
0.49312500000001225 
0.4681250000000122 
0.4231250000000119 
0.3356250000000105 
0.5031250000000123 
0.33687500000001047 
0.4206250000000118 
0.47812500000001223 
0.32687500000001046 
0.18812500000000906 
0.4993750000000122 
0.5068750000000123 
0.45687500000001224 
0.48812500000001224 
0.47312500000001223 
0.41937500000001177 
0.38437500000001085 
0.46187500000001225 
0.4806250000000123 
0.41437500000001165 
0.44687500000001223 
0.3256250000000105 
0.4943750000000122 
0.4956250000000123 
0.4856250000000123 
0.48687500000001227 
0.4631250000000122 
0.38687500000001096 
0.42187500000001177 
0.48687500000001227 
0.430625000000012 
0.4968750000000123 
0.46687500000001225 
0.3981250000000112 
0.36687500000001055 
0.49812500000001225 
0.4593750000000122 
0.4918750000000123 
0.48687500000001227 
0.4381250000000122 
0.4968750000000123 
0.2881250000000104 
0.45687500000001224 
0.47812500000001223 
0.47812500000001223 
0.47187500000001226 
0.18687500000000906 
0.4256250000000119 
0.48687500000001227 
0.4893750000000122 
0.4681250000000122 
0.4918750000000123 
0.4993750000000122 
0.49812500000001225 
0.47812500000001223 
0.4943750000000122 
0.44187500000001223 
0.4543750000000122 
0.29937500000001044 
0.47312500000001223 
0.5018750000000123 
0.5006250000000123 
0.4631250000000122 
0.48187500000001227 
0.4268750000000119 
0.48312500000001224 
0.5031250000000123 
0.5018750000000123 
0.3306250000000105 
0.34937500000001054 
0.4431250000000122 
0.49812500000001225 
0.24187500000001 
0.44687500000001223 
0.4843750000000122 
0.3968750000000112 
0.45187500000001224 
0.4743750000000122 
0.47812500000001223 
0.3356250000000105 
0.4043750000000114 
0.4081250000000114 
0.5031250000000123 
0.3206250000000105 
0.5056250000000123 
0.38562500000001093 
0.48687500000001227 
0.49312500000001225 
0.4131250000000117 
0.4218750000000118 
0.4906250000000122 
0.35187500000001054 
0.3656250000000106 
0.47312500000001223 
0.2943750000000104 
0.4806250000000123 
0.5006250000000123 
0.37187500000001056 
0.4968750000000123 
0.2981250000000104 
0.4706250000000123 
0.3706250000000106 
0.23562500000000994 
0.3206250000000105 
0.5018750000000123 
0.4793750000000122 
0.4843750000000122 
0.47187500000001226 
0.4181250000000117 
0.48312500000001224 
0.49312500000001225 
0.4493750000000122 
0.4643750000000122 
0.4368750000000121 
0.31937500000001046 
0.41937500000001177 
0.4968750000000123 
0.30187500000001044 
0.4793750000000122 
0.5043750000000122 
0.4906250000000123 
0.47812500000001223 
0.49312500000001225 
0.4593750000000122 
0.4843750000000122 
0.3756250000000106 
0.3131250000000105 
0.4656250000000123 
0.4693750000000122 
0.4706250000000123 
0.41937500000001177 
0.20062500000000907 
0.4706250000000123 
0.44062500000001215 
0.30562500000001047 
0.4843750000000122 
0.5043750000000122 
0.3631250000000106 
0.4856250000000123 
0.41312500000001157 
0.4256250000000119 
0.4418750000000121 
0.41062500000001156 
0.4793750000000122 
0.46687500000001225 
0.4593750000000122 
0.4856250000000123 
0.4893750000000122 
0.4643750000000122 
0.4968750000000123 
0.4956250000000123 
0.4856250000000123 
0.40312500000001134 
0.46562500000001217 
0.38437500000001085 
0.31187500000001045 
0.4943750000000122 
0.33187500000001047 
0.5006250000000123 
0.3256250000000105 
0.49812500000001225 
0.47312500000001223 
0.47187500000001226 
0.4393750000000122 
0.49812500000001225 
0.4543750000000122 
0.4856250000000123 
0.4756250000000122 
0.21062500000000936 
0.4543750000000122 
0.39812500000001116 
0.4743750000000122 
0.4918750000000123 
0.42937500000001205 
0.3856250000000108 
0.41687500000001165 
0.5031250000000123 
0.4681250000000122 
0.23062500000000977 
0.5006250000000123 
0.4906250000000123 
0.5031250000000123 
0.4493750000000122 
0.47687500000001226 
0.38437500000001085 
0.3031250000000104 
0.4968750000000123 
0.45187500000001224 
0.46062500000001216 
0.4906250000000123 
0.4381250000000122 
0.32937500000001046 
0.30312500000001047 
0.39562500000001116 
0.4943750000000122 
0.3631250000000106 
0.4631250000000122 
0.4918750000000123 
0.2656250000000103 
0.38187500000001084 
0.47187500000001226 
0.34437500000001053 
0.5018750000000123 
0.35437500000001054 
0.4943750000000122 
0.4956250000000123 
0.43437500000001217 
0.48312500000001224 
0.48812500000001224 
0.2881250000000104 
0.4956250000000123 
0.48312500000001224 
0.4993750000000122 
0.4956250000000123 
0.4956250000000123 
0.4181250000000118 
0.4706250000000122 
0.49312500000001225 
0.4943750000000122 
0.5018750000000123 
0.48687500000001227 
0.48312500000001224 
0.4956250000000123 
0.49312500000001225 
0.28062500000001034 
0.4156250000000117 
0.35062500000001057 
0.4368750000000122 
0.49312500000001225 
0.30437500000001044 
0.4906250000000123 
0.41687500000001165 
0.48187500000001227 
0.4756250000000123 
