0.38437500000001096 
0.3968750000000112 
0.4156250000000117 
0.3231250000000105 
0.2768750000000104 
0.4068750000000114 
0.3593750000000106 
0.3693750000000106 
0.4181250000000118 
0.430625000000012 
0.37687500000001073 
0.3181250000000105 
0.3693750000000106 
0.4243750000000119 
0.3693750000000106 
0.33312500000001055 
0.33562500000001055 
0.35062500000001057 
0.41437500000001165 
0.44562500000001215 
0.2843750000000104 
0.3218750000000105 
0.3906250000000111 
0.3581250000000106 
0.32312500000001054 
0.34062500000001056 
0.3743750000000106 
0.2756250000000104 
0.2731250000000104 
0.3131250000000105 
0.30062500000001047 
0.35312500000001057 
0.3681250000000106 
0.38687500000001096 
0.37062500000001064 
0.40562500000001145 
0.35687500000001054 
0.3343750000000105 
0.2806250000000104 
0.33937500000001053 
0.32562500000001054 
0.3606250000000106 
0.3656250000000106 
0.29062500000001046 
0.37937500000001084 
0.3906250000000111 
0.33062500000001055 
0.43437500000001217 
0.3256250000000105 
0.34187500000001053 
0.20437500000000913 
0.42687500000001205 
0.41437500000001165 
0.35187500000001054 
0.3306250000000105 
0.3606250000000106 
0.32562500000001054 
0.33312500000001055 
0.3268750000000105 
0.4381250000000122 
0.35562500000001057 
0.3656250000000106 
0.3956250000000112 
0.3918750000000111 
0.3956250000000112 
0.2756250000000104 
0.30062500000001047 
0.36062500000001063 
0.3606250000000106 
0.3893750000000111 
0.3918750000000111 
0.4206250000000118 
0.3806250000000108 
0.3668750000000106 
0.38437500000001096 
0.4043750000000114 
0.34062500000001056 
0.29062500000001046 
0.30687500000001044 
0.34187500000001053 
0.40562500000001145 
0.43062500000001214 
0.3718750000000106 
0.3706250000000106 
0.42437500000001194 
0.27437500000001036 
0.3618750000000106 
0.28812500000001046 
0.3931250000000112 
0.4368750000000122 
0.3918750000000111 
0.40312500000001145 
0.3668750000000106 
0.40812500000001156 
0.3931250000000111 
0.37312500000001064 
0.29687500000001044 
0.3643750000000106 
0.3181250000000105 
0.28562500000001045 
0.2881250000000104 
0.34062500000001056 
0.3643750000000106 
0.3293750000000105 
0.2806250000000104 
0.38562500000001093 
0.2581250000000103 
0.3606250000000106 
0.3593750000000106 
0.38687500000001096 
0.3756250000000107 
0.40312500000001145 
0.3618750000000106 
0.34687500000001054 
0.17562500000000905 
0.34312500000001056 
0.44187500000001223 
0.37812500000001076 
0.3968750000000112 
0.3518750000000106 
0.28312500000001045 
0.4368750000000122 
0.2506250000000103 
0.40312500000001145 
0.4181250000000118 
0.29562500000001046 
0.38062500000001087 
0.4181250000000118 
0.3743750000000107 
0.4143750000000117 
0.3381250000000105 
0.3706250000000106 
0.40937500000001154 
0.29937500000001044 
0.30187500000001044 
0.32062500000001054 
0.37937500000001073 
0.3106250000000105 
0.3893750000000111 
0.24437500000001017 
0.2218750000000096 
0.43562500000001214 
0.42437500000001194 
0.35312500000001057 
0.3693750000000106 
0.31562500000001054 
0.2831250000000104 
0.33062500000001055 
0.30937500000001045 
0.4431250000000122 
0.2881250000000104 
0.34437500000001053 
0.30937500000001045 
0.3893750000000111 
0.33062500000001055 
0.385625000000011 
0.40812500000001156 
0.2756250000000104 
0.34937500000001054 
0.3268750000000105 
0.3693750000000106 
0.3443750000000106 
0.3831250000000109 
0.3681250000000106 
0.35062500000001057 
0.4131250000000117 
0.3093750000000105 
0.4368750000000122 
0.44187500000001223 
0.35187500000001054 
0.3368750000000105 
0.4368750000000122 
0.33312500000001055 
0.18812500000000906 
0.3318750000000105 
0.31187500000001045 
0.35562500000001057 
0.3831250000000108 
0.3218750000000105 
0.3043750000000105 
0.3518750000000106 
0.35062500000001057 
0.29812500000001046 
0.35562500000001057 
0.3293750000000105 
0.29312500000001046 
0.3218750000000105 
0.38187500000001084 
0.24812500000001028 
0.3306250000000105 
0.385625000000011 
0.2881250000000104 
0.3681250000000106 
0.26687500000001035 
0.3018750000000105 
0.3956250000000112 
0.430625000000012 
0.2631250000000104 
0.3518750000000106 
0.35062500000001057 
0.34062500000001056 
0.2731250000000104 
0.38062500000001087 
0.3656250000000106 
0.18687500000000906 
0.30312500000001047 
0.3231250000000105 
0.35062500000001057 
0.41187500000001154 
0.30562500000001047 
0.13562500000000902 
0.34437500000001053 
0.41687500000001165 
0.29437500000001043 
0.3368750000000105 
0.34937500000001054 
0.2531250000000103 
0.4118750000000117 
0.4156250000000117 
0.35312500000001057 
0.428125000000012 
0.3568750000000106 
0.3368750000000105 
0.37062500000001064 
0.3693750000000106 
0.34312500000001056 
0.3218750000000105 
0.3606250000000106 
0.3743750000000106 
0.3918750000000111 
0.38062500000001087 
0.4131250000000117 
0.3218750000000105 
0.32562500000001054 
0.30062500000001047 
0.3918750000000111 
0.38187500000001084 
0.4143750000000117 
0.3581250000000106 
0.29562500000001046 
0.3606250000000106 
0.41062500000001156 
0.3931250000000112 
0.2881250000000104 
0.428125000000012 
0.3106250000000105 
0.37562500000001076 
0.37937500000001073 
0.33062500000001055 
0.428125000000012 
0.37937500000001084 
0.3568750000000106 
0.3218750000000105 
0.2818750000000104 
0.3518750000000106 
0.30062500000001047 
0.3918750000000111 
0.34812500000001056 
0.33312500000001055 
0.3956250000000112 
0.30187500000001044 
0.3956250000000112 
0.4181250000000118 
0.37312500000001064 
0.4393750000000122 
0.3893750000000111 
0.4118750000000117 
0.2993750000000105 
0.28562500000001045 
0.4256250000000119 
0.3106250000000105 
0.2418750000000101 
0.3831250000000109 
0.3831250000000109 
0.3893750000000111 
0.38687500000001096 
0.34437500000001053 
0.4206250000000118 
0.38062500000001087 
0.4656250000000123 
0.4043750000000115 
0.21312500000000936 
0.3131250000000105 
0.3968750000000112 
0.3581250000000106 
0.3831250000000109 
0.38437500000001096 
0.40312500000001145 
0.3881250000000111 
0.43187500000001217 
0.38437500000001096 
0.41937500000001177 
0.3906250000000111 
0.3706250000000106 
0.30312500000001047 
0.4181250000000118 
0.37937500000001084 
0.3668750000000106 
0.2706250000000104 
0.40062500000001133 
