0.4193750000000118 
0.45187500000001224 
0.23187500000000988 
0.31687500000001045 
0.4381250000000122 
0.4318750000000121 
0.45562500000001227 
0.4156250000000117 
0.39062500000001105 
0.3181250000000105 
0.4206250000000118 
0.40062500000001133 
0.3743750000000106 
0.4168750000000117 
0.32812500000001055 
0.3806250000000108 
0.4131250000000117 
0.4656250000000123 
0.3743750000000106 
0.43187500000001217 
0.46062500000001216 
0.35687500000001054 
0.430625000000012 
0.4343750000000121 
0.40062500000001133 
0.4693750000000122 
0.4206250000000118 
0.4706250000000123 
0.47187500000001226 
0.4018750000000113 
0.21687500000000948 
0.4206250000000118 
0.4631250000000122 
0.38437500000001085 
0.3918750000000111 
0.37687500000001073 
0.4693750000000122 
0.41187500000001154 
0.3743750000000107 
0.38187500000001084 
0.3681250000000106 
0.3581250000000106 
0.43312500000001214 
0.4693750000000122 
0.430625000000012 
0.3131250000000105 
0.4381250000000122 
0.32812500000001055 
0.38562500000001093 
0.3668750000000106 
0.33937500000001053 
0.3893750000000111 
0.34437500000001053 
0.40312500000001145 
0.3331250000000105 
0.26937500000001036 
0.4431250000000122 
0.44187500000001223 
0.428125000000012 
0.40937500000001154 
0.45062500000001215 
0.4231250000000119 
0.2856250000000104 
0.43562500000001214 
0.39062500000001105 
0.36937500000001056 
0.44687500000001223 
0.42687500000001205 
0.40062500000001133 
0.3606250000000106 
0.3993750000000113 
0.3293750000000105 
0.39312500000001105 
0.35687500000001054 
0.43312500000001214 
0.3943750000000112 
0.2843750000000104 
0.40562500000001145 
0.3931250000000111 
0.42437500000001194 
0.35312500000001057 
0.34937500000001054 
0.4231250000000119 
0.45562500000001227 
0.44687500000001223 
0.41062500000001156 
0.41187500000001154 
0.49812500000001225 
0.388125000000011 
0.4068750000000114 
0.4168750000000118 
0.4181250000000118 
0.3918750000000111 
0.15687500000000903 
0.43187500000001217 
0.3368750000000105 
0.4493750000000122 
0.4368750000000122 
0.37687500000001073 
0.4543750000000122 
0.43437500000001217 
0.4956250000000123 
0.3968750000000112 
0.36187500000001055 
0.3181250000000105 
0.4656250000000123 
0.37312500000001064 
0.35187500000001054 
0.2756250000000104 
0.37937500000001073 
0.430625000000012 
0.4368750000000122 
0.38562500000001093 
0.37937500000001084 
0.4893750000000122 
0.43562500000001214 
0.41062500000001156 
0.40812500000001145 
0.3468750000000106 
0.4681250000000122 
0.35562500000001057 
0.45062500000001215 
0.3781250000000107 
0.4631250000000122 
0.3593750000000106 
0.3881250000000111 
0.3956250000000112 
0.3656250000000106 
0.43312500000001214 
0.34562500000001056 
0.34937500000001054 
0.428125000000012 
0.41062500000001156 
0.30062500000001047 
0.40187500000001136 
0.28812500000001046 
0.34812500000001056 
0.3156250000000105 
0.4256250000000119 
0.3756250000000107 
0.44187500000001223 
0.4481250000000122 
0.40812500000001145 
0.43562500000001214 
0.34062500000001056 
0.3906250000000111 
0.3756250000000107 
0.4756250000000122 
0.3993750000000113 
0.4631250000000122 
0.3143750000000105 
0.44062500000001226 
0.4631250000000122 
0.40937500000001154 
0.37312500000001064 
0.43187500000001217 
0.4381250000000122 
0.44062500000001215 
0.3618750000000106 
0.4181250000000118 
0.4093750000000116 
0.34812500000001056 
0.3893750000000111 
0.34812500000001056 
0.39812500000001133 
0.45687500000001224 
0.31687500000001045 
0.4318750000000121 
0.4431250000000122 
0.3956250000000112 
0.3893750000000111 
0.41937500000001177 
0.32562500000001054 
0.385625000000011 
0.44062500000001226 
0.4131250000000117 
0.24937500000001034 
0.4043750000000114 
0.3993750000000113 
0.2743750000000104 
0.38687500000001096 
0.29687500000001044 
0.44062500000001215 
0.4643750000000122 
0.41187500000001154 
0.33312500000001055 
0.45062500000001227 
0.3193750000000105 
0.3968750000000112 
0.37937500000001073 
0.4206250000000118 
0.41937500000001177 
0.4043750000000114 
0.40562500000001145 
0.4631250000000122 
0.43312500000001214 
0.3993750000000113 
0.32562500000001054 
0.34812500000001056 
0.44687500000001223 
0.37687500000001073 
0.3831250000000108 
0.24062500000001005 
0.40062500000001133 
0.4156250000000117 
0.4593750000000122 
0.2881250000000104 
0.45687500000001224 
0.4043750000000114 
0.428125000000012 
0.30562500000001047 
0.43562500000001214 
0.4193750000000118 
0.34562500000001056 
0.3968750000000112 
0.40062500000001133 
0.4368750000000122 
0.42187500000001193 
0.34812500000001056 
0.4256250000000119 
0.37812500000001076 
0.3243750000000105 
0.4231250000000119 
0.3706250000000106 
0.40312500000001145 
0.42687500000001205 
0.388125000000011 
0.4381250000000122 
0.4793750000000122 
0.4656250000000123 
0.4743750000000122 
0.25687500000001035 
0.3106250000000105 
0.3681250000000106 
0.42187500000001193 
0.48812500000001224 
0.4393750000000122 
0.2868750000000104 
0.34437500000001053 
0.3968750000000112 
0.4093750000000116 
0.40562500000001145 
0.4593750000000122 
0.4393750000000122 
0.47312500000001223 
0.40562500000001145 
0.3968750000000112 
0.45187500000001224 
0.430625000000012 
0.4656250000000123 
0.4168750000000118 
0.40812500000001156 
0.44562500000001226 
0.4256250000000119 
0.3681250000000106 
0.29437500000001043 
0.3368750000000105 
0.4018750000000113 
0.4043750000000114 
0.3831250000000109 
0.430625000000012 
0.35437500000001054 
0.30062500000001047 
0.42437500000001194 
0.4806250000000123 
0.3243750000000105 
0.4268750000000119 
0.3943750000000112 
0.37687500000001073 
0.4168750000000118 
0.3256250000000105 
0.5018750000000123 
0.43437500000001217 
0.4706250000000123 
0.43312500000001214 
0.35062500000001057 
0.3743750000000106 
0.45187500000001224 
0.4043750000000114 
0.37687500000001073 
0.2831250000000104 
0.28187500000001037 
0.4156250000000117 
0.4631250000000122 
0.3718750000000106 
0.2831250000000104 
0.3968750000000112 
0.428125000000012 
0.3993750000000113 
0.4131250000000117 
0.35312500000001057 
0.3831250000000108 
0.40312500000001145 
0.43187500000001217 
0.44062500000001215 
0.4256250000000119 
0.4156250000000117 
0.28687500000001037 
0.3568750000000106 
0.3256250000000105 
