0.3106250000000104 
0.3118750000000105 
0.4631250000000122 
0.4543750000000122 
0.31687500000001045 
0.44687500000001223 
0.47812500000001223 
0.43562500000001214 
0.4906250000000123 
0.2806250000000104 
0.4381250000000122 
0.41187500000001154 
0.4593750000000122 
0.45562500000001227 
0.4681250000000122 
0.4393750000000122 
0.45687500000001224 
0.3743750000000106 
0.41437500000001165 
0.3781250000000107 
0.429375000000012 
0.4581250000000122 
0.49312500000001225 
0.5031250000000123 
0.30562500000001047 
0.47812500000001223 
0.4631250000000122 
0.42687500000001205 
0.4743750000000122 
0.4481250000000122 
0.40062500000001133 
0.4268750000000119 
0.3743750000000106 
0.4143750000000117 
0.4643750000000122 
0.44187500000001223 
0.430625000000012 
0.4068750000000114 
0.40812500000001156 
0.47312500000001223 
0.47312500000001223 
0.4368750000000121 
0.46687500000001225 
0.47187500000001226 
0.47812500000001223 
0.3156250000000105 
0.38687500000001096 
0.46687500000001225 
0.3606250000000106 
0.4893750000000122 
0.5143750000000122 
0.4593750000000122 
0.40937500000001154 
0.41187500000001154 
0.43312500000001214 
0.40062500000001133 
0.40312500000001134 
0.48187500000001227 
0.40562500000001145 
0.3643750000000106 
0.4856250000000123 
0.47687500000001226 
0.3831250000000108 
0.43187500000001217 
0.46687500000001225 
0.27437500000001036 
0.37687500000001073 
0.5043750000000122 
0.43437500000001217 
0.45687500000001224 
0.35437500000001054 
0.3268750000000105 
0.4943750000000122 
0.4968750000000123 
0.43562500000001214 
0.430625000000012 
0.48312500000001224 
0.26687500000001035 
0.5031250000000123 
0.4156250000000117 
0.4043750000000114 
0.34687500000001054 
0.429375000000012 
0.4918750000000123 
0.4393750000000122 
0.45562500000001227 
0.3806250000000108 
0.40312500000001134 
0.3743750000000106 
0.5018750000000123 
0.43312500000001214 
0.4806250000000123 
0.39312500000001105 
0.4206250000000118 
0.4381250000000122 
0.3206250000000105 
0.4593750000000122 
0.46062500000001216 
0.46687500000001225 
0.2656250000000104 
0.4581250000000122 
0.4631250000000122 
0.40937500000001154 
0.48687500000001227 
0.44562500000001215 
0.4793750000000122 
0.38812500000001093 
0.4943750000000122 
0.35562500000001057 
0.3918750000000111 
0.4631250000000122 
0.3831250000000108 
0.4756250000000123 
0.2906250000000104 
0.4631250000000122 
0.44062500000001215 
0.4493750000000122 
0.4793750000000122 
0.48187500000001227 
0.4256250000000119 
0.45187500000001224 
0.37687500000001073 
0.46187500000001225 
0.388125000000011 
0.3968750000000112 
0.45687500000001224 
0.34187500000001053 
0.4606250000000123 
0.4068750000000114 
0.47187500000001226 
0.4631250000000122 
0.44562500000001215 
0.45562500000001216 
0.48687500000001227 
0.3781250000000107 
0.4943750000000122 
0.3581250000000106 
0.4068750000000114 
0.3981250000000112 
0.46062500000001216 
0.4581250000000122 
0.3331250000000105 
0.4043750000000114 
0.5018750000000123 
0.4368750000000121 
0.3156250000000105 
0.43312500000001214 
0.5093750000000122 
0.3943750000000112 
0.45687500000001224 
0.4793750000000122 
0.40562500000001145 
0.428125000000012 
0.4756250000000123 
0.43562500000001214 
0.4906250000000123 
0.45562500000001227 
0.41687500000001165 
0.34312500000001056 
0.48312500000001224 
0.4543750000000122 
0.5018750000000123 
0.4443750000000122 
0.43312500000001214 
0.3218750000000105 
0.3281250000000105 
0.45062500000001227 
0.46687500000001225 
0.43562500000001214 
0.46187500000001225 
0.4856250000000123 
0.4043750000000114 
0.3831250000000108 
0.3343750000000105 
0.4793750000000122 
0.4481250000000122 
0.5131250000000123 
0.47812500000001223 
0.40937500000001154 
0.3306250000000105 
0.4906250000000123 
0.4993750000000122 
0.4181250000000118 
0.4706250000000122 
0.42937500000001205 
0.41687500000001165 
0.31687500000001045 
0.5018750000000123 
0.37687500000001073 
0.15812500000000904 
0.3781250000000107 
0.4206250000000118 
0.44562500000001215 
0.45562500000001227 
0.40812500000001156 
0.49312500000001225 
0.43187500000001217 
0.4706250000000122 
0.42437500000001194 
0.4231250000000119 
0.3931250000000111 
0.4543750000000122 
0.46062500000001216 
0.4656250000000123 
0.4218750000000118 
0.5093750000000122 
0.3931250000000111 
0.45687500000001224 
0.5081250000000123 
0.431875000000012 
0.48812500000001224 
0.41687500000001165 
0.38437500000001096 
0.4656250000000123 
0.47312500000001223 
0.3993750000000113 
0.38437500000001085 
0.47687500000001226 
0.4431250000000122 
0.4343750000000121 
0.4706250000000123 
0.41437500000001165 
0.4681250000000122 
0.3981250000000112 
0.48312500000001224 
0.4593750000000122 
0.3931250000000111 
0.43437500000001217 
0.4793750000000122 
0.4256250000000119 
0.4643750000000122 
0.40562500000001145 
0.4181250000000118 
0.4943750000000122 
0.4843750000000122 
0.4531250000000122 
0.4368750000000122 
0.48812500000001224 
0.5068750000000123 
0.43312500000001214 
0.42687500000001205 
0.4231250000000119 
0.4906250000000123 
0.42437500000001194 
0.44687500000001223 
0.44687500000001223 
0.5093750000000122 
0.4856250000000123 
0.4706250000000123 
0.3831250000000109 
0.4093750000000116 
0.29437500000001043 
0.40062500000001133 
0.4593750000000122 
0.4531250000000122 
0.3993750000000113 
0.4543750000000122 
0.3831250000000108 
0.4493750000000122 
0.36187500000001055 
0.4656250000000123 
0.430625000000012 
0.45187500000001224 
0.38187500000001084 
0.385625000000011 
0.38687500000001096 
0.31437500000001045 
0.45187500000001224 
0.34062500000001056 
0.5031250000000123 
0.43187500000001217 
0.49312500000001225 
0.46062500000001216 
0.2806250000000104 
0.24812500000001028 
0.41437500000001165 
0.431875000000012 
0.40562500000001145 
0.43312500000001214 
0.4018750000000113 
0.3956250000000112 
0.4693750000000122 
0.4481250000000122 
0.49812500000001225 
0.3643750000000106 
0.4431250000000122 
0.3968750000000112 
0.38812500000001093 
0.4643750000000122 
0.33812500000001056 
0.46062500000001216 
0.33562500000001055 
0.5093750000000122 
0.3906250000000111 
0.45562500000001216 
0.4268750000000119 
0.44187500000001223 
0.41687500000001165 
0.4431250000000122 
0.4156250000000117 
