0.38437500000001096 
0.3943750000000112 
0.3906250000000111 
0.30062500000001047 
0.35562500000001057 
0.4043750000000114 
0.37562500000001076 
0.4393750000000122 
0.3943750000000112 
0.2556250000000103 
0.4143750000000117 
0.3718750000000106 
0.3206250000000105 
0.33812500000001056 
0.34812500000001056 
0.3443750000000106 
0.3918750000000111 
0.37687500000001073 
0.3606250000000106 
0.4143750000000117 
0.3543750000000106 
0.3606250000000106 
0.3718750000000106 
0.3131250000000105 
0.3706250000000106 
0.4443750000000122 
0.3968750000000112 
0.21187500000000936 
0.35312500000001057 
0.35312500000001057 
0.4018750000000113 
0.3143750000000105 
0.32062500000001054 
0.3931250000000111 
0.4068750000000114 
0.3181250000000105 
0.3943750000000112 
0.3606250000000106 
0.4043750000000114 
0.2931250000000104 
0.40812500000001156 
0.429375000000012 
0.3231250000000105 
0.23437500000000994 
0.41062500000001156 
0.42937500000001205 
0.38687500000001096 
0.39812500000001133 
0.3756250000000107 
0.4243750000000119 
0.3831250000000109 
0.2781250000000104 
0.3618750000000106 
0.41062500000001156 
0.39812500000001133 
0.3693750000000106 
0.37562500000001076 
0.430625000000012 
0.2731250000000104 
0.30062500000001047 
0.41062500000001156 
0.3593750000000106 
0.3631250000000106 
0.37937500000001073 
0.34937500000001054 
0.40062500000001133 
0.4256250000000119 
0.3068750000000105 
0.4393750000000122 
0.3831250000000109 
0.4156250000000117 
0.428125000000012 
0.34062500000001056 
0.3893750000000111 
0.35312500000001057 
0.428125000000012 
0.3906250000000111 
0.34062500000001056 
0.41187500000001154 
0.3931250000000111 
0.3181250000000105 
0.4018750000000113 
0.3156250000000105 
0.39812500000001133 
0.3718750000000106 
0.3156250000000105 
0.30187500000001044 
0.3618750000000106 
0.41437500000001165 
0.43437500000001217 
0.4318750000000121 
0.4193750000000118 
0.4606250000000123 
0.43312500000001214 
0.3981250000000112 
0.44187500000001223 
0.35562500000001057 
0.4393750000000122 
0.3568750000000106 
0.3743750000000106 
0.37812500000001076 
0.38187500000001084 
0.3718750000000106 
0.45187500000001224 
0.29812500000001046 
0.2831250000000104 
0.3118750000000105 
0.3756250000000107 
0.38187500000001084 
0.34312500000001056 
0.35562500000001057 
0.33937500000001053 
0.37937500000001084 
0.2506250000000103 
0.4643750000000122 
0.20812500000000925 
0.43562500000001214 
0.3468750000000106 
0.4093750000000116 
0.38812500000001093 
0.3106250000000105 
0.2768750000000104 
0.3993750000000113 
0.46687500000001225 
0.35687500000001054 
0.3668750000000106 
0.34312500000001056 
0.3606250000000106 
0.3343750000000105 
0.37937500000001084 
0.40812500000001156 
0.33562500000001055 
0.4068750000000114 
0.2718750000000104 
0.3756250000000107 
0.4181250000000118 
0.3368750000000105 
0.39812500000001133 
0.3956250000000112 
0.42937500000001205 
0.4181250000000118 
0.34687500000001054 
0.35937500000001055 
0.3831250000000109 
0.3581250000000106 
0.3518750000000106 
0.30187500000001044 
0.4206250000000118 
0.38187500000001084 
0.33937500000001053 
0.3743750000000106 
0.4543750000000122 
0.3081250000000105 
0.41437500000001165 
0.38062500000001087 
0.3993750000000113 
0.4381250000000122 
0.3168750000000105 
0.2993750000000105 
0.4156250000000117 
0.3931250000000111 
0.38687500000001096 
0.3068750000000105 
0.2681250000000104 
0.4131250000000117 
0.4143750000000117 
0.40562500000001145 
0.4156250000000117 
0.3206250000000105 
0.3343750000000105 
0.3706250000000106 
0.34812500000001056 
0.42437500000001194 
0.3493750000000106 
0.3231250000000105 
0.4231250000000119 
0.39812500000001133 
0.3706250000000106 
0.34312500000001056 
0.35312500000001057 
0.4243750000000119 
0.3918750000000111 
0.34687500000001054 
0.25437500000001034 
0.3106250000000105 
0.4043750000000114 
0.40562500000001145 
0.29187500000001043 
0.3743750000000106 
0.4393750000000122 
0.385625000000011 
0.32562500000001054 
0.37562500000001076 
0.38437500000001085 
0.46062500000001216 
0.30937500000001045 
0.3106250000000105 
0.34812500000001056 
0.4431250000000122 
0.3931250000000112 
0.4631250000000122 
0.3743750000000106 
0.3593750000000106 
0.47687500000001226 
0.16562500000000904 
0.29437500000001043 
0.3243750000000105 
0.3931250000000112 
0.41437500000001165 
0.37562500000001076 
0.38062500000001087 
0.38562500000001093 
0.33312500000001055 
0.4368750000000122 
0.35312500000001057 
0.34062500000001056 
0.3806250000000108 
0.40312500000001145 
0.430625000000012 
0.3968750000000112 
0.37687500000001073 
0.3643750000000106 
0.4381250000000122 
0.37062500000001064 
0.3593750000000106 
0.33812500000001056 
0.40312500000001145 
0.3881250000000111 
0.3743750000000106 
0.4543750000000122 
0.3231250000000105 
0.4493750000000122 
0.40812500000001156 
0.35437500000001054 
0.37937500000001084 
0.4118750000000117 
0.29687500000001044 
0.38687500000001096 
0.3068750000000105 
0.26687500000001035 
0.2506250000000103 
0.3193750000000105 
0.34812500000001056 
0.3931250000000112 
0.3118750000000105 
0.40812500000001156 
0.4131250000000117 
0.4093750000000116 
0.40812500000001156 
0.3906250000000111 
0.40937500000001154 
0.41687500000001165 
0.2856250000000104 
0.38437500000001096 
0.40562500000001145 
0.40812500000001156 
0.43437500000001217 
0.3131250000000105 
0.26437500000001035 
0.37937500000001084 
0.35687500000001054 
0.3168750000000105 
0.3668750000000106 
0.3343750000000105 
0.3543750000000106 
0.37687500000001073 
0.39812500000001133 
0.430625000000012 
0.2743750000000104 
0.43437500000001217 
0.4156250000000117 
0.37687500000001073 
0.2968750000000105 
0.31812500000001054 
0.2843750000000104 
0.43312500000001214 
0.26937500000001036 
0.3343750000000105 
0.4168750000000118 
0.4068750000000114 
0.34562500000001056 
0.40937500000001154 
0.38187500000001084 
0.38062500000001087 
0.3568750000000106 
0.39937500000001136 
0.32312500000001054 
0.45187500000001224 
0.42937500000001205 
0.37312500000001064 
0.41062500000001156 
0.37687500000001073 
0.43437500000001217 
0.3268750000000105 
0.428125000000012 
0.3156250000000105 
0.29687500000001044 
0.3831250000000109 
0.4756250000000123 
0.3931250000000112 
