0.21562500000000914 
0.15437500000000903 
0.125625000000009 
0.16312500000000904 
0.20687500000000908 
0.2243750000000092 
0.15437500000000903 
0.14812500000000903 
0.16187500000000904 
0.16562500000000904 
0.18062500000000906 
0.16437500000000904 
0.18937500000000906 
0.15812500000000904 
0.13687500000000902 
0.18937500000000906 
0.14937500000000903 
0.2381250000000096 
0.3056250000000101 
0.12312500000000899 
0.24312500000000972 
0.24687500000000995 
0.11812500000000899 
0.12437500000000899 
0.125625000000009 
0.15937500000000904 
0.20937500000000908 
0.12437500000000899 
0.18812500000000906 
0.17187500000000905 
0.126875000000009 
0.125625000000009 
0.15937500000000904 
0.20187500000000907 
0.11562500000000898 
0.17562500000000905 
0.18312500000000906 
0.17187500000000905 
0.24187500000000972 
0.18187500000000906 
0.131875000000009 
0.17562500000000905 
0.25062500000000987 
0.22187500000000948 
0.18937500000000906 
0.17437500000000905 
0.16062500000000904 
0.17812500000000905 
0.24812500000000995 
0.13937500000000902 
0.2281250000000095 
0.17062500000000905 
0.125625000000009 
0.19562500000000907 
0.18437500000000906 
0.2393750000000096 
0.17187500000000905 
0.16187500000000904 
0.15812500000000904 
0.20062500000000907 
0.15812500000000904 
0.19312500000000907 
0.19312500000000907 
0.11687500000000899 
0.20312500000000908 
0.3368750000000104 
0.3806250000000112 
0.15062500000000903 
0.19312500000000907 
0.11312500000000898 
0.16937500000000905 
0.2193750000000091 
0.18562500000000906 
0.31187500000001017 
0.20437500000000908 
0.15812500000000904 
0.10937500000000898 
0.20187500000000907 
0.25437500000001007 
0.13937500000000902 
0.18937500000000906 
0.19062500000000906 
0.10187500000000897 
0.2881250000000102 
0.18187500000000906 
0.30562500000001014 
0.18687500000000906 
0.23562500000000955 
0.13562500000000902 
0.12187500000000899 
0.25937500000000996 
0.17187500000000905 
0.11812500000000899 
0.13312500000000901 
0.10562500000000898 
0.21437500000000925 
0.17812500000000905 
0.2718750000000101 
0.15187500000000903 
0.16562500000000904 
0.12437500000000899 
0.14062500000000902 
0.20187500000000907 
0.20312500000000908 
0.16687500000000904 
0.15562500000000903 
0.23437500000000955 
0.24437500000000983 
0.23062500000000938 
0.16937500000000905 
0.3468750000000103 
0.22437500000000932 
0.3118750000000103 
0.17812500000000905 
0.2356250000000096 
0.13562500000000902 
0.21187500000000908 
0.17687500000000905 
0.16937500000000905 
0.15437500000000903 
0.130625000000009 
0.09562500000000897 
0.26937500000001036 
0.20562500000000908 
0.16937500000000905 
0.20062500000000907 
0.18562500000000906 
0.20562500000000908 
0.19812500000000907 
0.14187500000000902 
0.15437500000000903 
0.25937500000001007 
0.14687500000000903 
0.13937500000000902 
0.17687500000000905 
0.19812500000000907 
0.23062500000000932 
0.14937500000000903 
0.130625000000009 
0.16812500000000904 
0.14437500000000902 
0.19687500000000907 
0.128125000000009 
0.13937500000000902 
0.2181250000000091 
0.15812500000000904 
0.19312500000000907 
0.13812500000000902 
0.2518750000000098 
0.17187500000000905 
0.14812500000000903 
0.3443750000000105 
0.16562500000000904 
0.16562500000000904 
0.19312500000000907 
0.2356250000000095 
0.16437500000000904 
0.14937500000000903 
0.2143750000000093 
0.25437500000001007 
0.2818750000000102 
0.27937500000001 
0.16437500000000904 
0.24062500000000983 
0.16312500000000904 
0.20312500000000908 
0.2306250000000095 
0.24812500000000995 
0.2868750000000102 
0.20312500000000908 
0.21312500000000908 
0.16812500000000904 
0.16312500000000904 
0.11812500000000899 
0.20312500000000908 
0.10937500000000898 
0.23562500000000966 
0.16437500000000904 
0.128125000000009 
0.11937500000000899 
0.10562500000000898 
0.130625000000009 
0.128125000000009 
0.2693750000000102 
0.10312500000000897 
0.16687500000000904 
0.13437500000000902 
0.2206250000000092 
0.17812500000000905 
0.131875000000009 
0.11437500000000898 
0.2806250000000101 
0.23187500000000943 
0.17562500000000905 
0.16937500000000905 
0.09812500000000897 
0.14562500000000903 
0.29312500000001035 
0.16562500000000904 
0.10812500000000898 
0.12312500000000899 
0.18562500000000906 
0.25437500000000984 
0.20687500000000908 
0.13562500000000902 
0.18312500000000906 
0.11937500000000899 
0.18562500000000906 
0.2693750000000101 
0.23562500000000955 
0.130625000000009 
0.17562500000000905 
0.11562500000000898 
0.15312500000000903 
0.14687500000000903 
0.16437500000000904 
0.25312500000000987 
0.13437500000000902 
0.14812500000000903 
0.15687500000000903 
0.18312500000000906 
0.09937500000000897 
0.130625000000009 
0.18812500000000906 
0.23687500000000977 
0.11812500000000899 
0.13812500000000902 
0.16937500000000905 
0.15437500000000903 
0.15937500000000904 
0.12312500000000899 
0.18187500000000906 
0.20437500000000908 
0.26187500000000985 
0.12312500000000899 
0.2168750000000091 
0.14437500000000902 
0.17062500000000905 
0.19812500000000907 
0.15562500000000903 
0.20687500000000908 
0.11562500000000898 
0.16562500000000904 
0.14937500000000903 
0.19312500000000907 
0.17562500000000905 
0.17437500000000905 
0.2956250000000101 
0.08687500000000896 
0.16562500000000904 
0.16062500000000904 
0.18812500000000906 
0.23812500000000966 
0.17062500000000905 
0.10562500000000898 
0.22437500000000943 
0.13437500000000902 
0.24062500000000972 
0.17062500000000905 
0.20062500000000907 
0.10562500000000898 
0.19187500000000907 
0.15562500000000903 
0.2643750000000101 
0.2168750000000091 
0.20062500000000907 
0.131875000000009 
0.13812500000000902 
0.14437500000000902 
0.24187500000000983 
0.20062500000000907 
0.19687500000000907 
0.2606250000000098 
0.129375000000009 
0.14187500000000902 
0.23562500000000972 
0.2631250000000101 
0.15812500000000904 
0.24812500000000995 
0.13937500000000902 
0.17062500000000905 
0.08437500000000896 
0.18187500000000906 
0.24437500000000972 
0.12187500000000899 
0.18062500000000906 
0.21437500000000909 
0.15937500000000904 
0.11937500000000899 
0.13812500000000902 
0.18812500000000906 
0.27687500000001025 
0.2168750000000091 
0.15937500000000904 
0.13562500000000902 
0.13437500000000902 
0.13562500000000902 
0.11937500000000899 
0.19062500000000906 
0.15937500000000904 
