0.22937500000000965 
0.19312500000000907 
0.30812500000001025 
0.14562500000000903 
0.15312500000000903 
0.15437500000000903 
0.14187500000000902 
0.23437500000000955 
0.2968750000000101 
0.22187500000000926 
0.14937500000000903 
0.09562500000000897 
0.15937500000000904 
0.10437500000000897 
0.09187500000000896 
0.14937500000000903 
0.15437500000000903 
0.22437500000000926 
0.131875000000009 
0.126875000000009 
0.2281250000000095 
0.14187500000000902 
0.2156250000000091 
0.2768750000000102 
0.4031250000000116 
0.14437500000000902 
0.14937500000000903 
0.17687500000000905 
0.22437500000000937 
0.14687500000000903 
0.22312500000000926 
0.17687500000000905 
0.131875000000009 
0.18312500000000906 
0.2206250000000092 
0.18812500000000906 
0.11187500000000898 
0.14062500000000902 
0.2968750000000103 
0.19312500000000907 
0.20812500000000908 
0.13562500000000902 
0.16187500000000904 
0.16312500000000904 
0.15812500000000904 
0.22687500000000926 
0.21437500000000909 
0.14812500000000903 
0.27062500000001033 
0.17562500000000905 
0.27437500000001014 
0.14687500000000903 
0.09937500000000897 
0.126875000000009 
0.09562500000000897 
0.14187500000000902 
0.16312500000000904 
0.19312500000000907 
0.17062500000000905 
0.15062500000000903 
0.17812500000000905 
0.15687500000000903 
0.19937500000000907 
0.16562500000000904 
0.2318750000000095 
0.15812500000000904 
0.14062500000000902 
0.18437500000000906 
0.14687500000000903 
0.09187500000000896 
0.12437500000000899 
0.14312500000000902 
0.2206250000000091 
0.09812500000000897 
0.14687500000000903 
0.15937500000000904 
0.16562500000000904 
0.2156250000000092 
0.13812500000000902 
0.2606250000000101 
0.16437500000000904 
0.08937500000000896 
0.19437500000000907 
0.14312500000000902 
0.11812500000000899 
0.18437500000000906 
0.26187500000001007 
0.12312500000000899 
0.13687500000000902 
0.13687500000000902 
0.3831250000000108 
0.20812500000000908 
0.31937500000001035 
0.126875000000009 
0.131875000000009 
0.21312500000000914 
0.19562500000000907 
0.13562500000000902 
0.16687500000000904 
0.14812500000000903 
0.22312500000000915 
0.21687500000000914 
0.12437500000000899 
0.15812500000000904 
0.17062500000000905 
0.13812500000000902 
0.28312500000001006 
0.22062500000000915 
0.17187500000000905 
0.19062500000000906 
0.2481250000000099 
0.20187500000000907 
0.19687500000000907 
0.16687500000000904 
0.13812500000000902 
0.26812500000000994 
0.19312500000000907 
0.14562500000000903 
0.16187500000000904 
0.14187500000000902 
0.16812500000000904 
0.16062500000000904 
0.14312500000000902 
0.11437500000000898 
0.15687500000000903 
0.13812500000000902 
0.17937500000000905 
0.10937500000000898 
0.11312500000000898 
0.2718750000000099 
0.24562500000000984 
0.125625000000009 
0.12187500000000899 
0.14937500000000903 
0.23187500000000955 
0.15812500000000904 
0.19937500000000907 
0.16812500000000904 
0.10187500000000897 
0.128125000000009 
0.18687500000000906 
0.26687500000000997 
0.12187500000000899 
0.14937500000000903 
0.2356250000000096 
0.15437500000000903 
0.14562500000000903 
0.14187500000000902 
0.16937500000000905 
0.13437500000000902 
0.22062500000000915 
0.14312500000000902 
0.08812500000000896 
0.26062500000001015 
0.22562500000000943 
0.20937500000000908 
0.14812500000000903 
0.131875000000009 
0.27937500000001025 
0.3006250000000102 
0.17312500000000905 
0.09437500000000897 
0.15062500000000903 
0.14062500000000902 
0.2943750000000102 
0.14687500000000903 
0.14687500000000903 
0.2881250000000102 
0.18562500000000906 
0.17312500000000905 
0.16062500000000904 
0.15312500000000903 
0.16687500000000904 
0.31562500000001026 
0.27437500000001014 
0.26562500000001005 
0.19437500000000907 
0.22437500000000926 
0.19187500000000907 
0.2531250000000102 
0.131875000000009 
0.13812500000000902 
0.2893750000000103 
0.20812500000000908 
0.12062500000000899 
0.28062500000001006 
0.13562500000000902 
0.17437500000000905 
0.15562500000000903 
0.17562500000000905 
0.20812500000000908 
0.40562500000001156 
0.12062500000000899 
0.19687500000000907 
0.23687500000000972 
0.16062500000000904 
0.18312500000000906 
0.11687500000000899 
0.3306250000000104 
0.16187500000000904 
0.30437500000001017 
0.20437500000000908 
0.23062500000000943 
0.16187500000000904 
0.19062500000000906 
0.12187500000000899 
0.2593750000000098 
0.2768750000000101 
0.2518750000000099 
0.14687500000000903 
0.13312500000000901 
0.18062500000000906 
0.10187500000000897 
0.14687500000000903 
0.31312500000001015 
0.14437500000000902 
0.29812500000001 
0.25937500000001007 
0.17437500000000905 
0.13687500000000902 
0.20562500000000908 
0.16437500000000904 
0.11312500000000898 
0.20562500000000908 
0.20062500000000907 
0.12437500000000899 
0.09687500000000897 
0.14312500000000902 
0.14562500000000903 
0.15312500000000903 
0.125625000000009 
0.18562500000000906 
0.17812500000000905 
0.18687500000000906 
0.24937500000000995 
0.15562500000000903 
0.15062500000000903 
0.17187500000000905 
0.21437500000000909 
0.17312500000000905 
0.17187500000000905 
0.22312500000000926 
0.2181250000000092 
0.2843750000000102 
0.131875000000009 
0.17687500000000905 
0.16937500000000905 
0.11062500000000898 
0.17062500000000905 
0.22312500000000948 
0.3181250000000101 
0.11812500000000899 
0.15312500000000903 
0.16187500000000904 
0.11812500000000899 
0.29062500000001007 
0.11062500000000898 
0.15312500000000903 
0.19687500000000907 
0.24312500000000978 
0.11937500000000899 
0.27437500000001025 
0.15937500000000904 
0.2806250000000101 
0.15687500000000903 
0.20437500000000908 
0.14687500000000903 
0.12062500000000899 
0.2156250000000092 
0.16437500000000904 
0.15937500000000904 
0.25562500000001004 
0.24562500000000984 
0.11937500000000899 
0.14437500000000902 
0.19937500000000907 
0.19687500000000907 
0.129375000000009 
0.14937500000000903 
0.25687500000000996 
0.130625000000009 
0.18437500000000906 
0.2193750000000091 
0.13812500000000902 
0.18562500000000906 
0.15187500000000903 
0.11687500000000899 
0.19187500000000907 
0.14937500000000903 
0.15187500000000903 
0.20562500000000908 
0.2318750000000095 
0.14312500000000902 
0.15062500000000903 
0.16687500000000904 
0.11687500000000899 
0.25062500000000987 
0.16562500000000904 
0.23437500000000971 
0.3068750000000102 
