0.20312500000000908 
0.3393750000000103 
0.20687500000000908 
0.128125000000009 
0.128125000000009 
0.25062500000001 
0.2281250000000092 
0.16562500000000904 
0.21187500000000908 
0.18812500000000906 
0.2356250000000096 
0.18562500000000906 
0.24812500000000973 
0.18937500000000906 
0.19312500000000907 
0.31437500000000995 
0.15812500000000904 
0.16812500000000904 
0.14812500000000903 
0.20937500000000908 
0.15312500000000903 
0.2493750000000094 
0.22812500000000932 
0.14312500000000902 
0.14312500000000902 
0.21312500000000908 
0.20812500000000908 
0.2656250000000099 
0.16437500000000904 
0.26062500000000954 
0.26562500000000994 
0.14437500000000902 
0.19062500000000906 
0.19937500000000907 
0.27562500000000983 
0.35062500000001023 
0.32187500000001035 
0.17562500000000905 
0.13812500000000902 
0.16687500000000904 
0.30187500000001016 
0.18312500000000906 
0.18312500000000906 
0.30937500000000995 
0.28687500000000976 
0.39437500000001025 
0.16187500000000904 
0.20187500000000907 
0.17312500000000905 
0.20562500000000908 
0.20937500000000908 
0.19812500000000907 
0.21437500000000909 
0.39562500000001105 
0.24812500000000995 
0.13562500000000902 
0.17437500000000905 
0.23062500000000927 
0.17312500000000905 
0.2868750000000099 
0.28312500000000995 
0.2281250000000092 
0.19812500000000907 
0.24187500000000955 
0.18937500000000906 
0.13937500000000902 
0.2743750000000099 
0.19187500000000907 
0.131875000000009 
0.22187500000000943 
0.24187500000000955 
0.21312500000000908 
0.11937500000000899 
0.9856250000000103 
0.16562500000000904 
0.2218750000000091 
0.18937500000000906 
0.25187500000000973 
0.22937500000000932 
0.2168750000000091 
0.14187500000000902 
0.14562500000000903 
0.128125000000009 
0.22812500000000926 
0.2518750000000098 
0.13687500000000902 
0.23687500000000955 
0.2243750000000091 
0.2356250000000095 
0.19437500000000907 
0.2356250000000095 
0.20437500000000908 
0.15812500000000904 
0.21437500000000909 
0.44562500000001215 
0.20937500000000908 
0.2181250000000091 
0.21062500000000908 
0.21312500000000908 
0.18937500000000906 
0.23687500000000933 
0.19937500000000907 
0.29062500000001 
0.18937500000000906 
0.17687500000000905 
0.18687500000000906 
0.23937500000000944 
0.18062500000000906 
0.17937500000000905 
0.15562500000000903 
0.11562500000000898 
0.28062500000000995 
0.20312500000000908 
0.18062500000000906 
0.19687500000000907 
0.21437500000000909 
0.16812500000000904 
0.2218750000000091 
0.16437500000000904 
0.23187500000000938 
0.6056250000000142 
0.2506250000000098 
0.2493750000000099 
0.16812500000000904 
0.12437500000000899 
0.27062500000000994 
0.18937500000000906 
0.17062500000000905 
0.28062500000000984 
0.20562500000000908 
0.17937500000000905 
0.18812500000000906 
0.23062500000000938 
0.15562500000000903 
0.24312500000000972 
0.17687500000000905 
0.17812500000000905 
0.13562500000000902 
0.14562500000000903 
0.25937500000000985 
0.18312500000000906 
0.15937500000000904 
0.18187500000000906 
0.17562500000000905 
0.15437500000000903 
0.18937500000000906 
0.16312500000000904 
0.19562500000000907 
0.20937500000000908 
0.4981250000000128 
0.3793750000000103 
0.2793750000000099 
0.10937500000000898 
0.14187500000000902 
0.2606250000000099 
0.19812500000000907 
0.2868750000000098 
0.28562500000000995 
0.2643750000000099 
0.2781250000000099 
0.17312500000000905 
0.20312500000000908 
0.18437500000000906 
0.23187500000000932 
0.31937500000000996 
0.19437500000000907 
0.16187500000000904 
0.22187500000000915 
0.19062500000000906 
0.15937500000000904 
0.21062500000000908 
0.11312500000000898 
0.18312500000000906 
0.33812500000001017 
0.18312500000000906 
0.2168750000000091 
0.17937500000000905 
0.16687500000000904 
0.16812500000000904 
0.19187500000000907 
0.31937500000001007 
0.20187500000000907 
0.19687500000000907 
0.20187500000000907 
0.19312500000000907 
0.19687500000000907 
0.2306250000000092 
0.2206250000000091 
0.12187500000000899 
0.3531250000000104 
0.15062500000000903 
0.17062500000000905 
0.20562500000000908 
0.22562500000000915 
0.3293750000000103 
0.18562500000000906 
0.31687500000001007 
0.26437500000000985 
0.3268750000000102 
0.21187500000000908 
0.24062500000000972 
0.2206250000000091 
0.21062500000000908 
0.16687500000000904 
0.19562500000000907 
0.14062500000000902 
0.17062500000000905 
0.28062500000000984 
0.2743750000000098 
0.16687500000000904 
0.22187500000000926 
0.18562500000000906 
0.2931250000000104 
0.29812500000001 
0.16062500000000904 
0.14437500000000902 
0.17687500000000905 
0.22812500000000915 
0.2331250000000095 
0.15687500000000903 
0.19562500000000907 
0.23187500000000927 
0.16437500000000904 
0.30312500000000997 
0.2818750000000099 
0.22562500000000915 
0.21062500000000908 
0.20937500000000908 
0.25437500000000973 
0.22562500000000948 
0.2843750000000099 
0.16562500000000904 
0.19437500000000907 
0.19312500000000907 
0.19562500000000907 
0.20062500000000907 
0.2593750000000098 
0.2681250000000099 
0.3481250000000102 
0.22187500000000931 
0.14937500000000903 
0.25937500000000974 
0.2231250000000091 
0.14687500000000903 
0.19312500000000907 
0.30437500000001005 
0.2206250000000091 
0.130625000000009 
0.15312500000000903 
0.14812500000000903 
0.3768750000000104 
0.130625000000009 
0.20812500000000908 
0.18062500000000906 
0.22312500000000915 
0.17937500000000905 
0.18687500000000906 
0.29687500000001005 
0.18562500000000906 
0.16437500000000904 
0.12187500000000899 
0.14187500000000902 
0.17937500000000905 
0.3506250000000103 
0.125625000000009 
0.2843750000000101 
0.15312500000000903 
0.32812500000000994 
0.2593750000000096 
0.18687500000000906 
0.3706250000000103 
0.15187500000000903 
0.21187500000000908 
0.15062500000000903 
0.2193750000000091 
0.17937500000000905 
0.18687500000000906 
0.19187500000000907 
0.20437500000000908 
0.37312500000001037 
0.3181250000000101 
0.18812500000000906 
0.27687500000000986 
0.3281250000000102 
0.15062500000000903 
0.31437500000001 
0.3781250000000105 
0.24562500000000972 
0.19062500000000906 
0.2931250000000101 
0.3456250000000102 
0.2393750000000095 
0.14437500000000902 
0.20312500000000908 
0.20187500000000907 
0.13562500000000902 
0.38437500000001046 
0.20062500000000907 
0.21062500000000908 
0.2168750000000091 
