0.21812500000000914 
0.21437500000000909 
0.19812500000000907 
0.16812500000000904 
0.23062500000000943 
0.13812500000000902 
0.10062500000000897 
0.126875000000009 
0.16812500000000904 
0.18437500000000906 
0.13812500000000902 
0.15562500000000903 
0.2268750000000096 
0.3006250000000103 
0.15312500000000903 
0.12437500000000899 
0.126875000000009 
0.13812500000000902 
0.24187500000000972 
0.24937500000000984 
0.21062500000000908 
0.15562500000000903 
0.2431250000000099 
0.18687500000000906 
0.15687500000000903 
0.12187500000000899 
0.16437500000000904 
0.25187500000000984 
0.19437500000000907 
0.10937500000000898 
0.13687500000000902 
0.15562500000000903 
0.2193750000000091 
0.21187500000000908 
0.128125000000009 
0.12312500000000899 
0.2431250000000096 
0.2506250000000101 
0.23562500000000972 
0.19937500000000907 
0.2506250000000098 
0.31812500000001026 
0.2156250000000092 
0.20812500000000908 
0.18687500000000906 
0.14062500000000902 
0.23312500000000955 
0.2518750000000098 
0.27437500000000997 
0.18687500000000906 
0.18937500000000906 
0.27562500000001006 
0.20687500000000908 
0.18687500000000906 
0.19187500000000907 
0.20062500000000907 
0.20562500000000908 
0.24437500000000972 
0.09937500000000897 
0.2243750000000092 
0.15437500000000903 
0.15937500000000904 
0.15437500000000903 
0.2756250000000101 
0.13812500000000902 
0.2156250000000091 
0.22437500000000954 
0.125625000000009 
0.17937500000000905 
0.14562500000000903 
0.15937500000000904 
0.15687500000000903 
0.13812500000000902 
0.13812500000000902 
0.129375000000009 
0.20437500000000908 
0.12187500000000899 
0.19812500000000907 
0.19937500000000907 
0.19812500000000907 
0.126875000000009 
0.15187500000000903 
0.29312500000001 
0.18562500000000906 
0.12312500000000899 
0.26562500000001 
0.15437500000000903 
0.11937500000000899 
0.18687500000000906 
0.11437500000000898 
0.10562500000000898 
0.21812500000000914 
0.2368750000000095 
0.14187500000000902 
0.16437500000000904 
0.2568750000000099 
0.2381250000000096 
0.18687500000000906 
0.11687500000000899 
0.23062500000000938 
0.20812500000000908 
0.26687500000001 
0.18562500000000906 
0.25562500000000965 
0.3443750000000102 
0.15812500000000904 
0.18562500000000906 
0.3468750000000106 
0.15687500000000903 
0.11187500000000898 
0.20812500000000908 
0.14937500000000903 
0.10937500000000898 
0.24687500000000995 
0.16187500000000904 
0.18562500000000906 
0.18312500000000906 
0.20562500000000908 
0.22812500000000938 
0.15437500000000903 
0.19187500000000907 
0.34812500000001023 
0.11687500000000899 
0.19562500000000907 
0.20312500000000908 
0.22562500000000943 
0.23937500000000966 
0.16437500000000904 
0.14562500000000903 
0.19937500000000907 
0.10312500000000897 
0.18812500000000906 
0.11062500000000898 
0.16937500000000905 
0.23562500000000972 
0.17312500000000905 
0.16937500000000905 
0.10062500000000897 
0.22187500000000915 
0.17937500000000905 
0.2756250000000099 
0.17812500000000905 
0.16437500000000904 
0.24687500000001011 
0.13562500000000902 
0.11062500000000898 
0.2193750000000091 
0.18812500000000906 
0.20687500000000908 
0.3618750000000106 
0.16937500000000905 
0.16812500000000904 
0.11062500000000898 
0.23312500000000955 
0.24562500000000978 
0.15562500000000903 
0.21437500000000909 
0.19312500000000907 
0.16062500000000904 
0.2293750000000095 
0.2281250000000092 
0.16187500000000904 
0.14562500000000903 
0.11062500000000898 
0.2243750000000092 
0.2693750000000101 
0.129375000000009 
0.19187500000000907 
0.12437500000000899 
0.13562500000000902 
0.19062500000000906 
0.14562500000000903 
0.15187500000000903 
0.16312500000000904 
0.2706250000000101 
0.18312500000000906 
0.20687500000000908 
0.16062500000000904 
0.18187500000000906 
0.14812500000000903 
0.2568750000000102 
0.21562500000000914 
0.16562500000000904 
0.17937500000000905 
0.25937500000001024 
0.16312500000000904 
0.14812500000000903 
0.131875000000009 
0.16812500000000904 
0.15687500000000903 
0.17687500000000905 
0.2356250000000095 
0.14437500000000902 
0.12187500000000899 
0.16437500000000904 
0.2156250000000091 
0.22937500000000943 
0.13687500000000902 
0.17312500000000905 
0.22562500000000926 
0.20437500000000908 
0.20187500000000907 
0.15937500000000904 
0.16687500000000904 
0.16937500000000905 
0.12062500000000899 
0.19687500000000907 
0.17562500000000905 
0.11687500000000899 
0.17062500000000905 
0.14937500000000903 
0.15312500000000903 
0.22062500000000915 
0.17562500000000905 
0.25187500000000995 
0.09687500000000897 
0.15687500000000903 
0.15312500000000903 
0.16062500000000904 
0.27437500000001014 
0.3618750000000105 
0.14812500000000903 
0.27812500000001006 
0.17437500000000905 
0.15437500000000903 
0.11687500000000899 
0.08687500000000897 
0.29312500000001 
0.18937500000000906 
0.19562500000000907 
0.21312500000000908 
0.23187500000000927 
0.18687500000000906 
0.128125000000009 
0.2893750000000101 
0.19312500000000907 
0.20312500000000908 
0.19312500000000907 
0.2493750000000099 
0.20687500000000908 
0.17062500000000905 
0.19437500000000907 
0.16187500000000904 
0.20312500000000908 
0.2981250000000101 
0.22687500000000932 
0.27562500000001033 
0.13437500000000902 
0.17562500000000905 
0.21187500000000908 
0.27687500000001 
0.126875000000009 
0.23062500000000938 
0.18062500000000906 
0.13937500000000902 
0.22187500000000948 
0.29312500000001007 
0.3343750000000102 
0.21062500000000908 
0.16437500000000904 
0.33437500000001025 
0.09937500000000897 
0.2193750000000091 
0.11562500000000898 
0.17437500000000905 
0.20187500000000907 
0.19937500000000907 
0.21437500000000909 
0.11812500000000899 
0.19812500000000907 
0.27562500000001017 
0.2693750000000099 
0.20937500000000908 
0.125625000000009 
0.12062500000000899 
0.27562500000001 
0.15062500000000903 
0.12437500000000899 
0.18312500000000906 
0.16687500000000904 
0.2093750000000092 
0.24062500000000966 
0.18312500000000906 
0.15437500000000903 
0.15812500000000904 
0.17187500000000905 
0.19812500000000907 
0.21437500000000909 
0.18562500000000906 
0.17062500000000905 
0.25562500000001 
0.18687500000000906 
0.2631250000000101 
0.13437500000000902 
0.20437500000000908 
0.09437500000000897 
0.17562500000000905 
0.2643750000000101 
0.18937500000000906 
0.22187500000000915 
