0.19937500000000907 
0.26937500000000997 
0.14687500000000903 
0.18187500000000906 
0.15562500000000903 
0.23437500000000966 
0.2956250000000103 
0.12062500000000899 
0.18187500000000906 
0.2193750000000092 
0.13312500000000901 
0.18812500000000906 
0.13812500000000902 
0.09687500000000897 
0.21437500000000914 
0.32312500000001027 
0.10937500000000898 
0.13562500000000902 
0.14062500000000902 
0.20312500000000908 
0.17562500000000905 
0.15312500000000903 
0.18187500000000906 
0.12062500000000899 
0.14062500000000902 
0.19187500000000907 
0.15187500000000903 
0.12062500000000899 
0.21062500000000908 
0.13562500000000902 
0.19812500000000907 
0.11812500000000899 
0.19187500000000907 
0.2943750000000104 
0.11937500000000899 
0.14437500000000902 
0.21312500000000908 
0.20312500000000908 
0.21437500000000909 
0.09437500000000897 
0.20687500000000908 
0.19812500000000907 
0.128125000000009 
0.16562500000000904 
0.11687500000000899 
0.16812500000000904 
0.2318750000000095 
0.128125000000009 
0.18312500000000906 
0.20562500000000908 
0.20062500000000907 
0.13687500000000902 
0.130625000000009 
0.16562500000000904 
0.16187500000000904 
0.12062500000000899 
0.22687500000000926 
0.19437500000000907 
0.11312500000000898 
0.19187500000000907 
0.19187500000000907 
0.31062500000001025 
0.15687500000000903 
0.14937500000000903 
0.16062500000000904 
0.24437500000000972 
0.10312500000000897 
0.17562500000000905 
0.126875000000009 
0.24437500000000978 
0.20062500000000907 
0.23312500000000955 
0.22687500000000932 
0.11062500000000898 
0.18312500000000906 
0.2181250000000093 
0.18812500000000906 
0.17312500000000905 
0.12187500000000899 
0.11062500000000898 
0.20312500000000908 
0.09187500000000896 
0.10312500000000897 
0.19687500000000907 
0.18312500000000906 
0.15937500000000904 
0.16937500000000905 
0.17187500000000905 
0.126875000000009 
0.16437500000000904 
0.15562500000000903 
0.15812500000000904 
0.2743750000000103 
0.10687500000000898 
0.09312500000000896 
0.15687500000000903 
0.12312500000000899 
0.16687500000000904 
0.2906250000000102 
0.17937500000000905 
0.17312500000000905 
0.16187500000000904 
0.16562500000000904 
0.09437500000000897 
0.16687500000000904 
0.17562500000000905 
0.16312500000000904 
0.26937500000001 
0.19437500000000907 
0.18437500000000906 
0.18812500000000906 
0.14937500000000903 
0.14437500000000902 
0.14437500000000902 
0.18437500000000906 
0.3206250000000103 
0.20187500000000907 
0.09187500000000896 
0.19562500000000907 
0.2418750000000101 
0.131875000000009 
0.2543750000000099 
0.11562500000000898 
0.2156250000000091 
0.24062500000000966 
0.19062500000000906 
0.2668750000000101 
0.17187500000000905 
0.11312500000000898 
0.4168750000000099 
0.09437500000000897 
0.16562500000000904 
0.25687500000000996 
0.17937500000000905 
0.125625000000009 
0.22562500000000932 
0.11312500000000898 
0.16062500000000904 
0.20562500000000913 
0.18812500000000906 
0.2793750000000101 
0.10187500000000897 
0.130625000000009 
0.16187500000000904 
0.15312500000000903 
0.19562500000000907 
0.17562500000000905 
0.13687500000000902 
0.18812500000000906 
0.21437500000000909 
0.14312500000000902 
0.16937500000000905 
0.11437500000000898 
0.18562500000000906 
0.24562500000000984 
0.2168750000000091 
0.16812500000000904 
0.15187500000000903 
0.13312500000000901 
0.18687500000000906 
0.15187500000000903 
0.11937500000000899 
0.22937500000000943 
0.125625000000009 
0.11062500000000898 
0.24812500000000984 
0.15187500000000903 
0.125625000000009 
0.21062500000000908 
0.13937500000000902 
0.128125000000009 
0.18687500000000906 
0.27687500000001014 
0.125625000000009 
0.2806250000000099 
0.20062500000000907 
0.20062500000000907 
0.18187500000000906 
0.21062500000000908 
0.23187500000000943 
0.125625000000009 
0.10687500000000898 
0.15437500000000903 
0.14812500000000903 
0.18312500000000906 
0.2156250000000091 
0.15812500000000904 
0.20062500000000907 
0.15562500000000903 
0.25187500000001 
0.17687500000000905 
0.13562500000000902 
0.15562500000000903 
0.14187500000000902 
0.2306250000000095 
0.18187500000000906 
0.14687500000000903 
0.13562500000000902 
0.12062500000000899 
0.32187500000001024 
0.19437500000000907 
0.126875000000009 
0.23562500000000983 
0.16687500000000904 
0.128125000000009 
0.17062500000000905 
0.24312500000000972 
0.13812500000000902 
0.19937500000000907 
0.13937500000000902 
0.15937500000000904 
0.10937500000000898 
0.09062500000000896 
0.16312500000000904 
0.08312500000000896 
0.15312500000000903 
0.18687500000000906 
0.15812500000000904 
0.25937500000001 
0.09437500000000897 
0.11437500000000898 
0.14937500000000903 
0.10562500000000898 
0.15937500000000904 
0.17187500000000905 
0.38312500000001054 
0.09812500000000897 
0.13562500000000902 
0.18812500000000906 
0.15187500000000903 
0.21312500000000908 
0.16062500000000904 
0.30312500000001014 
0.15187500000000903 
0.14187500000000902 
0.16687500000000904 
0.22937500000000943 
0.09937500000000897 
0.12062500000000899 
0.131875000000009 
0.15812500000000904 
0.18687500000000906 
0.14687500000000903 
0.19187500000000907 
0.20812500000000908 
0.18187500000000906 
0.12437500000000899 
0.18437500000000906 
0.13687500000000902 
0.16187500000000904 
0.16312500000000904 
0.12312500000000899 
0.14312500000000902 
0.20312500000000908 
0.16437500000000904 
0.12062500000000899 
0.10812500000000898 
0.13562500000000902 
0.25062500000001 
0.11312500000000898 
0.19062500000000906 
0.13812500000000902 
0.11187500000000898 
0.15187500000000903 
0.34062500000001034 
0.14437500000000902 
0.09312500000000896 
0.32562500000001043 
0.17562500000000905 
0.2181250000000092 
0.20812500000000908 
0.13812500000000902 
0.131875000000009 
0.129375000000009 
0.12312500000000899 
0.16687500000000904 
0.28187500000001015 
0.24187500000000978 
0.15312500000000903 
0.25312500000001 
0.13812500000000902 
0.14687500000000903 
0.09437500000000897 
0.17812500000000905 
0.11187500000000898 
0.18937500000000906 
0.19062500000000906 
0.20812500000000908 
0.14812500000000903 
0.24687500000000995 
0.19937500000000907 
0.15062500000000903 
0.2156250000000091 
0.128125000000009 
0.20812500000000908 
0.18937500000000906 
0.09312500000000896 
0.13937500000000902 
0.11062500000000898 
0.14312500000000902 
