0.13687500000000902 
0.32937500000001013 
0.2168750000000091 
0.13687500000000902 
0.22812500000000943 
0.2768750000000099 
0.18937500000000906 
0.14937500000000903 
0.16437500000000904 
0.16312500000000904 
0.30187500000001016 
0.23312500000000938 
0.23937500000000966 
0.17062500000000905 
0.13562500000000902 
0.18187500000000906 
0.19812500000000907 
0.17437500000000905 
0.18062500000000906 
0.11812500000000899 
0.25937500000000985 
0.11437500000000898 
0.17687500000000905 
0.21312500000000908 
0.13437500000000902 
0.14937500000000903 
0.14812500000000903 
0.40312500000001084 
0.17937500000000905 
0.15937500000000904 
0.18937500000000906 
0.15437500000000903 
0.24187500000000955 
0.2331250000000095 
0.16687500000000904 
0.17937500000000905 
0.2556250000000098 
0.32937500000001013 
0.15812500000000904 
0.36437500000001044 
0.15562500000000903 
0.17937500000000905 
0.2218750000000091 
0.23312500000000927 
0.13812500000000902 
0.17062500000000905 
0.17812500000000905 
0.16812500000000904 
0.22687500000000915 
0.2681250000000099 
0.16437500000000904 
0.17312500000000905 
0.126875000000009 
0.16687500000000904 
0.18312500000000906 
0.19187500000000907 
0.15562500000000903 
0.3068750000000097 
0.2531250000000098 
0.20562500000000908 
0.22312500000000926 
0.20812500000000908 
0.125625000000009 
0.18187500000000906 
0.19187500000000907 
0.19437500000000907 
0.16437500000000904 
0.22937500000000932 
0.15312500000000903 
0.15062500000000903 
0.18062500000000906 
0.16062500000000904 
0.20187500000000907 
0.2768750000000099 
0.19812500000000907 
0.19437500000000907 
0.18312500000000906 
0.3031250000000099 
0.14312500000000902 
0.16937500000000905 
0.25812500000001004 
0.18812500000000906 
0.3581250000000102 
0.20687500000000908 
0.33312500000001016 
0.24312500000000978 
0.16187500000000904 
0.15812500000000904 
0.15187500000000903 
0.3643750000000105 
0.2893750000000101 
0.14312500000000902 
0.37687500000001045 
0.20562500000000908 
0.14812500000000903 
0.130625000000009 
0.2568750000000099 
0.2256250000000091 
0.18812500000000906 
0.18687500000000906 
0.18812500000000906 
0.2431250000000099 
0.14562500000000903 
0.17687500000000905 
0.20312500000000908 
0.18312500000000906 
0.19187500000000907 
0.24687500000000967 
0.2393750000000095 
0.22437500000000915 
0.14937500000000903 
0.12187500000000899 
0.19937500000000907 
0.2731250000000099 
0.14062500000000902 
0.16812500000000904 
0.18312500000000906 
0.16062500000000904 
0.19937500000000907 
0.2206250000000091 
0.129375000000009 
0.2168750000000091 
0.20937500000000908 
0.20187500000000907 
0.14062500000000902 
0.17562500000000905 
0.17437500000000905 
0.20312500000000908 
0.20187500000000907 
0.2156250000000091 
0.14562500000000903 
0.33562500000001005 
0.25437500000000995 
0.18937500000000906 
0.14437500000000902 
0.21187500000000908 
0.11187500000000898 
0.4206250000000118 
0.19437500000000907 
0.24562500000000984 
0.126875000000009 
0.15562500000000903 
0.23937500000000955 
0.11062500000000898 
0.12312500000000899 
0.17187500000000905 
0.23312500000000916 
0.15187500000000903 
0.23062500000000943 
0.20187500000000907 
0.17937500000000905 
0.17062500000000905 
0.16437500000000904 
0.20437500000000908 
0.19937500000000907 
0.16187500000000904 
0.26312500000000993 
0.19187500000000907 
0.2368750000000096 
0.128125000000009 
0.2756250000000102 
0.20187500000000907 
0.2968750000000102 
0.125625000000009 
0.23187500000000966 
0.2568750000000099 
0.39062500000001027 
0.21937500000000915 
0.2206250000000091 
0.2168750000000091 
0.19562500000000907 
0.14437500000000902 
0.13937500000000902 
0.20562500000000908 
0.2718750000000101 
0.16187500000000904 
0.14312500000000902 
0.15687500000000903 
0.4118750000000112 
0.19312500000000907 
0.18187500000000906 
0.2181250000000091 
0.12437500000000899 
0.20437500000000908 
0.29687500000001 
0.15312500000000903 
0.18437500000000906 
0.16812500000000904 
0.14812500000000903 
0.13437500000000902 
0.13562500000000902 
0.130625000000009 
0.13937500000000902 
0.20937500000000908 
0.14687500000000903 
0.23437500000000966 
0.28437500000001026 
0.131875000000009 
0.2193750000000093 
0.10312500000000897 
0.3856250000000104 
0.16187500000000904 
0.2381250000000095 
0.19312500000000907 
0.3106250000000103 
0.43187500000001217 
0.2193750000000091 
0.11437500000000898 
0.24437500000000972 
0.15187500000000903 
0.2706250000000099 
0.12312500000000899 
0.2556250000000098 
0.28187500000001 
0.17187500000000905 
0.13937500000000902 
0.18437500000000906 
0.21312500000000908 
0.23312500000000938 
0.20687500000000908 
0.17687500000000905 
0.15437500000000903 
0.16187500000000904 
0.16312500000000904 
0.18312500000000906 
0.21437500000000909 
0.24812500000000967 
0.21312500000000908 
0.2343750000000095 
0.14187500000000902 
0.23562500000000966 
0.15437500000000903 
0.20312500000000908 
0.23312500000000938 
0.13437500000000902 
0.19187500000000907 
0.23437500000000971 
0.16437500000000904 
0.22937500000000943 
0.21312500000000908 
0.16312500000000904 
0.3456250000000105 
0.23312500000000932 
0.30937500000001017 
0.2168750000000091 
0.13937500000000902 
0.18312500000000906 
0.13562500000000902 
0.2556250000000099 
0.17562500000000905 
0.22937500000000943 
0.2443750000000099 
0.22562500000000926 
0.18062500000000906 
0.14187500000000902 
0.10562500000000898 
0.13937500000000902 
0.17937500000000905 
0.15812500000000904 
0.3243750000000101 
0.13312500000000901 
0.19062500000000906 
0.2518750000000097 
0.19187500000000907 
0.18687500000000906 
0.2193750000000091 
0.18937500000000906 
0.2531250000000098 
0.17437500000000905 
0.19437500000000907 
0.25812500000001004 
0.32187500000001 
0.2818750000000103 
0.20312500000000908 
0.21187500000000908 
0.15937500000000904 
0.3131250000000099 
0.16062500000000904 
0.3156250000000101 
0.2543750000000099 
0.17187500000000905 
0.2556250000000098 
0.2356250000000096 
0.14312500000000902 
0.24937500000000973 
0.19187500000000907 
0.17437500000000905 
0.18937500000000906 
0.2843750000000101 
0.19562500000000907 
0.16562500000000904 
0.19312500000000907 
0.13437500000000902 
0.14562500000000903 
0.16062500000000904 
0.10812500000000898 
0.11812500000000899 
0.19062500000000906 
0.16937500000000905 
0.11687500000000899 
