0.23687500000000938 
0.19062500000000906 
0.2556250000000098 
0.16187500000000904 
0.15937500000000904 
0.27437500000000986 
0.19187500000000907 
0.21437500000000909 
0.15812500000000904 
0.3318750000000102 
0.3343750000000101 
0.31562500000001004 
0.18187500000000906 
0.3643750000000105 
0.14687500000000903 
0.2731250000000099 
0.38062500000001015 
0.28687500000001 
0.29687500000000994 
0.21187500000000908 
0.3081250000000103 
0.15812500000000904 
0.24312500000000933 
0.22562500000000926 
0.15937500000000904 
0.15812500000000904 
0.16687500000000904 
0.22562500000000915 
0.11812500000000899 
0.17937500000000905 
0.24062500000000955 
0.11937500000000899 
0.20687500000000908 
0.13312500000000901 
0.45187500000001113 
0.17937500000000905 
0.18687500000000906 
0.16562500000000904 
0.24437500000000972 
0.27312500000000983 
0.12062500000000899 
0.22937500000000938 
0.15562500000000903 
0.14812500000000903 
0.16687500000000904 
0.19562500000000907 
0.2756250000000099 
0.2156250000000091 
0.18562500000000906 
0.2518750000000099 
0.28187500000001 
0.20687500000000908 
0.2418750000000096 
0.24062500000000966 
0.2193750000000091 
0.30562500000001 
0.28312500000000984 
0.2806250000000098 
0.16312500000000904 
0.129375000000009 
0.18562500000000906 
0.17937500000000905 
0.22687500000000932 
0.17187500000000905 
0.2156250000000091 
0.19312500000000907 
0.19687500000000907 
0.15437500000000903 
0.2368750000000096 
0.15437500000000903 
0.15687500000000903 
0.28562500000000984 
0.16312500000000904 
0.3193750000000102 
0.23187500000000938 
0.18937500000000906 
0.15062500000000903 
0.2518750000000098 
0.18812500000000906 
0.17937500000000905 
0.27312500000001 
0.32937500000001035 
0.17187500000000905 
0.18187500000000906 
0.19187500000000907 
0.17937500000000905 
0.38312500000001015 
0.23437500000000955 
0.21187500000000908 
0.18187500000000906 
0.16062500000000904 
0.4393750000000119 
0.5631250000000142 
0.21312500000000908 
0.26062500000000993 
0.20562500000000908 
0.17437500000000905 
0.15187500000000903 
0.26062500000001 
0.2168750000000091 
0.15312500000000903 
0.3881250000000106 
0.20312500000000908 
0.17062500000000905 
0.14437500000000902 
0.2856250000000099 
0.18937500000000906 
0.17562500000000905 
0.2206250000000091 
0.2343750000000095 
0.17312500000000905 
0.18562500000000906 
0.17812500000000905 
0.2456250000000099 
0.18187500000000906 
0.22437500000000915 
0.16937500000000905 
0.4368750000000121 
0.24312500000000994 
0.15062500000000903 
0.16562500000000904 
0.15562500000000903 
0.2781250000000102 
0.17437500000000905 
0.3256250000000098 
0.2156250000000091 
0.24187500000000955 
0.18562500000000906 
0.18437500000000906 
0.16937500000000905 
0.16687500000000904 
0.19312500000000907 
0.15937500000000904 
0.16937500000000905 
0.28312500000000995 
0.19437500000000907 
0.22562500000000915 
0.27937500000001003 
0.3143750000000105 
0.15562500000000903 
0.21312500000000908 
0.2306250000000096 
0.16062500000000904 
0.20312500000000908 
0.2168750000000091 
0.20687500000000908 
0.18437500000000906 
0.21437500000000909 
0.24062500000000944 
0.43687500000001167 
0.17312500000000905 
0.2556250000000099 
0.25687500000000985 
0.16562500000000904 
0.14062500000000902 
0.18312500000000906 
0.16937500000000905 
0.16312500000000904 
0.17687500000000905 
0.2768750000000101 
0.14687500000000903 
0.15687500000000903 
0.17062500000000905 
0.18937500000000906 
0.18062500000000906 
0.27187500000000975 
0.36812500000000986 
0.19062500000000906 
0.19812500000000907 
0.18437500000000906 
0.13437500000000902 
0.18687500000000906 
0.16187500000000904 
0.23312500000000927 
0.39562500000001033 
0.2256250000000091 
0.2843750000000099 
0.34437500000001015 
0.3606250000000103 
0.21312500000000908 
0.17062500000000905 
0.20312500000000908 
0.24687500000000956 
0.13687500000000902 
0.17687500000000905 
0.24937500000000973 
0.2243750000000091 
0.2718750000000102 
0.21187500000000908 
0.17312500000000905 
0.2606250000000101 
0.2631250000000094 
0.15187500000000903 
0.2393750000000096 
0.2393750000000095 
0.2268750000000092 
0.37062500000001014 
0.21312500000000908 
0.24312500000000956 
0.25562500000000976 
0.26437500000000974 
0.2843750000000099 
0.14187500000000902 
0.2556250000000097 
0.18812500000000906 
0.18312500000000906 
0.18437500000000906 
0.16437500000000904 
0.24687500000000961 
0.23187500000000938 
0.19937500000000907 
0.2268750000000091 
0.15062500000000903 
0.17937500000000905 
0.3281250000000103 
0.21312500000000908 
0.23562500000000938 
0.16812500000000904 
0.14562500000000903 
0.14687500000000903 
0.16812500000000904 
0.15687500000000903 
0.25687500000000996 
0.20812500000000908 
0.2368750000000095 
0.15937500000000904 
0.19562500000000907 
0.15312500000000903 
0.22562500000000915 
0.30562500000001 
0.33687500000000997 
0.13312500000000901 
0.131875000000009 
0.14812500000000903 
0.18562500000000906 
0.18937500000000906 
0.17062500000000905 
0.17062500000000905 
0.17187500000000905 
0.17312500000000905 
0.18187500000000906 
0.20562500000000908 
0.17437500000000905 
0.32312500000001 
0.16562500000000904 
0.16312500000000904 
0.17562500000000905 
0.20562500000000908 
0.17187500000000905 
0.17937500000000905 
0.20562500000000908 
0.17437500000000905 
0.17312500000000905 
0.18812500000000906 
0.2206250000000091 
0.26437500000001 
0.25062500000000965 
0.14812500000000903 
0.2393750000000096 
0.24437500000000967 
0.27312500000000983 
0.37812500000001026 
0.3018750000000097 
0.14812500000000903 
0.2631250000000095 
0.15812500000000904 
0.24187500000000955 
0.16062500000000904 
0.23062500000000943 
0.22687500000000915 
0.16812500000000904 
0.16812500000000904 
0.18812500000000906 
0.3518750000000103 
0.13812500000000902 
0.3231250000000102 
0.20937500000000908 
0.18062500000000906 
0.20062500000000907 
0.14812500000000903 
0.2243750000000091 
0.21937500000000915 
0.29187500000001015 
0.17937500000000905 
0.2943750000000098 
0.20187500000000907 
0.24687500000000961 
0.3093750000000101 
0.20187500000000907 
0.16187500000000904 
0.19937500000000907 
0.21062500000000908 
0.19812500000000907 
0.28062500000000995 
0.19312500000000907 
0.3493750000000103 
0.25687500000000985 
0.16312500000000904 
0.2156250000000091 
0.21437500000000909 
