0.19062500000000906 
0.2206250000000092 
0.25937500000001 
0.20187500000000907 
0.23687500000000972 
0.15562500000000903 
0.15062500000000903 
0.33312500000001044 
0.2206250000000092 
0.2693750000000099 
0.125625000000009 
0.10937500000000898 
0.131875000000009 
0.19437500000000907 
0.14062500000000902 
0.130625000000009 
0.125625000000009 
0.18062500000000906 
0.16437500000000904 
0.131875000000009 
0.126875000000009 
0.16062500000000904 
0.16437500000000904 
0.26562500000001005 
0.16937500000000905 
0.17562500000000905 
0.24187500000000994 
0.11812500000000899 
0.15687500000000903 
0.14562500000000903 
0.32687500000001035 
0.18812500000000906 
0.13562500000000902 
0.14062500000000902 
0.125625000000009 
0.11937500000000899 
0.3731250000000104 
0.17312500000000905 
0.18937500000000906 
0.19687500000000907 
0.15437500000000903 
0.13562500000000902 
0.29187500000001 
0.21437500000000909 
0.15812500000000904 
0.19812500000000907 
0.15687500000000903 
0.22187500000000937 
0.15937500000000904 
0.09562500000000897 
0.24062500000000978 
0.11937500000000899 
0.16437500000000904 
0.15562500000000903 
0.3518750000000103 
0.13812500000000902 
0.20937500000000908 
0.16937500000000905 
0.3618750000000103 
0.16187500000000904 
0.2856250000000102 
0.14937500000000903 
0.27687500000001003 
0.18187500000000906 
0.13937500000000902 
0.19062500000000906 
0.13937500000000902 
0.13937500000000902 
0.22437500000000926 
0.11812500000000899 
0.3018750000000103 
0.24937500000000978 
0.20562500000000908 
0.20437500000000908 
0.15562500000000903 
0.15062500000000903 
0.15312500000000903 
0.21937500000000915 
0.19562500000000907 
0.16437500000000904 
0.15437500000000903 
0.24437500000000978 
0.11437500000000898 
0.16812500000000904 
0.2506250000000101 
0.17562500000000905 
0.23312500000000944 
0.13812500000000902 
0.19187500000000907 
0.25687500000000996 
0.15312500000000903 
0.17062500000000905 
0.126875000000009 
0.12062500000000899 
0.125625000000009 
0.15437500000000903 
0.23062500000000954 
0.15437500000000903 
0.22562500000000954 
0.17187500000000905 
0.12062500000000899 
0.18437500000000906 
0.20937500000000908 
0.20687500000000908 
0.22187500000000943 
0.09937500000000897 
0.17937500000000905 
0.23062500000000927 
0.21187500000000908 
0.17937500000000905 
0.14812500000000903 
0.10062500000000897 
0.18562500000000906 
0.14937500000000903 
0.126875000000009 
0.23437500000000955 
0.19062500000000906 
0.15687500000000903 
0.09687500000000897 
0.16812500000000904 
0.2256250000000092 
0.19937500000000907 
0.11687500000000899 
0.14562500000000903 
0.11937500000000899 
0.19687500000000907 
0.25312500000001 
0.13812500000000902 
0.15062500000000903 
0.18312500000000906 
0.17312500000000905 
0.34187500000001037 
0.16437500000000904 
0.11312500000000898 
0.11437500000000898 
0.15187500000000903 
0.19562500000000907 
0.16312500000000904 
0.10937500000000898 
0.12437500000000899 
0.15687500000000903 
0.2356250000000096 
0.30062500000001013 
0.16937500000000905 
0.20187500000000907 
0.18562500000000906 
0.22562500000000937 
0.11562500000000898 
0.15312500000000903 
0.20312500000000908 
0.13687500000000902 
0.16562500000000904 
0.20187500000000907 
0.17937500000000905 
0.10312500000000897 
0.16812500000000904 
0.19187500000000907 
0.10812500000000898 
0.11312500000000898 
0.20437500000000908 
0.10687500000000898 
0.21312500000000908 
0.14312500000000902 
0.28187500000001037 
0.23437500000000944 
0.30562500000001025 
0.19812500000000907 
0.20437500000000908 
0.19062500000000906 
0.10562500000000898 
0.20187500000000907 
0.19562500000000907 
0.27062500000001 
0.129375000000009 
0.18187500000000906 
0.20937500000000908 
0.15312500000000903 
0.09687500000000897 
0.18562500000000906 
0.14562500000000903 
0.130625000000009 
0.17812500000000905 
0.13812500000000902 
0.25562500000001026 
0.16062500000000904 
0.15687500000000903 
0.13937500000000902 
0.19812500000000907 
0.22562500000000948 
0.28187500000001003 
0.24687500000000984 
0.19562500000000907 
0.28187500000001015 
0.16937500000000905 
0.17062500000000905 
0.2368750000000095 
0.18312500000000906 
0.2168750000000091 
0.20562500000000908 
0.19687500000000907 
