0.29812500000000985 
0.19562500000000907 
0.16937500000000905 
0.16937500000000905 
0.23062500000000943 
0.16437500000000904 
0.16312500000000904 
0.15312500000000903 
0.3143750000000103 
0.3581250000000102 
0.20812500000000908 
0.14312500000000902 
0.20312500000000908 
0.19187500000000907 
0.36687500000000933 
0.23062500000000932 
0.21312500000000908 
0.4031250000000113 
0.16062500000000904 
0.2368750000000091 
0.17562500000000905 
0.17937500000000905 
0.2881250000000101 
0.13312500000000901 
0.26437500000000985 
0.20062500000000907 
0.24437500000000945 
0.18437500000000906 
0.16812500000000904 
0.24687500000000973 
0.3118750000000105 
0.19312500000000907 
0.15312500000000903 
0.2943750000000099 
0.17062500000000905 
0.13562500000000902 
0.2443750000000096 
0.17562500000000905 
0.2193750000000093 
0.2831250000000099 
0.18437500000000906 
0.22562500000000926 
0.128125000000009 
0.3793750000000101 
0.23937500000000966 
0.17812500000000905 
0.2768750000000101 
0.15187500000000903 
0.20812500000000908 
0.17937500000000905 
0.2868750000000099 
0.17687500000000905 
0.2156250000000091 
0.2206250000000092 
0.20187500000000907 
0.3818750000000107 
0.2193750000000091 
0.31187500000001 
0.17437500000000905 
0.13687500000000902 
0.21062500000000908 
0.11937500000000899 
0.30812500000001003 
0.22687500000000915 
0.24812500000000956 
0.29562500000001013 
0.25062500000000976 
0.130625000000009 
0.2218750000000091 
0.17312500000000905 
0.20937500000000908 
0.32062500000000993 
0.28562500000001007 
0.19562500000000907 
0.17187500000000905 
0.3093750000000102 
0.19437500000000907 
0.22562500000000915 
0.28687500000001 
0.15687500000000903 
0.20437500000000908 
0.3318750000000103 
0.15187500000000903 
0.2481250000000099 
0.3381250000000102 
0.22562500000000937 
0.24937500000001012 
0.5018750000000123 
0.15562500000000903 
0.21312500000000908 
0.19812500000000907 
0.13687500000000902 
0.3681250000000103 
0.14937500000000903 
0.3293750000000104 
0.16187500000000904 
0.17937500000000905 
0.20562500000000908 
0.20062500000000907 
0.20562500000000908 
0.2193750000000091 
0.3018750000000101 
0.20687500000000908 
0.17187500000000905 
0.3768750000000103 
0.23937500000000939 
0.19937500000000907 
0.16687500000000904 
0.16562500000000904 
0.25687500000000996 
0.38937500000001074 
0.15437500000000903 
0.3018750000000101 
0.21062500000000908 
0.14812500000000903 
0.2306250000000091 
0.18812500000000906 
0.17437500000000905 
0.24687500000000984 
0.17687500000000905 
0.28437500000001 
0.12437500000000899 
0.3193750000000102 
0.2168750000000091 
0.3681250000000103 
0.2618750000000099 
0.22312500000000926 
0.14187500000000902 
0.22812500000000926 
0.2418750000000095 
0.18812500000000906 
0.2818750000000098 
0.17062500000000905 
0.17437500000000905 
0.18687500000000906 
0.16937500000000905 
0.13562500000000902 
0.20562500000000908 
0.16062500000000904 
0.16687500000000904 
0.13312500000000901 
0.16437500000000904 
0.20687500000000908 
0.16187500000000904 
0.2268750000000091 
0.18187500000000906 
0.31687500000000995 
0.17187500000000905 
0.16937500000000905 
0.4031250000000108 
0.129375000000009 
0.24687500000000973 
0.23437500000000944 
0.12312500000000899 
0.20937500000000908 
0.19687500000000907 
0.2243750000000091 
0.39937500000001086 
0.21312500000000908 
0.130625000000009 
0.2256250000000092 
0.17687500000000905 
0.31187500000001006 
0.16187500000000904 
0.13312500000000901 
0.18312500000000906 
0.130625000000009 
0.14937500000000903 
0.25187500000000984 
0.21062500000000908 
0.18812500000000906 
0.28937500000001004 
0.19687500000000907 
0.2768750000000099 
0.2193750000000091 
0.17062500000000905 
0.4331250000000123 
0.18312500000000906 
0.17437500000000905 
0.463125000000012 
0.18312500000000906 
0.20687500000000908 
0.21437500000000909 
0.17312500000000905 
0.31812500000001004 
0.18937500000000906 
0.16312500000000904 
0.24937500000000995 
0.16687500000000904 
0.29187500000001 
0.30562500000000997 
0.41062500000001073 
0.23187500000000932 
0.16187500000000904 
0.20562500000000908 
0.14812500000000903 
0.21062500000000908 
0.16562500000000904 
0.3268750000000103 
0.2518750000000099 
0.30312500000000997 
0.14437500000000902 
0.3281250000000101 
0.18937500000000906 
0.20562500000000908 
0.28312500000001006 
0.23312500000000932 
0.3131250000000101 
0.19187500000000907 
0.19437500000000907 
0.2756250000000099 
0.131875000000009 
0.22187500000000931 
0.24687500000000984 
0.19812500000000907 
0.2743750000000097 
0.15437500000000903 
0.20312500000000908 
0.14812500000000903 
0.2506250000000098 
0.23812500000000966 
0.14062500000000902 
0.16187500000000904 
0.21062500000000908 
0.12437500000000899 
0.21187500000000908 
0.3631250000000102 
0.16937500000000905 
0.17312500000000905 
0.24062500000000972 
0.15562500000000903 
0.30312500000000997 
0.21812500000000914 
0.16062500000000904 
0.16437500000000904 
0.15812500000000904 
0.2193750000000091 
0.17937500000000905 
0.3093750000000101 
0.21937500000000915 
0.24562500000000967 
0.15187500000000903 
0.15312500000000903 
0.20937500000000908 
0.16062500000000904 
0.25062500000000987 
0.20937500000000908 
0.17312500000000905 
0.21687500000000937 
0.15812500000000904 
0.16562500000000904 
0.15687500000000903 
0.10812500000000898 
0.2168750000000091 
0.2343750000000095 
0.11937500000000899 
0.25812500000001004 
0.13687500000000902 
0.15312500000000903 
0.21312500000000908 
0.23312500000000944 
0.14687500000000903 
0.125625000000009 
0.3431250000000103 
0.3081250000000101 
0.15187500000000903 
0.17562500000000905 
0.12062500000000899 
0.2418750000000096 
0.22937500000000927 
0.16187500000000904 
0.15812500000000904 
0.2181250000000091 
0.16437500000000904 
0.17437500000000905 
0.2356250000000095 
0.20937500000000908 
0.19437500000000907 
0.3268750000000101 
0.13562500000000902 
0.21062500000000908 
0.15937500000000904 
0.17437500000000905 
0.3443750000000104 
0.33812500000001006 
0.3331250000000101 
0.17437500000000905 
0.20687500000000908 
0.27187500000000975 
0.15437500000000903 
0.15187500000000903 
0.32562500000001005 
0.22187500000000926 
0.20687500000000908 
0.23937500000000955 
0.27437500000001 
0.24312500000000972 
0.2193750000000091 
0.21437500000000909 
0.16812500000000904 
