0.2756250000000098 
0.17687500000000905 
0.14812500000000903 
0.17812500000000905 
0.13312500000000901 
0.15312500000000903 
0.130625000000009 
0.16187500000000904 
0.14562500000000903 
0.2231250000000092 
0.16687500000000904 
0.13937500000000902 
0.10437500000000897 
0.16312500000000904 
0.10812500000000898 
0.20062500000000907 
0.22562500000000932 
0.2543750000000099 
0.18687500000000906 
0.21187500000000908 
0.26812500000001 
0.17062500000000905 
0.22687500000000954 
0.18312500000000906 
0.20812500000000908 
0.11187500000000898 
0.2218750000000091 
0.17312500000000905 
0.2418750000000096 
0.18937500000000906 
0.17937500000000905 
0.17937500000000905 
0.26812500000001 
0.15062500000000903 
0.20937500000000908 
0.17187500000000905 
0.17187500000000905 
0.3118750000000101 
0.11437500000000898 
0.14312500000000902 
0.2368750000000096 
0.14312500000000902 
0.31062500000001025 
0.13312500000000901 
0.10187500000000897 
0.128125000000009 
0.22562500000000932 
0.15812500000000904 
0.18687500000000906 
0.24187500000000978 
0.14437500000000902 
0.16312500000000904 
0.16812500000000904 
0.22562500000000932 
0.2393750000000096 
0.18187500000000906 
0.16937500000000905 
0.14937500000000903 
0.18062500000000906 
0.19187500000000907 
0.19062500000000906 
0.15687500000000903 
0.13937500000000902 
0.15062500000000903 
0.129375000000009 
0.13812500000000902 
0.23812500000000955 
0.12437500000000899 
0.18312500000000906 
0.2118750000000092 
0.17437500000000905 
0.32687500000001024 
0.29312500000001 
0.2581250000000098 
0.14937500000000903 
0.11812500000000899 
0.130625000000009 
0.15562500000000903 
0.15062500000000903 
0.17312500000000905 
0.16687500000000904 
0.25437500000000984 
0.17562500000000905 
0.19687500000000907 
0.15312500000000903 
0.24312500000000967 
0.21437500000000909 
0.128125000000009 
0.19562500000000907 
0.25437500000000995 
0.129375000000009 
0.15062500000000903 
0.14687500000000903 
0.18812500000000906 
0.16812500000000904 
0.18187500000000906 
0.16562500000000904 
0.21187500000000908 
0.27437500000000986 
0.2668750000000099 
0.20687500000000908 
0.32062500000001026 
0.2206250000000091 
0.27187500000000986 
0.09812500000000897 
0.18937500000000906 
0.11187500000000898 
0.19437500000000907 
0.12312500000000899 
0.15687500000000903 
0.22437500000000926 
0.2681250000000099 
0.16312500000000904 
0.20937500000000908 
0.26437500000000996 
0.17312500000000905 
0.13312500000000901 
0.17437500000000905 
0.22937500000000932 
0.2193750000000092 
0.13937500000000902 
0.15937500000000904 
0.15562500000000903 
0.18687500000000906 
0.12437500000000899 
0.22937500000000954 
0.20687500000000908 
0.11562500000000898 
0.20187500000000907 
0.12312500000000899 
0.125625000000009 
0.24687500000000973 
0.130625000000009 
0.30812500000001025 
0.15687500000000903 
0.13812500000000902 
0.17187500000000905 
0.16562500000000904 
0.20812500000000908 
0.32062500000001015 
0.130625000000009 
0.28187500000001026 
0.14062500000000902 
0.10812500000000898 
0.18062500000000906 
0.11562500000000898 
0.19187500000000907 
0.35437500000001043 
0.19812500000000907 
0.28687500000001015 
0.26187500000001007 
0.3381250000000102 
0.19562500000000907 
0.28062500000001017 
0.18937500000000906 
0.24062500000001 
0.15312500000000903 
0.17187500000000905 
0.20312500000000908 
0.15062500000000903 
0.20812500000000908 
0.2356250000000096 
0.16437500000000904 
0.17812500000000905 
0.19062500000000906 
0.26437500000000996 
0.26812500000001005 
0.21187500000000908 
0.11437500000000898 
0.11312500000000898 
0.19937500000000907 
0.24562500000000956 
0.18812500000000906 
0.15312500000000903 
0.23937500000000944 
0.24312500000000972 
0.27562500000001017 
0.18062500000000906 
0.22437500000000937 
0.23062500000000932 
0.2968750000000099 
0.130625000000009 
0.15562500000000903 
0.20312500000000908 
0.2156250000000091 
0.21437500000000909 
0.14187500000000902 
0.19562500000000907 
0.16937500000000905 
0.17812500000000905 
0.2681250000000099 
0.20937500000000908 
0.27937500000001 
0.13562500000000902 
0.20312500000000908 
0.14187500000000902 
0.17187500000000905 
0.25687500000001 
0.15437500000000903 
0.14437500000000902 
0.2343750000000095 
0.2318750000000095 
0.2893750000000103 
0.15062500000000903 
0.20062500000000907 
0.14687500000000903 
0.2181250000000091 
0.17312500000000905 
0.17187500000000905 
0.18437500000000906 
0.2818750000000101 
0.22437500000000937 
0.11562500000000898 
0.20937500000000908 
0.20437500000000908 
0.15687500000000903 
0.24312500000000967 
0.11687500000000899 
0.20437500000000908 
0.18937500000000906 
0.23312500000000944 
0.2181250000000091 
0.15812500000000904 
0.25062500000000987 
0.16187500000000904 
0.15437500000000903 
0.22562500000000932 
0.2206250000000091 
0.24437500000000995 
0.2518750000000099 
0.15437500000000903 
0.15562500000000903 
0.17312500000000905 
0.14437500000000902 
0.17187500000000905 
0.10812500000000898 
0.13687500000000902 
0.27562500000000995 
0.18937500000000906 
0.16187500000000904 
0.12062500000000899 
0.13687500000000902 
0.20437500000000908 
0.29312500000001 
0.27812500000001006 
0.17687500000000905 
0.19312500000000907 
0.17437500000000905 
0.21437500000000909 
0.2168750000000092 
0.2256250000000092 
0.18437500000000906 
0.15437500000000903 
0.2593750000000099 
0.16062500000000904 
0.25187500000001006 
0.10312500000000897 
0.19937500000000907 
0.26062500000000993 
0.12062500000000899 
0.16937500000000905 
0.2156250000000091 
0.2668750000000099 
0.11687500000000899 
0.3418750000000105 
0.20437500000000908 
0.11437500000000898 
0.125625000000009 
0.22937500000000943 
0.22812500000000926 
0.3256250000000103 
0.17437500000000905 
0.3056250000000102 
0.16437500000000904 
0.15312500000000903 
0.12312500000000899 
0.13437500000000902 
0.16562500000000904 
0.24937500000001006 
0.20687500000000908 
0.2893750000000101 
0.16062500000000904 
0.11937500000000899 
0.23187500000000955 
0.24437500000000972 
0.131875000000009 
0.3643750000000104 
0.20687500000000908 
0.15562500000000903 
0.22812500000000943 
0.125625000000009 
0.15562500000000903 
0.15187500000000903 
0.14062500000000902 
0.21437500000000909 
0.16937500000000905 
0.16812500000000904 
0.17937500000000905 
0.15812500000000904 
0.23062500000000938 
