0.3943750000000111 
0.18687500000000906 
0.17937500000000905 
0.14812500000000903 
0.19562500000000907 
0.26937500000000986 
0.19812500000000907 
0.19187500000000907 
0.28187500000001003 
0.23937500000000944 
0.20937500000000908 
0.18812500000000906 
0.24437500000000967 
0.2431250000000096 
0.31812500000001015 
0.45687500000001235 
0.18687500000000906 
0.18187500000000906 
0.35812500000001024 
0.22312500000000926 
0.13437500000000902 
0.15437500000000903 
0.20562500000000908 
0.18937500000000906 
0.13562500000000902 
0.17812500000000905 
0.14812500000000903 
0.12062500000000899 
0.2343750000000095 
0.13562500000000902 
0.16437500000000904 
0.15812500000000904 
0.21312500000000914 
0.16312500000000904 
0.15062500000000903 
0.18812500000000906 
0.17062500000000905 
0.17937500000000905 
0.2531250000000099 
0.3468750000000104 
0.30687500000001017 
0.11562500000000898 
0.23312500000000955 
0.2368750000000095 
0.126875000000009 
0.2181250000000091 
0.20312500000000908 
0.20937500000000908 
0.16437500000000904 
0.19312500000000907 
0.13687500000000902 
0.21312500000000908 
0.16062500000000904 
0.23562500000000927 
0.15562500000000903 
0.18062500000000906 
0.24812500000000978 
0.20562500000000908 
0.27312500000001005 
0.2206250000000092 
0.23812500000000977 
0.17687500000000905 
0.20812500000000908 
0.24937500000000978 
0.22187500000000943 
0.32562500000001027 
0.19687500000000907 
0.23937500000000955 
0.14062500000000902 
0.17937500000000905 
0.22562500000000932 
0.2931250000000102 
0.20437500000000908 
0.3106250000000101 
0.21312500000000908 
0.26687500000000985 
0.17312500000000905 
0.25562500000000987 
0.13687500000000902 
0.20562500000000908 
0.3731250000000105 
0.15812500000000904 
0.16812500000000904 
0.29062500000001007 
0.17062500000000905 
0.19187500000000907 
0.13687500000000902 
0.3256250000000103 
0.2218750000000092 
0.18062500000000906 
0.15937500000000904 
0.17312500000000905 
0.19062500000000906 
0.2906250000000099 
0.4418750000000119 
0.14062500000000902 
0.2506250000000098 
0.14437500000000902 
0.17562500000000905 
0.16312500000000904 
0.2181250000000091 
0.2206250000000091 
0.14812500000000903 
0.18812500000000906 
0.12187500000000899 
0.20437500000000908 
0.17562500000000905 
0.17312500000000905 
0.16562500000000904 
0.15562500000000903 
0.28312500000001006 
0.17437500000000905 
0.16187500000000904 
0.16187500000000904 
0.2631250000000098 
0.4631250000000121 
0.14562500000000903 
0.130625000000009 
0.26562500000000994 
0.3543750000000104 
0.20812500000000908 
0.13562500000000902 
0.15687500000000903 
0.37687500000001045 
0.20187500000000907 
0.2568750000000098 
0.13812500000000902 
0.20312500000000908 
0.125625000000009 
0.2968750000000101 
0.23562500000000944 
0.2868750000000099 
0.23562500000000966 
0.17812500000000905 
0.18437500000000906 
0.17312500000000905 
0.17812500000000905 
0.4143750000000113 
0.14062500000000902 
0.28312500000000995 
0.2218750000000091 
0.2418750000000096 
0.17062500000000905 
0.2718750000000101 
0.129375000000009 
0.18312500000000906 
0.28062500000000995 
0.26062500000000993 
0.18062500000000906 
0.16937500000000905 
0.21062500000000908 
0.16937500000000905 
0.2768750000000101 
0.14562500000000903 
0.22187500000000915 
0.29562500000001 
0.3468750000000103 
0.21687500000000914 
0.15187500000000903 
0.27437500000000997 
0.17937500000000905 
0.2206250000000091 
0.128125000000009 
0.19562500000000907 
0.16687500000000904 
0.19187500000000907 
0.130625000000009 
0.19812500000000907 
0.17937500000000905 
0.28562500000001 
0.2568750000000101 
0.28062500000000995 
0.20562500000000908 
0.21187500000000908 
0.19562500000000907 
0.12312500000000899 
0.2181250000000091 
0.10312500000000897 
0.17812500000000905 
0.23937500000000955 
0.17187500000000905 
0.3281250000000101 
0.15187500000000903 
0.16812500000000904 
0.15437500000000903 
0.16812500000000904 
0.2518750000000097 
0.19687500000000907 
0.17937500000000905 
0.16812500000000904 
0.17437500000000905 
0.31437500000001034 
0.13937500000000902 
0.2343750000000095 
0.34187500000001037 
0.18187500000000906 
0.15812500000000904 
0.14812500000000903 
0.15312500000000903 
0.21312500000000908 
0.2293750000000095 
0.16187500000000904 
0.18062500000000906 
0.20937500000000908 
0.19812500000000907 
0.128125000000009 
0.18937500000000906 
0.2556250000000098 
0.15062500000000903 
0.28312500000001006 
0.19062500000000906 
0.18687500000000906 
0.131875000000009 
0.30687500000000995 
0.129375000000009 
0.129375000000009 
0.14562500000000903 
0.21187500000000908 
0.13812500000000902 
0.2206250000000091 
0.15187500000000903 
0.23562500000000966 
0.11687500000000899 
0.15562500000000903 
0.20687500000000908 
0.17562500000000905 
0.16187500000000904 
0.16562500000000904 
0.2331250000000092 
0.13437500000000902 
0.17437500000000905 
0.13562500000000902 
0.16312500000000904 
0.2193750000000091 
0.13687500000000902 
0.18437500000000906 
0.15437500000000903 
0.17937500000000905 
0.2406250000000096 
0.13437500000000902 
0.11812500000000899 
0.2531250000000098 
0.15562500000000903 
0.13437500000000902 
0.12312500000000899 
0.16437500000000904 
0.4643750000000124 
0.20062500000000907 
0.2193750000000091 
0.128125000000009 
0.17187500000000905 
0.20312500000000908 
0.2456250000000096 
0.22312500000000915 
0.16687500000000904 
0.18562500000000906 
0.13312500000000901 
0.19062500000000906 
0.17187500000000905 
0.17562500000000905 
0.17562500000000905 
0.19562500000000907 
0.15562500000000903 
0.16437500000000904 
0.15062500000000903 
0.25187500000000984 
0.19812500000000907 
0.20187500000000907 
0.13937500000000902 
0.25687500000000985 
0.17937500000000905 
0.30062500000000997 
0.20062500000000907 
0.18562500000000906 
0.2581250000000099 
0.18812500000000906 
0.15812500000000904 
0.24312500000000972 
0.21437500000000909 
0.21437500000000914 
0.19437500000000907 
0.29312500000001 
0.11062500000000898 
0.19312500000000907 
0.15187500000000903 
0.14937500000000903 
0.27812500000001006 
0.14312500000000902 
0.2231250000000091 
0.2418750000000096 
0.29562500000001024 
0.20187500000000907 
0.2293750000000095 
0.13312500000000901 
0.15312500000000903 
0.23562500000000955 
0.20812500000000908 
0.23437500000000955 
0.20937500000000908 
0.10187500000000897 
