0.2168750000000091 
0.2731250000000096 
0.2418750000000091 
0.17937500000000905 
0.18187500000000906 
0.34937500000001026 
0.17187500000000905 
0.26187500000000996 
0.35937500000001016 
0.16937500000000905 
0.25687500000000985 
0.17312500000000905 
0.2718750000000097 
0.25687500000000946 
0.17937500000000905 
0.31562500000001015 
0.2331250000000091 
0.18937500000000906 
0.2168750000000091 
0.15687500000000903 
0.20562500000000908 
0.2681250000000099 
0.36437500000001016 
0.18562500000000906 
0.20562500000000908 
0.27062500000001 
0.16062500000000904 
0.20312500000000908 
0.3456250000000101 
0.29437500000001005 
0.17812500000000905 
0.2706250000000097 
0.17562500000000905 
0.18562500000000906 
0.131875000000009 
0.17187500000000905 
0.2568750000000096 
0.20187500000000907 
0.15187500000000903 
0.19562500000000907 
0.2181250000000091 
0.23312500000000938 
0.2581250000000099 
0.28562500000001007 
0.17437500000000905 
0.20437500000000908 
0.2193750000000091 
0.21312500000000908 
0.27187500000000975 
0.16812500000000904 
0.23937500000000933 
0.21187500000000908 
0.2743750000000099 
0.22812500000000915 
0.35187500000001004 
0.2631250000000098 
0.18062500000000906 
0.16812500000000904 
0.2518750000000098 
0.17687500000000905 
0.26937500000000963 
0.24937500000000967 
0.26062500000000977 
0.3206250000000098 
0.18562500000000906 
0.17937500000000905 
0.2381250000000095 
0.2356250000000096 
0.2281250000000091 
0.15937500000000904 
0.17187500000000905 
0.19062500000000906 
0.14562500000000903 
0.17812500000000905 
0.18062500000000906 
0.16812500000000904 
0.18062500000000906 
0.21437500000000909 
0.20062500000000907 
0.17937500000000905 
0.2231250000000091 
0.15437500000000903 
0.17437500000000905 
0.13687500000000902 
0.21437500000000909 
0.36687500000001033 
0.27687500000001 
0.25812500000000965 
0.17062500000000905 
0.2543750000000098 
0.2418750000000091 
0.15937500000000904 
0.30437500000000983 
0.15187500000000903 
0.18187500000000906 
0.32437500000000985 
0.17187500000000905 
0.19687500000000907 
0.2231250000000091 
0.14937500000000903 
0.13562500000000902 
0.14312500000000902 
0.2368750000000091 
0.28062500000000995 
0.20062500000000907 
0.19812500000000907 
0.18562500000000906 
0.21437500000000909 
0.18562500000000906 
0.16312500000000904 
0.20812500000000908 
0.18812500000000906 
0.2443750000000095 
0.17437500000000905 
0.17312500000000905 
0.32937500000001024 
0.20812500000000908 
0.2868750000000098 
0.16937500000000905 
0.21312500000000908 
0.18187500000000906 
0.13937500000000902 
0.3156250000000102 
0.24062500000000994 
0.36437500000001044 
0.2581250000000099 
0.28187500000000976 
0.18312500000000906 
0.2281250000000092 
0.16687500000000904 
0.3056250000000099 
0.2668750000000099 
0.23062500000000927 
0.17687500000000905 
0.27062500000000983 
0.18062500000000906 
0.13812500000000902 
0.21437500000000909 
0.26937500000000986 
0.17937500000000905 
0.19937500000000907 
0.25562500000000987 
0.2168750000000091 
0.17812500000000905 
0.2606250000000097 
0.19687500000000907 
0.17437500000000905 
0.24062500000000955 
0.2556250000000098 
0.18562500000000906 
0.19187500000000907 
0.16062500000000904 
0.28687500000001 
0.2568750000000095 
0.2806250000000098 
0.2231250000000091 
0.28937500000000993 
0.17812500000000905 
0.18437500000000906 
0.14937500000000903 
0.21062500000000908 
0.2518750000000099 
0.2281250000000092 
0.20187500000000907 
0.24187500000000955 
0.29437500000001016 
0.20312500000000908 
0.17562500000000905 
0.20312500000000908 
0.2743750000000098 
0.21437500000000909 
0.2968750000000101 
0.21187500000000908 
0.20062500000000907 
0.26187500000000985 
0.18687500000000906 
0.34937500000001015 
0.17687500000000905 
0.20312500000000908 
0.17937500000000905 
0.2368750000000096 
0.37687500000001056 
0.26062500000000977 
0.20812500000000908 
0.18187500000000906 
0.19937500000000907 
0.2993750000000103 
0.25562500000000976 
0.17812500000000905 
0.18062500000000906 
0.32562500000001016 
0.24062500000000955 
0.20562500000000908 
0.18812500000000906 
0.15562500000000903 
0.18812500000000906 
0.18562500000000906 
0.19812500000000907 
0.16812500000000904 
0.17687500000000905 
0.24437500000000956 
0.27812500000000995 
0.22312500000000915 
0.20437500000000908 
0.17687500000000905 
0.17187500000000905 
0.2868750000000099 
0.14687500000000903 
0.16562500000000904 
0.3781250000000104 
0.23187500000000927 
0.2193750000000091 
0.2706250000000101 
0.33187500000001013 
0.27562500000001 
0.131875000000009 
0.2181250000000091 
0.16937500000000905 
0.130625000000009 
0.18562500000000906 
0.24187500000000972 
0.34312500000001017 
0.18062500000000906 
0.20312500000000908 
0.2868750000000096 
0.25062500000000976 
0.18437500000000906 
0.17562500000000905 
0.2268750000000091 
0.30562500000001 
0.2506250000000097 
0.16312500000000904 
0.15812500000000904 
0.2243750000000092 
0.32812500000001005 
0.23437500000000938 
0.23062500000000932 
0.17562500000000905 
0.21187500000000908 
0.19937500000000907 
0.19562500000000907 
0.23937500000000927 
0.21437500000000909 
0.15437500000000903 
0.16968750000000904 
0.18187500000000906 
0.24312500000000967 
0.20687500000000908 
0.16187500000000904 
0.20937500000000908 
0.19937500000000907 
0.2843750000000098 
0.17062500000000905 
0.14687500000000903 
0.15062500000000903 
0.15187500000000903 
0.17437500000000905 
0.25562500000000987 
0.23312500000000916 
0.18062500000000906 
0.28312500000001 
0.30687500000000956 
0.17562500000000905 
0.17437500000000905 
0.18687500000000906 
0.2293750000000091 
0.26687500000000947 
0.20187500000000907 
0.16812500000000904 
0.21062500000000908 
0.18312500000000906 
0.40687500000001076 
0.19937500000000907 
0.3456250000000101 
0.13812500000000902 
0.16437500000000904 
0.22187500000000926 
0.29937500000001 
0.23187500000000938 
0.2543750000000093 
0.25312500000000915 
0.38687500000001046 
0.30562500000000986 
0.24062500000000955 
0.20437500000000908 
0.24937500000000984 
0.18562500000000906 
0.16687500000000904 
0.2243750000000091 
0.18187500000000906 
0.19687500000000907 
0.19812500000000907 
0.17062500000000905 
0.128125000000009 
0.18687500000000906 
0.16687500000000904 
0.3206250000000101 
0.14437500000000902 
0.19937500000000907 
0.21437500000000909 
