0.18687500000000906 
0.22562500000000943 
0.2193750000000091 
0.19562500000000907 
0.3193750000000105 
0.2206250000000091 
0.16437500000000904 
0.4406250000000094 
0.20812500000000908 
0.17562500000000905 
0.24187500000000955 
0.18437500000000906 
0.19937500000000907 
0.2193750000000091 
0.2168750000000091 
0.2243750000000091 
0.17312500000000905 
0.32312500000001027 
0.32812500000001005 
0.18312500000000906 
0.2156250000000091 
0.24312500000000994 
0.22937500000000915 
0.15187500000000903 
0.13937500000000902 
0.2631250000000098 
0.21312500000000908 
0.14062500000000902 
0.45687500000001247 
0.26187500000000974 
0.14437500000000902 
0.26312500000000966 
0.14687500000000903 
0.16062500000000904 
0.2206250000000091 
0.2793750000000096 
0.17187500000000905 
0.37812500000001026 
0.25812500000000965 
0.19062500000000906 
0.20312500000000908 
0.27562500000001 
0.30312500000000986 
0.15312500000000903 
0.19062500000000906 
0.31437500000000995 
0.17062500000000905 
0.15937500000000904 
0.23062500000000938 
0.18562500000000906 
0.2156250000000091 
0.20687500000000908 
0.20437500000000908 
0.2256250000000091 
0.19187500000000907 
0.26437500000000974 
0.27187500000000997 
0.35687500000001027 
0.25812500000001004 
0.35187500000001043 
0.18562500000000906 
0.24187500000000972 
0.19187500000000907 
0.18937500000000906 
0.31687500000001007 
0.26437500000000985 
0.2731250000000102 
0.26312500000000977 
0.3106250000000102 
0.17062500000000905 
0.15437500000000903 
0.2456250000000094 
0.16812500000000904 
0.2243750000000091 
0.3081250000000097 
0.18312500000000906 
0.23062500000000927 
0.20937500000000908 
0.17687500000000905 
0.2231250000000091 
0.28437500000001 
0.20062500000000907 
0.16812500000000904 
0.20812500000000908 
0.20187500000000907 
0.20187500000000907 
0.3131250000000101 
0.2581250000000096 
0.18687500000000906 
0.19062500000000906 
0.19062500000000906 
0.19687500000000907 
0.18062500000000906 
0.16187500000000904 
0.5343750000000124 
0.15812500000000904 
0.22562500000000926 
0.43312500000001136 
0.20187500000000907 
0.17812500000000905 
0.14187500000000902 
0.20812500000000908 
0.25062500000000976 
0.22562500000000932 
0.2156250000000091 
0.2443750000000096 
0.15687500000000903 
0.30562500000001 
0.18812500000000906 
0.17062500000000905 
0.2318750000000092 
0.2293750000000091 
0.19187500000000907 
0.23687500000000955 
0.14437500000000902 
0.21187500000000908 
0.17562500000000905 
0.18562500000000906 
0.18937500000000906 
0.30187500000000994 
0.20187500000000907 
0.19312500000000907 
0.14937500000000903 
0.18937500000000906 
0.19437500000000907 
0.2543750000000098 
0.3356250000000103 
0.2581250000000098 
0.20062500000000907 
0.2418750000000091 
0.14312500000000902 
0.23187500000000938 
0.18687500000000906 
0.26437500000000985 
0.20312500000000908 
0.17312500000000905 
0.20312500000000908 
0.19687500000000907 
0.2193750000000091 
0.20187500000000907 
0.26437500000000985 
0.2531250000000098 
0.2931250000000099 
0.27562500000000983 
0.16937500000000905 
0.24187500000000978 
0.16562500000000904 
0.2593750000000092 
0.25812500000000976 
0.28562500000000995 
0.38312500000001026 
0.20437500000000908 
0.17562500000000905 
0.26437500000000996 
0.46062500000001205 
0.33562500000000933 
0.2431250000000095 
0.25687500000000973 
0.18062500000000906 
0.2968750000000101 
0.22437500000000915 
0.18562500000000906 
0.2356250000000096 
0.24687500000000984 
0.38687500000001035 
0.24687500000001 
0.28687500000000976 
0.15437500000000903 
0.16937500000000905 
0.2218750000000091 
0.14562500000000903 
0.24437500000000933 
0.18687500000000906 
0.22312500000000915 
0.399375000000011 
0.2531250000000092 
0.20812500000000908 
0.18312500000000906 
0.16937500000000905 
0.2231250000000091 
0.30062500000000975 
0.2593750000000098 
0.20312500000000908 
0.32937500000001024 
0.17187500000000905 
0.16812500000000904 
0.20562500000000908 
0.24687500000000978 
0.2831250000000098 
0.21312500000000914 
0.21062500000000908 
0.3106250000000102 
0.16812500000000904 
0.2568750000000097 
0.23062500000000954 
0.22812500000000915 
0.2556250000000098 
0.23687500000000922 
0.27062500000000994 
0.18187500000000906 
0.16562500000000904 
0.20437500000000908 
0.16437500000000904 
0.17812500000000905 
0.18937500000000906 
0.20312500000000908 
0.32437500000001024 
0.17562500000000905 
0.19437500000000907 
0.4343750000000118 
0.2168750000000091 
0.2181250000000091 
0.2443750000000096 
0.2168750000000091 
0.35062500000001035 
0.23437500000000938 
0.28937500000001004 
0.16937500000000905 
0.23687500000000955 
0.20687500000000908 
0.20187500000000907 
0.2393750000000095 
0.23312500000000932 
0.2406250000000095 
0.17187500000000905 
0.18062500000000906 
0.20062500000000907 
0.20437500000000908 
0.19187500000000907 
0.2193750000000091 
0.2318750000000091 
0.33312500000001005 
0.23437500000000933 
0.35312500000001024 
0.2368750000000095 
0.14437500000000902 
0.2231250000000091 
0.15187500000000903 
0.15437500000000903 
0.14312500000000902 
0.17062500000000905 
0.34187500000001014 
0.2243750000000091 
0.32812500000001005 
0.17062500000000905 
0.2793750000000099 
0.22687500000000915 
0.2506250000000099 
0.18812500000000906 
0.30312500000001014 
0.2856250000000098 
0.17812500000000905 
0.21312500000000908 
0.2693750000000095 
0.18062500000000906 
0.3006250000000099 
0.20062500000000907 
0.31562500000001004 
0.2456250000000095 
0.2156250000000091 
0.2431250000000091 
0.19312500000000907 
0.2181250000000091 
0.24687500000000978 
0.17937500000000905 
0.17312500000000905 
0.19687500000000907 
0.4181250000000107 
0.27812500000001017 
0.16812500000000904 
0.3306250000000101 
0.23687500000000944 
0.24937500000000967 
0.17937500000000905 
0.17687500000000905 
0.22812500000000932 
0.17562500000000905 
0.28062500000001 
0.22812500000000932 
0.27687500000000975 
0.16812500000000904 
0.2181250000000091 
0.18687500000000906 
0.19812500000000907 
0.24187500000000967 
0.24437500000000928 
0.30937500000001 
0.28437500000001004 
0.17687500000000905 
0.15437500000000903 
0.17437500000000905 
0.21312500000000908 
0.18812500000000906 
0.24062500000000933 
0.19812500000000907 
0.2743750000000097 
0.19062500000000906 
0.26812500000000994 
0.16812500000000904 
0.17562500000000905 
