0.22687500000000926 
0.2518750000000099 
0.4843750000000123 
0.14562500000000903 
0.14312500000000902 
0.31187500000001006 
0.16187500000000904 
0.2818750000000102 
0.29312500000001007 
0.25687500000000973 
0.2443750000000094 
0.3231250000000101 
0.20562500000000908 
0.2506250000000099 
0.17062500000000905 
0.19437500000000907 
0.26437500000001 
0.32312500000001043 
0.3131250000000101 
0.18187500000000906 
0.17687500000000905 
0.5093750000000115 
0.18187500000000906 
0.18312500000000906 
0.126875000000009 
0.2843750000000099 
0.21062500000000908 
0.20562500000000908 
0.25812500000000976 
0.18312500000000906 
0.20937500000000908 
0.15937500000000904 
0.20812500000000908 
0.13812500000000902 
0.3906250000000107 
0.2318750000000095 
0.2868750000000099 
0.17687500000000905 
0.14312500000000902 
0.20187500000000907 
0.11187500000000898 
0.24687500000000961 
0.19562500000000907 
0.18312500000000906 
0.22937500000000938 
0.18312500000000906 
0.2806250000000101 
0.17937500000000905 
0.15187500000000903 
0.19812500000000907 
0.17187500000000905 
0.13812500000000902 
0.2443750000000094 
0.19687500000000907 
0.16437500000000904 
0.16062500000000904 
0.2318750000000096 
0.25687500000000985 
0.16062500000000904 
0.3606250000000104 
0.16812500000000904 
0.14562500000000903 
0.24437500000000945 
0.17562500000000905 
0.17687500000000905 
0.23187500000000938 
0.2993750000000098 
0.26187500000000974 
0.23937500000000955 
0.2181250000000091 
0.18312500000000906 
0.21187500000000908 
0.16312500000000904 
0.23062500000000932 
0.19687500000000907 
0.19187500000000907 
0.30562500000001014 
0.34062500000001 
0.26437500000000985 
0.28562500000000995 
0.15687500000000903 
0.11187500000000898 
0.16187500000000904 
0.2206250000000091 
0.2393750000000095 
0.2181250000000091 
0.2206250000000091 
0.35687500000001043 
0.2156250000000091 
0.16562500000000904 
0.2181250000000091 
0.24687500000000978 
0.2231250000000091 
0.23187500000000932 
0.25937500000000985 
0.16562500000000904 
0.3068750000000101 
0.20312500000000908 
0.11562500000000898 
0.11812500000000899 
0.24937500000001023 
0.18187500000000906 
0.3631250000000105 
0.21062500000000908 
0.2918750000000098 
0.3606250000000105 
0.2156250000000091 
0.2206250000000091 
0.19437500000000907 
0.19562500000000907 
0.17062500000000905 
0.2768750000000099 
0.17437500000000905 
0.15812500000000904 
0.17687500000000905 
0.16687500000000904 
0.17187500000000905 
0.15312500000000903 
0.15812500000000904 
0.19312500000000907 
0.17562500000000905 
0.2493750000000099 
0.20812500000000908 
0.16687500000000904 
0.4393750000000124 
0.30937500000001017 
0.20437500000000908 
0.22187500000000915 
0.24937500000000967 
0.4056250000000111 
0.22562500000000915 
0.18687500000000906 
0.19812500000000907 
0.2418750000000096 
0.16437500000000904 
0.20687500000000908 
0.16312500000000904 
0.15812500000000904 
0.2831250000000099 
0.25062500000001015 
0.4418750000000121 
0.14687500000000903 
0.28062500000001 
0.18812500000000906 
0.20437500000000908 
0.26437500000000996 
0.2631250000000099 
0.17312500000000905 
0.19437500000000907 
0.14562500000000903 
0.17062500000000905 
0.2181250000000091 
0.19312500000000907 
0.21062500000000908 
0.26187500000000974 
0.32937500000000997 
0.3493750000000102 
0.20687500000000908 
0.28437500000001015 
0.19187500000000907 
0.28937500000001 
0.18312500000000906 
0.14437500000000902 
0.19812500000000907 
0.21062500000000908 
0.2168750000000091 
0.20437500000000908 
0.18187500000000906 
0.2556250000000098 
0.17812500000000905 
0.14312500000000902 
0.2243750000000091 
0.20937500000000908 
0.14937500000000903 
0.18937500000000906 
0.3206250000000103 
0.2306250000000092 
0.2181250000000091 
0.20937500000000908 
0.16812500000000904 
0.29562500000001 
0.16812500000000904 
0.26312500000001005 
0.18937500000000906 
0.22062500000000915 
0.20312500000000908 
0.20187500000000907 
0.31187500000001034 
0.23187500000000932 
0.23562500000000933 
0.14562500000000903 
0.11812500000000899 
0.30312500000000997 
0.18437500000000906 
0.28812500000001 
0.15812500000000904 
0.28687500000001026 
0.2168750000000091 
0.17062500000000905 
0.26062500000000977 
0.15687500000000903 
0.23187500000000943 
0.4468750000000119 
0.18437500000000906 
0.15062500000000903 
0.13312500000000901 
0.24062500000000955 
0.12062500000000899 
0.19062500000000906 
0.31187500000001 
0.16562500000000904 
0.25562500000000976 
0.19312500000000907 
0.23937500000000955 
0.131875000000009 
0.18312500000000906 
0.32687500000001024 
0.2493750000000099 
0.19687500000000907 
0.4481250000000123 
0.2381250000000095 
0.2231250000000091 
0.19937500000000907 
0.23937500000000939 
0.20812500000000908 
0.2406250000000095 
0.21687500000000914 
0.18312500000000906 
0.15062500000000903 
0.22437500000000915 
0.2418750000000095 
0.3793750000000103 
0.16062500000000904 
0.20562500000000908 
0.15562500000000903 
0.18187500000000906 
0.2606250000000099 
0.14437500000000902 
0.16937500000000905 
0.24187500000000967 
0.15687500000000903 
0.27937500000000987 
0.125625000000009 
0.2231250000000091 
0.18062500000000906 
0.20312500000000908 
0.2243750000000092 
0.15687500000000903 
0.28562500000000984 
0.17687500000000905 
0.35062500000001023 
0.17062500000000905 
0.5468750000000104 
0.2631250000000098 
0.14937500000000903 
0.24312500000000956 
0.14562500000000903 
0.21437500000000909 
0.19437500000000907 
0.20687500000000908 
0.16437500000000904 
0.16562500000000904 
0.15812500000000904 
0.15812500000000904 
0.16937500000000905 
0.13437500000000902 
0.12062500000000899 
0.2381250000000095 
0.19812500000000907 
0.20562500000000908 
0.21312500000000908 
0.21062500000000914 
0.13687500000000902 
0.3918750000000109 
0.16312500000000904 
0.25937500000000985 
0.15687500000000903 
0.10687500000000898 
0.2918750000000097 
0.26312500000000993 
0.23812500000000966 
0.18812500000000906 
0.20437500000000908 
0.21062500000000908 
0.46687500000001203 
0.23187500000000943 
0.35812500000001024 
0.18562500000000906 
0.2506250000000099 
0.24062500000000972 
0.15062500000000903 
0.18437500000000906 
0.17187500000000905 
0.24312500000000956 
0.26437500000000985 
0.23187500000000932 
0.2218750000000091 
0.24812500000000967 
0.18812500000000906 
0.20437500000000908 
