0.126875000000009 
0.2656250000000099 
0.20437500000000908 
0.16062500000000904 
0.19062500000000906 
0.19437500000000907 
0.2731250000000099 
0.2518750000000098 
0.13437500000000902 
0.16687500000000904 
0.23312500000000938 
0.2543750000000099 
0.2218750000000091 
0.20187500000000907 
0.20312500000000908 
0.20937500000000908 
0.17187500000000905 
0.27437500000001 
0.11937500000000899 
0.2693750000000099 
0.2643750000000098 
0.21062500000000908 
0.2181250000000091 
0.15937500000000904 
0.2531250000000098 
0.34562500000001045 
0.2856250000000099 
0.20812500000000908 
0.2156250000000091 
0.16937500000000905 
0.20312500000000908 
0.19562500000000907 
0.17687500000000905 
0.15312500000000903 
0.15187500000000903 
0.27937500000001003 
0.18062500000000906 
0.19562500000000907 
0.129375000000009 
0.18312500000000906 
0.18187500000000906 
0.29812500000001 
0.17937500000000905 
0.30687500000000995 
0.2281250000000091 
0.19812500000000907 
0.17437500000000905 
0.2943750000000099 
0.19687500000000907 
0.34312500000001034 
0.17312500000000905 
0.18937500000000906 
0.22562500000000932 
0.24562500000000967 
0.2543750000000098 
0.22062500000000915 
0.2893750000000098 
0.14937500000000903 
0.17437500000000905 
0.20437500000000908 
0.39687500000001147 
0.12062500000000899 
0.29187500000001 
0.16062500000000904 
0.16312500000000904 
0.27187500000000986 
0.29812500000000974 
0.13562500000000902 
0.20687500000000908 
0.2393750000000096 
0.2243750000000091 
0.15062500000000903 
0.18687500000000906 
0.2193750000000091 
0.26187500000000985 
0.19312500000000907 
0.29687500000001016 
0.2218750000000091 
0.3031250000000099 
0.26437500000000974 
0.26937500000000986 
0.16062500000000904 
0.29062500000001 
0.16687500000000904 
0.14187500000000902 
0.2956250000000102 
0.19562500000000907 
0.24437500000000967 
0.2518750000000099 
0.126875000000009 
0.22937500000000932 
0.3456250000000101 
0.32187500000000996 
0.20562500000000908 
0.16937500000000905 
0.17062500000000905 
0.46687500000001203 
0.2218750000000091 
0.18937500000000906 
0.20937500000000908 
0.2181250000000091 
0.19062500000000906 
0.14312500000000902 
0.2156250000000091 
0.16687500000000904 
0.3256250000000099 
0.19062500000000906 
0.17562500000000905 
0.19937500000000907 
0.2718750000000098 
0.13937500000000902 
0.2193750000000091 
0.23812500000000944 
0.16562500000000904 
0.18062500000000906 
0.2756250000000097 
0.2531250000000097 
0.34937500000001004 
0.15687500000000903 
0.16812500000000904 
0.15187500000000903 
0.15937500000000904 
0.17687500000000905 
0.2181250000000091 
0.2531250000000097 
0.130625000000009 
0.12437500000000899 
0.14187500000000902 
0.17937500000000905 
0.14187500000000902 
0.2593750000000099 
0.23187500000000932 
0.17062500000000905 
0.2193750000000091 
0.3593750000000104 
0.18687500000000906 
0.21312500000000908 
0.18562500000000906 
0.27062500000000994 
0.129375000000009 
0.18187500000000906 
0.13562500000000902 
0.16937500000000905 
0.17812500000000905 
0.3268750000000103 
0.18062500000000906 
0.2293750000000091 
0.20437500000000908 
0.14687500000000903 
0.20937500000000908 
0.20437500000000908 
0.2168750000000091 
0.3368750000000102 
0.18312500000000906 
0.131875000000009 
0.24437500000001006 
0.15187500000000903 
0.2218750000000091 
0.19312500000000907 
0.16312500000000904 
0.26812500000001 
0.21437500000000909 
0.2356250000000095 
0.20437500000000908 
0.26937500000000997 
0.25437500000000984 
0.18062500000000906 
0.15687500000000903 
0.20312500000000908 
0.19312500000000907 
0.2618750000000099 
0.15937500000000904 
0.28562500000000984 
0.31687500000001023 
0.20062500000000907 
0.19812500000000907 
0.24812500000000973 
0.18187500000000906 
0.20687500000000908 
0.21062500000000908 
0.15812500000000904 
0.2756250000000101 
0.29562500000001 
0.2568750000000099 
0.18312500000000906 
0.28062500000000995 
0.18562500000000906 
0.19062500000000906 
0.17687500000000905 
0.14687500000000903 
0.2781250000000098 
0.2181250000000091 
0.18812500000000906 
0.2518750000000097 
0.31062500000001003 
0.16562500000000904 
0.19062500000000906 
0.2193750000000091 
0.22187500000000926 
0.21937500000000915 
0.15437500000000903 
0.19062500000000906 
0.20562500000000908 
0.2943750000000098 
0.31062500000001 
0.17687500000000905 
0.16812500000000904 
0.16312500000000904 
0.31937500000000996 
0.20187500000000907 
0.20937500000000908 
0.15187500000000903 
0.3256250000000103 
0.14562500000000903 
0.14187500000000902 
0.15812500000000904 
0.13437500000000902 
0.17687500000000905 
0.20062500000000907 
0.15937500000000904 
0.20062500000000907 
0.2443750000000095 
0.2231250000000091 
0.17937500000000905 
0.18312500000000906 
0.15687500000000903 
0.19437500000000907 
0.2293750000000092 
0.21062500000000908 
0.18062500000000906 
0.17437500000000905 
0.11812500000000899 
0.18062500000000906 
0.26062500000000943 
0.19687500000000907 
0.16312500000000904 
0.16062500000000904 
0.16187500000000904 
0.18437500000000906 
0.2443750000000096 
0.2156250000000091 
0.14187500000000902 
0.14937500000000903 
0.20812500000000908 
0.18187500000000906 
0.17562500000000905 
0.17062500000000905 
0.26812500000000977 
0.14312500000000902 
0.17062500000000905 
0.15562500000000903 
0.16562500000000904 
0.18687500000000906 
0.18062500000000906 
0.13562500000000902 
0.16687500000000904 
0.13437500000000902 
0.17437500000000905 
0.20562500000000908 
0.13812500000000902 
0.2693750000000101 
0.16062500000000904 
0.17812500000000905 
0.3131250000000105 
0.17937500000000905 
0.24437500000001006 
0.17312500000000905 
0.15937500000000904 
0.2693750000000097 
0.13562500000000902 
0.20437500000000908 
0.2218750000000091 
0.28812500000001 
0.19437500000000907 
0.18937500000000906 
0.16687500000000904 
0.24437500000000983 
0.30937500000001 
0.17187500000000905 
0.15562500000000903 
0.32312500000001004 
0.27187500000000986 
0.13437500000000902 
0.17437500000000905 
0.22937500000000932 
0.3293750000000101 
0.15312500000000903 
0.22187500000000915 
0.15812500000000904 
0.23187500000000927 
0.24437500000000972 
0.12062500000000899 
0.19562500000000907 
0.16562500000000904 
0.17812500000000905 
0.2231250000000091 
0.3081250000000103 
0.19187500000000907 
0.15312500000000903 
0.34187500000001025 
