0.30062500000000997 
0.13312500000000901 
0.19187500000000907 
0.23187500000000932 
0.28312500000001006 
0.3918750000000104 
0.14812500000000903 
0.19437500000000907 
0.20062500000000907 
0.15062500000000903 
0.25812500000001 
0.16062500000000904 
0.26812500000000994 
0.19562500000000907 
0.3581250000000103 
0.21062500000000908 
0.18812500000000906 
0.20687500000000908 
0.22062500000000915 
0.16687500000000904 
0.19812500000000907 
0.36062500000001013 
0.21062500000000908 
0.37437500000001056 
0.29812500000001013 
0.24812500000000978 
0.14687500000000903 
0.19687500000000907 
0.19187500000000907 
0.19812500000000907 
0.15437500000000903 
0.19187500000000907 
0.2281250000000095 
0.21187500000000908 
0.16937500000000905 
0.2193750000000091 
0.20687500000000908 
0.16687500000000904 
0.18937500000000906 
0.13937500000000902 
0.22812500000000926 
0.18062500000000906 
0.16687500000000904 
0.16812500000000904 
0.15437500000000903 
0.18687500000000906 
0.16437500000000904 
0.20812500000000908 
0.2281250000000091 
0.17562500000000905 
0.3456250000000103 
0.17937500000000905 
0.128125000000009 
0.16687500000000904 
0.24437500000000972 
0.2231250000000091 
0.23812500000000944 
0.20812500000000908 
0.18562500000000906 
0.26062500000001 
0.37437500000001045 
0.18687500000000906 
0.14187500000000902 
0.17187500000000905 
0.23062500000000954 
0.19687500000000907 
0.13687500000000902 
0.2881250000000101 
0.2681250000000099 
0.2593750000000099 
0.23062500000000938 
0.23687500000000977 
0.20687500000000908 
0.20062500000000907 
0.14437500000000902 
0.36312500000001047 
0.19687500000000907 
0.16312500000000904 
0.15062500000000903 
0.20187500000000907 
0.22562500000000915 
0.16812500000000904 
0.33437500000001036 
0.16687500000000904 
0.2256250000000091 
0.12312500000000899 
0.18062500000000906 
0.3218750000000098 
0.11937500000000899 
0.20312500000000908 
0.3031250000000099 
0.24062500000000972 
0.14312500000000902 
0.20562500000000908 
0.19937500000000907 
0.23312500000000932 
0.2531250000000098 
0.29312500000001 
0.14437500000000902 
0.2806250000000099 
0.19437500000000907 
0.14062500000000902 
0.11437500000000898 
0.20687500000000908 
0.16937500000000905 
0.28187500000001 
0.2156250000000091 
0.23062500000000916 
0.15937500000000904 
0.17562500000000905 
0.27312500000001017 
0.18437500000000906 
0.21437500000000909 
0.23812500000000966 
0.2243750000000091 
0.3456250000000103 
0.16812500000000904 
0.15562500000000903 
0.14312500000000902 
0.13312500000000901 
0.2156250000000092 
0.22687500000000915 
0.17312500000000905 
0.16437500000000904 
0.16812500000000904 
0.3481250000000103 
0.16437500000000904 
0.16562500000000904 
0.3756250000000104 
0.12437500000000899 
0.18937500000000906 
0.20937500000000908 
0.28812500000000996 
0.28187500000001015 
0.20312500000000908 
0.23312500000000938 
0.23687500000000938 
0.19437500000000907 
0.16937500000000905 
0.13437500000000902 
0.26937500000000986 
0.3106250000000098 
0.16062500000000904 
0.15937500000000904 
0.13437500000000902 
0.21187500000000908 
0.2593750000000099 
0.16062500000000904 
0.4243750000000119 
0.16062500000000904 
0.14687500000000903 
0.20812500000000908 
0.2243750000000091 
0.16687500000000904 
0.15687500000000903 
0.31062500000001003 
0.30312500000001036 
0.3093750000000101 
0.19312500000000907 
0.29437500000001005 
0.2568750000000098 
0.17812500000000905 
0.2456250000000096 
0.19812500000000907 
0.13812500000000902 
0.23937500000000939 
0.22312500000000943 
0.2256250000000091 
0.2231250000000091 
0.3206250000000103 
0.25437500000000984 
0.29437500000001005 
0.25812500000000976 
0.2256250000000092 
0.2931250000000102 
0.126875000000009 
0.18812500000000906 
0.20187500000000907 
0.26062500000000977 
0.14437500000000902 
0.20187500000000907 
0.38312500000001043 
0.2181250000000091 
0.19062500000000906 
0.18812500000000906 
0.25937500000000996 
0.26812500000000994 
0.30937500000001006 
0.2581250000000097 
0.16437500000000904 
0.29062500000000996 
0.19062500000000906 
0.18062500000000906 
0.19187500000000907 
0.128125000000009 
0.21187500000000908 
0.15937500000000904 
0.16937500000000905 
0.15562500000000903 
0.19187500000000907 
0.15562500000000903 
0.13687500000000902 
0.4256250000000116 
0.25437500000000984 
0.30312500000000997 
0.28187500000000987 
0.21187500000000908 
0.16937500000000905 
0.2206250000000091 
0.16312500000000904 
0.16062500000000904 
0.45062500000001193 
0.14687500000000903 
0.24062500000000966 
0.14062500000000902 
0.25687500000000985 
0.3743750000000105 
0.15812500000000904 
0.13437500000000902 
0.18562500000000906 
0.29312500000001007 
0.131875000000009 
0.30562500000000997 
0.28437500000000965 
0.2156250000000091 
0.16812500000000904 
0.27812500000000995 
0.16562500000000904 
0.2193750000000091 
0.17187500000000905 
0.14187500000000902 
0.19187500000000907 
0.18062500000000906 
0.31437500000001023 
0.23187500000000932 
0.2756250000000104 
0.17812500000000905 
0.17812500000000905 
0.22437500000000932 
0.23812500000000938 
0.23437500000000938 
0.16312500000000904 
0.2168750000000091 
0.23562500000000938 
0.15937500000000904 
0.22937500000000915 
0.2356250000000095 
0.3356250000000103 
0.19687500000000907 
0.16812500000000904 
0.2318750000000092 
0.13437500000000902 
0.28062500000001 
0.19062500000000906 
0.2381250000000095 
0.2356250000000095 
0.18187500000000906 
0.15437500000000903 
0.29687500000001005 
0.17062500000000905 
0.18312500000000906 
0.15062500000000903 
0.16937500000000905 
0.15812500000000904 
0.18312500000000906 
0.18437500000000906 
0.16187500000000904 
0.3668750000000106 
0.3118750000000098 
0.2231250000000091 
0.19687500000000907 
0.18062500000000906 
0.2643750000000099 
0.28187500000001015 
0.20187500000000907 
0.20187500000000907 
0.16187500000000904 
0.28187500000001003 
0.3093750000000103 
0.19437500000000907 
0.19812500000000907 
0.16937500000000905 
0.17062500000000905 
0.21437500000000909 
0.16562500000000904 
0.18312500000000906 
0.2181250000000091 
0.2206250000000092 
0.2581250000000098 
0.13437500000000902 
0.16812500000000904 
0.17937500000000905 
0.18937500000000906 
0.24937500000000984 
0.2706250000000097 
0.14562500000000903 
0.2556250000000096 
0.17437500000000905 
0.28437500000001 
0.14062500000000902 
