0.14187500000000902 
0.19062500000000906 
0.17562500000000905 
0.20312500000000908 
0.2693750000000099 
0.19187500000000907 
0.128125000000009 
0.24687500000000978 
0.16062500000000904 
0.23437500000000955 
0.20937500000000908 
0.26187500000000996 
0.30687500000001 
0.31687500000001007 
0.20687500000000908 
0.20937500000000908 
0.15187500000000903 
0.2268750000000092 
0.20687500000000908 
0.18687500000000906 
0.19812500000000907 
0.3293750000000104 
0.17812500000000905 
0.15187500000000903 
0.128125000000009 
0.3293750000000102 
0.20062500000000907 
0.18312500000000906 
0.2431250000000096 
0.18437500000000906 
0.20187500000000907 
0.2656250000000101 
0.27187500000001 
0.21437500000000909 
0.18437500000000906 
0.20937500000000908 
0.17562500000000905 
0.20437500000000908 
0.16062500000000904 
0.23687500000000955 
0.16187500000000904 
0.15687500000000903 
0.24937500000000978 
0.3718750000000102 
0.21312500000000908 
0.46687500000001225 
0.20062500000000907 
0.21312500000000908 
0.16312500000000904 
0.24687500000000956 
0.22687500000000915 
0.17312500000000905 
0.16312500000000904 
0.26062500000001 
0.23312500000000944 
0.3543750000000105 
0.24812500000000984 
0.16687500000000904 
0.14562500000000903 
0.23812500000000955 
0.24187500000000955 
0.16437500000000904 
0.19812500000000907 
0.128125000000009 
0.24562500000000972 
0.17812500000000905 
0.18062500000000906 
0.23812500000000955 
0.18312500000000906 
0.18312500000000906 
0.13812500000000902 
0.14437500000000902 
0.2156250000000091 
0.17437500000000905 
0.19562500000000907 
0.24062500000000933 
0.17437500000000905 
0.131875000000009 
0.15687500000000903 
0.21437500000000909 
0.16312500000000904 
0.20187500000000907 
0.2681250000000101 
0.2556250000000098 
0.2293750000000091 
0.17687500000000905 
0.17812500000000905 
0.19687500000000907 
0.18062500000000906 
0.3256250000000103 
0.2181250000000091 
0.30437500000000994 
0.13562500000000902 
0.3856250000000105 
0.17562500000000905 
0.29937500000000977 
0.3543750000000102 
0.25562500000000976 
0.19437500000000907 
0.26062500000000993 
0.24062500000000972 
0.2768750000000099 
0.2956250000000102 
0.22187500000000915 
0.16437500000000904 
0.2393750000000096 
0.2193750000000091 
0.16937500000000905 
0.14062500000000902 
0.6618750000000097 
0.2743750000000099 
0.18562500000000906 
0.2681250000000099 
0.13687500000000902 
0.2181250000000091 
0.15687500000000903 
0.4456250000000117 
0.21312500000000908 
0.2481250000000095 
0.2356250000000095 
0.11562500000000898 
0.2531250000000099 
0.30812500000001 
0.19187500000000907 
0.3031250000000099 
0.16437500000000904 
0.16187500000000904 
0.14812500000000903 
0.24562500000000972 
0.15187500000000903 
0.25062500000001 
0.23812500000000972 
0.2243750000000092 
0.19812500000000907 
0.16812500000000904 
0.17437500000000905 
0.2581250000000101 
0.17312500000000905 
0.18312500000000906 
0.20062500000000907 
0.20187500000000907 
0.14562500000000903 
0.24437500000000956 
0.15437500000000903 
0.21437500000000914 
0.17937500000000905 
0.20937500000000908 
0.25687500000000946 
0.18687500000000906 
0.2456250000000099 
0.23062500000000932 
0.11812500000000899 
0.18812500000000906 
0.27062500000001005 
0.18687500000000906 
0.3931250000000112 
0.26062500000001 
0.19687500000000907 
0.19187500000000907 
0.16687500000000904 
0.20062500000000907 
0.21062500000000908 
0.30812500000001036 
0.2643750000000098 
0.23187500000000955 
0.16187500000000904 
0.2318750000000095 
0.32562500000001027 
0.16687500000000904 
0.23937500000000955 
0.18437500000000906 
0.18812500000000906 
0.15687500000000903 
0.2643750000000098 
0.15562500000000903 
0.14562500000000903 
0.15687500000000903 
0.17187500000000905 
0.22687500000000926 
0.2193750000000091 
0.2156250000000091 
0.16812500000000904 
0.13437500000000902 
0.2656250000000097 
0.19562500000000907 
0.23437500000000944 
0.19687500000000907 
0.22312500000000915 
0.19812500000000907 
0.13687500000000902 
0.19937500000000907 
0.16062500000000904 
0.42187500000001127 
0.19312500000000907 
0.17312500000000905 
0.20437500000000908 
0.10812500000000898 
0.20937500000000908 
0.18562500000000906 
0.29812500000001035 
0.3256250000000105 
0.2868750000000097 
0.18437500000000906 
0.13562500000000902 
0.3056250000000099 
0.15687500000000903 
0.17937500000000905 
0.3318750000000101 
0.2206250000000091 
0.19812500000000907 
0.23687500000000938 
0.26437500000000985 
0.13562500000000902 
0.12312500000000899 
0.25937500000000985 
0.14562500000000903 
0.33437500000000986 
0.15687500000000903 
0.2681250000000098 
0.2631250000000098 
0.20062500000000907 
0.18562500000000906 
0.19312500000000907 
0.2181250000000093 
0.19437500000000907 
0.21187500000000908 
0.4231250000000119 
0.18062500000000906 
0.3293750000000102 
0.25062500000001 
0.16062500000000904 
0.18312500000000906 
0.3068750000000101 
0.21312500000000908 
0.17812500000000905 
0.14937500000000903 
0.13687500000000902 
0.13937500000000902 
0.14687500000000903 
0.16437500000000904 
0.14187500000000902 
0.21312500000000908 
0.19937500000000907 
0.15812500000000904 
0.21437500000000909 
0.16312500000000904 
0.15812500000000904 
0.2643750000000098 
0.19062500000000906 
0.23937500000000944 
0.29187500000001 
0.15187500000000903 
0.19187500000000907 
0.2193750000000091 
0.34812500000001045 
0.16812500000000904 
0.21062500000000908 
0.11437500000000898 
0.13937500000000902 
0.17812500000000905 
0.21437500000000909 
0.16437500000000904 
0.23062500000000938 
0.32562500000001027 
0.14937500000000903 
0.26937500000001 
0.20062500000000907 
0.17062500000000905 
0.8606250000000101 
0.14937500000000903 
0.3893750000000104 
0.2781250000000097 
0.24062500000000994 
0.13937500000000902 
0.21062500000000908 
0.16062500000000904 
0.20562500000000908 
0.2156250000000091 
0.13687500000000902 
0.20937500000000908 
0.14187500000000902 
0.5181250000000097 
0.18312500000000906 
0.23312500000000955 
0.32312500000001004 
0.2443750000000099 
0.20562500000000908 
0.19812500000000907 
0.21187500000000908 
0.19312500000000907 
0.17187500000000905 
0.18562500000000906 
0.2506250000000097 
0.19812500000000907 
0.22812500000000926 
0.2856250000000101 
0.12312500000000899 
0.15312500000000903 
0.13312500000000901 
0.15937500000000904 
