0.19187500000000907 
0.28937500000001 
0.2506250000000097 
0.18437500000000906 
0.16437500000000904 
0.2156250000000091 
0.15937500000000904 
0.21312500000000908 
0.2168750000000091 
0.19812500000000907 
0.17187500000000905 
0.2193750000000091 
0.22437500000000926 
0.29562500000001 
0.11062500000000898 
0.18687500000000906 
0.126875000000009 
0.24812500000000967 
0.16062500000000904 
0.30812500000001014 
0.3443750000000103 
0.16687500000000904 
0.18437500000000906 
0.21312500000000908 
0.18437500000000906 
0.18937500000000906 
0.23937500000000972 
0.18062500000000906 
0.14312500000000902 
0.16437500000000904 
0.26062500000000977 
0.23812500000000994 
0.23437500000000944 
0.3668750000000103 
0.22687500000000937 
0.2506250000000101 
0.13437500000000902 
0.14312500000000902 
0.13812500000000902 
0.14812500000000903 
0.21437500000000909 
0.17062500000000905 
0.12187500000000899 
0.2443750000000095 
0.16937500000000905 
0.2581250000000099 
0.22562500000000915 
0.14812500000000903 
0.25562500000000987 
0.14312500000000902 
0.20187500000000907 
0.15812500000000904 
0.2956250000000099 
0.17312500000000905 
0.29437500000001 
0.16687500000000904 
0.19812500000000907 
0.29687500000001027 
0.19812500000000907 
0.18062500000000906 
0.18687500000000906 
0.2243750000000092 
0.39562500000001033 
0.15812500000000904 
0.20562500000000908 
0.21437500000000909 
0.15437500000000903 
0.17312500000000905 
0.17562500000000905 
0.2718750000000103 
0.16312500000000904 
0.13312500000000901 
0.2993750000000104 
0.17187500000000905 
0.21062500000000908 
0.2243750000000092 
0.18312500000000906 
0.19812500000000907 
0.13312500000000901 
0.19187500000000907 
0.13687500000000902 
0.2218750000000091 
0.22562500000000926 
0.18312500000000906 
0.20312500000000908 
0.20312500000000908 
0.125625000000009 
0.16437500000000904 
0.15437500000000903 
0.13937500000000902 
0.15687500000000903 
0.4093750000000106 
0.20937500000000908 
0.30437500000001 
0.26562500000000994 
0.18562500000000906 
0.17937500000000905 
0.28062500000000984 
0.2831250000000099 
0.26562500000001 
0.2818750000000099 
0.17062500000000905 
0.15562500000000903 
0.18562500000000906 
0.18062500000000906 
0.23062500000000943 
0.19687500000000907 
0.20062500000000907 
0.20937500000000908 
0.2743750000000101 
0.15187500000000903 
0.19062500000000906 
0.20312500000000908 
0.28687500000001 
0.18937500000000906 
0.20187500000000907 
0.32687500000001035 
0.28562500000000984 
0.30937500000000995 
0.2331250000000092 
0.20562500000000908 
0.22687500000000926 
0.23062500000000938 
0.18062500000000906 
0.16812500000000904 
0.23187500000000932 
0.30812500000001003 
0.2631250000000099 
0.19062500000000906 
0.3181250000000101 
0.22937500000000915 
0.24312500000000967 
0.23562500000000944 
0.20562500000000908 
0.2893750000000099 
0.16937500000000905 
0.20562500000000908 
0.14812500000000903 
0.19687500000000907 
0.24062500000000955 
0.130625000000009 
0.15437500000000903 
0.3506250000000101 
0.19187500000000907 
0.2306250000000092 
0.2956250000000101 
0.4056250000000113 
0.2706250000000099 
0.2206250000000093 
0.23062500000000932 
0.17312500000000905 
0.19187500000000907 
0.16437500000000904 
0.2168750000000091 
0.24437500000001 
0.32312500000001004 
0.15687500000000903 
0.37062500000001053 
0.128125000000009 
0.15437500000000903 
0.126875000000009 
0.16937500000000905 
0.25187500000000984 
0.4043750000000114 
0.12437500000000899 
0.12312500000000899 
0.22437500000000915 
0.16812500000000904 
0.3531250000000104 
0.16937500000000905 
0.20437500000000908 
0.19062500000000906 
0.3906250000000106 
0.16937500000000905 
0.17812500000000905 
0.18312500000000906 
0.18812500000000906 
0.16812500000000904 
0.11187500000000898 
0.20062500000000907 
0.2718750000000098 
0.18562500000000906 
0.21062500000000908 
0.11812500000000899 
0.2181250000000091 
0.2581250000000098 
0.3231250000000101 
0.11187500000000898 
0.18812500000000906 
0.16812500000000904 
0.21312500000000908 
0.25187500000001 
0.19937500000000907 
0.20437500000000908 
0.20062500000000907 
0.16687500000000904 
0.14562500000000903 
0.16812500000000904 
0.13437500000000902 
0.18812500000000906 
0.18937500000000906 
0.24312500000000972 
0.23687500000000944 
0.18687500000000906 
0.23562500000000933 
0.2181250000000091 
0.18562500000000906 
0.20312500000000908 
0.129375000000009 
0.20937500000000908 
0.15562500000000903 
0.18687500000000906 
0.15812500000000904 
0.3231250000000105 
0.16187500000000904 
0.2256250000000092 
0.14437500000000902 
0.24312500000000983 
0.2168750000000091 
0.14312500000000902 
0.2281250000000092 
0.20312500000000908 
0.28812500000000996 
0.19062500000000906 
0.15312500000000903 
0.22437500000000937 
0.27062500000000994 
0.42312500000001096 
0.31937500000000985 
0.17562500000000905 
0.12437500000000899 
0.16062500000000904 
0.22687500000000926 
0.18312500000000906 
0.17562500000000905 
0.2256250000000091 
0.14937500000000903 
0.21312500000000908 
0.16187500000000904 
0.11312500000000898 
0.37562500000001026 
0.18062500000000906 
0.2843750000000099 
0.2981250000000101 
0.34937500000000965 
0.21062500000000908 
0.18562500000000906 
0.13687500000000902 
0.2168750000000091 
0.20812500000000908 
0.32687500000001013 
0.35187500000001015 
0.17812500000000905 
0.16937500000000905 
0.31062500000001014 
0.24562500000000978 
0.14312500000000902 
0.40562500000000945 
0.14187500000000902 
0.2406250000000095 
0.25812500000000976 
0.20687500000000908 
0.17187500000000905 
0.17187500000000905 
0.13437500000000902 
0.10312500000000897 
0.18062500000000906 
0.11187500000000898 
0.20812500000000908 
0.21062500000000908 
0.14687500000000903 
0.14562500000000903 
0.24437500000000983 
0.13687500000000902 
0.25437500000000995 
0.16187500000000904 
0.16937500000000905 
0.15437500000000903 
0.2256250000000092 
0.22937500000000927 
0.17187500000000905 
0.17187500000000905 
0.18937500000000906 
0.17812500000000905 
0.15437500000000903 
0.17812500000000905 
0.17562500000000905 
0.2281250000000092 
0.19687500000000907 
0.28937500000000993 
0.17437500000000905 
0.25937500000001 
0.16062500000000904 
0.24562500000000972 
0.27187500000001 
0.17437500000000905 
0.2268750000000092 
0.2293750000000092 
0.24937500000000978 
0.15562500000000903 
