0.3281250000000101 
0.19062500000000906 
0.20437500000000908 
0.28937500000001026 
0.15687500000000903 
0.22812500000000938 
0.21312500000000908 
0.3206250000000104 
0.19312500000000907 
0.12062500000000899 
0.20687500000000908 
0.21437500000000909 
0.2193750000000091 
0.2643750000000099 
0.21687500000000914 
0.14562500000000903 
0.19437500000000907 
0.16062500000000904 
0.12437500000000899 
0.16687500000000904 
0.19937500000000907 
0.15937500000000904 
0.25312500000000987 
0.42562500000001124 
0.14062500000000902 
0.11812500000000899 
0.24062500000000955 
0.19812500000000907 
0.131875000000009 
0.20812500000000908 
0.16937500000000905 
0.20312500000000908 
0.3906250000000109 
0.15687500000000903 
0.20187500000000907 
0.18437500000000906 
0.18687500000000906 
0.18187500000000906 
0.2243750000000092 
0.25312500000000987 
0.4106250000000117 
0.20812500000000908 
0.19187500000000907 
0.14937500000000903 
0.15062500000000903 
0.13687500000000902 
0.16687500000000904 
0.18437500000000906 
0.15187500000000903 
0.2406250000000096 
0.130625000000009 
0.27187500000000986 
0.3168750000000101 
0.19562500000000907 
0.2168750000000091 
0.17062500000000905 
0.2243750000000092 
0.25062500000000976 
0.19812500000000907 
0.16937500000000905 
0.16437500000000904 
0.19687500000000907 
0.18312500000000906 
0.20687500000000908 
0.25312500000000987 
0.31312500000001015 
0.18437500000000906 
0.20062500000000907 
0.18437500000000906 
0.17312500000000905 
0.15187500000000903 
0.16812500000000904 
0.3768750000000104 
0.16312500000000904 
0.11312500000000898 
0.14312500000000902 
0.15312500000000903 
0.10812500000000898 
0.18437500000000906 
0.18687500000000906 
0.15812500000000904 
0.19562500000000907 
0.24437500000000972 
0.3481250000000103 
0.27687500000000986 
0.131875000000009 
0.12187500000000899 
0.14812500000000903 
0.14312500000000902 
0.17562500000000905 
0.20937500000000908 
0.3231250000000108 
0.2731250000000101 
0.17062500000000905 
0.26437500000000985 
0.12312500000000899 
0.131875000000009 
0.27062500000000994 
0.16437500000000904 
0.2206250000000091 
0.13812500000000902 
0.22062500000000915 
0.15437500000000903 
0.23437500000000938 
0.23937500000000972 
0.17062500000000905 
0.131875000000009 
0.15937500000000904 
0.2218750000000091 
0.24812500000000978 
0.2156250000000091 
0.14062500000000902 
0.17687500000000905 
0.18562500000000906 
0.20687500000000908 
0.15562500000000903 
0.14562500000000903 
0.3018750000000101 
0.18187500000000906 
0.130625000000009 
0.2256250000000092 
0.15062500000000903 
0.17562500000000905 
0.16312500000000904 
0.24187500000000972 
0.16687500000000904 
0.10812500000000898 
0.14562500000000903 
0.2181250000000091 
0.2693750000000098 
0.15312500000000903 
0.16562500000000904 
0.14687500000000903 
0.2456250000000099 
0.23062500000000954 
0.16312500000000904 
0.18062500000000906 
0.18687500000000906 
0.27687500000000986 
0.15437500000000903 
0.11562500000000898 
0.19187500000000907 
0.15562500000000903 
0.2618750000000099 
0.14562500000000903 
0.31812500000001004 
0.14937500000000903 
0.16937500000000905 
0.19312500000000907 
0.17937500000000905 
0.16437500000000904 
0.25687500000001007 
0.18062500000000906 
0.20312500000000908 
0.22812500000000926 
0.13937500000000902 
0.33437500000001025 
0.18312500000000906 
0.09937500000000897 
0.2606250000000098 
0.24687500000001 
0.27437500000000997 
0.3993750000000108 
0.19562500000000907 
0.2343750000000095 
0.16687500000000904 
0.41562500000001135 
0.17562500000000905 
0.15812500000000904 
0.10937500000000898 
0.15312500000000903 
0.16062500000000904 
0.46687500000000964 
0.128125000000009 
0.20187500000000907 
0.17562500000000905 
0.2831250000000098 
0.20812500000000908 
0.14687500000000903 
0.18812500000000906 
0.2206250000000091 
0.18812500000000906 
0.3156250000000101 
0.10312500000000897 
0.22437500000000915 
0.15437500000000903 
0.18312500000000906 
0.12187500000000899 
0.15937500000000904 
0.2218750000000091 
0.17812500000000905 
0.2431250000000096 
0.15062500000000903 
0.2706250000000098 
0.31062500000001014 
0.16062500000000904 
0.21312500000000908 
0.15437500000000903 
0.2456250000000096 
0.25937500000000996 
0.10937500000000898 
0.13312500000000901 
0.20937500000000908 
0.14687500000000903 
0.16062500000000904 
0.26937500000000997 
0.19187500000000907 
0.16062500000000904 
0.2218750000000091 
0.16312500000000904 
0.20312500000000908 
0.20687500000000908 
0.2543750000000096 
0.16312500000000904 
0.19062500000000906 
0.17562500000000905 
0.4043750000000116 
0.28937500000001015 
0.18187500000000906 
0.2181250000000091 
0.26062500000000993 
0.28437500000001004 
0.18937500000000906 
0.18187500000000906 
0.14062500000000902 
0.129375000000009 
0.20437500000000908 
0.31812500000001015 
0.17937500000000905 
0.16812500000000904 
0.26437500000000996 
0.30812500000001014 
0.19937500000000907 
0.26312500000001 
0.15812500000000904 
0.20062500000000907 
0.17187500000000905 
0.13437500000000902 
0.17312500000000905 
0.20312500000000908 
0.14937500000000903 
0.3443750000000095 
0.15687500000000903 
0.21062500000000908 
0.14437500000000902 
0.14937500000000903 
0.19312500000000907 
0.18687500000000906 
0.18937500000000906 
0.19937500000000907 
0.19562500000000907 
0.45187500000001224 
0.2206250000000091 
0.16187500000000904 
0.22687500000000937 
0.24562500000000967 
0.23187500000000927 
0.18937500000000906 
0.14187500000000902 
0.17437500000000905 
0.19687500000000907 
0.20562500000000908 
0.2493750000000099 
0.2518750000000098 
0.16312500000000904 
0.25312500000001 
0.14687500000000903 
0.20812500000000908 
0.26562500000001005 
0.15062500000000903 
0.2556250000000099 
0.3631250000000102 
0.24187500000000978 
0.16437500000000904 
0.20687500000000908 
0.20812500000000908 
0.18937500000000906 
0.129375000000009 
0.18937500000000906 
0.18687500000000906 
0.14812500000000903 
0.21437500000000909 
0.14812500000000903 
0.13937500000000902 
0.32062500000001004 
0.15437500000000903 
0.2156250000000091 
0.128125000000009 
0.17437500000000905 
0.16062500000000904 
0.15687500000000903 
0.21187500000000908 
0.21437500000000909 
0.17187500000000905 
0.18812500000000906 
0.22562500000000926 
0.18062500000000906 
0.26937500000000986 
0.14312500000000902 
0.21187500000000908 
