0.16187500000000904 
0.3206250000000101 
0.17062500000000905 
0.19937500000000907 
0.26062500000001015 
0.14062500000000902 
0.30312500000001014 
0.3193750000000101 
0.17812500000000905 
0.3618750000000104 
0.15937500000000904 
0.23562500000000955 
0.16312500000000904 
0.14187500000000902 
0.12187500000000899 
0.21062500000000908 
0.20312500000000908 
0.18687500000000906 
0.15687500000000903 
0.17687500000000905 
0.14937500000000903 
0.15062500000000903 
0.19187500000000907 
0.2268750000000091 
0.19937500000000907 
0.20812500000000908 
0.13687500000000902 
0.10937500000000898 
0.18812500000000906 
0.23062500000000943 
0.24937500000000984 
0.20687500000000908 
0.15437500000000903 
0.2168750000000092 
0.2631250000000101 
0.19062500000000906 
0.22437500000000943 
0.2406250000000094 
0.20312500000000908 
0.19187500000000907 
0.20562500000000908 
0.47687500000001226 
0.15937500000000904 
0.18187500000000906 
0.21187500000000908 
0.130625000000009 
0.26062500000001 
0.14562500000000903 
0.33312500000001044 
0.20562500000000908 
0.14812500000000903 
0.16187500000000904 
0.17687500000000905 
0.15437500000000903 
0.16062500000000904 
0.16062500000000904 
0.23062500000000916 
0.20937500000000908 
0.22562500000000926 
0.3093750000000101 
0.23187500000000955 
0.17187500000000905 
0.2256250000000092 
0.18312500000000906 
0.17937500000000905 
0.21062500000000908 
0.2156250000000091 
0.2618750000000098 
0.14562500000000903 
0.15687500000000903 
0.23312500000000932 
0.21062500000000908 
0.20312500000000908 
0.20187500000000907 
0.19062500000000906 
0.11437500000000898 
0.19062500000000906 
0.22312500000000915 
0.2268750000000092 
0.15812500000000904 
0.20437500000000908 
0.14187500000000902 
0.17437500000000905 
0.2368750000000095 
0.3006250000000101 
0.15687500000000903 
0.30062500000001 
0.11062500000000898 
0.17187500000000905 
0.21437500000000909 
0.15437500000000903 
0.17187500000000905 
0.23687500000000933 
0.24187500000000955 
0.3506250000000102 
0.26562500000000994 
0.25937500000000985 
0.128125000000009 
0.126875000000009 
0.16062500000000904 
0.28312500000000995 
0.2218750000000091 
0.13437500000000902 
0.17562500000000905 
0.23687500000000955 
0.19437500000000907 
0.11312500000000898 
0.3281250000000103 
0.18187500000000906 
0.32187500000001 
0.30187500000001016 
0.19437500000000907 
0.17812500000000905 
0.125625000000009 
0.29437500000001 
0.3206250000000103 
0.32437500000001 
0.12187500000000899 
0.18687500000000906 
0.16312500000000904 
0.3206250000000102 
0.16187500000000904 
0.2243750000000091 
0.21437500000000909 
0.3131250000000099 
0.14187500000000902 
0.19312500000000907 
0.2168750000000091 
0.15687500000000903 
0.14062500000000902 
0.15437500000000903 
0.131875000000009 
0.13812500000000902 
0.2793750000000099 
0.24437500000000967 
0.14312500000000902 
0.19062500000000906 
0.3056250000000102 
0.24687500000000973 
0.14687500000000903 
0.11062500000000898 
0.13812500000000902 
0.22687500000000926 
0.15187500000000903 
0.20562500000000908 
0.18062500000000906 
0.125625000000009 
0.2243750000000092 
0.15562500000000903 
0.15937500000000904 
0.15062500000000903 
0.3068750000000101 
0.17687500000000905 
0.17437500000000905 
0.10437500000000897 
0.13812500000000902 
0.12187500000000899 
0.18937500000000906 
0.3131250000000103 
0.28062500000001006 
0.10937500000000898 
0.22812500000000938 
0.16937500000000905 
0.24937500000000984 
0.18687500000000906 
0.22437500000000937 
0.22812500000000932 
0.15187500000000903 
0.2518750000000099 
0.13437500000000902 
0.3068750000000102 
0.13687500000000902 
0.15437500000000903 
0.25312500000000976 
0.17187500000000905 
0.19562500000000907 
0.20937500000000908 
0.23562500000000927 
0.17687500000000905 
0.22562500000000926 
0.16562500000000904 
0.128125000000009 
0.17187500000000905 
0.24312500000000967 
0.18062500000000906 
0.26187500000001007 
0.16687500000000904 
0.17562500000000905 
0.16437500000000904 
0.27437500000000986 
0.16187500000000904 
0.20562500000000908 
0.25437500000000984 
0.15312500000000903 
0.17812500000000905 
0.21062500000000908 
0.19937500000000907 
0.22312500000000915 
0.14937500000000903 
0.17062500000000905 
0.19812500000000907 
0.33687500000001064 
0.23187500000000938 
0.18437500000000906 
0.16562500000000904 
0.12062500000000899 
0.22312500000000926 
0.12062500000000899 
0.16812500000000904 
0.23937500000000983 
0.13437500000000902 
0.15562500000000903 
0.20312500000000908 
0.15437500000000903 
0.12437500000000899 
0.21437500000000909 
0.2743750000000099 
0.2281250000000091 
0.18687500000000906 
0.129375000000009 
0.14687500000000903 
0.15187500000000903 
0.129375000000009 
0.17187500000000905 
0.24187500000000967 
0.16562500000000904 
0.2868750000000101 
0.12312500000000899 
0.13937500000000902 
0.16187500000000904 
0.129375000000009 
0.19312500000000907 
0.21312500000000908 
0.130625000000009 
0.2231250000000091 
0.434375000000012 
0.21437500000000909 
0.2618750000000098 
0.18937500000000906 
0.14312500000000902 
0.14312500000000902 
0.20312500000000908 
0.10562500000000898 
0.16312500000000904 
0.18312500000000906 
0.13437500000000902 
0.16437500000000904 
0.17312500000000905 
0.2406250000000096 
0.09812500000000897 
0.19812500000000907 
0.17062500000000905 
0.23437500000000955 
0.2193750000000092 
0.15812500000000904 
0.19187500000000907 
0.2168750000000091 
0.14812500000000903 
0.13937500000000902 
0.6793750000000106 
0.2218750000000091 
0.16187500000000904 
0.16062500000000904 
0.15062500000000903 
0.17812500000000905 
0.11937500000000899 
0.19562500000000907 
0.2618750000000099 
0.18937500000000906 
0.16062500000000904 
0.10937500000000898 
0.14562500000000903 
0.24062500000000966 
0.17187500000000905 
0.12187500000000899 
0.19062500000000906 
0.2568750000000096 
0.21062500000000908 
0.2881250000000101 
0.17687500000000905 
0.19562500000000907 
0.2168750000000091 
0.29312500000000996 
0.15562500000000903 
0.15312500000000903 
0.17812500000000905 
0.17437500000000905 
0.19437500000000907 
0.2231250000000091 
0.20187500000000907 
0.129375000000009 
0.18312500000000906 
0.2531250000000098 
0.20812500000000908 
0.20937500000000908 
0.28562500000000984 
0.2731250000000099 
0.21812500000000926 
0.2506250000000098 
0.12062500000000899 
