0.3518750000000093 
0.3643750000000101 
0.28562500000000934 
0.3306250000000094 
0.3356250000000092 
0.27312500000000955 
0.35312500000001007 
0.31312500000001026 
0.3218750000000093 
0.35812500000001013 
0.25093750000000914 
0.41187500000001037 
0.2593750000000091 
0.21218750000000908 
0.28562500000000923 
0.2668750000000094 
0.3381250000000092 
0.45937500000000936 
0.2843750000000098 
0.30312500000000975 
0.3556250000000099 
0.25484375000000914 
0.35218750000000926 
0.35937500000000977 
0.25093750000000914 
0.3243750000000096 
0.25312500000000976 
0.2518750000000091 
0.2806250000000096 
0.3373437500000092 
0.34218750000000925 
0.25562500000000915 
0.4243750000000117 
0.3368750000000092 
0.3218750000000099 
0.25562500000000926 
0.30062500000000975 
0.3218750000000098 
0.2943750000000098 
0.2643750000000096 
0.2643750000000092 
0.36687500000001017 
0.2568750000000091 
0.2206250000000091 
0.25843750000000915 
0.2306250000000091 
0.32437500000000963 
0.43062500000001086 
0.4306250000000103 
0.3031250000000096 
0.27562500000000933 
0.20437500000000908 
0.3868750000000101 
0.4693750000000121 
0.2368750000000091 
0.27062500000000966 
0.25562500000000915 
0.2743750000000093 
0.27812500000001006 
0.3218750000000098 
0.3743750000000095 
0.2606250000000096 
0.2793750000000093 
0.25562500000000943 
0.33468750000000924 
0.37062500000001014 
0.2518750000000091 
0.3418750000000098 
0.2968750000000092 
0.26687500000000963 
0.33937500000000925 
0.2596875000000092 
0.25218750000000917 
0.28437500000000937 
0.2581250000000093 
0.26687500000000935 
0.2618750000000092 
0.28937500000000965 
0.25562500000000954 
0.2268750000000091 
0.2543750000000091 
0.28562500000000934 
0.2631250000000092 
0.3018750000000093 
0.2293750000000091 
0.27812500000000956 
0.2831250000000115 
0.41062500000001034 
0.29312500000000974 
0.30937500000000984 
0.3156250000000098 
0.38437500000001007 
0.3218750000000094 
0.30687500000000956 
0.3643750000000092 
0.4181250000000105 
0.2968750000000096 
0.25343750000000914 
0.2968750000000097 
0.34312500000000923 
0.3718750000000101 
0.5268750000000122 
0.3243750000000093 
0.3418750000000092 
0.34312500000000923 
0.34437500000000976 
0.3231250000000099 
0.25812500000000915 
0.24687500000000934 
0.25593750000000914 
0.3581250000000102 
0.3568750000000099 
0.30812500000000925 
0.3318750000000098 
0.3243750000000093 
0.3868750000000101 
0.36062500000000935 
0.3368750000000092 
0.2668750000000092 
0.3368750000000092 
0.3356250000000092 
0.20562500000000908 
0.38437500000000996 
0.35187500000000926 
0.5393750000000118 
0.25937500000000924 
0.3531250000000097 
0.2843750000000097 
0.29562500000000924 
0.2931250000000095 
0.39312500000000933 
0.2331250000000091 
0.2581250000000093 
0.28312500000000934 
0.2518750000000091 
0.3106250000000097 
0.3681250000000101 
0.2643750000000092 
0.30437500000000967 
0.2606250000000092 
0.44312500000001187 
0.3968750000000102 
0.2531250000000092 
0.26093750000000915 
0.3381250000000098 
0.5018750000000094 
0.32437500000000935 
0.25593750000000914 
0.3443750000000101 
0.2856250000000093 
0.37937500000001023 
0.2243750000000091 
0.30437500000000983 
0.3181250000000098 
0.3318750000000099 
0.3543750000000093 
0.27812500000000956 
0.27687500000000925 
0.26187500000000974 
0.3371875000000092 
0.25812500000000915 
0.4106250000000104 
0.2743750000000097 
0.2831250000000092 
0.21312500000000908 
0.2706250000000096 
0.3981250000000102 
0.35187500000001004 
0.2281250000000091 
0.3106250000000092 
0.35437500000000954 
0.29812500000000924 
0.36687500000001017 
0.33718750000000924 
0.20812500000000908 
0.2218750000000091 
0.3443750000000095 
0.3356250000000092 
0.39312500000001016 
0.3368750000000092 
0.27437500000000925 
0.2318750000000091 
0.2868750000000098 
0.34312500000000923 
0.27187500000000975 
0.27937500000000937 
0.2868750000000095 
0.2618750000000093 
0.2818750000000095 
0.2918750000000093 
0.28687500000000926 
0.38062500000001 
0.3356250000000092 
0.2731250000000093 
0.36562500000000936 
0.27312500000000955 
0.25312500000000915 
0.27312500000000983 
0.29937500000000933 
0.33812500000000945 
0.2518750000000096 
0.3368750000000092 
0.3543750000000093 
0.25093750000000914 
0.30062500000000975 
0.34562500000000995 
0.37562500000001015 
0.28937500000000926 
0.3368750000000092 
0.25234375000000914 
0.3268750000000102 
0.3493750000000092 
0.26812500000000916 
0.29187500000000954 
0.3381250000000095 
0.3143750000000093 
0.27562500000000917 
0.3356250000000092 
0.39437500000000947 
0.29187500000000965 
0.3906250000000099 
0.32562500000000927 
0.2718750000000092 
0.38312500000000926 
0.38812500000001016 
0.2543750000000091 
0.20812500000000908 
0.2581250000000095 
0.27562500000000917 
0.26187500000000935 
0.36562500000000975 
0.2768750000000092 
0.3056250000000096 
0.32437500000000963 
0.2906250000000097 
0.26187500000000963 
0.31562500000000987 
0.2581250000000092 
0.3593750000000098 
0.2593750000000092 
0.35562500000001007 
0.39187500000000997 
0.29687500000000916 
0.36187500000001005 
0.2556250000000093 
0.2606250000000096 
0.38187500000001007 
0.35062500000000935 
0.36437500000000994 
0.3706250000000094 
0.5009375000000094 
0.2918750000000092 
0.25312500000000915 
0.2881250000000092 
0.3346875000000092 
0.31687500000000934 
0.28312500000000934 
0.4268750000000112 
0.27562500000000917 
0.31937500000001 
0.46062500000001216 
0.2431250000000091 
0.2693750000000093 
0.32187500000000924 
0.4356250000000115 
0.2668750000000092 
0.39687500000001025 
0.2546875000000091 
0.3381250000000092 
0.26937500000000947 
0.3756250000000103 
0.3031250000000092 
0.2868750000000093 
0.26812500000000916 
0.27562500000000933 
0.2956250000000101 
0.3218750000000094 
0.29812500000000963 
0.30812500000000986 
0.35562500000000946 
0.2768750000000094 
0.3231250000000102 
0.31437500000000934 
0.2193750000000091 
0.2243750000000091 
0.3218750000000098 
0.20187500000000907 
0.2893750000000098 
0.3343750000000092 
0.2218750000000091 
0.40187500000000936 
0.3384375000000092 
0.20812500000000908 
0.2668750000000093 
0.27812500000000967 
0.2618750000000093 
0.3359375000000092 
0.3256250000000099 
0.34312500000000923 
0.25343750000000914 
