0.2518750000000099 
0.20812500000000908 
0.22812500000000932 
0.13562500000000902 
0.19187500000000907 
0.2393750000000095 
0.15062500000000903 
0.25687500000000996 
0.125625000000009 
0.14812500000000903 
0.19312500000000907 
0.15187500000000903 
0.128125000000009 
0.18812500000000906 
0.19437500000000907 
0.16312500000000904 
0.19187500000000907 
0.21312500000000908 
0.23437500000000955 
0.125625000000009 
0.125625000000009 
0.27812500000001 
0.18187500000000906 
0.18437500000000906 
0.15062500000000903 
0.19312500000000907 
0.19312500000000907 
0.16062500000000904 
0.48937500000001244 
0.131875000000009 
0.3143750000000101 
0.16937500000000905 
0.29437500000001016 
0.20062500000000907 
0.23437500000000933 
0.131875000000009 
0.17937500000000905 
0.3231250000000102 
0.19937500000000907 
0.13437500000000902 
0.2193750000000091 
0.20687500000000908 
0.14562500000000903 
0.18937500000000906 
0.2218750000000092 
0.15187500000000903 
0.17187500000000905 
0.28562500000001007 
0.20812500000000908 
0.19437500000000907 
0.24687500000001 
0.13937500000000902 
0.17062500000000905 
0.17437500000000905 
0.18687500000000906 
0.2643750000000101 
0.24062500000000983 
0.21437500000000909 
0.12312500000000899 
0.3006250000000102 
0.19187500000000907 
0.15187500000000903 
0.2518750000000099 
0.25687500000000996 
0.16562500000000904 
0.14687500000000903 
0.14062500000000902 
0.15937500000000904 
0.18312500000000906 
0.35937500000001027 
0.12437500000000899 
0.15437500000000903 
0.11687500000000899 
0.20562500000000908 
0.13812500000000902 
0.18937500000000906 
0.15437500000000903 
0.20312500000000908 
0.16812500000000904 
0.21312500000000908 
0.2293750000000092 
0.15187500000000903 
0.3093750000000102 
0.19562500000000907 
0.24812500000000978 
0.23437500000000944 
0.2556250000000098 
0.18562500000000906 
0.30062500000001 
0.12187500000000899 
0.14812500000000903 
0.18562500000000906 
0.26687500000000997 
0.10937500000000898 
0.2556250000000099 
0.2556250000000098 
0.16437500000000904 
0.2231250000000091 
0.16187500000000904 
0.19562500000000907 
0.20312500000000908 
0.31062500000001014 
0.11812500000000899 
0.16812500000000904 
0.15062500000000903 
0.16562500000000904 
0.17562500000000905 
0.129375000000009 
0.15062500000000903 
0.15812500000000904 
0.19937500000000907 
0.17062500000000905 
0.24562500000001006 
0.18062500000000906 
0.17687500000000905 
0.13312500000000901 
0.15437500000000903 
0.22812500000000915 
0.14687500000000903 
0.15562500000000903 
0.21437500000000909 
0.20687500000000908 
0.24437500000000972 
0.23687500000000938 
0.30437500000001 
0.14562500000000903 
0.13437500000000902 
0.28812500000001023 
0.17312500000000905 
0.28437500000000987 
0.17312500000000905 
0.3381250000000102 
0.18812500000000906 
0.24687500000001011 
0.36062500000001024 
0.129375000000009 
0.25812500000001 
0.2218750000000092 
0.16937500000000905 
0.17187500000000905 
0.25062500000000976 
0.20937500000000908 
0.20312500000000908 
0.13937500000000902 
0.131875000000009 
0.20687500000000908 
0.3056250000000101 
0.23187500000000932 
0.19937500000000907 
0.20937500000000908 
0.15187500000000903 
0.15062500000000903 
0.21437500000000914 
0.19062500000000906 
0.36312500000001036 
0.16937500000000905 
0.16187500000000904 
0.21312500000000908 
0.22312500000000932 
0.2381250000000095 
0.17562500000000905 
0.10562500000000898 
0.14312500000000902 
0.15812500000000904 
0.13437500000000902 
0.13812500000000902 
0.14312500000000902 
0.14437500000000902 
0.28312500000001006 
0.2318750000000095 
0.27062500000001 
0.2156250000000091 
0.130625000000009 
0.2181250000000091 
0.15812500000000904 
0.3018750000000104 
0.21437500000000909 
0.21437500000000909 
0.21812500000000914 
0.34312500000001034 
0.3068750000000099 
0.3968750000000112 
0.18562500000000906 
0.131875000000009 
0.13812500000000902 
0.13812500000000902 
0.11437500000000898 
0.2518750000000098 
0.15562500000000903 
0.28062500000001006 
0.12062500000000899 
0.15687500000000903 
0.22437500000000937 
0.2281250000000092 
0.15937500000000904 
0.24812500000000978 
0.15312500000000903 
0.128125000000009 
0.18312500000000906 
0.24812500000000995 
0.13687500000000902 
0.23187500000000938 
0.18937500000000906 
0.14687500000000903 
0.2731250000000099 
0.19187500000000907 
0.24687500000000961 
0.125625000000009 
0.16812500000000904 
0.16562500000000904 
0.14062500000000902 
0.18187500000000906 
0.17812500000000905 
0.17812500000000905 
0.21437500000000909 
0.22187500000000926 
0.3293750000000102 
0.15062500000000903 
0.19812500000000907 
0.18062500000000906 
0.17687500000000905 
0.20062500000000907 
0.18187500000000906 
0.3081250000000102 
0.15437500000000903 
0.17062500000000905 
0.18937500000000906 
0.12187500000000899 
0.19187500000000907 
0.19937500000000907 
0.3993750000000108 
0.16437500000000904 
0.21187500000000908 
0.14687500000000903 
0.2256250000000092 
0.16812500000000904 
0.15312500000000903 
0.19687500000000907 
0.19937500000000907 
0.23187500000000932 
0.2993750000000099 
0.15812500000000904 
0.16562500000000904 
0.2531250000000098 
0.2243750000000091 
0.21312500000000908 
0.15187500000000903 
0.12187500000000899 
0.2156250000000091 
0.130625000000009 
0.22687500000000915 
0.10312500000000897 
0.26687500000000997 
0.23562500000000944 
0.13937500000000902 
0.4543750000000124 
0.22187500000000915 
0.35062500000001046 
0.24812500000001 
0.14437500000000902 
0.22312500000000965 
0.13437500000000902 
0.16312500000000904 
0.12062500000000899 
0.10312500000000897 
0.11937500000000899 
0.4043750000000102 
0.21062500000000908 
0.18687500000000906 
0.2818750000000099 
0.20312500000000908 
0.17187500000000905 
0.24312500000000967 
0.14187500000000902 
0.4206250000000121 
0.20937500000000908 
0.24062500000000955 
0.18812500000000906 
0.15312500000000903 
0.29562500000000996 
0.14812500000000903 
0.17937500000000905 
0.22437500000000932 
0.18687500000000906 
0.18937500000000906 
0.27187500000001 
0.131875000000009 
0.2731250000000099 
0.21312500000000908 
0.20062500000000907 
0.2618750000000098 
0.17187500000000905 
0.23437500000000933 
0.20437500000000908 
0.2843750000000098 
0.18437500000000906 
0.23312500000000944 
0.31687500000001007 
0.17687500000000905 
0.17437500000000905 
