0.13312500000000901 
0.15062500000000903 
0.15812500000000904 
0.22812500000000915 
0.20812500000000908 
0.16562500000000904 
0.33937500000001053 
0.11312500000000898 
0.2293750000000092 
0.15937500000000904 
0.13812500000000902 
0.10562500000000898 
0.29687500000000994 
0.19062500000000906 
0.30187500000001 
0.13312500000000901 
0.17187500000000905 
0.15562500000000903 
0.14812500000000903 
0.32562500000001016 
0.13312500000000901 
0.23312500000000944 
0.40937500000001154 
0.15562500000000903 
0.28687500000001015 
0.26562500000001 
0.14937500000000903 
0.23937500000000966 
0.2681250000000098 
0.2518750000000099 
0.17562500000000905 
0.17687500000000905 
0.2218750000000091 
0.2181250000000091 
0.17062500000000905 
0.15812500000000904 
0.20687500000000908 
0.2256250000000092 
0.19062500000000906 
0.2168750000000091 
0.22437500000000915 
0.23437500000000921 
0.19437500000000907 
0.15562500000000903 
0.18687500000000906 
0.18437500000000906 
0.11062500000000898 
0.2756250000000102 
0.31437500000001006 
0.36062500000001013 
0.10062500000000897 
0.30687500000000983 
0.20437500000000908 
0.17312500000000905 
0.18312500000000906 
0.15312500000000903 
0.25187500000000984 
0.29812500000001 
0.2206250000000091 
0.28937500000001 
0.3606250000000103 
0.19187500000000907 
0.19187500000000907 
0.20062500000000907 
0.12437500000000899 
0.20937500000000908 
0.27187500000001014 
0.23562500000000938 
0.19187500000000907 
0.13937500000000902 
0.15562500000000903 
0.11687500000000899 
0.17187500000000905 
0.131875000000009 
0.2631250000000098 
0.17562500000000905 
0.3093750000000099 
0.15437500000000903 
0.3618750000000103 
0.18312500000000906 
0.18812500000000906 
0.19562500000000907 
0.19562500000000907 
0.2156250000000091 
0.18062500000000906 
0.15562500000000903 
0.2681250000000099 
0.2518750000000099 
0.2168750000000091 
0.27312500000000994 
0.20562500000000908 
0.17562500000000905 
0.3806250000000105 
0.23312500000000955 
0.16437500000000904 
0.23687500000000955 
0.18562500000000906 
0.126875000000009 
0.17562500000000905 
0.14687500000000903 
0.2243750000000091 
0.19687500000000907 
0.13937500000000902 
0.2156250000000091 
0.12062500000000899 
0.3206250000000103 
0.14312500000000902 
0.17562500000000905 
0.25062500000000987 
0.18937500000000906 
0.125625000000009 
0.26687500000000985 
0.17812500000000905 
0.3043750000000104 
0.18562500000000906 
0.12187500000000899 
0.21437500000000909 
0.18687500000000906 
0.17312500000000905 
0.32437500000001 
0.2531250000000099 
0.3106250000000101 
0.19187500000000907 
0.14312500000000902 
0.2406250000000096 
0.17187500000000905 
0.2956250000000103 
0.17937500000000905 
0.25437500000000995 
0.125625000000009 
0.15062500000000903 
0.3606250000000104 
0.19687500000000907 
0.18437500000000906 
0.2506250000000098 
0.25687500000001 
0.18562500000000906 
0.11812500000000899 
0.11687500000000899 
0.18312500000000906 
0.11437500000000898 
0.16312500000000904 
0.18812500000000906 
0.3693750000000102 
0.17187500000000905 
0.2168750000000091 
0.17937500000000905 
0.12437500000000899 
0.21062500000000908 
0.15062500000000903 
0.3943750000000112 
0.3881250000000105 
0.31062500000001 
0.4156250000000117 
0.17187500000000905 
0.35437500000001027 
0.21312500000000908 
0.16937500000000905 
0.18562500000000906 
0.25062500000000987 
0.17187500000000905 
0.16937500000000905 
0.2156250000000091 
0.17812500000000905 
0.21312500000000908 
0.19937500000000907 
0.20812500000000908 
0.14187500000000902 
0.3781250000000103 
0.2243750000000092 
0.2893750000000101 
0.15312500000000903 
0.125625000000009 
0.2206250000000092 
0.30687500000001006 
0.2668750000000101 
0.19312500000000907 
0.29062500000001 
0.14312500000000902 
0.23437500000000944 
0.2256250000000092 
0.18187500000000906 
0.17187500000000905 
0.27312500000001 
0.15937500000000904 
0.14437500000000902 
0.2193750000000091 
0.20187500000000907 
0.3043750000000103 
0.3943750000000109 
0.23937500000000955 
0.2681250000000098 
0.14562500000000903 
0.10312500000000897 
0.2643750000000099 
0.19437500000000907 
0.30437500000001017 
0.16937500000000905 
0.2181250000000091 
0.21312500000000908 
0.2393750000000096 
0.3356250000000103 
0.17312500000000905 
0.12187500000000899 
0.16687500000000904 
0.2218750000000091 
0.19937500000000907 
0.11437500000000898 
0.15562500000000903 
0.23187500000000943 
0.3518750000000103 
0.11562500000000898 
0.19312500000000907 
0.3468750000000101 
0.19812500000000907 
0.11437500000000898 
0.126875000000009 
0.23437500000000944 
0.24187500000000955 
0.20687500000000908 
0.21437500000000909 
0.17437500000000905 
0.2218750000000091 
0.19187500000000907 
0.24562500000000978 
0.16937500000000905 
0.27437500000001 
0.28062500000001017 
0.2368750000000096 
0.2943750000000101 
0.31687500000001023 
0.14437500000000902 
0.18937500000000906 
0.28812500000001 
0.2256250000000091 
0.15187500000000903 
0.16937500000000905 
0.21062500000000908 
0.16187500000000904 
0.25062500000000976 
0.19812500000000907 
0.23187500000000932 
0.28187500000001 
0.21062500000000908 
0.26562500000000994 
0.35687500000001016 
0.21062500000000908 
0.24687500000000956 
0.25312500000000976 
0.16062500000000904 
0.16562500000000904 
0.21437500000000909 
0.20937500000000908 
0.19562500000000907 
0.20687500000000908 
0.3343750000000101 
0.22812500000000943 
0.3506250000000101 
0.12437500000000899 
0.2231250000000091 
0.20187500000000907 
0.131875000000009 
0.2181250000000091 
0.2168750000000091 
0.16312500000000904 
0.2256250000000092 
0.2181250000000091 
0.28312500000000995 
0.128125000000009 
0.23437500000000927 
0.15937500000000904 
0.2168750000000091 
0.23187500000000943 
0.3106250000000101 
0.19437500000000907 
0.16562500000000904 
0.19812500000000907 
0.37812500000001037 
0.19437500000000907 
0.15687500000000903 
0.28187500000000987 
0.16312500000000904 
0.16062500000000904 
0.19062500000000906 
0.19437500000000907 
0.20937500000000908 
0.2418750000000096 
0.23437500000000933 
0.17937500000000905 
0.18562500000000906 
0.21312500000000908 
0.28812500000000996 
0.28312500000000984 
0.3406250000000104 
0.16687500000000904 
0.2668750000000099 
0.16812500000000904 
0.2181250000000091 
0.11937500000000899 
0.3081250000000099 
