0.3281250000000104 
0.130625000000009 
0.13687500000000902 
0.2231250000000091 
0.14437500000000902 
0.18062500000000906 
0.2718750000000099 
0.12437500000000899 
0.20812500000000908 
0.21062500000000908 
0.17312500000000905 
0.28687500000001015 
0.18062500000000906 
0.16687500000000904 
0.129375000000009 
0.15562500000000903 
0.3218750000000104 
0.15937500000000904 
0.26187500000000996 
0.12062500000000899 
0.16937500000000905 
0.18312500000000906 
0.20937500000000908 
0.23187500000000938 
0.15062500000000903 
0.2156250000000091 
0.21312500000000908 
0.29812500000000974 
0.2443750000000095 
0.2656250000000099 
0.19062500000000906 
0.12437500000000899 
0.17687500000000905 
0.27437500000001025 
0.22937500000000938 
0.12062500000000899 
0.21312500000000908 
0.2593750000000099 
0.18062500000000906 
0.126875000000009 
0.31687500000001045 
0.29812500000001013 
0.27312500000000994 
0.16312500000000904 
0.2906250000000099 
0.15062500000000903 
0.21062500000000908 
0.14187500000000902 
0.18687500000000906 
0.16062500000000904 
0.2693750000000097 
0.36562500000001036 
0.2356250000000095 
0.17062500000000905 
0.17687500000000905 
0.19937500000000907 
0.21062500000000908 
0.2343750000000095 
0.19937500000000907 
0.2831250000000099 
0.25937500000000985 
0.13687500000000902 
0.24062500000000972 
0.21187500000000908 
0.15812500000000904 
0.16187500000000904 
0.15437500000000903 
0.22437500000000937 
0.20437500000000908 
0.13812500000000902 
0.17437500000000905 
0.2168750000000091 
0.3543750000000101 
0.23812500000000955 
0.19937500000000907 
0.22437500000000915 
0.20187500000000907 
0.20187500000000907 
0.15187500000000903 
0.17062500000000905 
0.24812500000000984 
0.18437500000000906 
0.2168750000000091 
0.18437500000000906 
0.27062500000000983 
0.11562500000000898 
0.19687500000000907 
0.21312500000000908 
0.16187500000000904 
0.20062500000000907 
0.22437500000000932 
0.128125000000009 
0.18812500000000906 
0.24937500000000984 
0.18562500000000906 
0.20812500000000908 
0.15562500000000903 
0.16687500000000904 
0.17062500000000905 
0.15312500000000903 
0.19937500000000907 
0.12187500000000899 
0.17562500000000905 
0.131875000000009 
0.20687500000000908 
0.19687500000000907 
0.2418750000000096 
0.26812500000001016 
0.14312500000000902 
0.14062500000000902 
0.25437500000000973 
0.26187500000001 
0.11187500000000898 
0.19437500000000907 
0.30312500000001014 
0.16437500000000904 
0.15812500000000904 
0.20687500000000908 
0.13812500000000902 
0.12187500000000899 
0.16562500000000904 
0.17687500000000905 
0.18312500000000906 
0.16562500000000904 
0.125625000000009 
0.22437500000000926 
0.21312500000000908 
0.21562500000000914 
0.18687500000000906 
0.17187500000000905 
0.15937500000000904 
0.21187500000000908 
0.2206250000000091 
0.14187500000000902 
0.22187500000000926 
0.25562500000000987 
0.2593750000000099 
0.24187500000000955 
0.30437500000001033 
0.17187500000000905 
0.2156250000000091 
0.17937500000000905 
0.18187500000000906 
0.21937500000000915 
0.13562500000000902 
0.16437500000000904 
0.19062500000000906 
0.14437500000000902 
0.15812500000000904 
0.17937500000000905 
0.2181250000000091 
0.2518750000000098 
0.25937500000000996 
0.16937500000000905 
0.16687500000000904 
0.19437500000000907 
0.24687500000000973 
0.14562500000000903 
0.20687500000000908 
0.18562500000000906 
0.18562500000000906 
0.19187500000000907 
0.131875000000009 
0.10937500000000898 
0.24687500000000978 
0.131875000000009 
0.25562500000000987 
0.2368750000000096 
0.42312500000001213 
0.17937500000000905 
0.15937500000000904 
0.125625000000009 
0.18687500000000906 
0.3131250000000102 
0.24437500000000972 
0.18062500000000906 
0.23062500000000938 
0.126875000000009 
0.24187500000000967 
0.25312500000000987 
0.17562500000000905 
0.5181250000000124 
0.13812500000000902 
0.3756250000000105 
0.128125000000009 
0.20062500000000907 
0.25812500000000993 
0.13562500000000902 
0.17062500000000905 
0.2356250000000095 
0.21187500000000908 
0.17312500000000905 
0.24187500000000983 
0.17437500000000905 
0.17812500000000905 
0.130625000000009 
0.2606250000000098 
0.22187500000000915 
0.15062500000000903 
0.18312500000000906 
0.19812500000000907 
0.28937500000000993 
0.20312500000000908 
0.11562500000000898 
0.24562500000000978 
0.5206250000000125 
0.14937500000000903 
0.18562500000000906 
0.15562500000000903 
0.19187500000000907 
0.17312500000000905 
0.13937500000000902 
0.14437500000000902 
0.15812500000000904 
0.18687500000000906 
0.14187500000000902 
0.14812500000000903 
0.22062500000000915 
0.131875000000009 
0.2193750000000092 
0.13312500000000901 
0.14562500000000903 
0.24812500000000967 
0.21187500000000908 
0.2231250000000091 
0.18937500000000906 
0.13937500000000902 
0.24187500000000944 
0.18312500000000906 
0.3393750000000101 
0.12062500000000899 
0.16687500000000904 
0.09937500000000897 
0.2218750000000091 
0.16687500000000904 
0.24187500000000955 
0.30687500000001017 
0.2656250000000103 
0.2693750000000098 
0.19437500000000907 
0.28937500000001 
0.19812500000000907 
0.30687500000001033 
0.23312500000000955 
0.2706250000000101 
0.27437500000001025 
0.15562500000000903 
0.17687500000000905 
0.14687500000000903 
0.19937500000000907 
0.18687500000000906 
0.20562500000000908 
0.19187500000000907 
0.18062500000000906 
0.13687500000000902 
0.31687500000001007 
0.16562500000000904 
0.11937500000000899 
0.3731250000000104 
0.17187500000000905 
0.19312500000000907 
0.28687500000001015 
0.17062500000000905 
0.14437500000000902 
0.16812500000000904 
0.14187500000000902 
0.13312500000000901 
0.48437500000001255 
0.13312500000000901 
0.15187500000000903 
0.16062500000000904 
0.21562500000000936 
0.18437500000000906 
0.10937500000000898 
0.27937500000001025 
0.2168750000000091 
0.25937500000000985 
0.24312500000000972 
0.24187500000000983 
0.20187500000000907 
0.126875000000009 
0.22312500000000915 
0.15312500000000903 
0.17812500000000905 
0.15562500000000903 
0.15437500000000903 
0.31687500000001034 
0.2268750000000092 
0.18812500000000906 
0.15562500000000903 
0.12312500000000899 
0.2381250000000096 
0.19562500000000907 
0.32437500000001024 
0.21312500000000908 
0.16187500000000904 
0.30312500000001 
0.29187500000001 
0.19187500000000907 
0.21187500000000908 
