0.34062500000001034 
0.2168750000000091 
0.2868750000000105 
0.130625000000009 
0.22312500000000915 
0.11562500000000898 
0.16187500000000904 
0.10187500000000897 
0.13937500000000902 
0.18062500000000906 
0.10687500000000898 
0.24562500000000967 
0.14312500000000902 
0.31187500000001 
0.17312500000000905 
0.11812500000000899 
0.4043750000000111 
0.29562500000001013 
0.13437500000000902 
0.18187500000000906 
0.14437500000000902 
0.33937500000001003 
0.32062500000001 
0.14562500000000903 
0.29437500000001043 
0.13687500000000902 
0.16562500000000904 
0.16687500000000904 
0.17562500000000905 
0.23187500000000932 
0.16062500000000904 
0.23187500000000938 
0.26687500000000997 
0.15687500000000903 
0.125625000000009 
0.10937500000000898 
0.23437500000000944 
0.18687500000000906 
0.17062500000000905 
0.23687500000000966 
0.21437500000000909 
0.18562500000000906 
0.16937500000000905 
0.16687500000000904 
0.15312500000000903 
0.18312500000000906 
0.20937500000000908 
0.18062500000000906 
0.18437500000000906 
0.18187500000000906 
0.130625000000009 
0.21437500000000909 
0.17312500000000905 
0.15937500000000904 
0.19937500000000907 
0.20062500000000907 
0.18687500000000906 
0.14187500000000902 
0.28562500000000984 
0.2156250000000091 
0.15312500000000903 
0.31187500000001006 
0.10562500000000898 
0.41187500000001104 
0.16562500000000904 
0.20562500000000908 
0.18687500000000906 
0.11687500000000899 
0.2643750000000102 
0.37562500000001037 
0.22812500000000932 
0.3506250000000102 
0.15562500000000903 
0.126875000000009 
0.16812500000000904 
0.17812500000000905 
0.2756250000000099 
0.2631250000000099 
0.24062500000000955 
0.22562500000000915 
0.18312500000000906 
0.14687500000000903 
0.26187500000001 
0.11687500000000899 
0.2193750000000091 
0.20937500000000908 
0.20062500000000907 
0.2406250000000095 
0.2518750000000098 
0.14687500000000903 
0.20562500000000908 
0.24562500000000978 
0.13312500000000901 
0.18312500000000906 
0.2943750000000102 
0.24812500000000973 
0.14062500000000902 
0.19187500000000907 
0.2268750000000092 
0.29687500000001027 
0.19687500000000907 
0.2156250000000091 
0.17312500000000905 
0.24812500000000978 
0.11437500000000898 
0.15562500000000903 
0.3318750000000102 
0.3243750000000101 
0.10062500000000897 
0.16062500000000904 
0.16937500000000905 
0.10687500000000898 
0.17437500000000905 
0.20062500000000907 
0.20187500000000907 
0.23687500000000955 
0.24062500000000994 
0.12437500000000899 
0.20062500000000907 
0.18187500000000906 
0.14062500000000902 
0.26937500000000997 
0.11687500000000899 
0.14187500000000902 
0.27187500000001014 
0.22562500000000937 
0.19562500000000907 
0.20812500000000908 
0.10937500000000898 
0.2256250000000092 
0.17937500000000905 
0.131875000000009 
0.14937500000000903 
0.18937500000000906 
0.2168750000000091 
0.16437500000000904 
0.17312500000000905 
0.22562500000000932 
0.3581250000000103 
0.18937500000000906 
0.25937500000000985 
0.20062500000000907 
0.17562500000000905 
0.16062500000000904 
0.18062500000000906 
0.19937500000000907 
0.20562500000000908 
0.24437500000000983 
0.14062500000000902 
0.15437500000000903 
0.20187500000000907 
0.23312500000000944 
0.20187500000000907 
0.20437500000000908 
0.17187500000000905 
0.25937500000000985 
0.23562500000000955 
0.18812500000000906 
0.12062500000000899 
0.20062500000000907 
0.21062500000000908 
0.17312500000000905 
0.19562500000000907 
0.18562500000000906 
0.16812500000000904 
0.15812500000000904 
0.19687500000000907 
0.2443750000000099 
0.20562500000000908 
0.18812500000000906 
0.3293750000000101 
0.22687500000000926 
0.2531250000000098 
0.13437500000000902 
0.20562500000000908 
0.21187500000000908 
0.17562500000000905 
0.24062500000000966 
0.20562500000000908 
0.2506250000000098 
0.16312500000000904 
0.23062500000000932 
0.08437500000000898 
0.24812500000000978 
0.2368750000000096 
0.16687500000000904 
0.48312500000001246 
0.19687500000000907 
0.21187500000000908 
0.130625000000009 
0.16437500000000904 
0.15687500000000903 
0.130625000000009 
0.35812500000001046 
0.3168750000000102 
0.14687500000000903 
0.17687500000000905 
0.20812500000000908 
0.14062500000000902 
0.20812500000000908 
0.13562500000000902 
0.10937500000000898 
0.15812500000000904 
0.34937500000001026 
0.14812500000000903 
0.18437500000000906 
0.18812500000000906 
0.14062500000000902 
0.14437500000000902 
0.10687500000000898 
0.21812500000000914 
0.18812500000000906 
0.12187500000000899 
0.2256250000000092 
0.16812500000000904 
0.20562500000000908 
0.13562500000000902 
0.27812500000000984 
0.16812500000000904 
0.22312500000000932 
0.11312500000000898 
0.19937500000000907 
0.22812500000000932 
0.32687500000001024 
0.17062500000000905 
0.25062500000000987 
0.2156250000000091 
0.19312500000000907 
0.21437500000000909 
0.14687500000000903 
0.12437500000000899 
0.2168750000000091 
0.3443750000000102 
0.15562500000000903 
0.20812500000000908 
0.34687500000001037 
0.18687500000000906 
0.22937500000000938 
0.10687500000000898 
0.10812500000000898 
0.2681250000000101 
0.17562500000000905 
0.18312500000000906 
0.17562500000000905 
0.26812500000001016 
0.2606250000000099 
0.20812500000000908 
0.16812500000000904 
0.24437500000000972 
0.15187500000000903 
0.4306250000000128 
0.15062500000000903 
0.128125000000009 
0.2456250000000099 
0.25937500000001 
0.18062500000000906 
0.46437500000001253 
0.15562500000000903 
0.131875000000009 
0.17687500000000905 
0.09812500000000897 
0.25437500000000995 
0.20437500000000908 
0.26562500000000994 
0.18937500000000906 
0.22437500000000926 
0.16187500000000904 
0.14812500000000903 
0.23687500000000955 
0.15312500000000903 
0.18562500000000906 
0.2718750000000098 
0.14187500000000902 
0.131875000000009 
0.22437500000000915 
0.2518750000000095 
0.20562500000000908 
0.13562500000000902 
0.17312500000000905 
0.16187500000000904 
0.11812500000000899 
0.15937500000000904 
0.20312500000000908 
0.14062500000000902 
0.21187500000000908 
0.17812500000000905 
0.22562500000000937 
0.19562500000000907 
0.22312500000000915 
0.17562500000000905 
0.23562500000000944 
0.24062500000000966 
0.19062500000000906 
0.27937500000001 
0.3656250000000103 
0.19187500000000907 
0.18562500000000906 
0.18187500000000906 
0.25562500000000976 
0.18937500000000906 
