0.16062500000000904 
0.131875000000009 
0.24812500000000973 
0.18062500000000906 
0.17812500000000905 
0.23062500000000932 
0.35687500000001043 
0.32062500000001 
0.21312500000000908 
0.2718750000000099 
0.25812500000001 
0.15687500000000903 
0.15562500000000903 
0.15812500000000904 
0.12187500000000899 
0.21312500000000908 
0.2281250000000091 
0.19937500000000907 
0.14937500000000903 
0.4393750000000119 
0.18937500000000906 
0.14687500000000903 
0.30062500000000997 
0.29812500000001 
0.12437500000000899 
0.15812500000000904 
0.18937500000000906 
0.15437500000000903 
0.16062500000000904 
0.28937500000001015 
0.18312500000000906 
0.19062500000000906 
0.34937500000001026 
0.30937500000001017 
0.15437500000000903 
0.26437500000001 
0.18062500000000906 
0.18062500000000906 
0.2331250000000095 
0.131875000000009 
0.16312500000000904 
0.35437500000001054 
0.2181250000000091 
0.29062500000000996 
0.14812500000000903 
0.17062500000000905 
0.18437500000000906 
0.10812500000000898 
0.20312500000000908 
0.18437500000000906 
0.20562500000000908 
0.17937500000000905 
0.128125000000009 
0.38187500000001046 
0.11437500000000898 
0.15312500000000903 
0.15187500000000903 
0.13312500000000901 
0.13312500000000901 
0.16687500000000904 
0.16812500000000904 
0.19312500000000907 
0.31437500000000995 
0.14687500000000903 
0.23937500000000966 
0.11187500000000898 
0.19062500000000906 
0.25062500000000987 
0.20812500000000908 
0.15187500000000903 
0.2168750000000092 
0.16687500000000904 
0.17187500000000905 
0.17062500000000905 
0.11562500000000898 
0.19187500000000907 
0.17812500000000905 
0.3343750000000103 
0.2868750000000101 
0.17812500000000905 
0.2218750000000091 
0.17812500000000905 
0.16687500000000904 
0.21937500000000915 
0.19187500000000907 
0.2206250000000091 
0.17437500000000905 
0.11937500000000899 
0.15312500000000903 
0.11812500000000899 
0.17562500000000905 
0.15937500000000904 
0.24937500000000995 
0.14187500000000902 
0.2168750000000091 
0.3031250000000099 
0.2581250000000097 
0.22562500000000943 
0.14187500000000902 
0.20562500000000908 
0.23687500000000938 
0.18187500000000906 
0.30437500000001017 
0.12312500000000899 
0.2468750000000099 
0.14687500000000903 
0.19937500000000907 
0.17312500000000905 
0.2881250000000101 
0.16312500000000904 
0.23062500000000954 
0.13562500000000902 
0.19187500000000907 
0.13562500000000902 
0.13562500000000902 
0.17062500000000905 
0.20812500000000908 
0.16437500000000904 
0.18812500000000906 
0.19562500000000907 
0.433125000000012 
0.21437500000000909 
0.2206250000000091 
0.128125000000009 
0.09937500000000897 
0.3343750000000105 
0.3243750000000095 
0.13937500000000902 
0.2793750000000099 
0.31062500000001003 
0.17937500000000905 
0.2531250000000098 
0.16687500000000904 
0.15437500000000903 
0.19312500000000907 
0.21312500000000908 
0.3743750000000104 
0.17187500000000905 
0.20062500000000907 
0.25812500000000993 
0.17812500000000905 
0.22312500000000915 
0.10062500000000897 
0.3031250000000101 
0.20812500000000908 
0.23562500000000944 
0.24437500000000967 
0.19562500000000907 
0.13437500000000902 
0.34312500000001034 
0.2543750000000102 
0.15312500000000903 
0.11687500000000899 
0.22562500000000937 
0.3318750000000105 
0.11187500000000898 
0.12187500000000899 
0.18062500000000906 
0.22812500000000915 
0.3956250000000107 
0.2181250000000091 
0.11687500000000899 
0.13562500000000902 
0.2206250000000091 
0.11812500000000899 
0.19312500000000907 
0.14687500000000903 
0.18312500000000906 
0.2331250000000095 
0.18687500000000906 
0.16312500000000904 
0.11187500000000898 
0.23687500000000938 
0.24812500000000984 
0.11312500000000898 
0.16812500000000904 
0.18687500000000906 
0.29062500000001 
0.19812500000000907 
0.20562500000000908 
0.26687500000001 
0.17187500000000905 
0.14937500000000903 
0.14812500000000903 
0.18437500000000906 
0.23312500000000944 
0.24187500000000967 
0.14437500000000902 
0.18437500000000906 
0.4331250000000111 
0.130625000000009 
0.23937500000000966 
0.13812500000000902 
0.17687500000000905 
0.26437500000000985 
0.15187500000000903 
0.15812500000000904 
0.17437500000000905 
0.16562500000000904 
0.2881250000000099 
0.16312500000000904 
0.21062500000000908 
0.3743750000000102 
0.18812500000000906 
0.21187500000000908 
0.17562500000000905 
0.16562500000000904 
0.21812500000000914 
0.2531250000000099 
0.18812500000000906 
0.27062500000001016 
0.18812500000000906 
0.11937500000000899 
0.23187500000000927 
0.15812500000000904 
0.11187500000000898 
0.3668750000000103 
0.22437500000000943 
0.15937500000000904 
0.23562500000000966 
0.23687500000000977 
0.16687500000000904 
0.44812500000001165 
0.21187500000000908 
0.20187500000000907 
0.17062500000000905 
0.3306250000000103 
0.19562500000000907 
0.16562500000000904 
0.14937500000000903 
0.17437500000000905 
0.16562500000000904 
0.16187500000000904 
0.4206250000000118 
0.16812500000000904 
0.11312500000000898 
0.27187500000001 
0.23812500000000955 
0.20812500000000908 
0.19437500000000907 
0.25437500000001007 
0.17437500000000905 
0.32562500000001016 
0.20437500000000908 
0.2231250000000091 
0.14812500000000903 
0.12062500000000899 
0.22812500000000943 
0.128125000000009 
0.2331250000000095 
0.19812500000000907 
0.22687500000000937 
0.17062500000000905 
0.24687500000000978 
0.12437500000000899 
0.32812500000001055 
0.3581250000000104 
0.2593750000000099 
0.24437500000000983 
0.3718750000000104 
0.4056250000000106 
0.20187500000000907 
0.17812500000000905 
0.13437500000000902 
0.15062500000000903 
0.21437500000000909 
0.2956250000000101 
0.2518750000000099 
0.2743750000000099 
0.19937500000000907 
0.15187500000000903 
0.15812500000000904 
0.19562500000000907 
0.24812500000000984 
0.15437500000000903 
0.2156250000000091 
0.13812500000000902 
0.16437500000000904 
0.20062500000000907 
0.18437500000000906 
0.131875000000009 
0.2593750000000099 
0.13312500000000901 
0.3468750000000104 
0.129375000000009 
0.2631250000000099 
0.16312500000000904 
0.31437500000000984 
0.18562500000000906 
0.19437500000000907 
0.15312500000000903 
0.15062500000000903 
0.28312500000000984 
0.36312500000001047 
0.12187500000000899 
0.13687500000000902 
0.10687500000000898 
0.24937500000000984 
0.2193750000000091 
0.19437500000000907 
