0.16687500000000904 
0.2881250000000101 
0.26437500000000996 
0.15187500000000903 
0.2406250000000095 
0.13312500000000901 
0.17812500000000905 
0.23937500000000983 
0.15812500000000904 
0.18312500000000906 
0.20562500000000908 
0.15687500000000903 
0.2156250000000091 
0.10312500000000897 
0.14937500000000903 
0.31562500000000965 
0.21687500000000914 
0.2193750000000091 
0.19562500000000907 
0.19437500000000907 
0.3781250000000103 
0.19937500000000907 
0.17687500000000905 
0.3856250000000104 
0.18187500000000906 
0.24562500000000984 
0.15312500000000903 
0.19187500000000907 
0.20187500000000907 
0.10187500000000897 
0.2193750000000092 
0.31437500000001023 
0.22062500000000915 
0.16812500000000904 
0.15937500000000904 
0.17062500000000905 
0.19187500000000907 
0.18062500000000906 
0.13562500000000902 
0.18687500000000906 
0.13562500000000902 
0.129375000000009 
0.16937500000000905 
0.13687500000000902 
0.26562500000001 
0.14312500000000902 
0.15312500000000903 
0.2743750000000099 
0.20937500000000908 
0.24562500000000972 
0.13937500000000902 
0.10562500000000898 
0.25187500000000984 
0.2168750000000091 
0.23562500000000955 
0.130625000000009 
0.09812500000000897 
0.3381250000000105 
0.19937500000000907 
0.18937500000000906 
0.18312500000000906 
0.31312500000001015 
0.15812500000000904 
0.10937500000000898 
0.18062500000000906 
0.3193750000000102 
0.15062500000000903 
0.24937500000000995 
0.18187500000000906 
0.25937500000000996 
0.20687500000000908 
0.27687500000000986 
0.13937500000000902 
0.19812500000000907 
0.128125000000009 
0.15312500000000903 
0.128125000000009 
0.14062500000000902 
0.11187500000000898 
0.11937500000000899 
0.16937500000000905 
0.28687500000001015 
0.2168750000000091 
0.2206250000000092 
0.21312500000000908 
0.15312500000000903 
0.18187500000000906 
0.19062500000000906 
0.13312500000000901 
0.11562500000000898 
0.25187500000000984 
0.17687500000000905 
0.18937500000000906 
0.26812500000001 
0.13312500000000901 
0.17562500000000905 
0.14812500000000903 
0.18062500000000906 
0.16812500000000904 
0.11937500000000899 
0.16687500000000904 
0.16312500000000904 
0.3156250000000101 
0.125625000000009 
0.23812500000000944 
0.14687500000000903 
0.45187500000001213 
0.38812500000001077 
0.18437500000000906 
0.22062500000000915 
0.24062500000000983 
0.18812500000000906 
0.21062500000000908 
0.3293750000000099 
0.12062500000000899 
0.16812500000000904 
0.16062500000000904 
0.10687500000000898 
0.24812500000000967 
0.17062500000000905 
0.15937500000000904 
0.15187500000000903 
0.129375000000009 
0.16187500000000904 
0.14187500000000902 
0.16812500000000904 
0.129375000000009 
0.18562500000000906 
0.2156250000000091 
0.2156250000000091 
0.21437500000000909 
0.2443750000000099 
0.10312500000000897 
0.2343750000000095 
0.2218750000000092 
0.14312500000000902 
0.14062500000000902 
0.17062500000000905 
0.130625000000009 
0.16937500000000905 
0.16437500000000904 
0.19812500000000907 
0.21312500000000908 
0.17562500000000905 
0.36687500000001044 
0.17687500000000905 
0.22562500000000932 
0.21312500000000908 
0.22312500000000915 
0.2406250000000096 
0.14562500000000903 
0.2181250000000091 
0.24187500000000967 
0.14562500000000903 
0.20687500000000908 
0.21812500000000926 
0.31312500000001015 
0.17312500000000905 
0.17562500000000905 
0.17312500000000905 
0.16187500000000904 
0.11187500000000898 
0.15562500000000903 
0.15437500000000903 
0.15062500000000903 
0.125625000000009 
0.22812500000000932 
0.16062500000000904 
0.2681250000000099 
0.20937500000000908 
0.2793750000000098 
0.15312500000000903 
0.29062500000000996 
0.131875000000009 
0.3606250000000104 
0.18062500000000906 
0.18812500000000906 
0.20937500000000908 
0.19562500000000907 
0.18312500000000906 
0.15562500000000903 
0.2181250000000091 
0.16187500000000904 
0.20437500000000908 
0.19937500000000907 
0.2606250000000101 
0.14312500000000902 
0.14562500000000903 
0.14187500000000902 
0.31062500000001025 
0.30562500000001014 
0.22562500000000937 
0.2543750000000098 
0.20687500000000908 
0.20812500000000908 
0.17812500000000905 
0.14562500000000903 
0.15812500000000904 
0.20562500000000908 
0.17062500000000905 
0.12312500000000899 
0.17312500000000905 
0.17562500000000905 
0.13437500000000902 
0.130625000000009 
0.15437500000000903 
0.22437500000000943 
0.17312500000000905 
0.19187500000000907 
0.25437500000000973 
0.14187500000000902 
0.17937500000000905 
0.2181250000000091 
0.25937500000001 
0.19812500000000907 
0.27062500000000983 
0.25062500000000987 
0.32187500000001007 
0.19187500000000907 
0.25812500000000993 
0.14187500000000902 
0.131875000000009 
0.16187500000000904 
0.15312500000000903 
0.18437500000000906 
0.25312500000001004 
0.2981250000000102 
0.3931250000000109 
0.14312500000000902 
0.13937500000000902 
0.21312500000000908 
0.14812500000000903 
0.23937500000000955 
0.18062500000000906 
0.24312500000000972 
0.17312500000000905 
0.17187500000000905 
0.22812500000000938 
0.17187500000000905 
0.129375000000009 
0.23312500000000938 
0.23562500000000955 
0.23687500000000955 
0.15937500000000904 
0.3306250000000103 
0.13812500000000902 
0.20187500000000907 
0.15062500000000903 
0.18562500000000906 
0.13562500000000902 
0.09187500000000896 
0.14937500000000903 
0.18062500000000906 
0.36937500000001033 
0.14437500000000902 
0.21312500000000908 
0.15812500000000904 
0.32062500000001015 
0.20312500000000908 
0.22187500000000915 
0.16437500000000904 
0.14562500000000903 
0.20187500000000907 
0.17687500000000905 
0.2706250000000098 
0.3406250000000102 
0.33437500000001025 
0.2206250000000091 
0.18937500000000906 
0.29562500000001035 
0.25812500000001004 
0.15062500000000903 
0.129375000000009 
0.17562500000000905 
0.129375000000009 
0.19062500000000906 
0.22437500000000932 
0.15437500000000903 
0.3893750000000111 
0.21187500000000908 
0.2931250000000099 
0.2456250000000096 
0.19812500000000907 
0.10812500000000898 
0.18062500000000906 
0.19187500000000907 
0.125625000000009 
0.131875000000009 
0.20062500000000907 
0.19562500000000907 
0.2231250000000091 
0.31187500000001017 
0.16562500000000904 
0.27062500000001 
0.21312500000000925 
0.22812500000000926 
0.18562500000000906 
0.16937500000000905 
0.22562500000000915 
0.13437500000000902 
