0.20187500000000907 
0.2731250000000099 
0.19812500000000907 
0.16187500000000904 
0.31562500000001054 
0.19062500000000906 
0.11562500000000898 
0.20062500000000907 
0.18687500000000906 
0.2568750000000099 
0.14062500000000902 
0.130625000000009 
0.2943750000000101 
0.2181250000000091 
0.2906250000000101 
0.19937500000000907 
0.22437500000000932 
0.20562500000000908 
0.18062500000000906 
0.17562500000000905 
0.20687500000000908 
0.23062500000000932 
0.14687500000000903 
0.19187500000000907 
0.24937500000000973 
0.17312500000000905 
0.2831250000000102 
0.18687500000000906 
0.16062500000000904 
0.20312500000000908 
0.23562500000000944 
0.14812500000000903 
0.20187500000000907 
0.14312500000000902 
0.19687500000000907 
0.3068750000000103 
0.14812500000000903 
0.17562500000000905 
0.14187500000000902 
0.129375000000009 
0.15937500000000904 
0.19562500000000907 
0.18687500000000906 
0.126875000000009 
0.18312500000000906 
0.2406250000000096 
0.13812500000000902 
0.23562500000000955 
0.13437500000000902 
0.3443750000000103 
0.24062500000000978 
0.22937500000000927 
0.35562500000001046 
0.24562500000000972 
0.11687500000000899 
0.19187500000000907 
0.20937500000000908 
0.20312500000000908 
0.21062500000000908 
0.26937500000000986 
0.24687500000000984 
0.23687500000000966 
0.2206250000000091 
0.13562500000000902 
0.11062500000000898 
0.32312500000001043 
0.20687500000000908 
0.2793750000000099 
0.24937500000000995 
0.10437500000000897 
0.128125000000009 
0.16312500000000904 
0.21312500000000908 
0.2156250000000091 
0.14687500000000903 
0.33437500000001014 
0.6006250000000141 
0.17437500000000905 
0.14812500000000903 
0.15937500000000904 
0.3106250000000103 
0.25812500000001026 
0.17062500000000905 
0.2631250000000099 
0.16687500000000904 
0.126875000000009 
0.16562500000000904 
0.15937500000000904 
0.16437500000000904 
0.15062500000000903 
0.13812500000000902 
0.20937500000000908 
0.19312500000000907 
0.2893750000000101 
0.20062500000000907 
0.13562500000000902 
0.16187500000000904 
0.19687500000000907 
0.13937500000000902 
0.13937500000000902 
0.15687500000000903 
0.2443750000000096 
0.2543750000000097 
0.15437500000000903 
0.15687500000000903 
0.19437500000000907 
0.19812500000000907 
0.15187500000000903 
0.28687500000001015 
0.29312500000001 
0.19937500000000907 
0.14187500000000902 
0.30562500000001 
0.18437500000000906 
0.14937500000000903 
0.21312500000000908 
0.16687500000000904 
0.29812500000001024 
0.23062500000000943 
0.27687500000001 
0.11437500000000898 
0.2218750000000091 
0.14687500000000903 
0.28062500000000995 
0.126875000000009 
0.3143750000000105 
0.126875000000009 
0.22812500000000938 
0.17062500000000905 
0.2156250000000091 
0.28187500000001015 
0.15562500000000903 
0.13562500000000902 
0.27312500000001005 
0.10437500000000897 
0.15437500000000903 
0.13812500000000902 
0.14937500000000903 
0.17562500000000905 
0.16937500000000905 
0.24187500000000967 
0.17437500000000905 
0.2581250000000099 
0.2343750000000096 
0.14187500000000902 
0.3293750000000101 
0.21312500000000908 
0.40812500000001123 
0.20687500000000908 
0.19312500000000907 
0.18312500000000906 
0.2668750000000099 
0.32687500000001035 
0.29062500000000996 
0.2381250000000096 
0.10062500000000897 
0.36062500000001035 
0.14437500000000902 
0.15062500000000903 
0.15687500000000903 
0.19687500000000907 
0.12062500000000899 
0.14687500000000903 
0.17687500000000905 
0.3931250000000112 
0.13562500000000902 
0.130625000000009 
0.14937500000000903 
0.15312500000000903 
0.35312500000001024 
0.16437500000000904 
0.28812500000001 
0.11437500000000898 
0.18062500000000906 
0.21437500000000909 
0.131875000000009 
0.23437500000000938 
0.14687500000000903 
0.3556250000000103 
0.18562500000000906 
0.17937500000000905 
0.2556250000000101 
0.21437500000000909 
0.19312500000000907 
0.18062500000000906 
0.16312500000000904 
0.13562500000000902 
0.8531250000000098 
0.22437500000000915 
0.2268750000000092 
0.24437500000000978 
0.18687500000000906 
0.17062500000000905 
0.24562500000000984 
0.3393750000000102 
0.08937500000000899 
0.2593750000000099 
0.28687500000001037 
0.28312500000001 
0.23062500000000932 
0.126875000000009 
0.14062500000000902 
0.14812500000000903 
0.12437500000000899 
0.22937500000000927 
0.18937500000000906 
0.13437500000000902 
0.131875000000009 
0.24687500000000984 
0.19687500000000907 
0.17937500000000905 
0.16437500000000904 
0.18187500000000906 
0.19937500000000907 
0.24812500000000978 
0.16187500000000904 
0.09812500000000897 
0.15562500000000903 
0.18562500000000906 
0.15562500000000903 
0.14562500000000903 
0.13437500000000902 
0.16187500000000904 
0.14812500000000903 
0.23562500000000955 
0.18812500000000906 
0.18187500000000906 
0.16687500000000904 
0.25437500000000984 
0.15937500000000904 
0.11312500000000898 
0.2693750000000099 
0.28437500000001015 
0.15062500000000903 
0.23312500000000938 
0.17937500000000905 
0.126875000000009 
0.23812500000000955 
0.13812500000000902 
0.18312500000000906 
0.2243750000000091 
0.19812500000000907 
0.32812500000001027 
0.20312500000000908 
0.2268750000000092 
0.18937500000000906 
0.2693750000000099 
0.18812500000000906 
0.3381250000000104 
0.17687500000000905 
0.15187500000000903 
0.21312500000000908 
0.29687500000001005 
0.2531250000000098 
0.19812500000000907 
0.17062500000000905 
0.16562500000000904 
0.22562500000000926 
0.26187500000000996 
0.25812500000000993 
0.2393750000000096 
0.14062500000000902 
0.23812500000000955 
0.15937500000000904 
0.13562500000000902 
0.21187500000000908 
0.19687500000000907 
0.2581250000000099 
0.3681250000000104 
0.18312500000000906 
0.17937500000000905 
0.20312500000000908 
0.2218750000000091 
0.14562500000000903 
0.15937500000000904 
0.130625000000009 
0.26062500000001015 
0.14812500000000903 
0.16062500000000904 
0.4656250000000125 
0.22562500000000932 
0.14937500000000903 
0.28937500000001004 
0.14062500000000902 
0.27187500000000997 
0.24937500000001 
0.16812500000000904 
0.17062500000000905 
0.16937500000000905 
0.15812500000000904 
0.3606250000000107 
0.24687500000000978 
0.19312500000000907 
0.2631250000000098 
0.21437500000000909 
0.16687500000000904 
0.128125000000009 
0.14812500000000903 
0.19187500000000907 
0.15312500000000903 
