0.13437500000000902 
0.131875000000009 
0.2368750000000096 
0.15562500000000903 
0.11937500000000899 
0.10062500000000897 
0.130625000000009 
0.14187500000000902 
0.16312500000000904 
0.130625000000009 
0.2393750000000096 
0.15062500000000903 
0.13937500000000902 
0.2193750000000091 
0.21437500000000909 
0.23687500000000966 
0.3343750000000103 
0.17812500000000905 
0.14687500000000903 
0.20437500000000908 
0.17687500000000905 
0.18937500000000906 
0.2156250000000091 
0.14687500000000903 
0.16687500000000904 
0.15812500000000904 
0.13562500000000902 
0.2256250000000092 
0.2168750000000091 
0.14437500000000902 
0.16562500000000904 
0.20312500000000908 
0.25187500000000984 
0.14437500000000902 
0.3368750000000101 
0.26812500000001016 
0.15062500000000903 
0.08937500000000896 
0.17937500000000905 
0.16687500000000904 
0.19562500000000907 
0.22687500000000926 
0.24187500000000967 
0.23937500000000966 
0.17312500000000905 
0.29312500000001 
0.128125000000009 
0.13937500000000902 
0.20312500000000908 
0.14312500000000902 
0.15687500000000903 
0.16062500000000904 
0.19687500000000907 
0.17312500000000905 
0.396875000000011 
0.3081250000000101 
0.19687500000000907 
0.17937500000000905 
0.25687500000000985 
0.17937500000000905 
0.2531250000000099 
0.18312500000000906 
0.15312500000000903 
0.3481250000000105 
0.19312500000000907 
0.22437500000000926 
0.34187500000001037 
0.16187500000000904 
0.2193750000000091 
0.28687500000000987 
0.15187500000000903 
0.15187500000000903 
0.20812500000000908 
0.14312500000000902 
0.2193750000000091 
0.14562500000000903 
0.16062500000000904 
0.14062500000000902 
0.19562500000000907 
0.15312500000000903 
0.128125000000009 
0.22437500000000926 
0.14687500000000903 
0.2481250000000099 
0.20937500000000908 
0.17812500000000905 
0.15937500000000904 
0.20562500000000908 
0.3968750000000112 
0.18562500000000906 
0.2218750000000091 
0.12437500000000899 
0.13437500000000902 
0.11687500000000899 
0.17812500000000905 
0.33687500000001047 
0.19812500000000907 
0.23062500000000938 
0.17812500000000905 
0.17937500000000905 
0.13687500000000902 
0.16562500000000904 
0.16562500000000904 
0.13812500000000902 
0.17562500000000905 
0.18437500000000906 
0.14187500000000902 
0.21812500000000914 
0.15062500000000903 
0.33937500000001025 
0.2593750000000098 
0.22562500000000926 
0.16187500000000904 
0.17687500000000905 
0.2531250000000099 
0.20437500000000908 
0.13562500000000902 
0.24187500000000983 
0.30187500000001005 
0.23437500000000938 
0.17187500000000905 
0.20312500000000908 
0.24812500000000995 
0.2231250000000091 
0.17312500000000905 
0.13312500000000901 
0.130625000000009 
0.17562500000000905 
0.17937500000000905 
0.20312500000000908 
0.16937500000000905 
0.19187500000000907 
0.2768750000000101 
0.18062500000000906 
0.11312500000000898 
0.19437500000000907 
0.13312500000000901 
0.11687500000000899 
0.17812500000000905 
0.21187500000000908 
0.12062500000000899 
0.26687500000000997 
0.28687500000001 
0.14062500000000902 
0.23437500000000944 
0.15562500000000903 
0.23687500000000955 
0.18187500000000906 
0.28562500000001007 
0.20562500000000908 
0.27437500000001 
0.2193750000000091 
0.2181250000000091 
0.25062500000000976 
0.26562500000000994 
0.128125000000009 
0.11437500000000898 
0.11562500000000898 
0.13812500000000902 
0.13437500000000902 
0.16687500000000904 
0.129375000000009 
0.21312500000000908 
0.28437500000001015 
0.14812500000000903 
0.2493750000000099 
0.3781250000000104 
0.22812500000000926 
0.17562500000000905 
0.16187500000000904 
0.15687500000000903 
0.3306250000000106 
0.30312500000001 
0.15937500000000904 
0.09312500000000896 
0.14562500000000903 
0.16937500000000905 
0.20937500000000908 
0.3381250000000103 
0.19687500000000907 
0.18937500000000906 
0.15312500000000903 
0.2806250000000099 
0.35437500000001015 
0.21062500000000908 
0.18312500000000906 
0.23437500000000933 
0.17812500000000905 
0.11187500000000898 
0.22562500000000926 
0.16937500000000905 
0.11812500000000899 
0.16437500000000904 
0.17937500000000905 
0.15562500000000903 
0.18937500000000906 
0.14437500000000902 
0.08187500000000897 
0.26062500000000993 
0.15437500000000903 
0.20437500000000908 
0.2931250000000099 
0.2706250000000102 
0.20312500000000908 
0.27062500000001 
0.15687500000000903 
0.19937500000000907 
0.10812500000000898 
0.16437500000000904 
0.13687500000000902 
0.3418750000000095 
0.18562500000000906 
0.19687500000000907 
0.3918750000000111 
0.17187500000000905 
0.16687500000000904 
0.19687500000000907 
0.25562500000001 
0.14687500000000903 
0.23187500000000938 
0.18062500000000906 
0.17687500000000905 
0.15562500000000903 
0.14937500000000903 
0.2243750000000091 
0.11312500000000898 
0.22687500000000932 
0.15562500000000903 
0.20437500000000908 
0.23062500000000943 
0.15812500000000904 
0.14312500000000902 
0.2731250000000102 
0.16312500000000904 
0.10812500000000898 
0.29187500000001004 
0.19062500000000906 
0.2418750000000096 
0.19812500000000907 
0.2168750000000091 
0.2443750000000096 
0.2156250000000091 
0.17687500000000905 
0.3068750000000101 
0.26812500000000994 
0.18312500000000906 
0.2468750000000099 
0.17062500000000905 
0.18062500000000906 
0.15062500000000903 
0.20437500000000908 
0.14812500000000903 
0.17812500000000905 
0.28437500000001 
0.22312500000000932 
0.21687500000000914 
0.11437500000000898 
0.15062500000000903 
0.19937500000000907 
0.19312500000000907 
0.15062500000000903 
0.2543750000000099 
0.22937500000000932 
0.21437500000000909 
0.23937500000000966 
0.3043750000000101 
0.17062500000000905 
0.18812500000000906 
0.2706250000000101 
0.26312500000001 
0.14937500000000903 
0.40062500000001083 
0.13812500000000902 
0.11062500000000898 
0.2743750000000101 
0.27562500000001006 
0.29187500000001027 
0.16687500000000904 
0.14687500000000903 
0.11937500000000899 
0.25312500000000987 
0.24312500000001 
0.22937500000000915 
0.35312500000001035 
0.14312500000000902 
0.19562500000000907 
0.16062500000000904 
0.29812500000001024 
0.13937500000000902 
0.130625000000009 
0.21062500000000908 
0.2231250000000091 
0.33187500000001025 
0.19687500000000907 
0.13562500000000902 
0.17812500000000905 
0.26437500000000996 
0.43937500000001195 
0.29937500000001 
0.2368750000000095 
