0.24062500000000955 
0.18062500000000906 
0.14312500000000902 
0.17937500000000905 
0.26312500000001016 
0.21062500000000908 
0.20812500000000908 
0.18062500000000906 
0.14437500000000902 
0.13937500000000902 
0.2481250000000099 
0.3043750000000099 
0.14437500000000902 
0.19312500000000907 
0.18312500000000906 
0.19312500000000907 
0.2393750000000095 
0.18062500000000906 
0.16562500000000904 
0.17437500000000905 
0.20437500000000908 
0.10812500000000898 
0.25187500000000995 
0.14812500000000903 
0.2168750000000091 
0.15937500000000904 
0.15687500000000903 
0.10812500000000898 
0.24687500000000973 
0.20937500000000908 
0.17687500000000905 
0.2656250000000099 
0.15812500000000904 
0.126875000000009 
0.125625000000009 
0.2531250000000098 
0.2518750000000099 
0.17312500000000905 
0.2156250000000091 
0.12437500000000899 
0.18312500000000906 
0.20812500000000908 
0.17437500000000905 
0.18812500000000906 
0.15437500000000903 
0.15312500000000903 
0.17562500000000905 
0.22437500000000932 
0.22187500000000948 
0.17937500000000905 
0.19062500000000906 
0.20437500000000908 
0.23187500000000938 
0.16062500000000904 
0.10437500000000897 
0.16312500000000904 
0.33812500000001 
0.10812500000000898 
0.24312500000000972 
0.3968750000000117 
0.15187500000000903 
0.16437500000000904 
0.14312500000000902 
0.20062500000000907 
0.13812500000000902 
0.3393750000000102 
0.19062500000000906 
0.15062500000000903 
0.14937500000000903 
0.19187500000000907 
0.16687500000000904 
0.20062500000000907 
0.20937500000000908 
0.16187500000000904 
0.22937500000000927 
0.17937500000000905 
0.13937500000000902 
0.18687500000000906 
0.33812500000001033 
0.29437500000001005 
0.16062500000000904 
0.2181250000000092 
0.2168750000000091 
0.129375000000009 
0.2218750000000091 
0.26687500000000997 
0.17937500000000905 
0.17312500000000905 
0.23062500000000932 
0.28562500000000995 
0.16312500000000904 
0.18062500000000906 
0.19812500000000907 
0.23812500000000944 
0.28062500000000995 
0.29687500000001 
0.15562500000000903 
0.18937500000000906 
0.2318750000000097 
0.25562500000000987 
0.3431250000000103 
0.20812500000000908 
0.18812500000000906 
0.14687500000000903 
0.15812500000000904 
0.24937500000000995 
0.3006250000000101 
0.15562500000000903 
0.13812500000000902 
0.21312500000000908 
0.15062500000000903 
0.2156250000000091 
0.20562500000000908 
0.17312500000000905 
0.18187500000000906 
0.16312500000000904 
0.20062500000000907 
0.20062500000000907 
0.2206250000000091 
0.16187500000000904 
0.14687500000000903 
0.22812500000000938 
0.18937500000000906 
0.15062500000000903 
0.20187500000000907 
0.129375000000009 
0.11312500000000898 
0.129375000000009 
0.19312500000000907 
0.23312500000000938 
0.16687500000000904 
0.18687500000000906 
0.15312500000000903 
0.2506250000000099 
0.12062500000000899 
0.25187500000001006 
0.20812500000000908 
0.25687500000000996 
0.39437500000001013 
0.19312500000000907 
0.23312500000000938 
0.20437500000000908 
0.17812500000000905 
0.2193750000000093 
0.19687500000000907 
0.23312500000000932 
0.14562500000000903 
0.2181250000000091 
0.15687500000000903 
0.18187500000000906 
0.131875000000009 
0.25187500000001 
0.15687500000000903 
0.33187500000001025 
0.14062500000000902 
0.2606250000000099 
0.11937500000000899 
0.24562500000000984 
0.20062500000000907 
0.3218750000000103 
0.20687500000000908 
0.29937500000001005 
0.15562500000000903 
0.21437500000000909 
0.20937500000000908 
0.15437500000000903 
0.18312500000000906 
0.16562500000000904 
0.30687500000001033 
0.20937500000000908 
0.2156250000000091 
0.17312500000000905 
0.12187500000000899 
0.17062500000000905 
0.14562500000000903 
0.26062500000000993 
0.18687500000000906 
0.14937500000000903 
0.16062500000000904 
0.18187500000000906 
0.12187500000000899 
0.21062500000000908 
0.16062500000000904 
0.16312500000000904 
0.34312500000001017 
0.2406250000000096 
0.15937500000000904 
0.2518750000000101 
0.14062500000000902 
0.13437500000000902 
0.3168750000000103 
0.15562500000000903 
0.21187500000000908 
0.32187500000001007 
0.17062500000000905 
0.29062500000001007 
0.25937500000001 
0.15937500000000904 
0.15312500000000903 
0.19312500000000907 
0.16312500000000904 
0.20687500000000908 
0.13937500000000902 
0.14062500000000902 
0.3243750000000103 
0.15937500000000904 
0.130625000000009 
0.23187500000000932 
0.131875000000009 
0.17062500000000905 
0.20187500000000907 
0.17437500000000905 
0.17437500000000905 
0.27687500000001003 
0.24812500000000973 
0.19062500000000906 
0.19937500000000907 
0.23812500000000966 
0.29312500000001007 
0.19062500000000906 
0.2818750000000099 
0.13812500000000902 
0.15062500000000903 
0.3693750000000105 
0.25937500000000985 
0.25062500000001 
0.20562500000000908 
0.14437500000000902 
0.2293750000000096 
0.20062500000000907 
0.2156250000000091 
0.18437500000000906 
0.129375000000009 
0.16937500000000905 
0.31937500000001023 
0.18562500000000906 
0.17187500000000905 
0.20937500000000908 
0.12062500000000899 
0.25312500000000976 
0.16687500000000904 
0.14312500000000902 
0.23062500000000932 
0.129375000000009 
0.19937500000000907 
0.15312500000000903 
0.23187500000000938 
0.19437500000000907 
0.11812500000000899 
0.27312500000001 
0.15187500000000903 
0.125625000000009 
0.27062500000001 
0.17812500000000905 
0.16187500000000904 
0.17437500000000905 
0.19687500000000907 
0.2406250000000096 
0.25937500000000985 
0.21062500000000908 
0.15562500000000903 
0.14937500000000903 
0.19437500000000907 
0.24562500000000978 
0.17687500000000905 
0.12312500000000899 
0.130625000000009 
0.3031250000000101 
0.15312500000000903 
0.26062500000000993 
0.17437500000000905 
0.16562500000000904 
0.19687500000000907 
0.2631250000000098 
0.16312500000000904 
0.2531250000000098 
0.2218750000000091 
0.26562500000001016 
0.3231250000000101 
0.16062500000000904 
0.22812500000000943 
0.23437500000000938 
0.23562500000000955 
0.16062500000000904 
0.26687500000000997 
0.3293750000000102 
0.13437500000000902 
0.2506250000000098 
0.26187500000000974 
0.13312500000000901 
0.15437500000000903 
0.19812500000000907 
0.11937500000000899 
0.4168750000000118 
0.24437500000000972 
0.20437500000000908 
0.20812500000000908 
0.26437500000000985 
0.35062500000001035 
0.15187500000000903 
