0.18187500000000906 
0.16937500000000905 
0.31187500000000995 
0.2756250000000099 
0.18687500000000906 
0.15187500000000903 
0.19437500000000907 
0.26562500000000994 
0.2406250000000096 
0.15812500000000904 
0.13562500000000902 
0.3043750000000101 
0.129375000000009 
0.19937500000000907 
0.10562500000000898 
0.10687500000000898 
0.21312500000000908 
0.128125000000009 
0.20062500000000907 
0.16437500000000904 
0.17812500000000905 
0.2393750000000095 
0.27187500000000986 
0.17687500000000905 
0.14187500000000902 
0.14187500000000902 
0.22562500000000915 
0.16562500000000904 
0.15062500000000903 
0.17437500000000905 
0.27062500000001 
0.20687500000000908 
0.18687500000000906 
0.2543750000000097 
0.17437500000000905 
0.16812500000000904 
0.18437500000000906 
0.16062500000000904 
0.21312500000000914 
0.2393750000000095 
0.27812500000000995 
0.24312500000000972 
0.26687500000000974 
0.15437500000000903 
0.23687500000000944 
0.09937500000000897 
0.20812500000000908 
0.25437500000000995 
0.15562500000000903 
0.31687500000001023 
0.14687500000000903 
0.18312500000000906 
0.19062500000000906 
0.23187500000000938 
0.16062500000000904 
0.3893750000000102 
0.19687500000000907 
0.19437500000000907 
0.20187500000000907 
0.20187500000000907 
0.14562500000000903 
0.2193750000000091 
0.16812500000000904 
0.2206250000000091 
0.20187500000000907 
0.15687500000000903 
0.14812500000000903 
0.23437500000000938 
0.22937500000000932 
0.13937500000000902 
0.2981250000000099 
0.16562500000000904 
0.2743750000000098 
0.26187500000000974 
0.14937500000000903 
0.19687500000000907 
0.20062500000000907 
0.16187500000000904 
0.25812500000000993 
0.19312500000000907 
0.16312500000000904 
0.15187500000000903 
0.13937500000000902 
0.17187500000000905 
0.17562500000000905 
0.2431250000000095 
0.13312500000000901 
0.13687500000000902 
0.2243750000000091 
0.16437500000000904 
0.15687500000000903 
0.3031250000000101 
0.130625000000009 
0.33937500000001025 
0.24937500000000995 
0.26312500000000993 
0.2331250000000095 
0.23187500000000938 
0.19437500000000907 
0.17687500000000905 
0.22312500000000915 
0.21062500000000908 
0.25187500000000984 
0.16187500000000904 
0.2868750000000101 
0.22062500000000937 
0.36562500000001036 
0.129375000000009 
0.23312500000000932 
0.18812500000000906 
0.17062500000000905 
0.17937500000000905 
0.21187500000000908 
0.18937500000000906 
0.14937500000000903 
0.15312500000000903 
0.14187500000000902 
0.21312500000000908 
0.14937500000000903 
0.17937500000000905 
0.2481250000000099 
0.16437500000000904 
0.2406250000000099 
0.18562500000000906 
0.18312500000000906 
0.22187500000000926 
0.16812500000000904 
0.17187500000000905 
0.2443750000000096 
0.14812500000000903 
0.3156250000000105 
0.125625000000009 
0.31437500000001006 
0.10312500000000897 
0.14437500000000902 
0.27687500000000986 
0.3143750000000098 
0.19187500000000907 
0.415625000000011 
0.20187500000000907 
0.28937500000001026 
0.16562500000000904 
0.19437500000000907 
0.19562500000000907 
0.19437500000000907 
0.27812500000001017 
0.19187500000000907 
0.18687500000000906 
0.2568750000000098 
0.21437500000000909 
0.11937500000000899 
0.19312500000000907 
0.18062500000000906 
0.16312500000000904 
0.24562500000000956 
0.19437500000000907 
0.18937500000000906 
0.33312500000001 
0.13437500000000902 
0.4031250000000116 
0.27937500000000975 
0.12187500000000899 
0.131875000000009 
0.125625000000009 
0.12437500000000899 
0.18687500000000906 
0.18687500000000906 
0.22562500000000915 
0.15687500000000903 
0.14437500000000902 
0.19187500000000907 
0.21437500000000909 
0.21437500000000909 
0.21187500000000908 
0.14687500000000903 
0.17062500000000905 
0.16687500000000904 
0.13812500000000902 
0.18937500000000906 
0.20812500000000908 
0.3431250000000099 
0.19937500000000907 
0.16562500000000904 
0.2381250000000096 
0.18687500000000906 
0.129375000000009 
0.29062500000001007 
0.15062500000000903 
0.2856250000000103 
0.16062500000000904 
0.20312500000000908 
0.128125000000009 
0.2168750000000091 
0.16937500000000905 
0.20437500000000908 
0.16937500000000905 
0.17187500000000905 
0.16687500000000904 
0.33187500000001013 
0.25312500000000987 
0.23062500000000938 
0.4193750000000121 
0.13562500000000902 
0.28062500000001017 
0.18187500000000906 
0.11812500000000899 
0.43937500000001206 
0.18687500000000906 
0.17937500000000905 
0.125625000000009 
0.23812500000000966 
0.18312500000000906 
0.14812500000000903 
0.17812500000000905 
0.36937500000001056 
0.20812500000000908 
0.13312500000000901 
0.21187500000000908 
0.3093750000000101 
0.17312500000000905 
0.19312500000000907 
0.131875000000009 
0.2768750000000101 
0.16312500000000904 
0.26187500000000985 
0.26562500000001005 
0.14187500000000902 
0.20562500000000908 
0.15062500000000903 
0.12187500000000899 
0.18062500000000906 
0.15312500000000903 
0.16812500000000904 
0.2656250000000097 
0.13312500000000901 
0.23312500000000938 
0.19562500000000907 
0.26187500000000996 
0.15562500000000903 
0.16812500000000904 
0.12187500000000899 
0.25187500000000995 
0.15187500000000903 
0.15812500000000904 
0.17687500000000905 
0.20437500000000908 
0.16687500000000904 
0.17062500000000905 
0.129375000000009 
0.20562500000000908 
0.13687500000000902 
0.14812500000000903 
0.15437500000000903 
0.18937500000000906 
0.17437500000000905 
0.14437500000000902 
0.25687500000001 
0.16437500000000904 
0.22187500000000915 
0.13437500000000902 
0.14812500000000903 
0.29187500000001027 
0.15187500000000903 
0.14062500000000902 
0.16437500000000904 
0.15937500000000904 
0.31187500000001006 
0.17812500000000905 
0.12437500000000899 
0.17937500000000905 
0.20062500000000907 
0.20437500000000908 
0.19562500000000907 
0.26187500000000985 
0.13437500000000902 
0.2206250000000091 
0.13437500000000902 
0.21437500000000909 
0.2168750000000091 
0.22187500000000915 
0.21187500000000908 
0.2693750000000099 
0.30062500000001025 
0.17062500000000905 
0.17187500000000905 
0.17437500000000905 
0.15187500000000903 
0.20312500000000908 
0.18437500000000906 
0.12187500000000899 
0.2718750000000099 
0.17312500000000905 
0.20312500000000908 
0.31812500000001026 
0.23812500000000955 
0.16187500000000904 
0.2793750000000099 
0.14687500000000903 
0.2193750000000091 
0.20187500000000907 
