0.14437500000000902 
0.15437500000000903 
0.20312500000000908 
0.14062500000000902 
0.11687500000000899 
0.14687500000000903 
0.22937500000000965 
0.14812500000000903 
0.22937500000000927 
0.23312500000000938 
0.21187500000000908 
0.2881250000000099 
0.3256250000000103 
0.33687500000001025 
0.2331250000000096 
0.2981250000000101 
0.18062500000000906 
0.3181250000000101 
0.2293750000000092 
0.18937500000000906 
0.22937500000000932 
0.17062500000000905 
0.15312500000000903 
0.17312500000000905 
0.2593750000000099 
0.24812500000000973 
0.23062500000000943 
0.18187500000000906 
0.16687500000000904 
0.14687500000000903 
0.14312500000000902 
0.18062500000000906 
0.17937500000000905 
0.18562500000000906 
0.128125000000009 
0.17937500000000905 
0.14312500000000902 
0.22312500000000926 
0.2193750000000091 
0.14062500000000902 
0.3193750000000101 
0.24937500000001 
0.16312500000000904 
0.128125000000009 
0.15187500000000903 
0.19687500000000907 
0.14937500000000903 
0.2181250000000091 
0.24812500000000984 
0.126875000000009 
0.128125000000009 
0.14437500000000902 
0.16437500000000904 
0.18187500000000906 
0.2218750000000092 
0.14312500000000902 
0.12312500000000899 
0.131875000000009 
0.15062500000000903 
0.2218750000000091 
0.14312500000000902 
0.12437500000000899 
0.21062500000000908 
0.14687500000000903 
0.129375000000009 
0.21187500000000914 
0.17687500000000905 
0.20937500000000908 
0.18062500000000906 
0.19812500000000907 
0.18437500000000906 
0.19062500000000906 
0.2481250000000099 
0.128125000000009 
0.19312500000000907 
0.14187500000000902 
0.16062500000000904 
0.2231250000000091 
0.15312500000000903 
0.20312500000000908 
0.10562500000000898 
0.19812500000000907 
0.13937500000000902 
0.2581250000000099 
0.21187500000000908 
0.11312500000000898 
0.23437500000000933 
0.16312500000000904 
0.2806250000000102 
0.14062500000000902 
0.20062500000000907 
0.16937500000000905 
0.23062500000000927 
0.14687500000000903 
0.14937500000000903 
0.27437500000001 
0.131875000000009 
0.15812500000000904 
0.15437500000000903 
0.20437500000000908 
0.19937500000000907 
0.18312500000000906 
0.13687500000000902 
0.16687500000000904 
0.13937500000000902 
0.18187500000000906 
0.2268750000000092 
0.14312500000000902 
0.24937500000000995 
0.17062500000000905 
0.17062500000000905 
0.27687500000001 
0.24562500000000972 
0.14937500000000903 
0.20937500000000908 
0.24937500000000995 
0.13687500000000902 
0.20312500000000908 
0.15562500000000903 
0.17187500000000905 
0.18812500000000906 
0.19437500000000907 
0.18062500000000906 
0.26937500000000986 
0.28187500000001037 
0.13562500000000902 
0.20562500000000908 
0.2556250000000099 
0.2656250000000098 
0.11687500000000899 
0.19562500000000907 
0.10812500000000898 
0.14437500000000902 
0.14187500000000902 
0.13937500000000902 
0.3106250000000103 
0.16312500000000904 
0.125625000000009 
0.16687500000000904 
0.2168750000000091 
0.128125000000009 
0.14937500000000903 
0.15187500000000903 
0.15312500000000903 
0.19937500000000907 
0.20062500000000907 
0.17937500000000905 
0.22562500000000915 
0.24812500000001028 
0.12312500000000899 
0.18812500000000906 
0.15812500000000904 
0.13812500000000902 
0.2193750000000091 
0.13562500000000902 
0.38562500000001076 
0.22687500000000932 
0.17937500000000905 
0.16312500000000904 
0.15187500000000903 
0.12312500000000899 
0.13437500000000902 
0.2168750000000091 
0.18937500000000906 
0.23437500000000944 
0.11312500000000898 
0.21312500000000908 
0.17937500000000905 
0.20437500000000908 
0.20812500000000908 
0.15687500000000903 
0.14937500000000903 
0.23562500000000944 
0.17687500000000905 
0.2906250000000101 
0.14562500000000903 
0.14937500000000903 
0.19312500000000907 
0.17687500000000905 
0.16062500000000904 
0.15687500000000903 
0.18312500000000906 
0.16812500000000904 
0.21437500000000909 
0.14937500000000903 
0.14437500000000902 
0.14687500000000903 
0.16562500000000904 
0.14312500000000902 
0.2643750000000099 
0.15062500000000903 
0.15687500000000903 
0.19812500000000907 
0.14437500000000902 
0.2481250000000095 
0.19187500000000907 
0.19437500000000907 
0.17187500000000905 
0.22937500000000927 
0.28687500000001004 
0.18687500000000906 
0.11687500000000899 
0.21937500000000915 
0.24562500000000984 
0.16187500000000904 
0.15687500000000903 
0.13937500000000902 
0.30562500000001014 
0.12437500000000899 
0.13437500000000902 
0.18687500000000906 
0.22562500000000915 
0.11812500000000899 
0.13437500000000902 
0.22312500000000926 
0.19062500000000906 
0.16937500000000905 
0.14812500000000903 
0.16562500000000904 
0.18437500000000906 
0.16937500000000905 
0.19312500000000907 
0.29062500000001 
0.22937500000000915 
0.2368750000000096 
0.19562500000000907 
0.19312500000000907 
0.2181250000000093 
0.16062500000000904 
0.16312500000000904 
0.3081250000000102 
0.24437500000000983 
0.131875000000009 
0.16312500000000904 
0.10187500000000897 
0.12437500000000899 
0.26062500000000993 
0.32687500000001024 
0.26312500000001 
0.17062500000000905 
0.16812500000000904 
0.14687500000000903 
0.18937500000000906 
0.18687500000000906 
0.5181250000000128 
0.17687500000000905 
0.29937500000001005 
0.21062500000000908 
0.15187500000000903 
0.16937500000000905 
0.11562500000000898 
0.17562500000000905 
0.30687500000001006 
0.10937500000000898 
0.15312500000000903 
0.14812500000000903 
0.17437500000000905 
0.23312500000000938 
0.23312500000000944 
0.09687500000000898 
0.20812500000000908 
0.27187500000001014 
0.18437500000000906 
0.2206250000000091 
0.11312500000000898 
0.12187500000000899 
0.2256250000000091 
0.19187500000000907 
0.2168750000000091 
0.15312500000000903 
0.2168750000000091 
0.17437500000000905 
0.14062500000000902 
0.27812500000001006 
0.15812500000000904 
0.30812500000001014 
0.2156250000000091 
0.18187500000000906 
0.20062500000000907 
0.19312500000000907 
0.15437500000000903 
0.17312500000000905 
0.31562500000001004 
0.26187500000001007 
0.20562500000000908 
0.19812500000000907 
0.22812500000000943 
0.26437500000001013 
0.21062500000000908 
0.14937500000000903 
0.14437500000000902 
0.16062500000000904 
0.17187500000000905 
0.2218750000000091 
0.24687500000000978 
0.18187500000000906 
0.2231250000000092 
0.25937500000001024 
0.3893750000000106 
0.130625000000009 
