0.17687500000000905 
0.25187500000000995 
0.17312500000000905 
0.21312500000000908 
0.27812500000001 
0.14687500000000903 
0.18562500000000906 
0.2243750000000092 
0.20187500000000907 
0.18437500000000906 
0.23062500000000932 
0.21312500000000908 
0.32937500000001013 
0.18562500000000906 
0.19562500000000907 
0.24687500000000984 
0.130625000000009 
0.16812500000000904 
0.16812500000000904 
0.17687500000000905 
0.23187500000000943 
0.3281250000000104 
0.40062500000001067 
0.17687500000000905 
0.15437500000000903 
0.11687500000000899 
0.2368750000000095 
0.29937500000001016 
0.2593750000000099 
0.13312500000000901 
0.20937500000000908 
0.16562500000000904 
0.2168750000000091 
0.2306250000000092 
0.2156250000000091 
0.14437500000000902 
0.21187500000000908 
0.2156250000000091 
0.125625000000009 
0.15187500000000903 
0.17062500000000905 
0.126875000000009 
0.15812500000000904 
0.12437500000000899 
0.22312500000000915 
0.22937500000000932 
0.12312500000000899 
0.16687500000000904 
0.24312500000000978 
0.4656250000000123 
0.28312500000001006 
0.14562500000000903 
0.125625000000009 
0.13687500000000902 
0.12312500000000899 
0.14437500000000902 
0.24062500000000955 
0.19062500000000906 
0.130625000000009 
0.19687500000000907 
0.16937500000000905 
0.15562500000000903 
0.2593750000000101 
0.28812500000001023 
0.20312500000000908 
0.17562500000000905 
0.19812500000000907 
0.2256250000000091 
0.18437500000000906 
0.16687500000000904 
0.15562500000000903 
0.15437500000000903 
0.19312500000000907 
0.20437500000000908 
0.15437500000000903 
0.16687500000000904 
0.10062500000000897 
0.131875000000009 
0.15812500000000904 
0.11312500000000898 
0.23437500000000966 
0.14562500000000903 
0.16937500000000905 
0.24437500000000972 
0.4031250000000113 
0.19812500000000907 
0.4006250000000103 
0.39062500000001094 
0.17062500000000905 
0.21187500000000908 
0.23937500000000944 
0.12187500000000899 
0.25062500000000976 
0.2481250000000099 
0.4018750000000115 
0.15187500000000903 
0.22687500000000932 
0.16437500000000904 
0.24687500000000967 
0.2156250000000091 
0.20812500000000908 
0.20687500000000908 
0.3331250000000102 
0.21312500000000908 
0.2206250000000092 
0.12437500000000899 
0.18812500000000906 
0.13812500000000902 
0.3856250000000104 
0.23687500000000977 
0.19437500000000907 
0.15187500000000903 
0.15937500000000904 
0.16812500000000904 
0.19812500000000907 
0.31937500000001 
0.19437500000000907 
0.4268750000000119 
0.14812500000000903 
0.11937500000000899 
0.16312500000000904 
0.15687500000000903 
0.23687500000000944 
0.18062500000000906 
0.19187500000000907 
0.21187500000000908 
0.16687500000000904 
0.07812500000000895 
0.16812500000000904 
0.22437500000000932 
0.14187500000000902 
0.27187500000001036 
0.14687500000000903 
0.17812500000000905 
0.16062500000000904 
0.18062500000000906 
0.2518750000000099 
0.23937500000000977 
0.16687500000000904 
0.22312500000000915 
0.12437500000000899 
0.18687500000000906 
0.18312500000000906 
0.128125000000009 
0.13812500000000902 
0.2243750000000091 
0.14937500000000903 
0.23062500000000943 
0.2168750000000091 
0.21062500000000908 
0.15687500000000903 
0.15812500000000904 
0.20687500000000908 
0.16187500000000904 
0.13437500000000902 
0.15437500000000903 
0.3593750000000103 
0.21312500000000908 
0.20812500000000908 
0.13812500000000902 
0.128125000000009 
0.16437500000000904 
0.24687500000001 
0.14187500000000902 
0.16937500000000905 
0.23312500000000932 
0.3018750000000102 
0.20312500000000908 
0.15187500000000903 
0.17437500000000905 
0.17187500000000905 
0.18562500000000906 
0.128125000000009 
0.31812500000001015 
0.24687500000000984 
0.20937500000000908 
0.19437500000000907 
0.3768750000000104 
0.20687500000000908 
0.19312500000000907 
0.18562500000000906 
0.10187500000000897 
0.19562500000000907 
0.24812500000000962 
0.21187500000000908 
0.26812500000001005 
0.18062500000000906 
0.22812500000000943 
0.3331250000000102 
0.131875000000009 
0.14687500000000903 
0.128125000000009 
0.16187500000000904 
0.15312500000000903 
0.24937500000000978 
0.16812500000000904 
0.13812500000000902 
0.2693750000000098 
0.15562500000000903 
0.2156250000000091 
0.15812500000000904 
0.15312500000000903 
0.13687500000000902 
0.20562500000000908 
0.16812500000000904 
0.12187500000000899 
0.17312500000000905 
0.131875000000009 
0.14312500000000902 
0.21187500000000908 
0.16812500000000904 
0.3031250000000102 
0.22312500000000926 
0.2618750000000099 
0.38062500000001054 
0.12062500000000899 
0.19812500000000907 
0.2718750000000098 
0.23562500000000938 
0.20562500000000908 
0.14687500000000903 
0.34562500000001 
0.14937500000000903 
0.28312500000001 
0.13812500000000902 
0.3006250000000104 
0.20312500000000908 
0.15562500000000903 
0.23312500000000977 
0.27437500000000997 
0.18562500000000906 
0.16062500000000904 
0.17187500000000905 
0.29062500000001035 
0.10937500000000898 
0.17687500000000905 
0.27562500000001006 
0.17562500000000905 
0.15687500000000903 
0.17187500000000905 
0.18187500000000906 
0.18937500000000906 
0.10937500000000898 
0.125625000000009 
0.2843750000000102 
0.21312500000000908 
0.26062500000001 
0.24562500000000995 
0.2768750000000099 
0.20437500000000908 
0.27812500000000995 
0.15062500000000903 
0.11812500000000899 
0.18687500000000906 
0.21437500000000909 
0.19437500000000907 
0.25062500000000976 
0.23687500000000966 
0.16187500000000904 
0.18937500000000906 
0.13437500000000902 
0.24062500000000955 
0.3643750000000103 
0.2168750000000091 
0.20312500000000908 
0.17562500000000905 
0.14687500000000903 
0.19437500000000907 
0.21312500000000908 
0.2156250000000091 
0.17687500000000905 
0.25437500000000995 
0.19937500000000907 
0.2531250000000099 
0.2181250000000091 
0.3118750000000101 
0.128125000000009 
0.21062500000000908 
0.15812500000000904 
0.20187500000000907 
0.26062500000001004 
0.15437500000000903 
0.20562500000000908 
0.20437500000000908 
0.11312500000000898 
0.31062500000001014 
0.14062500000000902 
0.17687500000000905 
0.23687500000000966 
0.12437500000000899 
0.18812500000000906 
0.17312500000000905 
0.2168750000000091 
0.26937500000000997 
0.24187500000000955 
0.19062500000000906 
0.15687500000000903 
0.21437500000000909 
0.18812500000000906 
0.19187500000000907 
