0.3043750000000101 
0.18687500000000906 
0.24562500000000972 
0.16437500000000904 
0.18437500000000906 
0.2268750000000092 
0.14437500000000902 
0.16687500000000904 
0.14687500000000903 
0.2406250000000099 
0.16062500000000904 
0.30687500000001033 
0.11937500000000899 
0.19687500000000907 
0.26937500000000997 
0.21312500000000908 
0.20812500000000908 
0.30812500000001025 
0.20687500000000908 
0.16687500000000904 
0.21187500000000908 
0.19312500000000907 
0.16437500000000904 
0.2268750000000092 
0.16812500000000904 
0.17312500000000905 
0.2793750000000099 
0.3543750000000104 
0.13437500000000902 
0.17062500000000905 
0.28687500000001004 
0.27062500000001 
0.29937500000001016 
0.19562500000000907 
0.11687500000000899 
0.16812500000000904 
0.3631250000000103 
0.14812500000000903 
0.23187500000000938 
0.12437500000000899 
0.7268750000000117 
0.17937500000000905 
0.15687500000000903 
0.20312500000000908 
0.2256250000000092 
0.21312500000000908 
0.23062500000000932 
0.2956250000000101 
0.15937500000000904 
0.20687500000000908 
0.18562500000000906 
0.28812500000001 
0.11812500000000899 
0.27687500000001 
0.16937500000000905 
0.17187500000000905 
0.19937500000000907 
0.24062500000000955 
0.30562500000001014 
0.17687500000000905 
0.14062500000000902 
0.2231250000000091 
0.17437500000000905 
0.20437500000000908 
0.17437500000000905 
0.11937500000000899 
0.32812500000001055 
0.15562500000000903 
0.17937500000000905 
0.15687500000000903 
0.19062500000000906 
0.2356250000000096 
0.11312500000000898 
0.131875000000009 
0.20562500000000908 
0.2756250000000101 
0.3781250000000104 
0.22812500000000932 
0.19937500000000907 
0.22437500000000932 
0.17062500000000905 
0.14062500000000902 
0.17812500000000905 
0.2193750000000092 
0.131875000000009 
0.2181250000000091 
0.12437500000000899 
0.13687500000000902 
0.2593750000000099 
0.15062500000000903 
0.15312500000000903 
0.2431250000000096 
0.3518750000000103 
0.17562500000000905 
0.14812500000000903 
0.14937500000000903 
0.09687500000000897 
0.18687500000000906 
0.15562500000000903 
0.11937500000000899 
0.24312500000000978 
0.11937500000000899 
0.15937500000000904 
0.2431250000000096 
0.20312500000000908 
0.14437500000000902 
0.24687500000000984 
0.28687500000001004 
0.13812500000000902 
0.3706250000000105 
0.16187500000000904 
0.2193750000000091 
0.19687500000000907 
0.20187500000000907 
0.12062500000000899 
0.14562500000000903 
0.18187500000000906 
0.19437500000000907 
0.14312500000000902 
0.131875000000009 
0.18312500000000906 
0.17062500000000905 
0.15812500000000904 
0.20812500000000908 
0.2581250000000104 
0.22562500000000943 
0.30062500000001013 
0.11687500000000899 
0.17062500000000905 
0.16812500000000904 
0.3556250000000104 
0.15562500000000903 
0.30437500000001005 
0.25937500000000985 
0.19187500000000907 
0.15812500000000904 
0.20562500000000908 
0.25812500000000993 
0.26687500000001013 
0.129375000000009 
0.19562500000000907 
0.15062500000000903 
0.16812500000000904 
0.26812500000001005 
0.22312500000000948 
0.12312500000000899 
0.17812500000000905 
0.3556250000000104 
0.26687500000001024 
0.22312500000000926 
0.13312500000000901 
0.14562500000000903 
0.16687500000000904 
0.20687500000000908 
0.19687500000000907 
0.20187500000000907 
0.17812500000000905 
0.22312500000000932 
0.14437500000000902 
0.16562500000000904 
0.17687500000000905 
0.20812500000000908 
0.19187500000000907 
0.18312500000000906 
0.24187500000000972 
0.3068750000000101 
0.16812500000000904 
0.22312500000000915 
0.16062500000000904 
0.126875000000009 
0.2156250000000091 
0.19812500000000907 
0.20562500000000908 
0.18312500000000906 
0.19562500000000907 
0.2306250000000095 
0.2243750000000091 
0.17312500000000905 
0.16062500000000904 
0.2493750000000099 
0.15562500000000903 
0.21187500000000908 
0.19687500000000907 
0.18562500000000906 
0.125625000000009 
0.15687500000000903 
0.20312500000000908 
0.13562500000000902 
0.09937500000000897 
0.13687500000000902 
0.2306250000000095 
0.15187500000000903 
0.19312500000000907 
0.17687500000000905 
0.14687500000000903 
0.24562500000000984 
0.11187500000000898 
0.19062500000000906 
0.14687500000000903 
0.17812500000000905 
0.15812500000000904 
0.2856250000000102 
0.19187500000000907 
0.36687500000001033 
0.15437500000000903 
0.2706250000000098 
0.3731250000000105 
0.29687500000001005 
0.15812500000000904 
0.131875000000009 
0.16687500000000904 
0.18562500000000906 
0.24812500000000978 
0.13937500000000902 
0.18187500000000906 
0.13937500000000902 
0.13562500000000902 
0.24312500000000978 
0.2693750000000102 
0.32187500000000996 
0.21437500000000909 
0.21187500000000908 
0.14187500000000902 
0.20937500000000908 
0.13812500000000902 
0.16312500000000904 
0.16562500000000904 
0.16437500000000904 
0.18062500000000906 
0.2356250000000095 
0.14562500000000903 
0.22937500000000943 
0.15187500000000903 
0.20812500000000908 
0.19187500000000907 
0.2218750000000091 
0.125625000000009 
0.19437500000000907 
0.23812500000000966 
0.24437500000000972 
0.11312500000000898 
0.18812500000000906 
0.30812500000001 
0.22687500000000915 
0.130625000000009 
0.15812500000000904 
0.22187500000000943 
0.16937500000000905 
0.19312500000000907 
0.2256250000000092 
0.2506250000000099 
0.23437500000000966 
0.24437500000000972 
0.3093750000000103 
0.17687500000000905 
0.18437500000000906 
0.31937500000001007 
0.19937500000000907 
0.14437500000000902 
0.19937500000000907 
0.26437500000000985 
0.21062500000000908 
0.14562500000000903 
0.22312500000000915 
0.15312500000000903 
0.16937500000000905 
0.15312500000000903 
0.19312500000000907 
0.3743750000000105 
0.3331250000000102 
0.11562500000000898 
0.22937500000000932 
0.10187500000000897 
0.16437500000000904 
0.34562500000001023 
0.14937500000000903 
0.20062500000000907 
0.19812500000000907 
0.18187500000000906 
0.3993750000000113 
0.08812500000000897 
0.14687500000000903 
0.12312500000000899 
0.20562500000000908 
0.16062500000000904 
0.130625000000009 
0.18187500000000906 
0.20437500000000908 
0.11187500000000898 
0.18187500000000906 
0.24312500000000983 
0.09562500000000897 
0.2843750000000103 
0.125625000000009 
0.14812500000000903 
0.21312500000000908 
0.18187500000000906 
0.16187500000000904 
0.19687500000000907 
0.16312500000000904 
