0.31687500000001 
0.25687500000000923 
0.2818750000000094 
0.24812500000000967 
0.4706250000000123 
0.2581250000000094 
0.2593750000000091 
0.2468750000000095 
0.2856250000000096 
0.28187500000000965 
0.42937500000000955 
0.2706250000000095 
0.414375000000011 
0.3281250000000098 
0.3493750000000092 
0.25437500000000923 
0.2668750000000092 
0.27312500000000917 
0.3206250000000098 
0.2681250000000096 
0.25593750000000914 
0.2668750000000093 
0.2643750000000094 
0.3181250000000103 
0.3556250000000094 
0.2631250000000092 
0.4031250000000103 
0.32062500000000976 
0.26812500000000916 
0.2943750000000097 
0.3943750000000107 
0.26687500000000924 
0.2521875000000091 
0.5009375000000094 
0.5256250000000124 
0.31437500000000984 
0.21437500000000909 
0.25937500000000946 
0.21312500000000908 
0.27437500000000964 
0.3381250000000093 
0.49812500000001236 
0.4268750000000117 
0.2518750000000092 
0.32687500000000985 
0.2818750000000092 
0.3693750000000101 
0.3346875000000092 
0.27562500000000917 
0.3368750000000095 
0.2881250000000096 
0.2743750000000093 
0.31312500000000987 
0.28437500000000915 
0.25062500000000926 
0.2706250000000092 
0.2956250000000094 
0.27437500000000953 
0.25687500000000946 
0.28937500000000915 
0.28312500000000934 
0.2856250000000098 
0.37812500000000926 
0.4131250000000105 
0.26562500000000927 
0.25437500000000934 
0.2218750000000091 
0.45312500000001177 
0.3356250000000092 
0.27312500000000917 
0.25312500000000915 
0.3056250000000094 
0.3459375000000092 
0.28937500000000954 
0.42187500000001027 
0.39687500000000936 
0.2181250000000091 
0.3306250000000096 
0.44687500000001135 
0.3360937500000092 
0.4381250000000119 
0.3359375000000092 
0.3918750000000104 
0.2643750000000092 
0.19437500000000907 
0.27687500000000964 
0.2731250000000095 
0.25093750000000914 
0.34562500000001006 
0.20468750000000907 
0.4231250000000106 
0.26187500000000913 
0.30062500000000986 
0.3381250000000092 
0.3081250000000097 
0.2656250000000095 
0.2543750000000091 
0.31562500000000954 
0.29437500000000955 
0.2568750000000094 
0.3231250000000099 
0.24187500000000917 
0.2781250000000097 
0.39437500000001013 
0.3068750000000095 
0.2768750000000093 
0.42937500000000933 
0.3356250000000092 
0.23687500000000922 
0.34437500000000926 
0.25562500000000943 
0.2618750000000094 
0.25562500000000915 
0.37687500000000945 
0.3018750000000097 
0.2606250000000095 
0.2518750000000091 
0.2731250000000095 
0.31812500000001 
0.2593750000000091 
0.3381250000000092 
0.34812500000000995 
0.3768750000000102 
0.44937500000001185 
0.27687500000000925 
0.2656250000000093 
0.3618750000000098 
0.31062500000000925 
0.25343750000000914 
0.2206250000000091 
0.34562500000000923 
0.4656250000000115 
0.4556250000000118 
0.25234375000000914 
0.3343750000000092 
0.3106250000000099 
0.4231250000000111 
0.2681250000000094 
0.2506250000000094 
0.2643750000000093 
0.27437500000000964 
0.2181250000000091 
0.31312500000000937 
0.2693750000000097 
0.34062500000000934 
0.2518750000000091 
0.36062500000001013 
0.49937500000001234 
0.3343750000000092 
0.2681250000000092 
0.3443750000000092 
0.3343750000000092 
0.29437500000000955 
0.33468750000000924 
0.2706250000000092 
0.3156250000000094 
0.2731250000000093 
0.27187500000000925 
0.3384375000000092 
0.39937500000001036 
0.2731250000000097 
0.2881250000000094 
0.3406250000000095 
0.3631250000000098 
0.3393750000000092 
0.26562500000000916 
0.20812500000000908 
0.27687500000000925 
0.29937500000000944 
0.30812500000000975 
0.2218750000000091 
0.34687500000000926 
0.25687500000000935 
0.20687500000000908 
0.4481250000000121 
0.2268750000000091 
0.30062500000000975 
0.2543750000000091 
0.3156250000000095 
0.2581250000000092 
0.26187500000000946 
0.2521875000000093 
0.3368750000000092 
0.27687500000000975 
0.2756250000000093 
0.20812500000000908 
0.2406250000000091 
0.30312500000000975 
0.32812500000000944 
0.34937500000000926 
0.2931250000000094 
0.27937500000000937 
0.26062500000000927 
0.3668750000000102 
0.35062500000000996 
0.26062500000000943 
0.26812500000000955 
0.3618750000000101 
0.26062500000000927 
0.2518750000000094 
0.25312500000000915 
0.4406250000000116 
0.26062500000000954 
0.2968750000000099 
0.2806250000000095 
0.26937500000000947 
0.25812500000000915 
0.37062500000000925 
0.2521875000000091 
0.25843750000000915 
0.2568750000000092 
0.3493750000000092 
0.26562500000000927 
0.2906250000000095 
0.2781250000000092 
0.2618750000000092 
0.28937500000000954 
0.3443750000000093 
0.31937500000001007 
0.36187500000001027 
0.25812500000000915 
0.35468750000000926 
0.2518750000000091 
0.2518750000000094 
0.3356250000000092 
0.4506250000000116 
0.30812500000000936 
0.3481250000000099 
0.2568750000000098 
0.2781250000000097 
0.2706250000000096 
0.26437500000000985 
0.18437500000000906 
0.2531250000000093 
0.2456250000000096 
0.27187500000000925 
0.28437500000000976 
0.25843750000000915 
0.2418750000000091 
0.2318750000000091 
0.3381250000000092 
0.2268750000000091 
0.3506250000000102 
0.448125000000012 
0.35937500000001027 
0.4131250000000112 
0.28187500000000926 
0.25218750000000917 
0.3031250000000093 
0.2556250000000092 
0.28562500000000984 
0.30687500000000933 
0.25984375000000914 
0.2568750000000093 
0.25812500000000926 
0.2518750000000091 
0.29437500000000977 
0.2656250000000092 
0.3331250000000099 
0.24937500000000934 
0.20437500000000908 
0.2606250000000092 
0.2781250000000095 
0.3793750000000102 
0.25812500000000915 
0.42062500000001113 
0.2518750000000091 
0.25468750000000934 
0.3418750000000092 
0.2943750000000099 
0.2243750000000091 
0.3018750000000094 
0.25468750000000917 
0.3018750000000099 
0.2618750000000092 
0.3381250000000099 
0.2618750000000092 
0.3318750000000099 
0.46062500000000955 
0.2956250000000092 
0.2743750000000095 
0.26062500000000965 
0.2818750000000093 
0.3356250000000092 
0.2956250000000095 
0.25562500000000915 
0.33062500000001 
0.2581250000000096 
0.3006250000000097 
0.2568750000000092 
0.28937500000000965 
0.2581250000000094 
0.3581250000000101 
0.35937500000000966 
0.25187500000000945 
0.2881250000000094 
0.2756250000000092 
0.3493750000000102 
0.3421875000000101 
0.2756250000000093 
