0.17812500000000905 
0.17687500000000905 
0.17812500000000905 
0.15062500000000903 
0.19062500000000906 
0.18562500000000906 
0.15687500000000903 
0.3193750000000101 
0.2981250000000102 
0.11437500000000898 
0.14187500000000902 
0.16062500000000904 
0.126875000000009 
0.19812500000000907 
0.17437500000000905 
0.13437500000000902 
0.32437500000001035 
0.3343750000000103 
0.19812500000000907 
0.18437500000000906 
0.13437500000000902 
0.20062500000000907 
0.15437500000000903 
0.16687500000000904 
0.19562500000000907 
0.15937500000000904 
0.15437500000000903 
0.13437500000000902 
0.2793750000000103 
0.2193750000000091 
0.17687500000000905 
0.18312500000000906 
0.14312500000000902 
0.22812500000000938 
0.12312500000000899 
0.23187500000000932 
0.17937500000000905 
0.15937500000000904 
0.15687500000000903 
0.15437500000000903 
0.25687500000001 
0.2181250000000091 
0.18687500000000906 
0.3681250000000104 
0.3056250000000102 
0.17812500000000905 
0.14562500000000903 
0.17687500000000905 
0.14937500000000903 
0.14812500000000903 
0.17437500000000905 
0.130625000000009 
0.27312500000000994 
0.33062500000001044 
0.24937500000000984 
0.23062500000000927 
0.2943750000000102 
0.18687500000000906 
0.14437500000000902 
0.14812500000000903 
0.128125000000009 
0.20937500000000908 
0.16187500000000904 
0.18437500000000906 
0.128125000000009 
0.15187500000000903 
0.16562500000000904 
0.20812500000000908 
0.11937500000000899 
0.20187500000000907 
0.15062500000000903 
0.15187500000000903 
0.09937500000000897 
0.13937500000000902 
0.14562500000000903 
0.25562500000001015 
0.14187500000000902 
0.22687500000000937 
0.17437500000000905 
0.14562500000000903 
0.17187500000000905 
0.2256250000000092 
0.2181250000000091 
0.129375000000009 
0.129375000000009 
0.13562500000000902 
0.21437500000000925 
0.2418750000000096 
0.20062500000000907 
0.16187500000000904 
0.17062500000000905 
0.2168750000000091 
0.24312500000000967 
0.24812500000000978 
0.128125000000009 
0.13687500000000902 
0.19687500000000907 
0.22687500000000937 
0.12312500000000899 
0.27562500000001 
0.13937500000000902 
0.2281250000000095 
0.20812500000000908 
0.3518750000000105 
0.24187500000001017 
0.2168750000000091 
0.11687500000000899 
0.13437500000000902 
0.2293750000000092 
0.17812500000000905 
0.16937500000000905 
0.15687500000000903 
0.19437500000000907 
0.2493750000000099 
0.24937500000000984 
0.128125000000009 
0.25062500000001 
0.3168750000000101 
0.2893750000000102 
0.11937500000000899 
0.24937500000000984 
0.19437500000000907 
0.22312500000000915 
0.11562500000000898 
0.11562500000000898 
0.128125000000009 
0.11562500000000898 
0.16062500000000904 
0.2243750000000091 
0.20312500000000908 
0.25687500000001007 
0.2656250000000099 
0.26312500000000993 
0.16437500000000904 
0.2506250000000098 
0.13437500000000902 
0.18437500000000906 
0.2643750000000101 
0.3256250000000101 
0.19687500000000907 
0.35312500000001035 
0.26937500000001 
0.18562500000000906 
0.2206250000000091 
0.17562500000000905 
0.21187500000000908 
0.2193750000000091 
0.19562500000000907 
0.20687500000000908 
0.20937500000000908 
0.13312500000000901 
0.16312500000000904 
0.21062500000000908 
0.23312500000000966 
0.2443750000000099 
0.11312500000000898 
0.19437500000000907 
0.26937500000000986 
0.18062500000000906 
0.19187500000000907 
0.25312500000001 
0.23562500000000966 
0.17687500000000905 
0.2331250000000095 
0.17812500000000905 
0.13687500000000902 
0.11812500000000899 
0.13312500000000901 
0.21437500000000909 
0.2231250000000091 
0.36187500000001066 
0.13312500000000901 
0.18062500000000906 
0.19687500000000907 
0.15437500000000903 
0.23937500000000989 
0.20562500000000908 
0.11687500000000899 
0.19312500000000907 
0.16312500000000904 
0.20812500000000908 
0.40312500000001145 
0.13937500000000902 
0.19562500000000907 
0.3493750000000105 
0.2168750000000091 
0.2593750000000101 
0.28562500000000995 
0.2406250000000096 
0.129375000000009 
0.19437500000000907 
0.3293750000000103 
0.17687500000000905 
0.10312500000000897 
0.16687500000000904 
0.131875000000009 
0.2168750000000091 
0.21437500000000909 
0.21062500000000908 
0.30312500000001036 
0.29562500000001013 
0.20187500000000907 
0.12312500000000899 
0.20937500000000908 
0.16062500000000904 
0.14312500000000902 
0.17312500000000905 
0.22937500000000927 
0.11812500000000899 
0.131875000000009 
0.15687500000000903 
0.2793750000000099 
0.18937500000000906 
0.17312500000000905 
0.14812500000000903 
0.14062500000000902 
0.16812500000000904 
0.17812500000000905 
0.18562500000000906 
0.2193750000000091 
0.2643750000000099 
0.13562500000000902 
0.13937500000000902 
0.16812500000000904 
0.14687500000000903 
0.21437500000000909 
0.16312500000000904 
0.2218750000000092 
0.21062500000000908 
0.20312500000000908 
0.20312500000000908 
0.14687500000000903 
0.10437500000000897 
0.21062500000000908 
0.26187500000000985 
0.17187500000000905 
0.26562500000001005 
0.17187500000000905 
0.17562500000000905 
0.14562500000000903 
0.17562500000000905 
0.15062500000000903 
0.17312500000000905 
0.17937500000000905 
0.125625000000009 
0.2706250000000099 
0.13312500000000901 
0.26062500000001004 
0.19562500000000907 
0.130625000000009 
0.2631250000000098 
0.14937500000000903 
0.19687500000000907 
0.16562500000000904 
0.21312500000000908 
0.23312500000000955 
0.2231250000000091 
0.20187500000000907 
0.14812500000000903 
0.19062500000000906 
0.12187500000000899 
0.21437500000000909 
0.24437500000000978 
0.17312500000000905 
0.09937500000000897 
0.19687500000000907 
0.30187500000001016 
0.2743750000000101 
0.21312500000000908 
0.20062500000000907 
0.19437500000000907 
0.14062500000000902 
0.16062500000000904 
0.16062500000000904 
0.21062500000000908 
0.28062500000001006 
0.17187500000000905 
0.16562500000000904 
0.15062500000000903 
0.26437500000000996 
0.17562500000000905 
0.2768750000000102 
0.23937500000000944 
0.2156250000000091 
0.18062500000000906 
0.13687500000000902 
0.22062500000000915 
0.10312500000000897 
0.13937500000000902 
0.19687500000000907 
0.21062500000000908 
0.14562500000000903 
0.18437500000000906 
0.10437500000000897 
0.23062500000000938 
0.23437500000000955 
0.16437500000000904 
0.19187500000000907 
0.3856250000000116 
0.128125000000009 
