0.17937500000000905 
0.12187500000000899 
0.14687500000000903 
0.19937500000000907 
0.13312500000000901 
0.2931250000000101 
0.23562500000000944 
0.19812500000000907 
0.15062500000000903 
0.20812500000000908 
0.13437500000000902 
0.14312500000000902 
0.2368750000000096 
0.14187500000000902 
0.17062500000000905 
0.2231250000000091 
0.2156250000000091 
0.15437500000000903 
0.15437500000000903 
0.14812500000000903 
0.15062500000000903 
0.11937500000000899 
0.17937500000000905 
0.17937500000000905 
0.10812500000000898 
0.14062500000000902 
0.15687500000000903 
0.20187500000000907 
0.12437500000000899 
0.10687500000000898 
0.24062500000000972 
0.16312500000000904 
0.23062500000000932 
0.2231250000000091 
0.15437500000000903 
0.15312500000000903 
0.19687500000000907 
0.18187500000000906 
0.28187500000001003 
0.24312500000000967 
0.17437500000000905 
0.11812500000000899 
0.126875000000009 
0.18687500000000906 
0.18312500000000906 
0.23812500000000966 
0.18562500000000906 
0.2618750000000099 
0.18937500000000906 
0.11812500000000899 
0.2481250000000099 
0.32562500000001016 
0.14562500000000903 
0.15687500000000903 
0.18062500000000906 
0.11937500000000899 
0.23437500000000977 
0.13562500000000902 
0.32437500000001 
0.126875000000009 
0.09437500000000897 
0.10937500000000898 
0.16562500000000904 
0.26187500000000996 
0.2856250000000102 
0.15812500000000904 
0.21937500000000915 
0.14437500000000902 
0.16687500000000904 
0.18437500000000906 
0.14937500000000903 
0.15312500000000903 
0.15562500000000903 
0.129375000000009 
0.23062500000000943 
0.14187500000000902 
0.24812500000000978 
0.22187500000000915 
0.25937500000000996 
0.3943750000000106 
0.17937500000000905 
0.14687500000000903 
0.16062500000000904 
0.16062500000000904 
0.19812500000000907 
0.2831250000000099 
0.129375000000009 
0.11187500000000898 
0.14312500000000902 
0.09187500000000896 
0.16187500000000904 
0.15687500000000903 
0.13937500000000902 
0.18312500000000906 
0.17187500000000905 
0.18187500000000906 
0.26687500000001 
0.14562500000000903 
0.20562500000000908 
0.3343750000000106 
0.23687500000000966 
0.22312500000000937 
0.15562500000000903 
0.20562500000000908 
0.2168750000000091 
0.17687500000000905 
0.2356250000000096 
0.17812500000000905 
0.10687500000000898 
0.19562500000000907 
0.23187500000000938 
0.08812500000000896 
0.19562500000000907 
0.2418750000000096 
0.2706250000000099 
0.25187500000000995 
0.12062500000000899 
0.19187500000000907 
0.3118750000000101 
0.26062500000001004 
0.24312500000000983 
0.23812500000000966 
0.23062500000000932 
0.11312500000000898 
0.20562500000000908 
0.128125000000009 
0.27312500000001017 
0.16062500000000904 
0.12312500000000899 
0.18187500000000906 
0.14312500000000902 
0.14312500000000902 
0.2518750000000101 
0.28187500000001 
0.3781250000000107 
0.14062500000000902 
0.2731250000000103 
0.15062500000000903 
0.11937500000000899 
0.22562500000000926 
0.08687500000000896 
0.25812500000000993 
0.12187500000000899 
0.2818750000000101 
0.17062500000000905 
0.23687500000000966 
0.24937500000000978 
0.11562500000000898 
0.14937500000000903 
0.10187500000000897 
0.24562500000000984 
0.15687500000000903 
0.18062500000000906 
0.15437500000000903 
0.25312500000001015 
0.13562500000000902 
0.28312500000000984 
0.13312500000000901 
0.21187500000000908 
0.2768750000000102 
0.20187500000000907 
0.15937500000000904 
0.2218750000000092 
0.16187500000000904 
0.20687500000000908 
0.16312500000000904 
0.24187500000000983 
0.15687500000000903 
0.17812500000000905 
0.130625000000009 
0.23687500000000988 
0.125625000000009 
0.2156250000000091 
0.16937500000000905 
0.16312500000000904 
0.21312500000000908 
0.17937500000000905 
0.2156250000000091 
0.12437500000000899 
0.126875000000009 
0.22687500000000932 
0.2631250000000102 
0.3481250000000104 
0.14687500000000903 
0.14937500000000903 
0.11437500000000898 
0.19187500000000907 
0.11437500000000898 
0.13312500000000901 
0.17062500000000905 
0.11437500000000898 
0.2281250000000092 
0.17062500000000905 
0.2168750000000091 
0.2281250000000092 
0.21062500000000908 
0.16187500000000904 
0.2168750000000091 
0.24312500000000972 
0.11187500000000898 
0.125625000000009 
0.10937500000000898 
0.36437500000001055 
0.15937500000000904 
0.18062500000000906 
0.16687500000000904 
0.30062500000001036 
0.19312500000000907 
0.2731250000000099 
0.14062500000000902 
0.12187500000000899 
0.22437500000000932 
0.13687500000000902 
0.25312500000001 
0.14937500000000903 
0.14312500000000902 
0.16062500000000904 
0.27312500000001 
0.14312500000000902 
0.15312500000000903 
0.14562500000000903 
0.19562500000000907 
0.13937500000000902 
0.10312500000000897 
0.2343750000000095 
0.14562500000000903 
0.13687500000000902 
0.12062500000000899 
0.2568750000000098 
0.129375000000009 
0.18312500000000906 
0.16062500000000904 
0.19312500000000907 
0.31562500000001004 
0.12437500000000899 
0.27187500000001014 
0.13437500000000902 
0.16437500000000904 
0.20062500000000907 
0.18562500000000906 
0.17687500000000905 
0.15687500000000903 
0.15562500000000903 
0.23312500000000988 
0.12062500000000899 
0.15062500000000903 
0.11312500000000898 
0.12187500000000899 
0.14062500000000902 
0.18812500000000906 
0.14562500000000903 
0.2168750000000091 
0.23062500000000938 
0.16187500000000904 
0.21062500000000908 
0.18687500000000906 
0.13937500000000902 
0.21437500000000909 
0.16687500000000904 
0.11812500000000899 
0.14062500000000902 
0.20437500000000908 
0.14562500000000903 
0.14062500000000902 
0.2156250000000091 
0.31812500000001026 
0.3743750000000107 
0.16562500000000904 
0.15062500000000903 
0.2543750000000099 
0.17812500000000905 
0.20062500000000907 
0.09562500000000897 
0.15437500000000903 
0.129375000000009 
0.2181250000000091 
0.11812500000000899 
0.14687500000000903 
0.13562500000000902 
0.18062500000000906 
0.14937500000000903 
0.17437500000000905 
0.25062500000001037 
0.10812500000000898 
0.16937500000000905 
0.17687500000000905 
0.21562500000000925 
0.24937500000001 
0.18062500000000906 
0.129375000000009 
0.13937500000000902 
0.13312500000000901 
0.11437500000000898 
0.22687500000000926 
0.11937500000000899 
0.17562500000000905 
0.16687500000000904 
0.20437500000000908 
0.20437500000000908 
0.16562500000000904 
