0.24812500000000967 
0.42062500000001096 
0.25343750000000914 
0.3356250000000093 
0.30437500000000933 
0.2543750000000092 
0.25343750000000914 
0.25343750000000914 
0.3631250000000101 
0.2668750000000092 
0.27312500000000967 
0.33484375000000915 
0.3356250000000092 
0.25562500000000915 
0.2518750000000091 
0.26343750000000915 
0.3018750000000093 
0.2543750000000093 
0.24687500000000956 
0.34312500000000923 
0.2535937500000091 
0.26562500000000966 
0.30312500000000947 
0.34187500000000925 
0.27812500000000917 
0.2806250000000096 
0.3346875000000092 
0.25562500000000915 
0.2518750000000091 
0.37937500000001045 
0.3206250000000099 
0.2556250000000093 
0.3668750000000103 
0.30937500000000995 
0.30062500000000975 
0.26687500000000935 
0.33437500000000997 
0.2556250000000094 
0.3393750000000092 
0.2806250000000095 
0.27062500000000916 
0.26937500000000925 
0.36687500000001017 
0.2793750000000092 
0.26062500000000927 
0.3346875000000092 
0.3343750000000092 
0.2631250000000096 
0.27187500000000975 
0.3385937500000092 
0.2543750000000091 
0.26437500000000946 
0.3343750000000092 
0.21187500000000908 
0.37187500000000956 
0.26187500000000913 
0.2593750000000092 
0.3618750000000098 
0.26312500000000916 
0.2518750000000091 
0.2593750000000093 
0.35062500000000996 
0.36062500000001024 
0.3384375000000093 
0.27062500000000983 
0.25937500000000946 
0.21312500000000908 
0.27812500000000945 
0.20437500000000908 
0.27812500000000945 
0.2643750000000092 
0.39687500000001014 
0.3343750000000092 
0.3346875000000092 
0.2518750000000091 
0.2806250000000097 
0.25093750000000914 
0.18937500000000906 
0.29312500000000924 
0.3381250000000092 
0.2243750000000091 
0.25812500000000915 
0.34312500000000923 
0.25562500000000915 
0.2868750000000092 
0.2621875000000092 
0.28937500000000976 
0.25562500000000915 
0.3981250000000102 
0.25484375000000914 
0.3843750000000093 
0.31437500000000956 
0.2718750000000094 
0.2718750000000095 
0.3718750000000101 
0.25343750000000914 
0.2518750000000091 
0.3556250000000102 
0.2668750000000095 
0.24687500000000934 
0.2543750000000091 
0.2618750000000092 
0.2943750000000096 
0.3018750000000095 
0.3431250000000097 
0.2918750000000094 
0.2731250000000097 
0.3356250000000092 
0.2606250000000092 
0.5006250000000123 
0.31687500000000984 
0.26937500000000925 
0.3393750000000093 
0.29812500000000985 
0.27687500000000953 
0.40562500000000945 
0.3356250000000092 
0.4118750000000102 
0.27062500000000916 
0.3343750000000092 
0.31812500000000987 
0.28687500000000954 
0.30812500000000975 
0.3368750000000092 
0.2631250000000093 
0.418125000000011 
0.3018750000000098 
0.2418750000000091 
0.37562500000001003 
0.42562500000001136 
0.2231250000000091 
0.35812500000000946 
0.30312500000000975 
0.2531250000000093 
0.3368750000000092 
0.2656250000000095 
0.2768750000000092 
0.30687500000000983 
0.2781250000000094 
0.2596875000000092 
0.2343750000000091 
0.25312500000000915 
0.2568750000000091 
0.2643750000000092 
0.26562500000000927 
0.2681250000000097 
0.2593750000000091 
0.33687500000000936 
0.3056250000000113 
0.40437500000000975 
0.453125000000012 
0.25312500000000915 
0.44187500000001156 
0.4143750000000107 
0.50687500000001 
0.2643750000000092 
0.25312500000000937 
0.25093750000000914 
0.38312500000001 
0.3343750000000092 
0.2731250000000093 
0.3718750000000102 
0.3393750000000092 
0.27812500000000956 
0.2568750000000092 
0.27312500000000917 
0.3006250000000097 
0.3556250000000101 
0.32062500000001 
0.4281250000000112 
0.34687500000001 
0.27437500000000964 
0.2668750000000092 
0.30812500000000953 
0.2893750000000094 
0.3193750000000099 
0.34687500000001004 
0.25062500000000915 
0.2556250000000092 
0.2631250000000092 
0.25312500000000915 
0.34687500000001 
0.28937500000000976 
0.2568750000000091 
0.3371875000000092 
0.2543750000000092 
0.3281250000000096 
0.2643750000000096 
0.2743750000000097 
0.2518750000000091 
0.3443750000000093 
0.3018750000000094 
0.3348437500000092 
0.33812500000001 
0.31812500000001 
0.2956250000000098 
0.31187500000001 
0.2593750000000091 
0.3506250000000101 
0.2668750000000098 
0.26312500000000927 
0.26062500000000915 
0.2243750000000091 
0.28187500000000926 
0.25187500000000945 
0.2523437500000091 
0.2806250000000095 
0.3956250000000102 
0.2643750000000092 
0.4056250000000103 
0.26812500000000916 
0.2593750000000095 
0.3556250000000093 
0.33812500000000945 
0.25812500000000915 
0.3343750000000092 
0.20187500000000907 
0.28562500000000973 
0.4043750000000105 
0.2593750000000091 
0.3409375000000092 
0.27187500000000925 
0.3618750000000093 
0.20812500000000908 
0.3843750000000101 
0.25218750000000917 
0.25312500000000915 
0.3343750000000092 
0.2906250000000093 
0.474375000000012 
0.20937500000000908 
0.36812500000000925 
0.2668750000000093 
0.3368750000000095 
0.27937500000000964 
0.3371875000000092 
0.2418750000000091 
0.30687500000000956 
0.32937500000000947 
0.25562500000000943 
0.26093750000000915 
0.3093750000000093 
0.25187500000000923 
0.3368750000000092 
0.33968750000000925 
0.2556250000000093 
0.2518750000000092 
0.3356250000000092 
0.35562500000000924 
0.3093750000000093 
0.2543750000000092 
0.34687500000001 
0.25468750000000917 
0.26687500000000947 
0.30812500000000975 
0.43812500000001076 
0.3068750000000099 
0.27187500000000975 
0.3818750000000096 
0.33812500000001017 
0.29812500000000963 
0.25562500000000915 
0.3468750000000092 
0.30062500000000936 
0.31562500000001 
0.2668750000000094 
0.2668750000000092 
0.30062500000000936 
0.3556250000000093 
0.2968750000000095 
0.48062500000001207 
0.2518750000000093 
0.3406250000000094 
0.2218750000000091 
0.26562500000000916 
0.2643750000000096 
0.34312500000001006 
0.2656250000000095 
0.28562500000000984 
0.3346875000000092 
0.35312500000000924 
0.2331250000000091 
0.29312500000000935 
0.3359375000000092 
0.2668750000000092 
0.2606250000000095 
0.2618750000000092 
0.28187500000000937 
0.3156250000000098 
0.2743750000000095 
0.3493750000000104 
0.2756250000000098 
0.27437500000000953 
0.2531250000000095 
0.2968750000000099 
0.2743750000000096 
0.3031250000000096 
0.2993750000000093 
0.25312500000000954 
0.3359375000000092 
