0.29937500000001005 
0.18312500000000906 
0.3543750000000103 
0.130625000000009 
0.18812500000000906 
0.18187500000000906 
0.20812500000000908 
0.13312500000000901 
0.19062500000000906 
0.09812500000000897 
0.19312500000000907 
0.16812500000000904 
0.20437500000000908 
0.15687500000000903 
0.17062500000000905 
0.2418750000000096 
0.18687500000000906 
0.16187500000000904 
0.130625000000009 
0.11312500000000898 
0.20312500000000908 
0.19812500000000907 
0.11312500000000898 
0.2231250000000092 
0.2506250000000099 
0.16437500000000904 
0.19937500000000907 
0.29062500000000996 
0.15687500000000903 
0.13687500000000902 
0.11187500000000898 
0.15937500000000904 
0.09812500000000897 
0.20062500000000907 
0.2718750000000101 
0.08937500000000896 
0.2306250000000092 
0.2993750000000102 
0.2206250000000091 
0.18062500000000906 
0.10687500000000898 
0.10687500000000898 
0.19812500000000907 
0.17062500000000905 
0.17812500000000905 
0.14562500000000903 
0.20562500000000908 
0.15062500000000903 
0.15312500000000903 
0.16687500000000904 
0.15687500000000903 
0.16937500000000905 
0.20437500000000908 
0.22312500000000915 
0.11937500000000899 
0.2793750000000103 
0.19812500000000907 
0.10937500000000898 
0.16437500000000904 
0.3243750000000104 
0.35937500000001044 
0.10937500000000898 
0.14937500000000903 
0.18312500000000906 
0.21812500000000914 
0.19812500000000907 
0.18937500000000906 
0.16687500000000904 
0.36437500000001044 
0.14687500000000903 
0.30562500000001014 
0.16062500000000904 
0.15437500000000903 
0.2368750000000095 
0.16312500000000904 
0.17937500000000905 
0.21937500000000915 
0.128125000000009 
0.16437500000000904 
0.15437500000000903 
0.2743750000000102 
0.18687500000000906 
0.16562500000000904 
0.14312500000000902 
0.26437500000001 
0.2206250000000092 
0.19562500000000907 
0.15687500000000903 
0.19062500000000906 
0.18187500000000906 
0.20937500000000908 
0.11562500000000898 
0.14562500000000903 
0.2831250000000103 
0.19937500000000907 
0.18687500000000906 
0.11062500000000898 
0.16312500000000904 
0.20437500000000908 
0.20687500000000908 
0.17937500000000905 
0.130625000000009 
0.2218750000000091 
0.14437500000000902 
0.21312500000000908 
0.14562500000000903 
0.18062500000000906 
0.16687500000000904 
0.126875000000009 
0.17937500000000905 
0.15937500000000904 
0.2906250000000101 
0.18187500000000906 
0.14812500000000903 
0.10687500000000898 
0.11437500000000898 
0.19312500000000907 
0.19937500000000907 
0.20187500000000907 
0.17562500000000905 
0.16437500000000904 
0.3393750000000102 
0.14937500000000903 
0.3781250000000105 
0.19937500000000907 
0.14312500000000902 
0.14687500000000903 
0.13812500000000902 
0.15562500000000903 
0.30312500000001 
0.15312500000000903 
0.16312500000000904 
0.18812500000000906 
0.23437500000000955 
0.11937500000000899 
0.19187500000000907 
0.2193750000000091 
0.09937500000000897 
0.26812500000001 
0.19812500000000907 
0.17687500000000905 
0.16687500000000904 
0.18187500000000906 
0.16437500000000904 
0.2506250000000099 
0.27312500000001017 
0.16937500000000905 
0.18437500000000906 
0.26062500000001015 
0.25687500000000996 
0.14687500000000903 
0.17687500000000905 
0.15812500000000904 
0.15312500000000903 
0.16562500000000904 
0.2193750000000092 
0.3106250000000101 
0.21562500000000914 
0.18687500000000906 
0.14437500000000902 
0.19437500000000907 
0.15687500000000903 
0.20437500000000908 
0.4368750000000118 
0.18687500000000906 
0.2218750000000092 
0.19312500000000907 
0.17687500000000905 
0.17062500000000905 
0.2218750000000091 
0.15562500000000903 
0.18812500000000906 
0.14562500000000903 
0.2506250000000098 
0.3018750000000103 
0.4118750000000117 
0.2156250000000091 
0.12062500000000899 
0.13937500000000902 
0.20062500000000907 
0.3556250000000103 
0.18062500000000906 
0.2356250000000095 
0.21312500000000908 
0.09937500000000897 
0.18812500000000906 
0.27437500000000997 
0.16937500000000905 
0.21312500000000908 
0.17312500000000905 
0.14437500000000902 
0.130625000000009 
0.18312500000000906 
0.3593750000000103 
0.18062500000000906 
0.17187500000000905 
0.08312500000000898 
0.14437500000000902 
0.23812500000000966 
0.12187500000000899 
0.24187500000000994 
0.28187500000001003 
0.16062500000000904 
0.2806250000000103 
0.18937500000000906 
0.18437500000000906 
0.14437500000000902 
0.21187500000000908 
0.13312500000000901 
0.2556250000000099 
0.30937500000000995 
0.23187500000000966 
0.14937500000000903 
0.13437500000000902 
0.14062500000000902 
0.19437500000000907 
0.19187500000000907 
0.11687500000000899 
0.20687500000000908 
0.09812500000000897 
0.14937500000000903 
0.20437500000000908 
0.17187500000000905 
0.17437500000000905 
0.18062500000000906 
0.2243750000000092 
0.14812500000000903 
0.19187500000000907 
0.10312500000000897 
0.17687500000000905 
0.26062500000001004 
0.15937500000000904 
0.09937500000000897 
0.10687500000000898 
0.3193750000000102 
0.29187500000001004 
0.18937500000000906 
0.24187500000000967 
0.20062500000000907 
0.3181250000000101 
0.13812500000000902 
0.20437500000000908 
0.39062500000001044 
0.126875000000009 
0.13312500000000901 
0.17937500000000905 
0.17812500000000905 
0.2618750000000103 
0.18937500000000906 
0.22312500000000915 
0.14312500000000902 
0.16187500000000904 
0.2856250000000103 
0.16562500000000904 
0.15812500000000904 
0.20312500000000908 
0.15812500000000904 
0.17562500000000905 
0.17562500000000905 
0.13312500000000901 
0.126875000000009 
0.16437500000000904 
0.18687500000000906 
0.17062500000000905 
0.23437500000000938 
0.24437500000000972 
0.20812500000000908 
0.25687500000000985 
0.19812500000000907 
0.11312500000000898 
0.2931250000000101 
0.3593750000000102 
0.10187500000000897 
0.2668750000000104 
0.13687500000000902 
0.10187500000000897 
0.19562500000000907 
0.14687500000000903 
0.16562500000000904 
0.22812500000000915 
0.11437500000000898 
0.14937500000000903 
0.23687500000000955 
0.20437500000000908 
0.20562500000000908 
0.16562500000000904 
0.26812500000000994 
0.18562500000000906 
0.12187500000000899 
0.18687500000000906 
0.14062500000000902 
0.3256250000000103 
0.18062500000000906 
0.13562500000000902 
0.10187500000000897 
0.2206250000000092 
0.13812500000000902 
0.16687500000000904 
0.3118750000000104 
0.128125000000009 
