0.13437500000000902 
0.15062500000000903 
0.17937500000000905 
0.15812500000000904 
0.19062500000000906 
0.26687500000001 
0.28312500000000984 
0.24562500000000984 
0.13312500000000901 
0.13812500000000902 
0.20312500000000908 
0.17687500000000905 
0.17562500000000905 
0.21437500000000909 
0.26437500000000996 
0.15437500000000903 
0.22687500000000926 
0.14937500000000903 
0.15312500000000903 
0.10937500000000898 
0.14437500000000902 
0.17937500000000905 
0.11187500000000898 
0.15437500000000903 
0.15562500000000903 
0.19937500000000907 
0.13312500000000901 
0.11312500000000898 
0.20062500000000907 
0.3193750000000102 
0.14562500000000903 
0.10062500000000897 
0.23687500000000955 
0.11812500000000899 
0.24937500000001006 
0.14062500000000902 
0.15562500000000903 
0.16312500000000904 
0.3418750000000105 
0.2168750000000091 
0.13812500000000902 
0.129375000000009 
0.13562500000000902 
0.22937500000000927 
0.15312500000000903 
0.17187500000000905 
0.17937500000000905 
0.15687500000000903 
0.2743750000000099 
0.13562500000000902 
0.126875000000009 
0.13562500000000902 
0.17812500000000905 
0.16562500000000904 
0.19437500000000907 
0.19187500000000907 
0.2693750000000099 
0.126875000000009 
0.15687500000000903 
0.3568750000000106 
0.17437500000000905 
0.131875000000009 
0.18437500000000906 
0.15687500000000903 
0.17312500000000905 
0.26312500000000993 
0.19562500000000907 
0.15187500000000903 
0.18187500000000906 
0.125625000000009 
0.35437500000001054 
0.15437500000000903 
0.19937500000000907 
0.10562500000000898 
0.2393750000000096 
0.15437500000000903 
0.13437500000000902 
0.29562500000001013 
0.16062500000000904 
0.20937500000000908 
0.12187500000000899 
0.13437500000000902 
0.13312500000000901 
0.16562500000000904 
0.21437500000000909 
0.17187500000000905 
0.18187500000000906 
0.09312500000000898 
0.126875000000009 
0.131875000000009 
0.2581250000000099 
0.17812500000000905 
0.19937500000000907 
0.17812500000000905 
0.12187500000000899 
0.129375000000009 
0.27812500000001017 
0.13687500000000902 
0.2981250000000101 
0.18312500000000906 
0.16062500000000904 
0.17937500000000905 
0.17312500000000905 
0.2881250000000101 
0.2181250000000091 
0.20062500000000907 
0.18562500000000906 
0.17937500000000905 
0.16562500000000904 
0.15312500000000903 
0.15062500000000903 
0.14687500000000903 
0.16187500000000904 
0.15187500000000903 
0.11187500000000898 
0.17687500000000905 
0.19562500000000907 
0.28437500000001026 
0.23937500000000955 
0.130625000000009 
0.17687500000000905 
0.2243750000000091 
0.20312500000000908 
0.26187500000000985 
0.17812500000000905 
0.18937500000000906 
0.2268750000000092 
0.17937500000000905 
0.15812500000000904 
0.15812500000000904 
0.23937500000000966 
0.19312500000000907 
0.14312500000000902 
0.2368750000000096 
0.17687500000000905 
0.29687500000001005 
0.28062500000001006 
0.33937500000001014 
0.14937500000000903 
0.15812500000000904 
0.14562500000000903 
0.25812500000001015 
0.17062500000000905 
0.09687500000000897 
0.20937500000000908 
0.13562500000000902 
0.3306250000000102 
0.32937500000001035 
0.19812500000000907 
0.20562500000000908 
0.16562500000000904 
0.2168750000000091 
0.12312500000000899 
0.18312500000000906 
0.25437500000000995 
0.15312500000000903 
0.18187500000000906 
0.15312500000000903 
0.16062500000000904 
0.25687500000000996 
0.19312500000000907 
0.17812500000000905 
0.15062500000000903 
0.10937500000000898 
0.2843750000000102 
0.18187500000000906 
0.14562500000000903 
0.2181250000000091 
0.15687500000000903 
0.11187500000000898 
0.10437500000000897 
0.15937500000000904 
0.14437500000000902 
0.14062500000000902 
0.130625000000009 
0.15562500000000903 
0.19062500000000906 
0.3306250000000103 
0.2543750000000099 
0.14812500000000903 
0.25437500000000995 
0.13562500000000902 
0.13812500000000902 
0.17812500000000905 
0.24062500000000966 
0.21187500000000908 
0.26562500000001005 
0.12312500000000899 
0.15187500000000903 
0.2618750000000102 
0.15687500000000903 
0.09937500000000897 
0.27437500000001014 
0.15812500000000904 
0.2156250000000091 
0.20812500000000908 
0.18187500000000906 
0.36187500000001027 
0.20812500000000914 
0.2206250000000091 
0.11312500000000898 
0.15687500000000903 
0.18687500000000906 
0.14687500000000903 
0.3218750000000103 
0.17687500000000905 
0.38937500000001063 
0.14562500000000903 
0.15312500000000903 
0.11062500000000898 
0.19812500000000907 
0.17312500000000905 
0.13687500000000902 
0.15187500000000903 
0.14562500000000903 
0.15562500000000903 
0.14812500000000903 
0.2318750000000095 
0.130625000000009 
0.13812500000000902 
0.2918750000000104 
0.16562500000000904 
0.3143750000000101 
0.13812500000000902 
0.16687500000000904 
0.29437500000001027 
0.14562500000000903 
0.16937500000000905 
0.23312500000000932 
0.14687500000000903 
0.15062500000000903 
0.20687500000000908 
0.22562500000000926 
0.2156250000000091 
0.16062500000000904 
0.11812500000000899 
0.37187500000001056 
0.17187500000000905 
0.26312500000001 
0.21687500000000914 
0.26937500000000997 
0.20437500000000908 
0.26562500000000994 
0.25687500000001 
0.14687500000000903 
0.28687500000001004 
0.14437500000000902 
0.17562500000000905 
0.10812500000000898 
0.10812500000000898 
0.16937500000000905 
0.18187500000000906 
0.20562500000000908 
0.15937500000000904 
0.26812500000000994 
0.18812500000000906 
0.14187500000000902 
0.23687500000000966 
0.10812500000000898 
0.18187500000000906 
0.11312500000000898 
0.20687500000000908 
0.17312500000000905 
0.23187500000000932 
0.14937500000000903 
0.14937500000000903 
0.25312500000000987 
0.14812500000000903 
0.13812500000000902 
0.28312500000001006 
0.14812500000000903 
0.14187500000000902 
0.16062500000000904 
0.16812500000000904 
0.20687500000000908 
0.21312500000000908 
0.3143750000000101 
0.15437500000000903 
0.26062500000001004 
0.17437500000000905 
0.23062500000000938 
0.2481250000000099 
0.20312500000000908 
0.23312500000000944 
0.18812500000000906 
0.13562500000000902 
0.17562500000000905 
0.20187500000000907 
0.23187500000000943 
0.2593750000000099 
0.27562500000000995 
0.14062500000000902 
0.14187500000000902 
0.32062500000001015 
0.19937500000000907 
0.17687500000000905 
0.16812500000000904 
0.19437500000000907 
0.15437500000000903 
0.17437500000000905 
