0.14187500000000902 
0.12312500000000899 
0.12437500000000899 
0.17437500000000905 
0.26062500000000993 
0.14687500000000903 
0.28687500000000987 
0.16437500000000904 
0.13562500000000902 
0.17937500000000905 
0.17312500000000905 
0.28187500000001 
0.2506250000000099 
0.17187500000000905 
0.15312500000000903 
0.24562500000001 
0.16437500000000904 
0.20312500000000908 
0.11312500000000898 
0.20687500000000908 
0.3356250000000103 
0.18062500000000906 
0.20312500000000908 
0.24562500000001 
0.20937500000000908 
0.16937500000000905 
0.18937500000000906 
0.14062500000000902 
0.25437500000000984 
0.22562500000000926 
0.20187500000000907 
0.17687500000000905 
0.20937500000000908 
0.17187500000000905 
0.18062500000000906 
0.126875000000009 
0.18937500000000906 
0.14312500000000902 
0.3056250000000104 
0.17562500000000905 
0.25687500000001 
0.13687500000000902 
0.20937500000000908 
0.2331250000000095 
0.3018750000000102 
0.19562500000000907 
0.18312500000000906 
0.18062500000000906 
0.16937500000000905 
0.2918750000000101 
0.2943750000000101 
0.15312500000000903 
0.19062500000000906 
0.16812500000000904 
0.16812500000000904 
0.20437500000000908 
0.12187500000000899 
0.26312500000001005 
0.15687500000000903 
0.16562500000000904 
0.11187500000000898 
0.14437500000000902 
0.22187500000000915 
0.22062500000000926 
0.23937500000000994 
0.3243750000000103 
0.19937500000000907 
0.128125000000009 
0.2881250000000103 
0.20437500000000908 
0.14562500000000903 
0.130625000000009 
0.15312500000000903 
0.15437500000000903 
0.14937500000000903 
0.15437500000000903 
0.13437500000000902 
0.16687500000000904 
0.15562500000000903 
0.16937500000000905 
0.17687500000000905 
0.3393750000000103 
0.16687500000000904 
0.18562500000000906 
0.22062500000000926 
0.10812500000000898 
0.125625000000009 
0.15062500000000903 
0.18812500000000906 
0.13437500000000902 
0.13562500000000902 
0.19062500000000906 
0.19187500000000907 
0.15562500000000903 
0.2993750000000102 
0.18062500000000906 
0.17687500000000905 
0.10937500000000898 
0.13937500000000902 
0.17812500000000905 
0.18437500000000906 
0.17937500000000905 
0.18062500000000906 
0.18562500000000906 
0.30687500000001017 
0.16437500000000904 
0.17312500000000905 
0.18812500000000906 
0.16562500000000904 
0.15937500000000904 
0.17937500000000905 
0.3018750000000102 
0.12062500000000899 
0.129375000000009 
0.18562500000000906 
0.15062500000000903 
0.20062500000000907 
0.129375000000009 
0.14812500000000903 
0.2843750000000099 
0.128125000000009 
0.129375000000009 
0.17562500000000905 
0.18062500000000906 
0.36687500000001055 
0.15812500000000904 
0.23062500000000943 
0.11937500000000899 
0.16312500000000904 
0.15937500000000904 
0.3768750000000103 
0.19187500000000907 
0.15937500000000904 
0.28312500000001 
0.14312500000000902 
0.25312500000000987 
0.19062500000000906 
0.16062500000000904 
0.26437500000000996 
0.18187500000000906 
0.12187500000000899 
0.14812500000000903 
0.24187500000000955 
0.20687500000000908 
0.11687500000000899 
0.24562500000000978 
0.24437500000000978 
0.20062500000000907 
0.17187500000000905 
0.125625000000009 
0.31312500000001003 
0.3618750000000103 
0.15562500000000903 
0.24187500000000967 
0.2856250000000101 
0.10562500000000898 
0.26687500000000997 
0.17562500000000905 
0.2631250000000099 
0.16812500000000904 
0.13937500000000902 
0.23562500000000944 
0.15437500000000903 
0.15312500000000903 
0.32562500000001027 
0.131875000000009 
0.11312500000000898 
0.19687500000000907 
0.29062500000000996 
0.3331250000000104 
0.15937500000000904 
0.18062500000000906 
0.16187500000000904 
0.30937500000001017 
0.20812500000000908 
0.20937500000000908 
0.29937500000001005 
0.14187500000000902 
0.14062500000000902 
0.27187500000001014 
0.125625000000009 
0.28437500000001 
0.10437500000000897 
0.16187500000000904 
0.11562500000000898 
0.23437500000000971 
0.125625000000009 
0.19187500000000907 
0.26812500000001005 
0.20187500000000907 
0.10937500000000898 
0.18312500000000906 
0.18187500000000906 
0.15312500000000903 
0.15687500000000903 
0.13437500000000902 
0.18437500000000906 
0.19062500000000906 
0.18437500000000906 
0.22562500000000932 
0.21437500000000909 
0.16562500000000904 
0.12187500000000899 
0.2281250000000092 
0.17187500000000905 
0.17437500000000905 
0.13937500000000902 
0.13312500000000901 
0.14062500000000902 
0.14812500000000903 
0.22187500000000915 
0.2193750000000091 
0.17687500000000905 
0.30812500000001025 
0.14937500000000903 
0.2631250000000101 
0.11812500000000899 
0.13312500000000901 
0.12437500000000899 
0.22562500000000943 
0.28562500000001023 
0.15812500000000904 
0.15437500000000903 
0.2506250000000099 
0.2368750000000095 
0.08187500000000897 
0.2281250000000092 
0.20312500000000908 
0.14562500000000903 
0.126875000000009 
0.19437500000000907 
0.16437500000000904 
0.11062500000000898 
0.19937500000000907 
0.11687500000000899 
0.14937500000000903 
0.15687500000000903 
0.15687500000000903 
0.15437500000000903 
0.16812500000000904 
0.28812500000001 
0.15812500000000904 
0.14687500000000903 
0.15937500000000904 
0.2556250000000099 
0.2168750000000091 
0.13562500000000902 
0.12062500000000899 
0.11937500000000899 
0.13812500000000902 
0.14187500000000902 
0.16437500000000904 
0.131875000000009 
0.21937500000000915 
0.28062500000001017 
0.11187500000000898 
0.18437500000000906 
0.15562500000000903 
0.19812500000000907 
0.14812500000000903 
0.19437500000000907 
0.3493750000000105 
0.31062500000001025 
0.19312500000000907 
0.16062500000000904 
0.13812500000000902 
0.19437500000000907 
0.17187500000000905 
0.16437500000000904 
0.11687500000000899 
0.19937500000000907 
0.17312500000000905 
0.19062500000000906 
0.16187500000000904 
0.13562500000000902 
0.29062500000000996 
0.19812500000000907 
0.18812500000000906 
0.2506250000000099 
0.13562500000000902 
0.17562500000000905 
0.11937500000000899 
0.10062500000000897 
0.18187500000000906 
0.20812500000000908 
0.20062500000000907 
0.16812500000000904 
0.18812500000000906 
0.14562500000000903 
0.20812500000000908 
0.17812500000000905 
0.2156250000000091 
0.11812500000000899 
0.21937500000000915 
0.17312500000000905 
0.16562500000000904 
0.14937500000000903 
0.26562500000001005 
0.31312500000001015 
0.15562500000000903 
