0.3056250000000103 
0.12187500000000899 
0.23187500000000966 
0.13562500000000902 
0.13812500000000902 
0.16812500000000904 
0.16437500000000904 
0.09937500000000897 
0.18937500000000906 
0.128125000000009 
0.24312500000000967 
0.21062500000000908 
0.15562500000000903 
0.20187500000000907 
0.22312500000000915 
0.14437500000000902 
0.12437500000000899 
0.11562500000000898 
0.2831250000000102 
0.2718750000000099 
0.2443750000000099 
0.15937500000000904 
0.20187500000000907 
0.24687500000000984 
0.14437500000000902 
0.18812500000000906 
0.15312500000000903 
0.16687500000000904 
0.14562500000000903 
0.10187500000000897 
0.14312500000000902 
0.19812500000000907 
0.16812500000000904 
0.10312500000000897 
0.15562500000000903 
0.2156250000000091 
0.28437500000001004 
0.19062500000000906 
0.2993750000000103 
0.2568750000000099 
0.15437500000000903 
0.16312500000000904 
0.27187500000000986 
0.20937500000000908 
0.11437500000000898 
0.16187500000000904 
0.15812500000000904 
0.3381250000000104 
0.22812500000000932 
0.19437500000000907 
0.16062500000000904 
0.21062500000000908 
0.14062500000000902 
0.2368750000000096 
0.15812500000000904 
0.15812500000000904 
0.17437500000000905 
0.18562500000000906 
0.17312500000000905 
0.19187500000000907 
0.20187500000000907 
0.13687500000000902 
0.13562500000000902 
0.14187500000000902 
0.11312500000000898 
0.13312500000000901 
0.18562500000000906 
0.14937500000000903 
0.2331250000000095 
0.18312500000000906 
0.17812500000000905 
0.26812500000000994 
0.29687500000001005 
0.15312500000000903 
0.26937500000001 
0.12437500000000899 
0.12437500000000899 
0.23437500000000944 
0.19562500000000907 
0.24437500000000983 
0.14437500000000902 
0.13562500000000902 
0.130625000000009 
0.14437500000000902 
0.18312500000000906 
0.17187500000000905 
0.13562500000000902 
0.17687500000000905 
0.2156250000000091 
0.16312500000000904 
0.2331250000000095 
0.19437500000000907 
0.30812500000001014 
0.2331250000000095 
0.17812500000000905 
0.2468750000000099 
0.17187500000000905 
0.19437500000000907 
0.09312500000000896 
0.20562500000000908 
0.24062500000000972 
0.2206250000000091 
0.15062500000000903 
0.13562500000000902 
0.24437500000001006 
0.15687500000000903 
0.14437500000000902 
0.24437500000000972 
0.22937500000000932 
0.14187500000000902 
0.11937500000000899 
0.15937500000000904 
0.15937500000000904 
0.16562500000000904 
0.11937500000000899 
0.21812500000000914 
0.18062500000000906 
0.12062500000000899 
0.17062500000000905 
0.11687500000000899 
0.25437500000000995 
0.22437500000000926 
0.15437500000000903 
0.19437500000000907 
0.20937500000000908 
0.15812500000000904 
0.17062500000000905 
0.12187500000000899 
0.16312500000000904 
0.13812500000000902 
0.27312500000001017 
0.08437500000000897 
0.14937500000000903 
0.18937500000000906 
0.18812500000000906 
0.12437500000000899 
0.2518750000000099 
0.21312500000000908 
0.20062500000000907 
0.14562500000000903 
0.14187500000000902 
0.2168750000000091 
0.15437500000000903 
0.20062500000000907 
0.11312500000000898 
0.19812500000000907 
0.24812500000000973 
0.130625000000009 
0.17062500000000905 
0.19687500000000907 
0.27812500000001 
0.2368750000000096 
0.39812500000001066 
0.2593750000000103 
0.13312500000000901 
0.2531250000000099 
0.19312500000000907 
0.14562500000000903 
0.16687500000000904 
0.24062500000000983 
0.13937500000000902 
0.17187500000000905 
0.19187500000000907 
0.16437500000000904 
0.20062500000000907 
0.14687500000000903 
0.12437500000000899 
0.16062500000000904 
0.23562500000000966 
0.22937500000000938 
0.27937500000001003 
0.2256250000000092 
0.2218750000000091 
0.26312500000000993 
0.2306250000000096 
0.2156250000000091 
0.09562500000000897 
0.3068750000000102 
0.2643750000000101 
0.25562500000001 
0.14312500000000902 
0.15437500000000903 
0.15562500000000903 
0.10687500000000898 
0.128125000000009 
0.19562500000000907 
0.11062500000000898 
0.13812500000000902 
0.15062500000000903 
0.15687500000000903 
0.15187500000000903 
0.10312500000000897 
0.13812500000000902 
0.17187500000000905 
0.17062500000000905 
0.14937500000000903 
0.16687500000000904 
0.16687500000000904 
0.21062500000000908 
0.11937500000000899 
0.14812500000000903 
0.20437500000000908 
0.2656250000000102 
0.19812500000000907 
0.13937500000000902 
0.16937500000000905 
0.17187500000000905 
0.16812500000000904 
0.10812500000000898 
0.12187500000000899 
0.14687500000000903 
0.3581250000000104 
0.13687500000000902 
0.10687500000000898 
0.19562500000000907 
0.18437500000000906 
0.14812500000000903 
0.125625000000009 
0.16562500000000904 
0.16812500000000904 
0.15187500000000903 
0.22437500000000943 
0.17437500000000905 
0.15312500000000903 
0.28562500000001023 
0.11437500000000898 
0.24187500000000967 
0.16937500000000905 
0.125625000000009 
0.20937500000000908 
0.10187500000000897 
0.18437500000000906 
0.20437500000000908 
0.3781250000000103 
0.19437500000000907 
0.13937500000000902 
0.18312500000000906 
0.19437500000000907 
0.16937500000000905 
0.2568750000000099 
0.15187500000000903 
0.22687500000000926 
0.19437500000000907 
0.15312500000000903 
0.2206250000000093 
0.16937500000000905 
0.14812500000000903 
0.3068750000000101 
0.19812500000000907 
0.12312500000000899 
0.14937500000000903 
0.14187500000000902 
0.2793750000000099 
0.17437500000000905 
0.12437500000000899 
0.11187500000000898 
0.18937500000000906 
0.17062500000000905 
0.21812500000000914 
0.23687500000000972 
0.14687500000000903 
0.14562500000000903 
0.14187500000000902 
0.12187500000000899 
0.14062500000000902 
0.14312500000000902 
0.19187500000000907 
0.14937500000000903 
0.16437500000000904 
0.16187500000000904 
0.17562500000000905 
0.14437500000000902 
0.20937500000000908 
0.13937500000000902 
0.22937500000000943 
0.16062500000000904 
0.20687500000000908 
0.14312500000000902 
0.22562500000000943 
0.15437500000000903 
0.15437500000000903 
0.17312500000000905 
0.12312500000000899 
0.2668750000000099 
0.18687500000000906 
0.11437500000000898 
0.16187500000000904 
0.2731250000000101 
0.20062500000000907 
0.12187500000000899 
0.16562500000000904 
0.12062500000000899 
0.25062500000000976 
0.24062500000000966 
0.21062500000000908 
0.11187500000000898 
0.20187500000000907 
0.14437500000000902 
0.19062500000000906 
0.25687500000001 
