0.15562500000000903 
0.13687500000000902 
0.126875000000009 
0.14437500000000902 
0.15937500000000904 
0.2493750000000099 
0.23312500000000944 
0.16437500000000904 
0.20687500000000908 
0.12437500000000899 
0.12187500000000899 
0.13562500000000902 
0.26812500000000977 
0.18312500000000906 
0.15062500000000903 
0.20062500000000907 
0.17562500000000905 
0.15562500000000903 
0.13312500000000901 
0.2693750000000099 
0.22062500000000915 
0.20187500000000907 
0.13562500000000902 
0.19562500000000907 
0.20562500000000908 
0.13937500000000902 
0.09812500000000897 
0.16312500000000904 
0.2968750000000103 
0.128125000000009 
0.11437500000000898 
0.16312500000000904 
0.3393750000000105 
0.18437500000000906 
0.129375000000009 
0.12312500000000899 
0.3106250000000102 
0.17312500000000905 
0.130625000000009 
0.18062500000000906 
0.09437500000000897 
0.24062500000000972 
0.14562500000000903 
0.19437500000000907 
0.15062500000000903 
0.22062500000000915 
0.13937500000000902 
0.13937500000000902 
0.14687500000000903 
0.17312500000000905 
0.12312500000000899 
0.15437500000000903 
0.24937500000001006 
0.11437500000000898 
0.15937500000000904 
0.24187500000000972 
0.16062500000000904 
0.16187500000000904 
0.11812500000000899 
0.11062500000000898 
0.16937500000000905 
0.16062500000000904 
0.2656250000000099 
0.2156250000000092 
0.15437500000000903 
0.19687500000000907 
0.2506250000000098 
0.131875000000009 
0.16937500000000905 
0.12062500000000899 
0.11562500000000898 
0.15187500000000903 
0.21812500000000914 
0.126875000000009 
0.16562500000000904 
0.2468750000000099 
0.15437500000000903 
0.14312500000000902 
0.14562500000000903 
0.20437500000000908 
0.2168750000000091 
0.14812500000000903 
0.11812500000000899 
0.14437500000000902 
0.20562500000000908 
0.23812500000000972 
0.22812500000000943 
0.14187500000000902 
0.17312500000000905 
0.18437500000000906 
0.2218750000000092 
0.17437500000000905 
0.24562500000001006 
0.18687500000000906 
0.20937500000000908 
0.13937500000000902 
0.14937500000000903 
0.13562500000000902 
0.12062500000000899 
0.2156250000000091 
0.15937500000000904 
0.128125000000009 
0.18437500000000906 
0.13687500000000902 
0.2193750000000091 
0.16437500000000904 
0.16687500000000904 
0.15937500000000904 
0.126875000000009 
0.28062500000000995 
0.12437500000000899 
0.13312500000000901 
0.13562500000000902 
0.17562500000000905 
0.13937500000000902 
0.21312500000000908 
0.24062500000000972 
0.19062500000000906 
0.23562500000000955 
0.13312500000000901 
0.13812500000000902 
0.16562500000000904 
0.10937500000000898 
0.13812500000000902 
0.20812500000000908 
0.19437500000000907 
0.10937500000000898 
0.11312500000000898 
0.2968750000000101 
0.16437500000000904 
0.131875000000009 
0.20937500000000908 
0.12062500000000899 
0.14312500000000902 
0.20437500000000908 
0.2306250000000096 
0.2231250000000091 
0.20937500000000908 
0.38312500000001043 
0.15562500000000903 
0.2943750000000102 
0.13687500000000902 
0.14312500000000902 
0.20562500000000908 
0.22187500000000915 
0.18687500000000906 
0.24562500000000978 
0.2131250000000092 
0.19187500000000907 
0.12312500000000899 
0.17437500000000905 
0.24312500000000983 
0.131875000000009 
0.20562500000000908 
0.15812500000000904 
0.2156250000000091 
0.3156250000000103 
0.31187500000001034 
0.18062500000000906 
0.16062500000000904 
0.3343750000000101 
0.14812500000000903 
0.14312500000000902 
0.16187500000000904 
0.14312500000000902 
0.15812500000000904 
0.15437500000000903 
0.13312500000000901 
0.20937500000000908 
0.13312500000000901 
0.10562500000000898 
0.27062500000001016 
0.18062500000000906 
0.27312500000001005 
0.28062500000001 
0.20187500000000907 
0.2718750000000101 
0.18062500000000906 
0.15187500000000903 
0.35187500000001043 
0.15687500000000903 
0.26437500000000996 
0.24812500000000978 
0.29062500000001024 
0.14562500000000903 
0.23812500000000972 
0.14687500000000903 
0.12437500000000899 
0.22812500000000926 
0.17687500000000905 
0.128125000000009 
0.13937500000000902 
0.17687500000000905 
0.2168750000000091 
0.16312500000000904 
0.20312500000000908 
0.22687500000000949 
0.12437500000000899 
0.13937500000000902 
0.11312500000000898 
0.11437500000000898 
0.13312500000000901 
0.25437500000000995 
0.16437500000000904 
0.25187500000000995 
0.23312500000000932 
0.18062500000000906 
0.16812500000000904 
0.128125000000009 
0.10437500000000897 
0.25687500000001 
0.17937500000000905 
0.14187500000000902 
0.131875000000009 
0.12312500000000899 
0.15062500000000903 
0.22562500000000932 
0.10562500000000898 
0.3893750000000104 
0.130625000000009 
0.20812500000000908 
0.15562500000000903 
0.17687500000000905 
0.19687500000000907 
0.2693750000000101 
0.18437500000000906 
0.14812500000000903 
0.2168750000000091 
0.16062500000000904 
0.16937500000000905 
0.11812500000000899 
0.17812500000000905 
0.10187500000000897 
0.20187500000000907 
0.15062500000000903 
0.14687500000000903 
0.18937500000000906 
0.17312500000000905 
0.30562500000001014 
0.16937500000000905 
0.2306250000000096 
0.26437500000001 
0.22187500000000915 
0.23687500000000983 
0.2143750000000092 
0.17562500000000905 
0.19812500000000907 
0.16062500000000904 
0.14562500000000903 
0.126875000000009 
0.18687500000000906 
0.2993750000000101 
0.18312500000000906 
0.3831250000000105 
0.17312500000000905 
0.20312500000000908 
0.3181250000000103 
0.19812500000000907 
0.22187500000000915 
0.10812500000000898 
0.18437500000000906 
0.19062500000000906 
0.15187500000000903 
0.22687500000000943 
0.13937500000000902 
0.13812500000000902 
0.24812500000000995 
0.2556250000000101 
0.17437500000000905 
0.22562500000000926 
0.2206250000000091 
0.15187500000000903 
0.18937500000000906 
0.17937500000000905 
0.20062500000000907 
0.12062500000000899 
0.130625000000009 
0.15937500000000904 
0.17062500000000905 
0.2293750000000095 
0.20687500000000908 
0.20437500000000908 
0.13937500000000902 
0.15562500000000903 
0.13437500000000902 
0.131875000000009 
0.14187500000000902 
0.16187500000000904 
0.13812500000000902 
0.2718750000000099 
0.2993750000000101 
0.14437500000000902 
0.11437500000000898 
0.18187500000000906 
0.13812500000000902 
0.14187500000000902 
0.14312500000000902 
0.21312500000000908 
0.13687500000000902 
0.16312500000000904 
