0.15687500000000903 
0.15687500000000903 
0.25812500000000976 
0.29062500000000996 
0.2593750000000097 
0.15062500000000903 
0.2968750000000102 
0.16812500000000904 
0.13937500000000902 
0.19937500000000907 
0.19562500000000907 
0.42687500000001155 
0.2193750000000091 
0.15437500000000903 
0.12312500000000899 
0.19187500000000907 
0.24312500000000956 
0.27812500000001 
0.24812500000000973 
0.20812500000000908 
0.25812500000000993 
0.31187500000001 
0.18562500000000906 
0.2718750000000099 
0.15062500000000903 
0.17687500000000905 
0.24812500000000984 
0.2806250000000098 
0.17187500000000905 
0.15687500000000903 
0.16187500000000904 
0.21437500000000909 
0.23562500000000955 
0.29937500000001005 
0.2243750000000091 
0.14937500000000903 
0.14187500000000902 
0.20437500000000908 
0.19437500000000907 
0.13937500000000902 
0.17062500000000905 
0.22437500000000926 
0.2218750000000091 
0.14687500000000903 
0.2193750000000091 
0.24437500000000956 
0.3006250000000101 
0.396875000000011 
0.16187500000000904 
0.14187500000000902 
0.16312500000000904 
0.34437500000001026 
0.18687500000000906 
0.2756250000000098 
0.20187500000000907 
0.2243750000000091 
0.14062500000000902 
0.18062500000000906 
0.25062500000000987 
0.14187500000000902 
0.22687500000000954 
0.21437500000000909 
0.2268750000000091 
0.19437500000000907 
0.15562500000000903 
0.2668750000000098 
0.23812500000000938 
0.17937500000000905 
0.21437500000000909 
0.15187500000000903 
0.22562500000000915 
0.18437500000000906 
0.4581250000000122 
0.2681250000000099 
0.2256250000000092 
0.20437500000000908 
0.17812500000000905 
0.25312500000001037 
0.17937500000000905 
0.12437500000000899 
0.24937500000000945 
0.2606250000000099 
0.2168750000000091 
0.2356250000000095 
0.30187500000001 
0.20187500000000907 
0.14687500000000903 
0.18812500000000906 
0.13437500000000902 
0.3556250000000104 
0.28687500000000976 
0.16437500000000904 
0.17687500000000905 
0.27812500000001 
0.19687500000000907 
0.2443750000000096 
0.27937500000001014 
0.17062500000000905 
0.2206250000000091 
0.21312500000000908 
0.23312500000000932 
0.3418750000000102 
0.22187500000000915 
0.14562500000000903 
0.17812500000000905 
0.14062500000000902 
0.2793750000000099 
0.2268750000000091 
0.14312500000000902 
0.30437500000001 
0.18312500000000906 
0.27687500000001 
0.3456250000000103 
0.2543750000000098 
0.19437500000000907 
0.20687500000000908 
0.18312500000000906 
0.21312500000000908 
0.25562500000000976 
0.23187500000000932 
0.2168750000000091 
0.15937500000000904 
0.3906250000000104 
0.18687500000000906 
0.23187500000000927 
0.32562500000001 
0.32687500000001 
0.20687500000000908 
0.2756250000000096 
0.128125000000009 
0.20937500000000908 
0.17437500000000905 
0.17687500000000905 
0.26312500000001 
0.130625000000009 
0.2393750000000096 
0.19312500000000907 
0.21312500000000908 
0.17562500000000905 
0.16687500000000904 
0.13437500000000902 
0.15937500000000904 
0.18812500000000906 
0.17187500000000905 
0.20437500000000908 
0.14437500000000902 
0.2156250000000091 
0.29437500000000993 
0.14562500000000903 
0.17687500000000905 
0.2906250000000099 
0.20687500000000908 
0.24562500000000967 
0.24812500000000984 
0.42687500000001105 
0.45062500000001227 
0.17562500000000905 
0.23562500000000938 
0.18062500000000906 
0.23937500000000972 
0.20687500000000908 
0.23437500000000927 
0.16187500000000904 
0.42187500000001177 
0.17937500000000905 
0.30437500000001 
0.22062500000000915 
0.17562500000000905 
0.17437500000000905 
0.24437500000000967 
0.17437500000000905 
0.27062500000000994 
0.26687500000000963 
0.14937500000000903 
0.13687500000000902 
0.2406250000000096 
0.24312500000000967 
0.3031250000000099 
0.3506250000000102 
0.20437500000000908 
0.2768750000000098 
0.14937500000000903 
0.19812500000000907 
0.22437500000000915 
0.2568750000000101 
0.3568750000000105 
0.2518750000000097 
0.21187500000000908 
0.21312500000000908 
0.15687500000000903 
0.15812500000000904 
0.17937500000000905 
0.18687500000000906 
0.20062500000000907 
0.16437500000000904 
0.23437500000000944 
0.27812500000000984 
0.16062500000000904 
0.24812500000000973 
0.23062500000000916 
0.17312500000000905 
0.15312500000000903 
0.2956250000000099 
0.18562500000000906 
0.20687500000000908 
0.32187500000001035 
0.14937500000000903 
0.2343750000000095 
0.16937500000000905 
0.2506250000000097 
0.30562500000000986 
0.14312500000000902 
0.17437500000000905 
0.17437500000000905 
0.23562500000000933 
0.37187500000001017 
0.18562500000000906 
0.19687500000000907 
0.15312500000000903 
0.2718750000000099 
0.25687500000000973 
0.32812500000001005 
0.18312500000000906 
0.2718750000000098 
0.19062500000000906 
0.14562500000000903 
0.3543750000000102 
0.29437500000001005 
0.2231250000000092 
0.16687500000000904 
0.23312500000000955 
0.19062500000000906 
0.19187500000000907 
0.17937500000000905 
0.20562500000000908 
0.2418750000000095 
0.17562500000000905 
0.2943750000000101 
0.17812500000000905 
0.17687500000000905 
0.25562500000000976 
0.18312500000000906 
0.21187500000000908 
0.19437500000000907 
0.23687500000000938 
0.17937500000000905 
0.20812500000000908 
0.17437500000000905 
0.28312500000001006 
0.19687500000000907 
0.16562500000000904 
0.25437500000000984 
0.19187500000000907 
0.16062500000000904 
0.131875000000009 
0.2168750000000091 
0.17312500000000905 
0.23562500000000944 
0.17937500000000905 
0.15687500000000903 
0.3356250000000098 
0.16937500000000905 
0.20812500000000908 
0.16812500000000904 
0.2206250000000091 
0.13312500000000901 
0.23437500000000927 
0.18187500000000906 
0.17937500000000905 
0.2706250000000099 
0.3493750000000099 
0.25437500000000973 
0.15937500000000904 
0.2518750000000099 
0.20562500000000908 
0.2168750000000091 
0.2243750000000092 
0.21187500000000908 
0.2781250000000099 
0.39937500000001047 
0.13812500000000902 
0.20312500000000908 
0.19687500000000907 
0.19437500000000907 
0.32062500000000993 
0.19437500000000907 
0.23562500000000938 
0.19437500000000907 
0.33562500000001017 
0.17812500000000905 
0.15562500000000903 
0.3818750000000103 
0.2168750000000091 
0.2506250000000098 
0.20187500000000907 
0.28562500000001023 
0.2606250000000098 
0.29437500000001005 
0.2568750000000098 
0.17312500000000905 
