0.14312500000000902 
0.13437500000000902 
0.2181250000000091 
0.15187500000000903 
0.11562500000000898 
0.19937500000000907 
0.2218750000000091 
0.128125000000009 
0.30187500000000994 
0.14562500000000903 
0.125625000000009 
0.18562500000000906 
0.27687500000001003 
0.15312500000000903 
0.26187500000000996 
0.20437500000000908 
0.21187500000000908 
0.27437500000000997 
0.18562500000000906 
0.23562500000000944 
0.22312500000000926 
0.10562500000000898 
0.17312500000000905 
0.31187500000001045 
0.128125000000009 
0.2181250000000091 
0.13312500000000901 
0.17687500000000905 
0.27312500000000994 
0.20062500000000907 
0.14062500000000902 
0.25062500000001015 
0.20437500000000908 
0.17937500000000905 
0.18812500000000906 
0.14687500000000903 
0.128125000000009 
0.13562500000000902 
0.13687500000000902 
0.11062500000000898 
0.15437500000000903 
0.15312500000000903 
0.16437500000000904 
0.17312500000000905 
0.20812500000000908 
0.19937500000000907 
0.13562500000000902 
0.125625000000009 
0.131875000000009 
0.11062500000000898 
0.28812500000001007 
0.18562500000000906 
0.11437500000000898 
0.19937500000000907 
0.14312500000000902 
0.131875000000009 
0.23187500000000955 
0.24062500000000966 
0.15937500000000904 
0.18312500000000906 
0.2181250000000091 
0.18562500000000906 
0.17187500000000905 
0.20437500000000908 
0.28562500000001 
0.15312500000000903 
0.14687500000000903 
0.13312500000000901 
0.16562500000000904 
0.21562500000000914 
0.3168750000000103 
0.126875000000009 
0.23312500000000932 
0.14687500000000903 
0.20187500000000907 
0.23312500000000938 
0.17312500000000905 
0.129375000000009 
0.17687500000000905 
0.14562500000000903 
0.14062500000000902 
0.13812500000000902 
0.14312500000000902 
0.16687500000000904 
0.16937500000000905 
0.18687500000000906 
0.14312500000000902 
0.18187500000000906 
0.14437500000000902 
0.20562500000000908 
0.17312500000000905 
0.2193750000000091 
0.13437500000000902 
0.16437500000000904 
0.2231250000000092 
0.18312500000000906 
0.2418750000000096 
0.18812500000000906 
0.14562500000000903 
0.25437500000000984 
0.128125000000009 
0.17437500000000905 
0.18937500000000906 
0.2231250000000092 
0.12437500000000899 
0.17062500000000905 
0.33062500000001044 
0.15937500000000904 
0.16312500000000904 
0.12312500000000899 
0.14687500000000903 
0.16937500000000905 
0.15562500000000903 
0.17937500000000905 
0.34937500000001037 
0.17937500000000905 
0.18812500000000906 
0.19812500000000907 
0.08562500000000896 
0.18062500000000906 
0.20187500000000907 
0.2756250000000101 
0.12437500000000899 
0.15687500000000903 
0.15187500000000903 
0.20562500000000908 
0.18312500000000906 
0.24437500000000978 
0.17687500000000905 
0.126875000000009 
0.12312500000000899 
0.19812500000000907 
0.19937500000000907 
0.10937500000000898 
0.17812500000000905 
0.15687500000000903 
0.18562500000000906 
0.16812500000000904 
0.14937500000000903 
0.22562500000000926 
0.3743750000000107 
0.4131250000000115 
0.22937500000000927 
0.14437500000000902 
0.17562500000000905 
0.11812500000000899 
0.11437500000000898 
0.24687500000000984 
0.35937500000001055 
0.13312500000000901 
0.14687500000000903 
0.11812500000000899 
0.16562500000000904 
0.126875000000009 
0.23187500000000943 
0.14062500000000902 
0.11437500000000898 
0.18437500000000906 
0.18437500000000906 
0.14312500000000902 
0.130625000000009 
0.10812500000000898 
0.17437500000000905 
0.18687500000000906 
0.12312500000000899 
0.19187500000000907 
0.22562500000000915 
0.17562500000000905 
0.2543750000000099 
0.23812500000000977 
0.26187500000001007 
0.11062500000000898 
0.19062500000000906 
0.14062500000000902 
0.09937500000000897 
0.21062500000000908 
0.17187500000000905 
0.131875000000009 
0.22812500000000938 
0.13562500000000902 
0.15687500000000903 
0.22437500000000932 
0.47312500000001245 
0.13437500000000902 
0.16937500000000905 
0.13687500000000902 
0.129375000000009 
0.14687500000000903 
0.2168750000000091 
0.2193750000000091 
0.14937500000000903 
0.130625000000009 
0.18312500000000906 
0.28062500000000995 
0.16312500000000904 
0.13437500000000902 
0.15062500000000903 
0.2581250000000101 
0.13812500000000902 
0.14937500000000903 
0.27562500000000983 
0.12312500000000899 
0.2206250000000092 
0.13937500000000902 
0.16812500000000904 
0.11187500000000898 
0.14187500000000902 
0.20437500000000908 
0.18812500000000906 
0.16062500000000904 
0.17937500000000905 
0.15187500000000903 
0.15187500000000903 
0.131875000000009 
0.23812500000000972 
0.13562500000000902 
0.18687500000000906 
0.129375000000009 
0.14312500000000902 
0.12187500000000899 
0.17937500000000905 
0.19187500000000907 
0.125625000000009 
0.15687500000000903 
0.10187500000000897 
0.16437500000000904 
0.13437500000000902 
0.19562500000000907 
0.16312500000000904 
0.15687500000000903 
0.09312500000000896 
0.25062500000001 
0.21437500000000909 
0.21187500000000908 
0.18562500000000906 
0.19812500000000907 
0.128125000000009 
0.14187500000000902 
0.25062500000000987 
0.16937500000000905 
0.16812500000000904 
0.10562500000000898 
0.18937500000000906 
0.17187500000000905 
0.10312500000000897 
0.19562500000000907 
0.17312500000000905 
0.16437500000000904 
0.17062500000000905 
0.10062500000000897 
0.2156250000000091 
0.20562500000000908 
0.16687500000000904 
0.129375000000009 
0.28687500000001004 
0.18062500000000906 
0.131875000000009 
0.19812500000000907 
0.20437500000000908 
0.126875000000009 
0.2568750000000099 
0.22812500000000938 
0.24187500000000955 
0.18187500000000906 
0.16437500000000904 
0.16812500000000904 
0.14687500000000903 
0.18937500000000906 
0.18062500000000906 
0.16312500000000904 
0.21062500000000908 
0.22812500000000932 
0.19812500000000907 
0.21187500000000914 
0.18812500000000906 
0.16562500000000904 
0.15062500000000903 
0.12187500000000899 
0.24187500000000967 
0.3081250000000101 
0.15187500000000903 
0.20687500000000908 
0.14937500000000903 
0.16187500000000904 
0.16562500000000904 
0.16437500000000904 
0.2181250000000091 
0.14312500000000902 
0.129375000000009 
0.125625000000009 
0.09937500000000897 
0.126875000000009 
0.09937500000000897 
0.14687500000000903 
0.16937500000000905 
0.22812500000000938 
0.26062500000000993 
0.16937500000000905 
0.19812500000000907 
0.18312500000000906 
