0.131875000000009 
0.11437500000000898 
0.25687500000000985 
0.14687500000000903 
0.17562500000000905 
0.16687500000000904 
0.11687500000000899 
0.125625000000009 
0.14812500000000903 
0.13437500000000902 
0.2843750000000102 
0.17562500000000905 
0.14687500000000903 
0.14937500000000903 
0.24562500000000984 
0.14062500000000902 
0.22937500000000954 
0.19937500000000907 
0.128125000000009 
0.19312500000000907 
0.15812500000000904 
0.15312500000000903 
0.131875000000009 
0.17187500000000905 
0.13812500000000902 
0.18437500000000906 
0.14437500000000902 
0.17687500000000905 
0.22687500000000932 
0.2656250000000099 
0.18187500000000906 
0.17437500000000905 
0.15687500000000903 
0.3218750000000101 
0.15562500000000903 
0.13312500000000901 
0.129375000000009 
0.16062500000000904 
0.33437500000001047 
0.16187500000000904 
0.22812500000000943 
0.14562500000000903 
0.18562500000000906 
0.11687500000000899 
0.24062500000000978 
0.14687500000000903 
0.22562500000000932 
0.10187500000000897 
0.29687500000001016 
0.14812500000000903 
0.17687500000000905 
0.17187500000000905 
0.20312500000000908 
0.15187500000000903 
0.19312500000000907 
0.18937500000000906 
0.18187500000000906 
0.11812500000000899 
0.18937500000000906 
0.125625000000009 
0.17562500000000905 
0.13937500000000902 
0.19812500000000907 
0.30687500000001017 
0.13812500000000902 
0.23937500000000972 
0.11937500000000899 
0.24562500000001 
0.23937500000000955 
0.14312500000000902 
0.16562500000000904 
0.20812500000000908 
0.16312500000000904 
0.130625000000009 
0.18437500000000906 
0.3131250000000104 
0.16812500000000904 
0.19812500000000907 
0.23062500000000938 
0.13937500000000902 
0.2168750000000091 
0.16062500000000904 
0.13437500000000902 
0.13687500000000902 
0.30812500000001025 
0.11562500000000898 
0.15062500000000903 
0.16812500000000904 
0.17187500000000905 
0.15812500000000904 
0.2831250000000102 
0.13812500000000902 
0.13562500000000902 
0.22812500000000954 
0.11062500000000898 
0.13812500000000902 
0.16562500000000904 
0.17437500000000905 
0.36187500000001044 
0.20437500000000908 
0.13937500000000902 
0.14312500000000902 
0.15437500000000903 
0.22812500000000943 
0.2481250000000099 
0.20062500000000907 
0.15437500000000903 
0.14812500000000903 
0.23187500000000938 
0.17562500000000905 
0.14687500000000903 
0.20062500000000907 
0.14562500000000903 
0.125625000000009 
0.15187500000000903 
0.14562500000000903 
0.20187500000000907 
0.2956250000000102 
0.17937500000000905 
0.128125000000009 
0.11437500000000898 
0.24187500000000978 
0.17562500000000905 
0.13812500000000902 
0.18062500000000906 
0.17312500000000905 
0.17562500000000905 
0.13937500000000902 
0.10062500000000897 
0.2643750000000099 
0.28687500000001015 
0.2968750000000102 
0.2418750000000096 
0.17437500000000905 
0.18687500000000906 
0.17187500000000905 
0.13812500000000902 
0.22937500000000932 
0.3318750000000103 
0.13937500000000902 
0.33562500000001033 
0.18062500000000906 
0.22937500000000943 
0.129375000000009 
0.20312500000000908 
0.13312500000000901 
0.21687500000000942 
0.18687500000000906 
0.22937500000000943 
0.13937500000000902 
0.16562500000000904 
0.18937500000000906 
0.27937500000001003 
0.14187500000000902 
0.125625000000009 
0.2593750000000102 
0.131875000000009 
0.12437500000000899 
0.17062500000000905 
0.126875000000009 
0.2218750000000092 
0.16187500000000904 
0.17562500000000905 
0.14187500000000902 
0.18937500000000906 
0.2481250000000099 
0.14687500000000903 
0.3318750000000106 
0.125625000000009 
0.23312500000000955 
0.18687500000000906 
0.19312500000000907 
0.25562500000001015 
0.13687500000000902 
0.15687500000000903 
0.22562500000000926 
0.16187500000000904 
0.13562500000000902 
0.18687500000000906 
0.3168750000000101 
0.14312500000000902 
0.25187500000001 
0.18062500000000906 
0.16562500000000904 
0.20562500000000908 
0.2831250000000099 
0.2606250000000103 
0.16687500000000904 
0.2431250000000096 
0.2168750000000091 
0.126875000000009 
0.22812500000000915 
0.15187500000000903 
0.18187500000000906 
0.13812500000000902 
0.15812500000000904 
0.22812500000000932 
0.15312500000000903 
0.4693750000000123 
0.19312500000000907 
0.131875000000009 
0.2231250000000092 
0.15062500000000903 
0.18812500000000906 
0.14562500000000903 
0.27437500000000997 
0.16312500000000904 
0.17562500000000905 
0.20937500000000908 
0.11437500000000898 
0.13687500000000902 
0.18312500000000906 
0.129375000000009 
0.20812500000000908 
0.3293750000000104 
0.10937500000000898 
0.27937500000001014 
0.27687500000001 
0.17312500000000905 
0.12062500000000899 
0.15187500000000903 
0.13687500000000902 
0.18187500000000906 
0.27562500000001017 
0.14687500000000903 
0.12437500000000899 
0.19062500000000906 
0.23812500000000966 
0.20937500000000908 
0.20187500000000907 
0.15812500000000904 
0.2893750000000102 
0.126875000000009 
0.3031250000000103 
0.17687500000000905 
0.20437500000000908 
0.21312500000000908 
0.27312500000001005 
0.17687500000000905 
0.2793750000000101 
0.2856250000000101 
0.16437500000000904 
0.13437500000000902 
0.19812500000000907 
0.17562500000000905 
0.17437500000000905 
0.14812500000000903 
0.14937500000000903 
0.14312500000000902 
0.18812500000000906 
0.26562500000001 
0.22312500000000926 
0.19812500000000907 
0.15437500000000903 
0.20562500000000908 
0.13437500000000902 
0.27937500000001 
0.2793750000000101 
0.10062500000000897 
0.19187500000000907 
0.20562500000000908 
0.24312500000000994 
0.19562500000000907 
0.12062500000000899 
0.14312500000000902 
0.14312500000000902 
0.2393750000000096 
0.16812500000000904 
0.15562500000000903 
0.17937500000000905 
0.19812500000000907 
0.15562500000000903 
0.15312500000000903 
0.2243750000000092 
0.13562500000000902 
0.11937500000000899 
0.20812500000000908 
0.23687500000000955 
0.24187500000000983 
0.12312500000000899 
0.19312500000000907 
0.18062500000000906 
0.19312500000000907 
0.11062500000000898 
0.14562500000000903 
0.17562500000000905 
0.129375000000009 
0.18062500000000906 
0.10312500000000897 
0.14562500000000903 
0.18687500000000906 
0.25437500000000995 
0.130625000000009 
0.22437500000000926 
0.2156250000000092 
0.128125000000009 
0.131875000000009 
0.19687500000000907 
0.26187500000000996 
0.20937500000000908 
