0.13812500000000902 
0.13812500000000902 
0.16187500000000904 
0.25687500000000985 
0.16812500000000904 
0.17437500000000905 
0.2181250000000091 
0.29187500000001015 
0.08687500000000897 
0.14937500000000903 
0.15937500000000904 
0.11687500000000899 
0.2556250000000098 
0.2306250000000096 
0.11812500000000899 
0.128125000000009 
0.16437500000000904 
0.19312500000000907 
0.17687500000000905 
0.2556250000000103 
0.15062500000000903 
0.10187500000000897 
0.15312500000000903 
0.13687500000000902 
0.126875000000009 
0.22562500000000932 
0.13437500000000902 
0.13687500000000902 
0.16687500000000904 
0.15437500000000903 
0.10937500000000898 
0.14687500000000903 
0.30812500000001025 
0.23562500000000966 
0.16562500000000904 
0.25812500000001 
0.11687500000000899 
0.16187500000000904 
0.28562500000001 
0.13937500000000902 
0.23437500000000955 
0.25687500000000996 
0.15187500000000903 
0.2168750000000091 
0.13687500000000902 
0.17937500000000905 
0.14812500000000903 
0.16562500000000904 
0.11562500000000898 
0.16687500000000904 
0.12312500000000899 
0.16937500000000905 
0.14062500000000902 
0.17687500000000905 
0.15562500000000903 
0.19562500000000907 
0.08937500000000898 
0.131875000000009 
0.29812500000001035 
0.15562500000000903 
0.20062500000000907 
0.16312500000000904 
0.18062500000000906 
0.34937500000001026 
0.29187500000001015 
0.13937500000000902 
0.20187500000000907 
0.18562500000000906 
0.13687500000000902 
0.16437500000000904 
0.18562500000000906 
0.17687500000000905 
0.10562500000000898 
0.126875000000009 
0.15437500000000903 
0.18562500000000906 
0.10937500000000898 
0.14937500000000903 
0.19937500000000907 
0.14562500000000903 
0.23437500000000955 
0.17062500000000905 
0.25562500000001004 
0.17687500000000905 
0.17937500000000905 
0.13687500000000902 
0.19562500000000907 
0.15937500000000904 
0.14937500000000903 
0.16187500000000904 
0.10687500000000898 
0.11812500000000899 
0.26187500000000996 
0.19687500000000907 
0.14937500000000903 
0.15312500000000903 
0.17062500000000905 
0.11437500000000898 
0.18687500000000906 
0.3281250000000102 
0.18812500000000906 
0.14562500000000903 
0.2418750000000096 
0.28562500000001007 
0.10312500000000897 
0.14187500000000902 
0.3031250000000102 
0.16187500000000904 
0.11687500000000899 
0.16562500000000904 
0.30062500000001025 
0.17312500000000905 
0.14437500000000902 
0.11312500000000898 
0.2343750000000095 
0.11812500000000899 
0.11437500000000898 
0.18687500000000906 
0.3181250000000102 
0.26062500000001 
0.20187500000000907 
0.16812500000000904 
0.17812500000000905 
0.21062500000000908 
0.13687500000000902 
0.16187500000000904 
0.131875000000009 
0.2593750000000099 
0.21187500000000908 
0.15687500000000903 
0.20937500000000908 
0.19812500000000907 
0.2231250000000092 
0.44187500000001173 
0.16812500000000904 
0.17687500000000905 
0.09062500000000896 
0.2381250000000096 
0.14062500000000902 
0.18562500000000906 
0.15937500000000904 
0.17687500000000905 
0.22312500000000943 
0.15937500000000904 
0.125625000000009 
0.11937500000000899 
0.20687500000000908 
0.20187500000000907 
0.11812500000000899 
0.23187500000000938 
0.17562500000000905 
0.2156250000000091 
0.19562500000000907 
0.130625000000009 
0.15187500000000903 
0.14562500000000903 
0.19062500000000906 
0.3418750000000105 
0.2768750000000101 
0.16562500000000904 
0.17437500000000905 
0.16812500000000904 
0.16562500000000904 
0.13437500000000902 
0.24437500000000978 
0.13562500000000902 
0.18187500000000906 
0.16437500000000904 
0.29937500000001027 
0.23062500000000938 
0.16062500000000904 
0.126875000000009 
0.20187500000000907 
0.22687500000000926 
0.2543750000000101 
0.16687500000000904 
0.17562500000000905 
0.23937500000000966 
0.13937500000000902 
0.130625000000009 
0.19062500000000906 
0.19812500000000907 
0.27562500000001 
0.19687500000000907 
0.11562500000000898 
0.15687500000000903 
0.19437500000000907 
0.14687500000000903 
0.20187500000000907 
0.11562500000000898 
0.29937500000001 
0.10187500000000897 
0.19312500000000907 
0.15437500000000903 
0.2381250000000096 
0.17062500000000905 
0.15187500000000903 
0.15812500000000904 
0.18062500000000906 
0.13937500000000902 
0.10812500000000898 
0.20562500000000908 
0.2343750000000095 
0.17937500000000905 
0.2168750000000091 
0.11312500000000898 
0.22062500000000915 
0.15687500000000903 
0.18437500000000906 
0.15812500000000904 
0.14562500000000903 
0.14187500000000902 
0.17562500000000905 
0.11437500000000898 
0.18312500000000906 
0.2331250000000096 
0.2206250000000092 
0.29187500000001004 
0.17062500000000905 
0.14937500000000903 
0.09937500000000897 
0.15187500000000903 
0.18437500000000906 
0.19687500000000907 
0.2956250000000102 
0.19437500000000907 
0.15812500000000904 
0.23312500000000938 
0.16937500000000905 
0.19437500000000907 
0.21187500000000908 
0.14062500000000902 
0.17687500000000905 
0.11562500000000898 
0.17812500000000905 
0.12312500000000899 
0.20687500000000908 
0.14312500000000902 
0.29562500000001013 
0.22562500000000932 
0.12312500000000899 
0.14562500000000903 
0.10937500000000898 
0.3318750000000103 
0.26062500000001004 
0.126875000000009 
0.14062500000000902 
0.24062500000000966 
0.2168750000000091 
0.15812500000000904 
0.14812500000000903 
0.27937500000001003 
0.20187500000000907 
0.125625000000009 
0.13312500000000901 
0.15937500000000904 
0.16312500000000904 
0.15062500000000903 
0.16437500000000904 
0.15437500000000903 
0.16812500000000904 
0.27812500000001 
0.16562500000000904 
0.15187500000000903 
0.08812500000000896 
0.19937500000000907 
0.16187500000000904 
0.2806250000000103 
0.11687500000000899 
0.16562500000000904 
0.19562500000000907 
0.18937500000000906 
0.26187500000000985 
0.10312500000000897 
0.2281250000000095 
0.2456250000000099 
0.18437500000000906 
0.24062500000000966 
0.15437500000000903 
0.18812500000000906 
0.17937500000000905 
0.13687500000000902 
0.20312500000000908 
0.21437500000000909 
0.25187500000000995 
0.22687500000000943 
0.19437500000000907 
0.26937500000000997 
0.16437500000000904 
0.126875000000009 
0.11062500000000898 
0.20062500000000907 
0.2493750000000099 
0.26187500000000996 
0.11562500000000898 
0.17937500000000905 
0.11312500000000898 
0.13437500000000902 
0.2231250000000091 
0.25437500000000995 
