0.2956250000000093 
0.5068750000000094 
0.25312500000000915 
0.3843750000000102 
0.34312500000000923 
0.25218750000000917 
0.2681250000000092 
0.2546875000000091 
0.3343750000000092 
0.3468750000000092 
0.21312500000000908 
0.2656250000000096 
0.28562500000000984 
0.3406250000000092 
0.27437500000000964 
0.2631250000000092 
0.3006250000000098 
0.2631250000000092 
0.2693750000000094 
0.25593750000000914 
0.2568750000000093 
0.30812500000000953 
0.27062500000000916 
0.30687500000000917 
0.2743750000000092 
0.28937500000000976 
0.28062500000000995 
0.2631250000000096 
0.2693750000000094 
0.27187500000000947 
0.37562500000000926 
0.3406250000000098 
0.27687500000000925 
0.29062500000001 
0.2918750000000099 
0.2443750000000091 
0.28937500000000954 
0.3068750000000099 
0.2943750000000098 
0.34312500000000923 
0.36562500000000925 
0.3409375000000092 
0.28812500000000973 
0.3156250000000099 
0.2543750000000091 
0.2646875000000092 
0.3068750000000095 
0.4331250000000115 
0.18812500000000906 
0.20937500000000908 
0.17812500000000905 
0.2596875000000092 
0.36812500000000925 
0.2593750000000103 
0.3343750000000092 
0.30687500000000933 
0.3343750000000092 
0.34468750000000925 
0.30312500000000964 
0.41687500000001015 
0.3731250000000093 
0.35937500000001 
0.2756250000000092 
0.3093750000000099 
0.27937500000000925 
0.2781250000000099 
0.20687500000000908 
0.2868750000000092 
0.3156250000000094 
0.25562500000000926 
0.3031250000000098 
0.2568750000000091 
0.39812500000001 
0.2531250000000092 
0.25218750000000917 
0.37187500000001017 
0.20437500000000908 
0.3356250000000092 
0.2518750000000091 
0.25937500000000935 
0.26812500000000955 
0.25562500000000915 
0.2718750000000093 
0.18562500000000906 
0.25312500000000915 
0.2981250000000094 
0.34562500000000923 
0.2906250000000096 
0.2668750000000092 
0.40687500000001076 
0.2568750000000091 
0.26437500000000946 
0.2156250000000091 
0.33468750000000924 
0.27062500000000933 
0.30687500000000983 
0.3346875000000092 
0.3043750000000094 
0.34937500000000926 
0.3293750000000099 
0.23062500000000916 
0.28687500000000954 
0.3068750000000099 
0.4256250000000107 
0.25437500000000934 
0.25562500000000915 
0.3256250000000098 
0.25562500000000915 
0.35187500000001015 
0.33812500000001 
0.33937500000000975 
0.43062500000001136 
0.30312500000000964 
0.2518750000000091 
0.3384375000000092 
0.2668750000000097 
0.2518750000000091 
0.25187500000000923 
0.2318750000000091 
0.2343750000000091 
0.3006250000000095 
0.2668750000000092 
0.2556250000000092 
0.3131250000000098 
0.37062500000001014 
0.38562500000001027 
0.25062500000000953 
0.2581250000000092 
0.2656250000000093 
0.25312500000000915 
0.3043750000000097 
0.33562500000001005 
0.2881250000000097 
0.27312500000000967 
0.25343750000000914 
0.26312500000000927 
0.29812500000000935 
0.27687500000000975 
0.32312500000001 
0.30437500000000967 
0.20687500000000908 
0.33562500000000983 
0.34218750000000925 
0.2393750000000091 
0.2281250000000091 
0.3018750000000098 
0.26187500000000946 
0.3381250000000092 
0.2781250000000095 
0.25937500000000924 
0.35687500000001 
0.2518750000000091 
0.2581250000000092 
0.28312500000000973 
0.27062500000000916 
0.3356250000000092 
0.4243750000000117 
0.24187500000000933 
0.2768750000000098 
0.2656250000000094 
0.3318750000000101 
0.2856250000000094 
0.2593750000000091 
0.2556250000000093 
0.3368750000000099 
0.33312500000000994 
0.2593750000000091 
0.2568750000000091 
0.2621875000000092 
0.27437500000000975 
0.2918750000000097 
0.28062500000000923 
0.33687500000000975 
0.2193750000000091 
0.28187500000000953 
0.2668750000000093 
0.27812500000000934 
0.27437500000000936 
0.25562500000000915 
0.4743750000000121 
0.27687500000000953 
0.38937500000001024 
0.2806250000000096 
0.2518750000000092 
0.2543750000000091 
0.30812500000000975 
0.29437500000000927 
0.2656250000000092 
0.44062500000001126 
0.2718750000000092 
0.38562500000001015 
0.3231250000000101 
0.2331250000000091 
0.33937500000000925 
0.2706250000000096 
0.3206250000000099 
0.2543750000000092 
0.2518750000000091 
0.3693750000000098 
0.2631250000000098 
0.3606250000000093 
0.2631250000000094 
0.3156250000000094 
0.2868750000000092 
0.2643750000000092 
0.2868750000000098 
0.33937500000000925 
0.2768750000000095 
0.40937500000001087 
0.3831250000000101 
0.2293750000000091 
0.3384375000000092 
0.25812500000000915 
0.2831250000000094 
0.32312500000001 
0.3356250000000092 
0.2918750000000092 
0.2593750000000094 
0.38062500000000954 
0.26687500000000935 
0.3631250000000098 
0.3356250000000092 
0.2518750000000091 
0.31437500000000923 
0.26562500000000916 
0.2218750000000091 
0.28062500000000984 
0.3481250000000097 
0.3268750000000095 
0.5418750000000101 
0.20468750000000907 
0.2656250000000093 
0.2693750000000097 
0.30812500000000986 
0.31437500000001 
0.34687500000000937 
0.5018750000000094 
0.25312500000000915 
0.2543750000000091 
0.2918750000000092 
0.3268750000000099 
0.3768750000000101 
0.2393750000000091 
0.2543750000000092 
0.3143750000000097 
0.2618750000000095 
0.2521875000000091 
0.2593750000000092 
0.2268750000000091 
0.32687500000001 
0.2556250000000094 
0.5143750000000094 
0.2556250000000092 
0.2881250000000093 
0.25562500000000915 
0.2693750000000093 
0.25187500000000923 
0.33187500000001 
0.25437500000000945 
0.2693750000000092 
0.3356250000000092 
0.3421875000000092 
0.2606250000000094 
0.2631250000000093 
0.2956250000000097 
0.2656250000000093 
0.24812500000000928 
0.26812500000000955 
0.35187500000001004 
0.27312500000000917 
0.26062500000000915 
0.2918750000000092 
0.2831250000000095 
0.36062500000001024 
0.2756250000000094 
0.29062500000000946 
0.34437500000001 
0.26187500000000913 
0.25812500000000943 
0.2521875000000091 
0.26343750000000915 
0.2556250000000092 
0.2596875000000092 
0.30687500000000983 
0.2606250000000096 
0.28437500000000926 
0.3348437500000092 
0.27187500000000947 
0.2543750000000091 
0.4218750000000106 
0.3493750000000094 
0.3368750000000092 
0.20937500000000908 
0.25562500000000915 
0.2631250000000092 
0.25218750000000917 
0.2743750000000092 
0.2618750000000092 
0.2981250000000094 
0.3043750000000098 
