0.14437500000000902 
0.2631250000000098 
0.3068750000000101 
0.11437500000000898 
0.14562500000000903 
0.13937500000000902 
0.15562500000000903 
0.2331250000000096 
0.15562500000000903 
0.17187500000000905 
0.23062500000000932 
0.18937500000000906 
0.17687500000000905 
0.14062500000000902 
0.17062500000000905 
0.19562500000000907 
0.20062500000000907 
0.17437500000000905 
0.19187500000000907 
0.19812500000000907 
0.14812500000000903 
0.3343750000000102 
0.10937500000000898 
0.20312500000000908 
0.23562500000000955 
0.18187500000000906 
0.26062500000001004 
0.2156250000000091 
0.15812500000000904 
0.10937500000000898 
0.23687500000000955 
0.16187500000000904 
0.27312500000001 
0.2156250000000091 
0.30187500000001016 
0.17312500000000905 
0.128125000000009 
0.19437500000000907 
0.17437500000000905 
0.21062500000000908 
0.20187500000000907 
0.25062500000000987 
0.16312500000000904 
0.17937500000000905 
0.21062500000000908 
0.20312500000000908 
0.16562500000000904 
0.16687500000000904 
0.22312500000000926 
0.18062500000000906 
0.15187500000000903 
0.18937500000000906 
0.21062500000000908 
0.19062500000000906 
0.15812500000000904 
0.2781250000000101 
0.19437500000000907 
0.15312500000000903 
0.29312500000001007 
0.17562500000000905 
0.2418750000000096 
0.10062500000000897 
0.16187500000000904 
0.2193750000000091 
0.16562500000000904 
0.2206250000000091 
0.2943750000000102 
0.17437500000000905 
0.11187500000000898 
0.19937500000000907 
0.19062500000000906 
0.23312500000000966 
0.20187500000000907 
0.19562500000000907 
0.30062500000001036 
0.3093750000000102 
0.16562500000000904 
0.16812500000000904 
0.17187500000000905 
0.18937500000000906 
0.20062500000000907 
0.18687500000000906 
0.14187500000000902 
0.21187500000000908 
0.19437500000000907 
0.15562500000000903 
0.2168750000000091 
0.2131250000000092 
0.15937500000000904 
0.17937500000000905 
0.17437500000000905 
0.14312500000000902 
0.2481250000000099 
0.11687500000000899 
0.16062500000000904 
0.26937500000001013 
0.21312500000000908 
0.20437500000000908 
0.15312500000000903 
0.13937500000000902 
0.3556250000000103 
0.16062500000000904 
0.14312500000000902 
0.16437500000000904 
0.23812500000000955 
0.17562500000000905 
0.14687500000000903 
0.24062500000000955 
0.10187500000000897 
0.21687500000000914 
0.17187500000000905 
0.19687500000000907 
0.14937500000000903 
0.18812500000000906 
0.11812500000000899 
0.14562500000000903 
0.19437500000000907 
0.18687500000000906 
0.17687500000000905 
0.21812500000000914 
0.21437500000000914 
0.22937500000000943 
0.15062500000000903 
0.19812500000000907 
0.23187500000000943 
0.30562500000001014 
0.16937500000000905 
0.14812500000000903 
0.22062500000000915 
0.16062500000000904 
0.39437500000001086 
0.19062500000000906 
0.15687500000000903 
0.22937500000000943 
0.125625000000009 
0.32687500000001046 
0.16562500000000904 
0.20312500000000908 
0.13562500000000902 
0.2356250000000095 
0.18312500000000906 
0.20937500000000908 
0.13312500000000901 
0.14062500000000902 
0.20437500000000908 
0.19062500000000906 
0.24437500000000978 
0.11437500000000898 
0.2568750000000102 
0.15687500000000903 
0.38187500000001035 
0.18312500000000906 
0.14562500000000903 
0.19562500000000907 
0.15937500000000904 
0.14562500000000903 
0.13312500000000901 
0.19937500000000907 
0.126875000000009 
0.2731250000000101 
0.21312500000000908 
0.10687500000000898 
0.15437500000000903 
0.20312500000000908 
0.126875000000009 
0.2193750000000091 
0.3106250000000104 
0.21062500000000908 
0.21437500000000909 
0.17312500000000905 
0.16312500000000904 
0.19562500000000907 
0.131875000000009 
0.16687500000000904 
0.21187500000000908 
0.12187500000000899 
0.27937500000000987 
0.125625000000009 
0.12437500000000899 
0.2656250000000099 
0.13812500000000902 
0.131875000000009 
0.26937500000000997 
0.25687500000000985 
0.20937500000000908 
0.13687500000000902 
0.18812500000000906 
0.20187500000000907 
0.14937500000000903 
0.14687500000000903 
0.17187500000000905 
0.11437500000000898 
0.17062500000000905 
0.14437500000000902 
0.19687500000000907 
0.24562500000000967 
0.16062500000000904 
0.17812500000000905 
0.2731250000000102 
0.20437500000000908 
0.12312500000000899 
0.26437500000001013 
0.16187500000000904 
0.17562500000000905 
0.21062500000000908 
0.13687500000000902 
0.19812500000000907 
0.15812500000000904 
0.13812500000000902 
0.19562500000000907 
0.14812500000000903 
0.13312500000000901 
0.2693750000000101 
0.17062500000000905 
0.15312500000000903 
0.14687500000000903 
0.19812500000000907 
0.3593750000000105 
0.18937500000000906 
0.16062500000000904 
0.08937500000000896 
0.2731250000000099 
0.22937500000000938 
0.2556250000000098 
0.15812500000000904 
0.17187500000000905 
0.15437500000000903 
0.19062500000000906 
0.128125000000009 
0.125625000000009 
0.16937500000000905 
0.19937500000000907 
0.131875000000009 
0.2656250000000099 
0.17687500000000905 
0.12312500000000899 
0.126875000000009 
0.15187500000000903 
0.17187500000000905 
0.15937500000000904 
0.22437500000000932 
0.14687500000000903 
0.19312500000000907 
0.18062500000000906 
0.12437500000000899 
0.3043750000000102 
0.22687500000000949 
0.17437500000000905 
0.34812500000001045 
0.15937500000000904 
0.15312500000000903 
0.17437500000000905 
0.22812500000000943 
0.3443750000000104 
0.2893750000000101 
0.15687500000000903 
0.13937500000000902 
0.20437500000000908 
0.2431250000000096 
0.2218750000000091 
0.16187500000000904 
0.22437500000000937 
0.16687500000000904 
0.17312500000000905 
0.20562500000000908 
0.20187500000000907 
0.11312500000000898 
0.2181250000000091 
0.16312500000000904 
0.14437500000000902 
0.13562500000000902 
0.16562500000000904 
0.18187500000000906 
0.2306250000000095 
0.22812500000000938 
0.17562500000000905 
0.10562500000000898 
0.19312500000000907 
0.16562500000000904 
0.15937500000000904 
0.41437500000001154 
0.10687500000000898 
0.20687500000000908 
0.16062500000000904 
0.18312500000000906 
0.19812500000000907 
0.28437500000001015 
0.15812500000000904 
0.18812500000000906 
0.13562500000000902 
0.13437500000000902 
0.21062500000000908 
0.15062500000000903 
0.20062500000000907 
0.19187500000000907 
0.18937500000000906 
0.129375000000009 
0.17062500000000905 
0.3018750000000103 
0.20187500000000907 
