0.128125000000009 
0.19437500000000907 
0.16437500000000904 
0.21687500000000914 
0.23437500000000944 
0.20437500000000908 
0.15312500000000903 
0.17187500000000905 
0.20062500000000907 
0.16312500000000904 
0.20187500000000907 
0.3218750000000103 
0.131875000000009 
0.10562500000000898 
0.19062500000000906 
0.15187500000000903 
0.10062500000000897 
0.14187500000000902 
0.18812500000000906 
0.20812500000000914 
0.17812500000000905 
0.18062500000000906 
0.18437500000000906 
0.15812500000000904 
0.16312500000000904 
0.12437500000000899 
0.15812500000000904 
0.19187500000000907 
0.14562500000000903 
0.128125000000009 
0.17562500000000905 
0.19187500000000907 
0.11937500000000899 
0.2156250000000091 
0.10312500000000897 
0.21312500000000908 
0.10937500000000898 
0.34437500000001037 
0.15562500000000903 
0.15937500000000904 
0.14687500000000903 
0.12062500000000899 
0.24062500000000983 
0.17187500000000905 
0.3618750000000106 
0.14937500000000903 
0.126875000000009 
0.13812500000000902 
0.2493750000000099 
0.15562500000000903 
0.19437500000000907 
0.14437500000000902 
0.28937500000001004 
0.17187500000000905 
0.37812500000001087 
0.20062500000000907 
0.17812500000000905 
0.24687500000000973 
0.11812500000000899 
0.18937500000000906 
0.128125000000009 
0.23562500000000977 
0.2768750000000101 
0.15562500000000903 
0.16562500000000904 
0.18687500000000906 
0.128125000000009 
0.15437500000000903 
0.10062500000000897 
0.14562500000000903 
0.13312500000000901 
0.17187500000000905 
0.2868750000000102 
0.17562500000000905 
0.3606250000000104 
0.15437500000000903 
0.16812500000000904 
0.18687500000000906 
0.11062500000000898 
0.20312500000000908 
0.20437500000000908 
0.18562500000000906 
0.17937500000000905 
0.22687500000000937 
0.19437500000000907 
0.2193750000000092 
0.11437500000000898 
0.16562500000000904 
0.11062500000000898 
0.130625000000009 
0.16937500000000905 
0.18937500000000906 
0.16437500000000904 
0.131875000000009 
0.17312500000000905 
0.20437500000000908 
0.13812500000000902 
0.16062500000000904 
0.10812500000000898 
0.27562500000001017 
0.2168750000000091 
0.11937500000000899 
0.26312500000001005 
0.16437500000000904 
0.14687500000000903 
0.09812500000000897 
0.20562500000000908 
0.14812500000000903 
0.2218750000000092 
0.27937500000001003 
0.14312500000000902 
0.24937500000000995 
0.14812500000000903 
0.2193750000000091 
0.16062500000000904 
0.11187500000000898 
0.18812500000000906 
0.11937500000000899 
0.16687500000000904 
0.12187500000000899 
0.18937500000000906 
0.22062500000000926 
0.12062500000000899 
0.38937500000001074 
0.15812500000000904 
0.23312500000000955 
0.2368750000000096 
0.19687500000000907 
0.24937500000001006 
0.2468750000000099 
0.19687500000000907 
0.17937500000000905 
0.19187500000000907 
0.29187500000001 
0.2318750000000095 
0.2331250000000096 
0.21187500000000908 
0.125625000000009 
0.11437500000000898 
0.16937500000000905 
0.21937500000000926 
0.20312500000000908 
0.16937500000000905 
0.12437500000000899 
0.14562500000000903 
0.128125000000009 
0.13687500000000902 
0.19562500000000907 
0.18812500000000906 
0.17562500000000905 
0.24437500000000978 
0.17562500000000905 
0.3093750000000102 
0.14687500000000903 
0.23812500000000977 
0.2956250000000101 
0.24562500000000995 
0.23062500000000927 
0.12187500000000899 
0.24562500000000984 
0.20937500000000908 
0.11937500000000899 
0.11062500000000898 
0.20437500000000908 
0.20312500000000908 
0.2756250000000101 
0.11312500000000898 
0.130625000000009 
0.11437500000000898 
0.2793750000000101 
0.27812500000001017 
0.24187500000000994 
0.14312500000000902 
0.128125000000009 
0.15687500000000903 
0.19937500000000907 
0.22812500000000938 
0.19312500000000907 
0.2181250000000091 
0.13687500000000902 
0.24687500000000973 
0.15812500000000904 
0.2593750000000101 
0.25562500000001015 
0.18562500000000906 
0.15187500000000903 
0.17937500000000905 
0.11937500000000899 
0.16187500000000904 
0.14687500000000903 
0.15312500000000903 
0.14437500000000902 
0.20687500000000908 
0.19312500000000907 
0.37062500000001064 
0.18687500000000906 
0.24062500000000983 
0.20812500000000908 
0.18812500000000906 
0.07937500000000898 
0.17937500000000905 
0.3418750000000103 
0.31187500000001045 
0.16812500000000904 
0.16062500000000904 
0.14687500000000903 
0.17937500000000905 
0.19062500000000906 
0.129375000000009 
0.15937500000000904 
0.13437500000000902 
0.11312500000000898 
0.31562500000001037 
0.2218750000000091 
0.15062500000000903 
0.09687500000000897 
0.12062500000000899 
0.15437500000000903 
0.23812500000000966 
0.19437500000000907 
0.12187500000000899 
0.09312500000000896 
0.14312500000000902 
0.18687500000000906 
0.16812500000000904 
0.15937500000000904 
0.17062500000000905 
0.13312500000000901 
0.11812500000000899 
0.12062500000000899 
0.12187500000000899 
0.17687500000000905 
0.19062500000000906 
0.15062500000000903 
0.13937500000000902 
0.25687500000000996 
0.21187500000000908 
0.2456250000000099 
0.20812500000000908 
0.19812500000000907 
0.11312500000000898 
0.24562500000000978 
0.13437500000000902 
0.13937500000000902 
0.15062500000000903 
0.21437500000000909 
0.17312500000000905 
0.16312500000000904 
0.10437500000000897 
0.17062500000000905 
0.22937500000000938 
0.20062500000000907 
0.33312500000001055 
0.19312500000000907 
0.20312500000000908 
0.18937500000000906 
0.15687500000000903 
0.14312500000000902 
0.22437500000000937 
0.12437500000000899 
0.18562500000000906 
0.21062500000000908 
0.19312500000000907 
0.24312500000000967 
0.24187500000000967 
0.24437500000000972 
0.17062500000000905 
0.18312500000000906 
0.19312500000000907 
0.14437500000000902 
0.15312500000000903 
0.21062500000000908 
0.14062500000000902 
0.18062500000000906 
0.11312500000000898 
0.13937500000000902 
0.20937500000000908 
0.21312500000000908 
0.23062500000000943 
0.15687500000000903 
0.126875000000009 
0.19812500000000907 
0.19312500000000907 
0.19687500000000907 
0.2306250000000092 
0.17187500000000905 
0.26562500000001005 
0.21312500000000908 
0.15437500000000903 
0.17937500000000905 
0.15437500000000903 
0.15187500000000903 
0.16437500000000904 
0.18187500000000906 
0.28937500000001026 
0.19562500000000907 
0.18437500000000906 
0.25562500000001 
0.16187500000000904 
0.31312500000001015 
