0.08937500000000896 
0.13937500000000902 
0.20812500000000908 
0.19187500000000907 
0.16937500000000905 
0.3706250000000104 
0.126875000000009 
0.30812500000001025 
0.23437500000000955 
0.14937500000000903 
0.3231250000000102 
0.126875000000009 
0.17937500000000905 
0.13562500000000902 
0.16562500000000904 
0.17437500000000905 
0.19187500000000907 
0.19937500000000907 
0.27187500000001 
0.2443750000000099 
0.12437500000000899 
0.19187500000000907 
0.2181250000000091 
0.14187500000000902 
0.10812500000000898 
0.15062500000000903 
0.3306250000000104 
0.17562500000000905 
0.2381250000000096 
0.16687500000000904 
0.16312500000000904 
0.2218750000000092 
0.12187500000000899 
0.128125000000009 
0.23187500000000938 
0.130625000000009 
0.19937500000000907 
0.16062500000000904 
0.18312500000000906 
0.130625000000009 
0.16437500000000904 
0.17562500000000905 
0.17937500000000905 
0.17812500000000905 
0.09937500000000897 
0.16437500000000904 
0.13687500000000902 
0.18687500000000906 
0.130625000000009 
0.2856250000000104 
0.128125000000009 
0.20562500000000908 
0.21062500000000908 
0.2556250000000099 
0.20812500000000908 
0.30562500000001036 
0.12312500000000899 
0.2206250000000092 
0.14187500000000902 
0.15562500000000903 
0.19187500000000907 
0.10687500000000898 
0.25312500000000987 
0.13812500000000902 
0.125625000000009 
0.21562500000000914 
0.14062500000000902 
0.20187500000000907 
0.12062500000000899 
0.11187500000000898 
0.20812500000000908 
0.2243750000000092 
0.14687500000000903 
0.11812500000000899 
0.20312500000000908 
0.20562500000000908 
0.22812500000000938 
0.3406250000000104 
0.09812500000000897 
0.18437500000000906 
0.4068750000000116 
0.19562500000000907 
0.20812500000000908 
0.14437500000000902 
0.14187500000000902 
0.20687500000000908 
0.21437500000000909 
0.13562500000000902 
0.2156250000000091 
0.16312500000000904 
0.15312500000000903 
0.18562500000000906 
0.3293750000000102 
0.19937500000000907 
0.20687500000000908 
0.20812500000000908 
0.15937500000000904 
0.2843750000000101 
0.18062500000000906 
0.24187500000000967 
0.34062500000001045 
0.126875000000009 
0.17937500000000905 
0.130625000000009 
0.32312500000001054 
0.14562500000000903 
0.12187500000000899 
0.11187500000000898 
0.2556250000000099 
0.126875000000009 
0.23937500000000955 
0.18312500000000906 
0.11312500000000898 
0.2156250000000091 
0.26312500000001016 
0.33937500000001036 
0.18937500000000906 
0.12437500000000899 
0.24437500000000978 
0.17812500000000905 
0.13312500000000901 
0.17937500000000905 
0.17812500000000905 
0.2318750000000095 
0.3043750000000101 
0.13937500000000902 
0.10312500000000897 
0.10937500000000898 
0.18937500000000906 
0.131875000000009 
0.18312500000000906 
0.125625000000009 
0.15062500000000903 
0.2193750000000092 
0.18062500000000906 
0.15562500000000903 
0.13687500000000902 
0.11562500000000898 
0.2193750000000091 
0.11687500000000899 
0.15687500000000903 
0.10187500000000897 
0.20187500000000907 
0.20562500000000908 
0.14562500000000903 
0.11312500000000898 
0.10687500000000898 
0.4606250000000127 
0.10937500000000898 
0.14062500000000902 
0.16812500000000904 
0.21062500000000908 
0.16562500000000904 
0.18437500000000906 
0.15812500000000904 
0.17937500000000905 
0.131875000000009 
0.24687500000000984 
0.15187500000000903 
0.22437500000000937 
0.18937500000000906 
0.22437500000000926 
0.15937500000000904 
0.15687500000000903 
0.17062500000000905 
0.09937500000000897 
0.14687500000000903 
0.14687500000000903 
0.18062500000000906 
0.14312500000000902 
0.16187500000000904 
0.21312500000000908 
0.17437500000000905 
0.19937500000000907 
0.19062500000000906 
0.20062500000000907 
0.21562500000000914 
0.16062500000000904 
0.21312500000000908 
0.16062500000000904 
0.17187500000000905 
0.19187500000000907 
0.16437500000000904 
0.16437500000000904 
0.11937500000000899 
0.14187500000000902 
0.20937500000000908 
0.16937500000000905 
0.27937500000001003 
0.14437500000000902 
0.20312500000000908 
0.09937500000000897 
0.21562500000000914 
0.21437500000000942 
0.17312500000000905 
0.26812500000001005 
0.125625000000009 
0.17062500000000905 
0.14562500000000903 
0.14812500000000903 
0.13437500000000902 
0.11937500000000899 
0.14312500000000902 
0.14062500000000902 
0.14062500000000902 
0.17562500000000905 
0.19812500000000907 
0.15687500000000903 
0.18562500000000906 
0.16812500000000904 
0.24937500000000978 
0.13687500000000902 
0.14312500000000902 
0.24062500000000966 
0.15062500000000903 
0.128125000000009 
0.26687500000001013 
0.20187500000000907 
0.17562500000000905 
0.13562500000000902 
0.16187500000000904 
0.18937500000000906 
0.13812500000000902 
0.09687500000000897 
0.15812500000000904 
0.11062500000000898 
0.17812500000000905 
0.20812500000000908 
0.20687500000000908 
0.15062500000000903 
0.24937500000001006 
0.24562500000000995 
0.16937500000000905 
0.19437500000000907 
0.13812500000000902 
0.14812500000000903 
0.09062500000000896 
0.10187500000000897 
0.11812500000000899 
0.17687500000000905 
0.13562500000000902 
0.18687500000000906 
0.15062500000000903 
0.19562500000000907 
0.16187500000000904 
0.14562500000000903 
0.18562500000000906 
0.26687500000001 
0.14687500000000903 
0.27687500000001014 
0.2668750000000101 
0.2681250000000098 
0.21562500000000925 
0.14187500000000902 
0.12062500000000899 
0.14312500000000902 
0.14812500000000903 
0.18562500000000906 
0.13562500000000902 
0.128125000000009 
0.16312500000000904 
0.17312500000000905 
0.2743750000000101 
0.125625000000009 
0.14312500000000902 
0.15937500000000904 
0.21187500000000908 
0.2156250000000091 
0.18312500000000906 
0.2218750000000092 
0.18562500000000906 
0.17687500000000905 
0.16562500000000904 
0.19937500000000907 
0.26312500000000993 
0.16937500000000905 
0.3243750000000102 
0.23312500000000938 
0.15312500000000903 
0.29312500000001007 
0.13937500000000902 
0.11687500000000899 
0.16187500000000904 
0.18312500000000906 
0.3531250000000104 
0.19562500000000907 
0.2343750000000095 
0.09812500000000897 
0.3481250000000104 
0.14312500000000902 
0.130625000000009 
0.15062500000000903 
0.21062500000000908 
0.15437500000000903 
0.13687500000000902 
0.18062500000000906 
0.28937500000001004 
0.15812500000000904 
0.11562500000000898 
0.22937500000000938 
