0.18062500000000906 
0.14187500000000902 
0.11437500000000898 
0.09062500000000896 
0.2918750000000101 
0.14312500000000902 
0.16062500000000904 
0.21187500000000908 
0.17437500000000905 
0.19562500000000907 
0.17312500000000905 
0.15312500000000903 
0.09562500000000897 
0.15812500000000904 
0.15562500000000903 
0.14312500000000902 
0.13312500000000901 
0.14062500000000902 
0.2618750000000099 
0.24562500000000995 
0.19812500000000907 
0.11687500000000899 
0.13937500000000902 
0.129375000000009 
0.15187500000000903 
0.12437500000000899 
0.19312500000000907 
0.19312500000000907 
0.11687500000000899 
0.16312500000000904 
0.3568750000000112 
0.13437500000000902 
0.21562500000000914 
0.31062500000001025 
0.19937500000000907 
0.19812500000000907 
0.10562500000000898 
0.22437500000000915 
0.17187500000000905 
0.13437500000000902 
0.20187500000000907 
0.17312500000000905 
0.11437500000000898 
0.10437500000000897 
0.15812500000000904 
0.14437500000000902 
0.16812500000000904 
0.16437500000000904 
0.2856250000000101 
0.31687500000001023 
0.12187500000000899 
0.15812500000000904 
0.17062500000000905 
0.14812500000000903 
0.22812500000000926 
0.3243750000000103 
0.15312500000000903 
0.12312500000000899 
0.18812500000000906 
0.24062500000000966 
0.18562500000000906 
0.20312500000000908 
0.25187500000000995 
0.22437500000000937 
0.16437500000000904 
0.28187500000001003 
0.16312500000000904 
0.128125000000009 
0.25937500000001007 
0.18062500000000906 
0.25062500000001015 
0.2331250000000095 
0.17562500000000905 
0.2918750000000101 
0.125625000000009 
0.10437500000000897 
0.18437500000000906 
0.3556250000000104 
0.18062500000000906 
0.17812500000000905 
0.11437500000000898 
0.16312500000000904 
0.14812500000000903 
0.2418750000000096 
0.13687500000000902 
0.24187500000000972 
0.12312500000000899 
0.18187500000000906 
0.2206250000000091 
0.19687500000000907 
0.11062500000000898 
0.26062500000001 
0.15562500000000903 
0.16187500000000904 
0.16812500000000904 
0.130625000000009 
0.125625000000009 
0.20437500000000908 
0.2156250000000091 
0.22312500000000932 
0.129375000000009 
0.17687500000000905 
0.15437500000000903 
0.11687500000000899 
0.128125000000009 
0.16687500000000904 
0.14187500000000902 
0.24812500000000984 
0.20312500000000908 
0.2843750000000103 
0.19187500000000907 
0.21062500000000908 
0.13937500000000902 
0.3243750000000104 
0.22312500000000926 
0.125625000000009 
0.10812500000000898 
0.20437500000000908 
0.27437500000001014 
0.11937500000000899 
0.25562500000000987 
0.10687500000000898 
0.11562500000000898 
0.14437500000000902 
0.2193750000000092 
0.18437500000000906 
0.3056250000000102 
0.16437500000000904 
0.15937500000000904 
0.18437500000000906 
0.16937500000000905 
0.28062500000001 
0.125625000000009 
0.15312500000000903 
0.22687500000000943 
0.2718750000000103 
0.19312500000000907 
0.2168750000000091 
0.12312500000000899 
0.15812500000000904 
0.14312500000000902 
0.11812500000000899 
0.17062500000000905 
0.15937500000000904 
0.3356250000000104 
0.19312500000000907 
0.14312500000000902 
0.2918750000000102 
0.28687500000001 
0.16687500000000904 
0.19562500000000907 
0.38937500000001046 
0.46187500000001247 
0.15687500000000903 
0.28562500000001023 
0.128125000000009 
0.3593750000000105 
0.14437500000000902 
0.12437500000000899 
0.16312500000000904 
0.15687500000000903 
0.18062500000000906 
0.14312500000000902 
0.3106250000000104 
0.15562500000000903 
0.19062500000000906 
0.19937500000000907 
0.18687500000000906 
0.21812500000000926 
0.18062500000000906 
0.15437500000000903 
0.3118750000000104 
0.16437500000000904 
0.129375000000009 
0.11937500000000899 
0.16812500000000904 
0.21687500000000914 
0.14937500000000903 
0.15812500000000904 
0.11562500000000898 
0.16562500000000904 
0.22437500000000926 
0.24312500000000978 
0.11812500000000899 
0.18812500000000906 
0.2168750000000091 
0.14562500000000903 
0.3106250000000102 
0.12312500000000899 
0.29062500000001007 
0.12062500000000899 
0.17562500000000905 
0.16312500000000904 
0.17312500000000905 
0.16562500000000904 
0.18812500000000906 
0.11812500000000899 
0.15062500000000903 
0.11312500000000898 
0.22687500000000949 
0.23437500000000977 
0.130625000000009 
0.128125000000009 
0.15937500000000904 
0.22687500000000932 
0.16937500000000905 
0.20562500000000908 
0.12312500000000899 
0.13562500000000902 
0.19062500000000906 
0.16562500000000904 
0.22312500000000915 
0.11062500000000898 
0.19812500000000907 
0.16437500000000904 
0.14312500000000902 
0.20312500000000908 
0.26812500000001 
0.22312500000000915 
0.24187500000000972 
0.10562500000000898 
0.13812500000000902 
0.21062500000000908 
0.25687500000000996 
0.10187500000000897 
0.18437500000000906 
0.15062500000000903 
0.2556250000000099 
0.15937500000000904 
0.19562500000000907 
0.15812500000000904 
0.17562500000000905 
0.22562500000000926 
0.11312500000000898 
0.16062500000000904 
0.15812500000000904 
0.2343750000000095 
0.14687500000000903 
0.13312500000000901 
0.13562500000000902 
0.19312500000000907 
0.11062500000000898 
0.15437500000000903 
0.20312500000000908 
0.131875000000009 
0.18437500000000906 
0.25312500000001 
0.21687500000000914 
0.21312500000000908 
0.11437500000000898 
0.17812500000000905 
0.15437500000000903 
0.14937500000000903 
0.09812500000000897 
0.15687500000000903 
0.21312500000000908 
0.16937500000000905 
0.24562500000000995 
0.23187500000000977 
0.13687500000000902 
0.13437500000000902 
0.2706250000000103 
0.11062500000000898 
0.12062500000000899 
0.12437500000000899 
0.19062500000000906 
0.24187500000000972 
0.131875000000009 
0.13437500000000902 
0.15937500000000904 
0.22562500000000943 
0.11312500000000898 
0.2181250000000091 
0.125625000000009 
0.22812500000000938 
0.15687500000000903 
0.13437500000000902 
0.15562500000000903 
0.15062500000000903 
0.31937500000001035 
0.21187500000000908 
0.11437500000000898 
0.13937500000000902 
0.18937500000000906 
0.18687500000000906 
0.11187500000000898 
0.16437500000000904 
0.16437500000000904 
0.14812500000000903 
0.10062500000000897 
0.11562500000000898 
0.18562500000000906 
0.23562500000000966 
0.129375000000009 
0.25312500000000987 
0.13937500000000902 
0.25312500000001 
0.19562500000000907 
0.16312500000000904 
0.28062500000001017 
