0.17687500000000905 
0.18062500000000906 
0.16812500000000904 
0.12312500000000899 
0.15937500000000904 
0.15187500000000903 
0.14312500000000902 
0.2656250000000099 
0.17562500000000905 
0.15562500000000903 
0.28312500000001023 
0.15187500000000903 
0.15562500000000903 
0.15562500000000903 
0.2431250000000099 
0.17062500000000905 
0.15687500000000903 
0.27437500000001036 
0.11812500000000899 
0.15562500000000903 
0.19187500000000907 
0.26437500000000996 
0.125625000000009 
0.2218750000000092 
0.20062500000000907 
0.16312500000000904 
0.26687500000000997 
0.3818750000000107 
0.2156250000000091 
0.13312500000000901 
0.23812500000000972 
0.17062500000000905 
0.25937500000001 
0.13562500000000902 
0.15187500000000903 
0.14062500000000902 
0.16812500000000904 
0.14812500000000903 
0.128125000000009 
0.12187500000000899 
0.13937500000000902 
0.131875000000009 
0.15187500000000903 
0.12437500000000899 
0.21437500000000909 
0.14062500000000902 
0.129375000000009 
0.18562500000000906 
0.19437500000000907 
0.18562500000000906 
0.15312500000000903 
0.13687500000000902 
0.15812500000000904 
0.14062500000000902 
0.14312500000000902 
0.15187500000000903 
0.09937500000000897 
0.14312500000000902 
0.16687500000000904 
0.36687500000001044 
0.27937500000001003 
0.13562500000000902 
0.12437500000000899 
0.16062500000000904 
0.18687500000000906 
0.12062500000000899 
0.17687500000000905 
0.17562500000000905 
0.15687500000000903 
0.11187500000000898 
0.15437500000000903 
0.16062500000000904 
0.131875000000009 
0.21187500000000908 
0.17312500000000905 
0.31562500000001026 
0.16937500000000905 
0.18437500000000906 
0.12312500000000899 
0.16687500000000904 
0.10562500000000898 
0.13687500000000902 
0.13312500000000901 
0.16437500000000904 
0.11187500000000898 
0.11562500000000898 
0.17687500000000905 
0.11562500000000898 
0.2581250000000099 
0.14812500000000903 
0.15437500000000903 
0.14687500000000903 
0.18062500000000906 
0.14812500000000903 
0.11187500000000898 
0.11312500000000898 
0.13812500000000902 
0.14937500000000903 
0.13937500000000902 
0.131875000000009 
0.11437500000000898 
0.2506250000000099 
0.14812500000000903 
0.20937500000000908 
0.23187500000000943 
0.14937500000000903 
0.19312500000000907 
0.18812500000000906 
0.37437500000001056 
0.14437500000000902 
0.2206250000000091 
0.18812500000000906 
0.15937500000000904 
0.2181250000000092 
0.18812500000000906 
0.2356250000000096 
0.15437500000000903 
0.23187500000000932 
0.12187500000000899 
0.14562500000000903 
0.23312500000000944 
0.21062500000000908 
0.20062500000000907 
0.14437500000000902 
0.15687500000000903 
0.22812500000000932 
0.20437500000000908 
0.13437500000000902 
0.07062500000000899 
0.2981250000000104 
0.17062500000000905 
0.20937500000000908 
0.2506250000000099 
0.18187500000000906 
0.21312500000000908 
0.19187500000000907 
0.10562500000000898 
0.15312500000000903 
0.19437500000000907 
0.129375000000009 
0.25687500000000985 
0.2206250000000091 
0.11812500000000899 
0.14812500000000903 
0.130625000000009 
0.14312500000000902 
0.17687500000000905 
0.18562500000000906 
0.17062500000000905 
0.17812500000000905 
0.2706250000000099 
0.17312500000000905 
0.11687500000000899 
0.09187500000000896 
0.2181250000000092 
0.131875000000009 
0.11812500000000899 
0.15812500000000904 
0.130625000000009 
0.14937500000000903 
0.12062500000000899 
0.17687500000000905 
0.21187500000000908 
0.15812500000000904 
0.15562500000000903 
0.15812500000000904 
0.12062500000000899 
0.129375000000009 
0.13312500000000901 
0.17437500000000905 
0.14062500000000902 
0.15187500000000903 
0.13812500000000902 
0.13312500000000901 
0.11187500000000898 
0.2243750000000092 
0.10687500000000898 
0.14937500000000903 
0.15437500000000903 
0.3193750000000102 
0.16937500000000905 
0.14562500000000903 
0.10687500000000898 
0.09562500000000897 
0.2231250000000092 
0.19687500000000907 
0.18937500000000906 
0.14062500000000902 
0.130625000000009 
0.11562500000000898 
0.22562500000000932 
0.15062500000000903 
0.24937500000000984 
0.20937500000000908 
0.15312500000000903 
0.16437500000000904 
0.24437500000000967 
0.16812500000000904 
0.20562500000000908 
0.13937500000000902 
0.2168750000000091 
0.17937500000000905 
0.3306250000000102 
0.13437500000000902 
0.21937500000000915 
0.126875000000009 
0.18062500000000906 
0.2818750000000102 
0.11062500000000898 
0.18312500000000906 
0.17687500000000905 
0.3218750000000105 
0.13937500000000902 
0.24062500000001 
0.12062500000000899 
0.11812500000000899 
0.15437500000000903 
0.17312500000000905 
0.18187500000000906 
0.17062500000000905 
0.21312500000000908 
0.27312500000001005 
0.20687500000000908 
0.11062500000000898 
0.16437500000000904 
0.14437500000000902 
0.14312500000000902 
0.17437500000000905 
0.22812500000000932 
0.17437500000000905 
0.13312500000000901 
0.15687500000000903 
0.15562500000000903 
0.15937500000000904 
0.12187500000000899 
0.2181250000000091 
0.19437500000000907 
0.25687500000000996 
0.13687500000000902 
0.19187500000000907 
0.13812500000000902 
0.18437500000000906 
0.18437500000000906 
0.14562500000000903 
0.08312500000000897 
0.22812500000000938 
0.14187500000000902 
0.13937500000000902 
0.125625000000009 
0.16062500000000904 
0.16437500000000904 
0.17687500000000905 
0.33062500000001055 
0.14562500000000903 
0.16312500000000904 
0.11562500000000898 
0.16187500000000904 
0.18187500000000906 
0.14812500000000903 
0.29312500000001046 
0.14562500000000903 
0.19437500000000907 
0.2318750000000096 
0.14187500000000902 
0.17937500000000905 
0.34062500000001034 
0.15062500000000903 
0.16937500000000905 
0.22187500000000915 
0.11312500000000898 
0.20687500000000908 
0.18062500000000906 
0.20937500000000908 
0.16312500000000904 
0.13312500000000901 
0.12437500000000899 
0.125625000000009 
0.09812500000000897 
0.19437500000000907 
0.2156250000000091 
0.2568750000000102 
0.17562500000000905 
0.15562500000000903 
0.17812500000000905 
0.21062500000000908 
0.16562500000000904 
0.17687500000000905 
0.10437500000000897 
0.16562500000000904 
0.14312500000000902 
0.15937500000000904 
0.17687500000000905 
0.17312500000000905 
0.17687500000000905 
0.2381250000000096 
0.16812500000000904 
0.21062500000000908 
0.08562500000000897 
0.11562500000000898 
0.129375000000009 
