0.21187500000000908 
0.17437500000000905 
0.17687500000000905 
0.13937500000000902 
0.20437500000000908 
0.131875000000009 
0.24687500000000973 
0.10687500000000898 
0.13937500000000902 
0.17812500000000905 
0.17687500000000905 
0.14937500000000903 
0.12437500000000899 
0.14687500000000903 
0.11062500000000898 
0.2731250000000099 
0.12187500000000899 
0.129375000000009 
0.13312500000000901 
0.18812500000000906 
0.17187500000000905 
0.14937500000000903 
0.20562500000000908 
0.17187500000000905 
0.15312500000000903 
0.18062500000000906 
0.125625000000009 
0.3231250000000103 
0.15937500000000904 
0.12062500000000899 
0.15687500000000903 
0.12062500000000899 
0.2156250000000091 
0.3393750000000103 
0.27312500000000994 
0.09687500000000897 
0.15687500000000903 
0.2418750000000099 
0.10562500000000898 
0.2693750000000101 
0.2356250000000096 
0.20437500000000908 
0.20187500000000907 
0.22437500000000915 
0.11562500000000898 
0.24562500000001006 
0.22687500000000943 
0.130625000000009 
0.20562500000000908 
0.128125000000009 
0.12187500000000899 
0.12062500000000899 
0.18437500000000906 
0.14187500000000902 
0.24187500000000994 
0.12062500000000899 
0.19687500000000907 
0.16687500000000904 
0.23812500000000966 
0.21062500000000908 
0.14812500000000903 
0.2168750000000091 
0.14812500000000903 
0.15687500000000903 
0.2156250000000091 
0.07562500000000896 
0.17062500000000905 
0.24187500000000955 
0.11687500000000899 
0.129375000000009 
0.18437500000000906 
0.12187500000000899 
0.18937500000000906 
0.13812500000000902 
0.15562500000000903 
0.30812500000001014 
0.17062500000000905 
0.11312500000000898 
0.20062500000000907 
0.2381250000000096 
0.32562500000001016 
0.12312500000000899 
0.17687500000000905 
0.22812500000000943 
0.16187500000000904 
0.14437500000000902 
0.2156250000000091 
0.10562500000000898 
0.3268750000000103 
0.14687500000000903 
0.09812500000000897 
0.09812500000000897 
0.19437500000000907 
0.12062500000000899 
0.13812500000000902 
0.16437500000000904 
0.2918750000000101 
0.19937500000000907 
0.13437500000000902 
0.19437500000000907 
0.2193750000000092 
0.2381250000000096 
0.21312500000000908 
0.18562500000000906 
0.14437500000000902 
0.13312500000000901 
0.18812500000000906 
0.26687500000000997 
0.2756250000000101 
0.19187500000000907 
0.16812500000000904 
0.11562500000000898 
0.13812500000000902 
0.22562500000000954 
0.12437500000000899 
0.15687500000000903 
0.17437500000000905 
0.16937500000000905 
0.2443750000000099 
0.18562500000000906 
0.11062500000000898 
0.129375000000009 
0.33687500000001025 
0.07562500000000896 
0.2156250000000091 
0.18437500000000906 
0.17937500000000905 
0.16437500000000904 
0.11562500000000898 
0.32812500000001044 
0.14062500000000902 
0.11937500000000899 
0.17812500000000905 
0.15812500000000904 
0.11062500000000898 
0.16062500000000904 
0.14312500000000902 
0.19312500000000907 
0.15437500000000903 
0.25312500000001 
0.10062500000000897 
0.11687500000000899 
0.14562500000000903 
0.11812500000000899 
0.13687500000000902 
0.24187500000000978 
0.17062500000000905 
0.2518750000000102 
0.2293750000000095 
0.16687500000000904 
0.24812500000000995 
0.20187500000000907 
0.2118750000000093 
0.12437500000000899 
0.29437500000001005 
0.15562500000000903 
0.19187500000000907 
0.21312500000000908 
0.14312500000000902 
0.14812500000000903 
0.16937500000000905 
0.14312500000000902 
0.129375000000009 
0.3293750000000103 
0.2331250000000095 
0.13312500000000901 
0.12437500000000899 
0.12062500000000899 
0.16562500000000904 
0.19812500000000907 
0.11562500000000898 
0.25687500000001007 
0.14937500000000903 
0.13937500000000902 
0.2918750000000104 
0.18437500000000906 
0.16437500000000904 
0.15562500000000903 
0.13312500000000901 
0.20187500000000907 
0.129375000000009 
0.17062500000000905 
0.16687500000000904 
0.15562500000000903 
0.09937500000000897 
0.25562500000000987 
0.2656250000000099 
0.31437500000001045 
0.11437500000000898 
0.13437500000000902 
0.20937500000000908 
0.16812500000000904 
0.18687500000000906 
0.130625000000009 
0.25312500000001 
0.10187500000000897 
0.09312500000000896 
0.16812500000000904 
0.10937500000000898 
0.12187500000000899 
0.21312500000000908 
0.18437500000000906 
0.06937500000000899 
0.12437500000000899 
0.2406250000000096 
0.19062500000000906 
0.20812500000000908 
0.15187500000000903 
0.14437500000000902 
0.16062500000000904 
0.12312500000000899 
0.15187500000000903 
0.2168750000000092 
0.126875000000009 
0.20062500000000907 
0.18687500000000906 
0.17187500000000905 
0.26062500000001004 
0.2168750000000091 
0.19812500000000907 
0.2343750000000096 
0.24187500000000983 
0.19937500000000907 
0.10687500000000898 
0.22812500000000932 
0.2306250000000097 
0.34562500000001023 
0.15937500000000904 
0.14187500000000902 
0.18937500000000906 
0.20812500000000908 
0.28187500000001 
0.16312500000000904 
0.26062500000001015 
0.21187500000000908 
0.11187500000000898 
0.20312500000000908 
0.19937500000000907 
0.16437500000000904 
0.16562500000000904 
0.10937500000000898 
0.18687500000000906 
0.09312500000000896 
0.16187500000000904 
0.14687500000000903 
0.14687500000000903 
0.15562500000000903 
0.20062500000000907 
0.24562500000000978 
0.13312500000000901 
0.26562500000001005 
0.19187500000000907 
0.130625000000009 
0.2118750000000093 
0.15937500000000904 
0.15562500000000903 
0.14812500000000903 
0.2156250000000091 
0.11562500000000898 
0.125625000000009 
0.13312500000000901 
0.15312500000000903 
0.11437500000000898 
0.13812500000000902 
0.15437500000000903 
0.15312500000000903 
0.2243750000000092 
0.22437500000000932 
0.23187500000000955 
0.19812500000000907 
0.19187500000000907 
0.15687500000000903 
0.2906250000000104 
0.14812500000000903 
0.23312500000000966 
0.16062500000000904 
0.14312500000000902 
0.11187500000000898 
0.21312500000000908 
0.2156250000000091 
0.11687500000000899 
0.09437500000000897 
0.25187500000000984 
0.22062500000000926 
0.13937500000000902 
0.11562500000000898 
0.33937500000001025 
0.19562500000000907 
0.16312500000000904 
0.11312500000000898 
0.2606250000000099 
0.15937500000000904 
0.21062500000000908 
0.14937500000000903 
0.23937500000000955 
0.14687500000000903 
0.2893750000000101 
0.15812500000000904 
0.14812500000000903 
0.2156250000000091 
