0.15687500000000903 
0.19062500000000906 
0.26312500000001005 
0.18937500000000906 
0.15937500000000904 
0.18062500000000906 
0.29562500000001 
0.18687500000000906 
0.16187500000000904 
0.16687500000000904 
0.10187500000000897 
0.22812500000000932 
0.26187500000000985 
0.11437500000000898 
0.20437500000000908 
0.15312500000000903 
0.15312500000000903 
0.13437500000000902 
0.12437500000000899 
0.14687500000000903 
0.09312500000000896 
0.14937500000000903 
0.18437500000000906 
0.13812500000000902 
0.12312500000000899 
0.19312500000000907 
0.131875000000009 
0.15687500000000903 
0.403125000000011 
0.130625000000009 
0.48187500000001227 
0.2906250000000101 
0.19187500000000907 
0.14812500000000903 
0.18187500000000906 
0.17562500000000905 
0.24312500000000972 
0.2206250000000091 
0.31687500000001034 
0.13312500000000901 
0.20312500000000908 
0.18187500000000906 
0.20062500000000907 
0.21187500000000908 
0.11437500000000898 
0.18937500000000906 
0.15562500000000903 
0.12312500000000899 
0.20937500000000908 
0.14437500000000902 
0.16687500000000904 
0.15187500000000903 
0.17187500000000905 
0.16312500000000904 
0.16187500000000904 
0.2431250000000099 
0.17687500000000905 
0.2168750000000091 
0.21187500000000908 
0.15437500000000903 
0.2543750000000099 
0.15437500000000903 
0.15937500000000904 
0.18687500000000906 
0.17312500000000905 
0.13562500000000902 
0.2156250000000091 
0.21437500000000909 
0.09687500000000897 
0.13312500000000901 
0.15937500000000904 
0.2293750000000095 
0.14562500000000903 
0.20062500000000907 
0.12187500000000899 
0.18187500000000906 
0.2156250000000091 
0.23187500000000943 
0.34812500000001023 
0.3256250000000104 
0.20687500000000908 
0.2168750000000091 
0.11437500000000898 
0.26062500000001 
0.25312500000000987 
0.3081250000000101 
0.12187500000000899 
0.19312500000000907 
0.3431250000000104 
0.18062500000000906 
0.2693750000000101 
0.15187500000000903 
0.25437500000000995 
0.21937500000000915 
0.17687500000000905 
0.128125000000009 
0.21437500000000909 
0.15187500000000903 
0.15312500000000903 
0.17437500000000905 
0.32062500000001015 
0.11937500000000899 
0.28687500000001026 
0.11562500000000898 
0.12437500000000899 
0.13687500000000902 
0.11437500000000898 
0.10687500000000898 
0.22312500000000932 
0.18687500000000906 
0.18812500000000906 
0.16687500000000904 
0.12062500000000899 
0.2418750000000099 
0.15937500000000904 
0.130625000000009 
0.10062500000000897 
0.11812500000000899 
0.17562500000000905 
0.14687500000000903 
0.08937500000000896 
0.18937500000000906 
0.16937500000000905 
0.2668750000000101 
0.21187500000000908 
0.130625000000009 
0.17062500000000905 
0.19062500000000906 
0.19062500000000906 
0.17062500000000905 
0.23687500000000972 
0.16187500000000904 
0.14687500000000903 
0.126875000000009 
0.2668750000000099 
0.15937500000000904 
0.18562500000000906 
0.15437500000000903 
0.29187500000001015 
0.126875000000009 
0.25437500000000995 
0.18812500000000906 
0.13937500000000902 
0.15062500000000903 
0.18562500000000906 
0.11062500000000898 
0.15437500000000903 
0.12437500000000899 
0.29937500000001016 
0.14687500000000903 
0.20437500000000908 
0.20437500000000908 
0.17812500000000905 
0.25562500000001004 
0.19437500000000907 
0.15562500000000903 
0.131875000000009 
0.2593750000000099 
0.11062500000000898 
0.4581250000000122 
0.10687500000000898 
0.17312500000000905 
0.12312500000000899 
0.13687500000000902 
0.2181250000000091 
0.19687500000000907 
0.19312500000000907 
0.13812500000000902 
0.20687500000000908 
0.12187500000000899 
0.4068750000000116 
0.125625000000009 
0.29937500000001 
0.128125000000009 
0.16312500000000904 
0.16812500000000904 
0.15062500000000903 
0.2281250000000095 
0.21062500000000908 
0.21312500000000908 
0.15437500000000903 
0.2181250000000091 
0.16562500000000904 
0.16937500000000905 
0.14562500000000903 
0.24562500000000978 
0.10937500000000898 
0.20937500000000908 
0.21062500000000908 
0.14812500000000903 
0.10812500000000898 
0.18312500000000906 
0.20062500000000907 
0.21437500000000909 
0.13562500000000902 
0.12437500000000899 
0.23062500000000938 
0.19437500000000907 
0.19687500000000907 
0.34687500000001054 
0.13562500000000902 
0.20062500000000907 
0.17937500000000905 
0.35812500000001024 
0.126875000000009 
0.11562500000000898 
0.15687500000000903 
0.12437500000000899 
0.32062500000001026 
0.20562500000000908 
0.16437500000000904 
0.13687500000000902 
0.15062500000000903 
0.18312500000000906 
0.20312500000000908 
0.128125000000009 
0.27937500000001 
0.18937500000000906 
0.16937500000000905 
0.2806250000000101 
0.19312500000000907 
0.21312500000000908 
0.14687500000000903 
0.2668750000000102 
0.2793750000000102 
0.17187500000000905 
0.25937500000001007 
0.17812500000000905 
0.14937500000000903 
0.08187500000000897 
0.17062500000000905 
0.15937500000000904 
0.14687500000000903 
0.19812500000000907 
0.16937500000000905 
0.14062500000000902 
0.12187500000000899 
0.10437500000000897 
0.19187500000000907 
0.3093750000000102 
0.17312500000000905 
0.18687500000000906 
0.2918750000000101 
0.23812500000000955 
0.3731250000000105 
0.18437500000000906 
0.27062500000001005 
0.16062500000000904 
0.19187500000000907 
0.19937500000000907 
0.14562500000000903 
0.09312500000000896 
0.2218750000000091 
0.23687500000000955 
0.20312500000000908 
0.2568750000000098 
0.22312500000000937 
0.2543750000000099 
0.11187500000000898 
0.14187500000000902 
0.129375000000009 
0.18937500000000906 
0.09687500000000897 
0.129375000000009 
0.22812500000000932 
0.129375000000009 
0.16312500000000904 
0.18937500000000906 
0.16062500000000904 
0.17437500000000905 
0.20062500000000907 
0.3406250000000102 
0.32562500000001054 
0.14812500000000903 
0.23687500000000955 
0.16062500000000904 
0.2181250000000091 
0.15187500000000903 
0.12187500000000899 
0.10437500000000897 
0.16437500000000904 
0.14937500000000903 
0.14062500000000902 
0.129375000000009 
0.22562500000000932 
0.11312500000000898 
0.11562500000000898 
0.27937500000001025 
0.4268750000000122 
0.2206250000000091 
0.33062500000001016 
0.16687500000000904 
0.16062500000000904 
0.2481250000000099 
0.27562500000000995 
0.24937500000001 
0.17187500000000905 
0.126875000000009 
0.20562500000000908 
0.10437500000000897 
