0.10687500000000898 
0.15437500000000903 
0.10937500000000898 
0.12187500000000899 
0.15062500000000903 
0.21312500000000908 
0.14812500000000903 
0.16937500000000905 
0.21437500000000909 
0.13687500000000902 
0.31187500000001034 
0.24062500000000972 
0.3118750000000103 
0.22687500000000932 
0.15437500000000903 
0.23187500000000943 
0.17812500000000905 
0.14562500000000903 
0.10187500000000897 
0.2243750000000096 
0.12187500000000899 
0.19312500000000907 
0.16437500000000904 
0.13562500000000902 
0.25562500000000987 
0.19312500000000907 
0.21437500000000909 
0.11937500000000899 
0.23187500000000938 
0.15312500000000903 
0.23312500000000955 
0.13812500000000902 
0.128125000000009 
0.16687500000000904 
0.17812500000000905 
0.19562500000000907 
0.15437500000000903 
0.17187500000000905 
0.19437500000000907 
0.32687500000001024 
0.20437500000000908 
0.15062500000000903 
0.18312500000000906 
0.19437500000000907 
0.28687500000001004 
0.130625000000009 
0.12312500000000899 
0.18687500000000906 
0.14812500000000903 
0.20937500000000908 
0.125625000000009 
0.15187500000000903 
0.15562500000000903 
0.2518750000000101 
0.23937500000000966 
0.22812500000000938 
0.11312500000000898 
0.13437500000000902 
0.21562500000000914 
0.26312500000000993 
0.13312500000000901 
0.11687500000000899 
0.18937500000000906 
0.19062500000000906 
0.22062500000000926 
0.13312500000000901 
0.22812500000000926 
0.2906250000000102 
0.2506250000000098 
0.16812500000000904 
0.10437500000000897 
0.15937500000000904 
0.3031250000000101 
0.16687500000000904 
0.18812500000000906 
0.19437500000000907 
0.30187500000001016 
0.11312500000000898 
0.15812500000000904 
0.15312500000000903 
0.12187500000000899 
0.15937500000000904 
0.12062500000000899 
0.16437500000000904 
0.08187500000000897 
0.11062500000000898 
0.10937500000000898 
0.20687500000000908 
0.19687500000000907 
0.25312500000001 
0.18812500000000906 
0.2156250000000091 
0.17687500000000905 
0.14812500000000903 
0.12312500000000899 
0.15187500000000903 
0.12437500000000899 
0.24937500000000995 
0.30187500000001016 
0.129375000000009 
0.21312500000000908 
0.14187500000000902 
0.09812500000000897 
0.22437500000000948 
0.130625000000009 
0.18312500000000906 
0.14312500000000902 
0.27687500000001025 
0.14687500000000903 
0.2181250000000091 
0.125625000000009 
0.28437500000001004 
0.16562500000000904 
0.23437500000000966 
0.3031250000000102 
0.15437500000000903 
0.129375000000009 
0.17437500000000905 
0.23812500000000977 
0.11562500000000898 
0.16687500000000904 
0.14062500000000902 
0.17937500000000905 
0.17312500000000905 
0.25437500000001 
0.2306250000000095 
0.14187500000000902 
0.26062500000000993 
0.14562500000000903 
0.18437500000000906 
0.18812500000000906 
0.14062500000000902 
0.15937500000000904 
0.11187500000000898 
0.20562500000000908 
0.15687500000000903 
0.26812500000001005 
0.131875000000009 
0.09937500000000897 
0.12437500000000899 
0.13437500000000902 
0.11812500000000899 
0.16187500000000904 
0.126875000000009 
0.14687500000000903 
0.18437500000000906 
0.16312500000000904 
0.35062500000001057 
0.16562500000000904 
0.14812500000000903 
0.2193750000000091 
0.20812500000000908 
0.2156250000000091 
0.17812500000000905 
0.27937500000001014 
0.15312500000000903 
0.14812500000000903 
0.20562500000000908 
0.17562500000000905 
0.15687500000000903 
0.15937500000000904 
0.16312500000000904 
0.2231250000000091 
0.26687500000000997 
0.18312500000000906 
0.12312500000000899 
0.15937500000000904 
0.126875000000009 
0.18437500000000906 
0.15312500000000903 
0.12062500000000899 
0.12312500000000899 
0.11437500000000898 
0.29562500000001 
0.19687500000000907 
0.18437500000000906 
0.17437500000000905 
0.3443750000000104 
0.14437500000000902 
0.20187500000000907 
0.22687500000000954 
0.31062500000001014 
0.13562500000000902 
0.17687500000000905 
0.17812500000000905 
0.18812500000000906 
0.18187500000000906 
0.2156250000000091 
0.3106250000000101 
0.13562500000000902 
0.21062500000000908 
0.14812500000000903 
0.26312500000000993 
0.26187500000001007 
0.20812500000000908 
0.14437500000000902 
0.20937500000000908 
0.20187500000000907 
0.24687500000000984 
0.2168750000000091 
0.22062500000000937 
0.18187500000000906 
0.10187500000000897 
0.16937500000000905 
0.21437500000000909 
0.2843750000000101 
0.16187500000000904 
0.25062500000001015 
0.17687500000000905 
0.11562500000000898 
0.17812500000000905 
0.17812500000000905 
0.2556250000000099 
0.12187500000000899 
0.14312500000000902 
0.11312500000000898 
0.17687500000000905 
0.17062500000000905 
0.18812500000000906 
0.16562500000000904 
0.11937500000000899 
0.14312500000000902 
0.2331250000000095 
0.3168750000000103 
0.22562500000000915 
0.13312500000000901 
0.26312500000001 
0.09812500000000897 
0.17687500000000905 
0.18812500000000906 
0.14062500000000902 
0.19062500000000906 
0.28187500000001026 
0.13437500000000902 
0.14062500000000902 
0.2443750000000101 
0.17187500000000905 
0.16937500000000905 
0.20812500000000908 
0.12187500000000899 
0.11437500000000898 
0.21312500000000908 
0.2156250000000091 
0.2956250000000102 
0.16562500000000904 
0.22937500000000932 
0.18687500000000906 
0.129375000000009 
0.18687500000000906 
0.125625000000009 
0.16437500000000904 
0.16812500000000904 
0.29187500000001004 
0.128125000000009 
0.13812500000000902 
0.12062500000000899 
0.14062500000000902 
0.26437500000000985 
0.17687500000000905 
0.10187500000000897 
0.3506250000000105 
0.17187500000000905 
0.11937500000000899 
0.15312500000000903 
0.17812500000000905 
0.11312500000000898 
0.21187500000000908 
0.15062500000000903 
0.22812500000000943 
0.09187500000000896 
0.13312500000000901 
0.2268750000000092 
0.17937500000000905 
0.17812500000000905 
0.15062500000000903 
0.22687500000000926 
0.17812500000000905 
0.128125000000009 
0.10812500000000898 
0.130625000000009 
0.12062500000000899 
0.18812500000000906 
0.14812500000000903 
0.15062500000000903 
0.23062500000000943 
0.14812500000000903 
0.20062500000000907 
0.09812500000000897 
0.14437500000000902 
0.17812500000000905 
0.15062500000000903 
0.129375000000009 
0.13687500000000902 
0.21437500000000909 
0.11812500000000899 
0.21062500000000908 
0.16562500000000904 
0.22687500000000943 
0.18562500000000906 
0.15187500000000903 
