0.08687500000000896 
0.18812500000000906 
0.130625000000009 
0.22812500000000954 
0.21437500000000909 
0.11437500000000898 
0.16437500000000904 
0.3418750000000103 
0.18312500000000906 
0.16312500000000904 
0.21062500000000908 
0.18562500000000906 
0.16687500000000904 
0.11937500000000899 
0.14937500000000903 
0.15187500000000903 
0.07062500000000894 
0.18187500000000906 
0.19187500000000907 
0.15562500000000903 
0.11937500000000899 
0.13812500000000902 
0.13937500000000902 
0.15062500000000903 
0.2693750000000101 
0.20187500000000907 
0.17187500000000905 
0.17187500000000905 
0.19312500000000907 
0.21312500000000908 
0.19312500000000907 
0.17687500000000905 
0.12062500000000899 
0.19937500000000907 
0.19062500000000906 
0.125625000000009 
0.13437500000000902 
0.17312500000000905 
0.21937500000000953 
0.18312500000000906 
0.30937500000001017 
0.17437500000000905 
0.11812500000000899 
0.14062500000000902 
0.16812500000000904 
0.18562500000000906 
0.17562500000000905 
0.14062500000000902 
0.10312500000000897 
0.21187500000000908 
0.18687500000000906 
0.15187500000000903 
0.13812500000000902 
0.18687500000000906 
0.13437500000000902 
0.22062500000000915 
0.25437500000000995 
0.19062500000000906 
0.12187500000000899 
0.11937500000000899 
0.15687500000000903 
0.22062500000000937 
0.12062500000000899 
0.16562500000000904 
0.18062500000000906 
0.16437500000000904 
0.21062500000000908 
0.16812500000000904 
0.18937500000000906 
0.2743750000000101 
0.19437500000000907 
0.13687500000000902 
0.15687500000000903 
0.37937500000001056 
0.18312500000000906 
0.126875000000009 
0.29187500000001027 
0.11437500000000898 
0.20687500000000908 
0.28562500000001007 
0.2156250000000091 
0.2318750000000095 
0.15312500000000903 
0.17187500000000905 
0.130625000000009 
0.17937500000000905 
0.2743750000000103 
0.129375000000009 
0.27062500000001016 
0.13687500000000902 
0.17437500000000905 
0.18187500000000906 
0.13687500000000902 
0.2856250000000104 
0.20562500000000908 
0.46687500000001236 
0.31687500000001045 
0.19312500000000907 
0.14562500000000903 
0.21187500000000914 
0.2206250000000092 
0.24187500000000972 
0.17937500000000905 
0.20937500000000908 
0.17937500000000905 
0.22937500000000954 
0.18187500000000906 
0.21687500000000914 
0.10312500000000897 
0.23437500000000966 
0.2193750000000092 
0.13687500000000902 
0.20437500000000908 
0.20687500000000908 
0.16812500000000904 
0.19812500000000907 
0.14937500000000903 
0.20562500000000908 
0.29937500000001044 
0.20062500000000907 
0.19187500000000907 
0.2268750000000096 
0.13312500000000901 
0.13562500000000902 
0.20687500000000908 
0.16562500000000904 
0.13812500000000902 
0.130625000000009 
0.21187500000000908 
0.19187500000000907 
0.17437500000000905 
0.15312500000000903 
0.23687500000000977 
0.16062500000000904 
0.21312500000000908 
0.24562500000000984 
0.19562500000000907 
0.21312500000000908 
0.130625000000009 
0.17562500000000905 
0.12437500000000899 
0.18812500000000906 
0.3031250000000101 
0.19562500000000907 
0.20187500000000907 
0.14812500000000903 
0.17062500000000905 
0.3243750000000103 
0.12187500000000899 
0.11312500000000898 
0.18437500000000906 
0.3181250000000103 
0.18062500000000906 
0.14937500000000903 
0.35312500000001057 
0.16062500000000904 
0.12187500000000899 
0.12187500000000899 
0.17687500000000905 
0.21687500000000914 
0.15187500000000903 
0.11312500000000898 
0.20312500000000908 
0.23687500000000972 
0.24562500000000978 
0.16312500000000904 
0.16062500000000904 
0.2756250000000099 
0.19437500000000907 
0.17562500000000905 
0.18062500000000906 
0.20562500000000908 
0.14562500000000903 
0.129375000000009 
0.20687500000000908 
0.18062500000000906 
0.22937500000000938 
0.17812500000000905 
0.2518750000000099 
0.15437500000000903 
0.16937500000000905 
0.14187500000000902 
0.15812500000000904 
0.20562500000000908 
0.19812500000000907 
0.15312500000000903 
0.15812500000000904 
0.23687500000000966 
0.13437500000000902 
0.23312500000000955 
0.17312500000000905 
0.2156250000000091 
0.11312500000000898 
0.09312500000000896 
0.17562500000000905 
0.3731250000000105 
0.17437500000000905 
0.131875000000009 
0.17187500000000905 
0.16562500000000904 
0.126875000000009 
0.17187500000000905 
0.11312500000000898 
0.18437500000000906 
0.18687500000000906 
0.16937500000000905 
0.17062500000000905 
0.20187500000000907 
0.09812500000000897 
0.10437500000000897 
0.23562500000000972 
0.16187500000000904 
0.14062500000000902 
0.16437500000000904 
0.15687500000000903 
0.14187500000000902 
0.24187500000000972 
0.17812500000000905 
0.19687500000000907 
0.11562500000000898 
0.13937500000000902 
0.2568750000000099 
0.17937500000000905 
0.19062500000000906 
0.09687500000000897 
0.10062500000000897 
0.14812500000000903 
0.20062500000000907 
0.22437500000000937 
0.17437500000000905 
0.17312500000000905 
0.14062500000000902 
0.14937500000000903 
0.20562500000000908 
0.19062500000000906 
0.14187500000000902 
0.128125000000009 
0.15937500000000904 
0.18187500000000906 
0.16062500000000904 
0.16937500000000905 
0.21437500000000936 
0.17187500000000905 
0.12437500000000899 
0.17187500000000905 
0.31062500000001014 
0.20812500000000908 
0.17562500000000905 
0.2618750000000101 
0.22312500000000926 
0.14062500000000902 
0.11562500000000898 
0.3193750000000106 
0.28687500000001026 
0.24687500000000995 
0.21062500000000908 
0.14937500000000903 
0.19812500000000907 
0.16937500000000905 
0.126875000000009 
0.11312500000000898 
0.14437500000000902 
0.11562500000000898 
0.16312500000000904 
0.128125000000009 
0.20812500000000908 
0.27562500000001 
0.11562500000000898 
0.14687500000000903 
0.40812500000001145 
0.11062500000000898 
0.19937500000000907 
0.20062500000000907 
0.16187500000000904 
0.08562500000000896 
0.12437500000000899 
0.11437500000000898 
0.24437500000001 
0.2156250000000091 
0.12437500000000899 
0.21312500000000908 
0.18187500000000906 
0.24937500000000984 
0.18687500000000906 
0.13687500000000902 
0.13812500000000902 
0.23937500000000972 
0.08812500000000896 
0.17062500000000905 
0.17687500000000905 
0.18937500000000906 
0.20187500000000907 
0.23437500000000944 
0.13312500000000901 
0.13687500000000902 
0.14937500000000903 
0.13687500000000902 
0.13937500000000902 
0.21062500000000914 
0.18812500000000906 
