0.20562500000000908 
0.14562500000000903 
0.20437500000000908 
0.14687500000000903 
0.21062500000000908 
0.20562500000000908 
0.19937500000000907 
0.17187500000000905 
0.21437500000000914 
0.33187500000001 
0.11062500000000898 
0.19437500000000907 
0.18437500000000906 
0.15437500000000903 
0.20437500000000908 
0.19687500000000907 
0.13812500000000902 
0.15187500000000903 
0.3043750000000101 
0.28312500000001006 
0.12062500000000899 
0.20812500000000908 
0.18437500000000906 
0.2993750000000101 
0.15687500000000903 
0.16312500000000904 
0.19062500000000906 
0.20687500000000908 
0.14187500000000902 
0.3181250000000102 
0.15562500000000903 
0.16687500000000904 
0.22687500000000937 
0.2868750000000101 
0.27187500000001014 
0.13937500000000902 
0.14937500000000903 
0.16812500000000904 
0.27437500000000997 
0.21062500000000908 
0.14937500000000903 
0.21312500000000908 
0.11937500000000899 
0.13937500000000902 
0.18937500000000906 
0.16187500000000904 
0.2156250000000091 
0.14562500000000903 
0.14312500000000902 
0.2618750000000099 
0.128125000000009 
0.14062500000000902 
0.15562500000000903 
0.18062500000000906 
0.19062500000000906 
0.3168750000000104 
0.22312500000000926 
0.27187500000001 
0.18937500000000906 
0.16937500000000905 
0.20937500000000908 
0.14937500000000903 
0.19812500000000907 
0.16062500000000904 
0.32437500000001035 
0.14437500000000902 
0.10687500000000898 
0.24437500000000956 
0.2156250000000091 
0.26437500000000996 
0.129375000000009 
0.2243750000000091 
0.14187500000000902 
0.2581250000000095 
0.16312500000000904 
0.16687500000000904 
0.15812500000000904 
0.3168750000000103 
0.18937500000000906 
0.12437500000000899 
0.2593750000000099 
0.28187500000001 
0.23687500000000966 
0.129375000000009 
0.18812500000000906 
0.2168750000000091 
0.14937500000000903 
0.35187500000001026 
0.18312500000000906 
0.24687500000000973 
0.15312500000000903 
0.18937500000000906 
0.14312500000000902 
0.22562500000000926 
0.19187500000000907 
0.2206250000000091 
0.19562500000000907 
0.16312500000000904 
0.10187500000000897 
0.16437500000000904 
0.22312500000000926 
0.125625000000009 
0.3118750000000102 
0.18062500000000906 
0.2743750000000101 
0.39687500000001136 
0.16562500000000904 
0.22812500000000943 
0.18812500000000906 
0.19687500000000907 
0.129375000000009 
0.24562500000000967 
0.19437500000000907 
0.11687500000000899 
0.27187500000000975 
0.17437500000000905 
0.2156250000000091 
0.18562500000000906 
0.17937500000000905 
0.15437500000000903 
0.16062500000000904 
0.15562500000000903 
0.10937500000000898 
0.14562500000000903 
0.15062500000000903 
0.20312500000000908 
0.19062500000000906 
0.17562500000000905 
0.18187500000000906 
0.14812500000000903 
0.15187500000000903 
0.12062500000000899 
0.18312500000000906 
0.16062500000000904 
0.25187500000001 
0.15187500000000903 
0.18062500000000906 
0.18937500000000906 
0.2181250000000091 
0.16312500000000904 
0.12437500000000899 
0.12187500000000899 
0.3018750000000101 
0.2231250000000091 
0.20312500000000908 
0.2231250000000092 
0.16937500000000905 
0.16562500000000904 
0.20437500000000908 
0.16187500000000904 
0.11937500000000899 
0.14312500000000902 
0.14062500000000902 
0.15312500000000903 
0.2306250000000095 
0.17687500000000905 
0.17437500000000905 
0.15937500000000904 
0.2181250000000091 
0.15187500000000903 
0.14062500000000902 
0.30062500000001036 
0.17687500000000905 
0.2156250000000091 
0.19437500000000907 
0.17312500000000905 
0.22937500000000927 
0.14187500000000902 
0.24562500000001028 
0.15437500000000903 
0.14687500000000903 
0.2593750000000099 
0.40312500000001067 
0.20187500000000907 
0.15062500000000903 
0.2593750000000099 
0.3643750000000103 
0.36687500000001044 
0.17562500000000905 
0.23062500000000927 
0.13437500000000902 
0.20562500000000908 
0.2293750000000096 
0.15437500000000903 
0.17687500000000905 
0.10812500000000898 
0.4193750000000121 
0.18812500000000906 
0.19687500000000907 
0.22812500000000932 
0.33187500000001013 
0.20562500000000908 
0.14437500000000902 
0.2318750000000092 
0.19687500000000907 
0.20687500000000908 
0.16937500000000905 
0.16187500000000904 
0.18437500000000906 
0.22437500000000943 
0.18937500000000906 
0.18437500000000906 
0.126875000000009 
0.14062500000000902 
0.12187500000000899 
0.25437500000000984 
0.18312500000000906 
0.26187500000000996 
0.11937500000000899 
0.10562500000000898 
0.17812500000000905 
0.13812500000000902 
0.2706250000000101 
0.14562500000000903 
0.2593750000000099 
0.17937500000000905 
0.16812500000000904 
0.3656250000000104 
0.2631250000000098 
0.19312500000000907 
0.15187500000000903 
0.19812500000000907 
0.2556250000000099 
0.23312500000000932 
0.16812500000000904 
0.26437500000000985 
0.2206250000000091 
0.17937500000000905 
0.16187500000000904 
0.22562500000000926 
0.13562500000000902 
0.26187500000001 
0.19937500000000907 
0.19312500000000907 
0.20812500000000908 
0.10562500000000898 
0.3906250000000104 
0.15437500000000903 
0.17187500000000905 
0.2981250000000102 
0.16937500000000905 
0.17937500000000905 
0.15312500000000903 
0.19937500000000907 
0.128125000000009 
0.13312500000000901 
0.17812500000000905 
0.24062500000000966 
0.28062500000001 
0.17312500000000905 
0.20062500000000907 
0.19187500000000907 
0.22687500000000932 
0.2493750000000099 
0.24312500000000978 
0.11687500000000899 
0.2418750000000096 
0.23687500000000955 
0.18687500000000906 
0.16562500000000904 
0.19812500000000907 
0.18937500000000906 
0.3456250000000104 
0.17312500000000905 
0.16187500000000904 
0.22562500000000926 
0.17437500000000905 
0.40812500000001106 
0.22937500000000932 
0.22562500000000915 
0.19437500000000907 
0.21187500000000908 
0.23937500000000955 
0.19562500000000907 
0.14562500000000903 
0.2518750000000102 
0.18937500000000906 
0.23062500000000927 
0.22437500000000926 
0.15312500000000903 
0.19937500000000907 
0.13937500000000902 
0.20312500000000908 
0.19812500000000907 
0.15562500000000903 
0.18062500000000906 
0.13812500000000902 
0.17437500000000905 
0.17562500000000905 
0.130625000000009 
0.16687500000000904 
0.18562500000000906 
0.14937500000000903 
0.16437500000000904 
0.15062500000000903 
0.10312500000000897 
0.15937500000000904 
0.34812500000001034 
0.3468750000000104 
0.17187500000000905 
