0.17437500000000905 
0.20937500000000908 
0.2306250000000095 
0.19437500000000907 
0.18562500000000906 
0.15062500000000903 
0.16562500000000904 
0.27812500000001006 
0.13437500000000902 
0.2181250000000091 
0.3731250000000105 
0.12312500000000899 
0.19062500000000906 
0.2168750000000091 
0.20437500000000908 
0.17562500000000905 
0.17937500000000905 
0.15687500000000903 
0.15187500000000903 
0.128125000000009 
0.14562500000000903 
0.13687500000000902 
0.14812500000000903 
0.126875000000009 
0.17312500000000905 
0.23437500000000944 
0.14812500000000903 
0.16937500000000905 
0.26437500000000985 
0.16812500000000904 
0.13562500000000902 
0.22937500000000938 
0.17312500000000905 
0.16812500000000904 
0.17937500000000905 
0.12187500000000899 
0.128125000000009 
0.10937500000000898 
0.15937500000000904 
0.16062500000000904 
0.14437500000000902 
0.16562500000000904 
0.16937500000000905 
0.17437500000000905 
0.09312500000000896 
0.129375000000009 
0.19062500000000906 
0.20562500000000908 
0.28187500000001015 
0.129375000000009 
0.15062500000000903 
0.131875000000009 
0.11437500000000898 
0.16312500000000904 
0.11562500000000898 
0.08187500000000897 
0.26312500000001 
0.16687500000000904 
0.15062500000000903 
0.2318750000000095 
0.17062500000000905 
0.126875000000009 
0.26562500000001016 
0.08062500000000897 
0.16187500000000904 
0.13312500000000901 
0.17937500000000905 
0.14937500000000903 
0.11687500000000899 
0.15812500000000904 
0.2156250000000091 
0.14562500000000903 
0.2193750000000091 
0.19812500000000907 
0.19687500000000907 
0.13687500000000902 
0.18312500000000906 
0.15562500000000903 
0.19937500000000907 
0.21812500000000914 
0.16812500000000904 
0.15562500000000903 
0.14187500000000902 
0.11687500000000899 
0.16187500000000904 
0.130625000000009 
0.11312500000000898 
0.14437500000000902 
0.15187500000000903 
0.10437500000000897 
0.14562500000000903 
0.15062500000000903 
0.16312500000000904 
0.14812500000000903 
0.16687500000000904 
0.13437500000000902 
0.18937500000000906 
0.14562500000000903 
0.23937500000000966 
0.129375000000009 
0.21437500000000909 
0.11187500000000898 
0.17937500000000905 
0.130625000000009 
0.24812500000000984 
0.16437500000000904 
0.20312500000000908 
0.11562500000000898 
0.23187500000000955 
0.17062500000000905 
0.17687500000000905 
0.11312500000000898 
0.26562500000001005 
0.17437500000000905 
0.14812500000000903 
0.11937500000000899 
0.17562500000000905 
0.131875000000009 
0.11937500000000899 
0.19812500000000907 
0.20187500000000907 
0.11187500000000898 
0.15437500000000903 
0.14062500000000902 
0.21437500000000909 
0.23437500000000944 
0.25312500000001004 
0.2381250000000096 
0.20687500000000908 
0.2531250000000101 
0.15312500000000903 
0.16687500000000904 
0.2206250000000091 
0.2518750000000099 
0.22187500000000937 
0.4506250000000125 
0.10187500000000897 
0.14437500000000902 
0.14187500000000902 
0.11562500000000898 
0.128125000000009 
0.19937500000000907 
0.17312500000000905 
0.131875000000009 
0.2156250000000091 
0.19937500000000907 
0.28937500000001015 
0.13937500000000902 
0.128125000000009 
0.2956250000000102 
0.15062500000000903 
0.28562500000000995 
0.23687500000000955 
0.11312500000000898 
0.2256250000000092 
0.15437500000000903 
0.16812500000000904 
0.14437500000000902 
0.16812500000000904 
0.17187500000000905 
0.19312500000000907 
0.15312500000000903 
0.11687500000000899 
0.18687500000000906 
0.12312500000000899 
0.130625000000009 
0.25312500000001004 
0.09187500000000896 
0.20062500000000907 
0.14937500000000903 
0.19812500000000907 
0.18562500000000906 
0.14562500000000903 
0.18062500000000906 
0.126875000000009 
0.24687500000000984 
0.16937500000000905 
0.17937500000000905 
0.13562500000000902 
0.19062500000000906 
0.10562500000000898 
0.15187500000000903 
0.18062500000000906 
0.19437500000000907 
0.12062500000000899 
0.19312500000000907 
0.22187500000000926 
0.18687500000000906 
0.11687500000000899 
0.13687500000000902 
0.18187500000000906 
0.20437500000000908 
0.15437500000000903 
0.20687500000000908 
0.14812500000000903 
0.130625000000009 
0.13812500000000902 
0.129375000000009 
0.15687500000000903 
0.16062500000000904 
0.24437500000000978 
0.20937500000000908 
0.19187500000000907 
0.21437500000000909 
0.19062500000000906 
0.23437500000000933 
0.13937500000000902 
0.2506250000000099 
0.34187500000001037 
0.2568750000000101 
0.26812500000001 
0.20312500000000908 
0.129375000000009 
0.16562500000000904 
0.14187500000000902 
0.22812500000000938 
0.24437500000000978 
0.15437500000000903 
0.10687500000000898 
0.16937500000000905 
0.23812500000000972 
0.130625000000009 
0.14187500000000902 
0.24937500000001 
0.17687500000000905 
0.23812500000000966 
0.27187500000001 
0.09562500000000897 
0.16562500000000904 
0.17562500000000905 
0.11562500000000898 
0.24187500000000978 
0.16687500000000904 
0.25312500000001015 
0.30062500000001 
0.16687500000000904 
0.126875000000009 
0.10062500000000897 
0.28562500000001007 
0.16062500000000904 
0.22812500000000938 
0.15312500000000903 
0.11062500000000898 
0.22562500000000932 
0.16312500000000904 
0.32437500000001035 
0.31812500000001026 
0.11437500000000898 
0.16437500000000904 
0.20937500000000908 
0.19687500000000907 
0.14312500000000902 
0.24937500000001012 
0.35812500000001046 
0.17187500000000905 
0.19187500000000907 
0.15937500000000904 
0.21937500000000926 
0.16812500000000904 
0.2493750000000099 
0.14312500000000902 
0.2693750000000099 
0.20437500000000908 
0.17312500000000905 
0.14187500000000902 
0.13812500000000902 
0.27937500000001 
0.11187500000000898 
0.19687500000000907 
0.36687500000001033 
0.12437500000000899 
0.2156250000000091 
0.09812500000000897 
0.17062500000000905 
0.39437500000001124 
0.26562500000001005 
0.19187500000000907 
0.5093750000000138 
0.11062500000000898 
0.21187500000000908 
0.12312500000000899 
0.18062500000000906 
0.126875000000009 
0.16187500000000904 
0.130625000000009 
0.17187500000000905 
0.18062500000000906 
0.19062500000000906 
0.13562500000000902 
0.17937500000000905 
0.15062500000000903 
0.128125000000009 
0.3393750000000104 
0.19812500000000907 
0.18312500000000906 
0.18187500000000906 
0.15562500000000903 
0.18062500000000906 
0.17312500000000905 
0.29062500000001007 
