0.2906250000000101 
0.14812500000000903 
0.18437500000000906 
0.14562500000000903 
0.10687500000000898 
0.20937500000000908 
0.22062500000000915 
0.16187500000000904 
0.14812500000000903 
0.15812500000000904 
0.12187500000000899 
0.15062500000000903 
0.16812500000000904 
0.14687500000000903 
0.13812500000000902 
0.23437500000000971 
0.13312500000000901 
0.15687500000000903 
0.14937500000000903 
0.19187500000000907 
0.16812500000000904 
0.22062500000000915 
0.26812500000001 
0.16187500000000904 
0.126875000000009 
0.2868750000000101 
0.2193750000000091 
0.17562500000000905 
0.08937500000000898 
0.16062500000000904 
0.15312500000000903 
0.11562500000000898 
0.129375000000009 
0.20812500000000908 
0.11812500000000899 
0.15437500000000903 
0.10687500000000898 
0.125625000000009 
0.21187500000000908 
0.17937500000000905 
0.130625000000009 
0.09812500000000897 
0.15812500000000904 
0.16312500000000904 
0.15437500000000903 
0.14937500000000903 
0.15687500000000903 
0.20187500000000907 
0.13312500000000901 
0.15937500000000904 
0.19187500000000907 
0.11187500000000898 
0.126875000000009 
0.28312500000001023 
0.14562500000000903 
0.10437500000000897 
0.15687500000000903 
0.28062500000001006 
0.16812500000000904 
0.16812500000000904 
0.15187500000000903 
0.11187500000000898 
0.14812500000000903 
0.18937500000000906 
0.16187500000000904 
0.18062500000000906 
0.16812500000000904 
0.13562500000000902 
0.19437500000000907 
0.12437500000000899 
0.14562500000000903 
0.16312500000000904 
0.19312500000000907 
0.12062500000000899 
0.15187500000000903 
0.13687500000000902 
0.15437500000000903 
0.10062500000000897 
0.13687500000000902 
0.13437500000000902 
0.13437500000000902 
0.11187500000000898 
0.26062500000001 
0.18937500000000906 
0.2681250000000101 
0.12187500000000899 
0.21437500000000914 
0.13937500000000902 
0.14312500000000902 
0.23187500000000938 
0.20937500000000925 
0.3093750000000104 
0.14437500000000902 
0.10937500000000898 
0.15937500000000904 
0.15437500000000903 
0.18062500000000906 
0.12312500000000899 
0.21062500000000908 
0.4406250000000129 
0.11562500000000898 
0.10312500000000897 
0.18687500000000906 
0.16812500000000904 
0.10437500000000897 
0.41062500000001156 
0.19687500000000907 
0.12187500000000899 
0.125625000000009 
0.11562500000000898 
0.11687500000000899 
0.14687500000000903 
0.2381250000000096 
0.28937500000001043 
0.22687500000000954 
0.17437500000000905 
0.13312500000000901 
0.12437500000000899 
0.22562500000000948 
0.15187500000000903 
0.23937500000000989 
0.3193750000000102 
0.12062500000000899 
0.19312500000000907 
0.19062500000000906 
0.2443750000000099 
0.27687500000001014 
0.10562500000000898 
0.15937500000000904 
0.130625000000009 
0.13562500000000902 
0.12062500000000899 
0.21062500000000908 
0.19312500000000907 
0.09437500000000897 
0.19937500000000907 
0.2793750000000104 
0.15812500000000904 
0.12187500000000899 
0.19687500000000907 
0.21437500000000909 
0.19937500000000907 
0.27937500000001014 
0.16062500000000904 
0.14812500000000903 
0.19312500000000907 
0.11187500000000898 
0.129375000000009 
0.17437500000000905 
0.17937500000000905 
0.19062500000000906 
0.22562500000000926 
0.19812500000000907 
0.11062500000000898 
0.19687500000000907 
0.20437500000000908 
0.18187500000000906 
0.13812500000000902 
0.14062500000000902 
0.11687500000000899 
0.15562500000000903 
0.17937500000000905 
0.17812500000000905 
0.19312500000000907 
0.130625000000009 
0.14437500000000902 
0.14312500000000902 
0.16812500000000904 
0.11562500000000898 
0.19312500000000907 
0.18937500000000906 
0.16312500000000904 
0.21062500000000908 
0.16687500000000904 
0.27187500000001014 
0.17562500000000905 
0.16437500000000904 
0.16687500000000904 
0.26562500000001027 
0.17562500000000905 
0.21312500000000914 
0.17687500000000905 
0.10312500000000897 
0.21812500000000937 
0.14437500000000902 
0.24062500000000972 
0.15187500000000903 
0.11187500000000898 
0.19062500000000906 
0.14312500000000902 
0.24562500000000984 
0.24562500000000972 
0.19312500000000907 
0.26187500000001 
0.15437500000000903 
0.10562500000000898 
0.2506250000000098 
0.17812500000000905 
0.18812500000000906 
0.17812500000000905 
0.11312500000000898 
0.13437500000000902 
0.15437500000000903 
0.14812500000000903 
0.131875000000009 
0.10812500000000898 
0.19562500000000907 
0.19312500000000907 
0.10562500000000898 
0.11812500000000899 
0.13937500000000902 
0.21687500000000948 
0.15062500000000903 
0.2468750000000099 
0.06937500000000899 
0.29062500000001035 
0.18562500000000906 
0.13937500000000902 
0.09937500000000897 
0.18812500000000906 
0.14312500000000902 
0.13562500000000902 
0.17187500000000905 
0.20687500000000908 
0.20437500000000908 
0.15937500000000904 
0.08812500000000897 
0.22312500000000932 
0.11937500000000899 
0.21687500000000937 
0.18437500000000906 
0.2668750000000099 
0.128125000000009 
0.10437500000000897 
0.11812500000000899 
0.13937500000000902 
0.23812500000000966 
0.3093750000000103 
0.13562500000000902 
0.3931250000000109 
0.31812500000001037 
0.24937500000001 
0.17187500000000905 
0.15062500000000903 
0.13437500000000902 
0.14437500000000902 
0.26312500000001005 
0.126875000000009 
0.17312500000000905 
0.23687500000000955 
0.21312500000000908 
0.17562500000000905 
0.19812500000000907 
0.2243750000000092 
0.11062500000000898 
0.18687500000000906 
0.11562500000000898 
0.16562500000000904 
0.10312500000000897 
0.16687500000000904 
0.13937500000000902 
0.17812500000000905 
0.14937500000000903 
0.20437500000000908 
0.11812500000000899 
0.15937500000000904 
0.2068750000000092 
0.2531250000000101 
0.17437500000000905 
0.16687500000000904 
0.11562500000000898 
0.14062500000000902 
0.29437500000001027 
0.16312500000000904 
0.20437500000000908 
0.14562500000000903 
0.12062500000000899 
0.10187500000000897 
0.19187500000000907 
0.19937500000000907 
0.11187500000000898 
0.21937500000000915 
0.18187500000000906 
0.2256250000000092 
0.13937500000000902 
0.16187500000000904 
0.18437500000000906 
0.14437500000000902 
0.09187500000000896 
0.23562500000000955 
0.18687500000000906 
0.126875000000009 
0.23687500000000966 
0.10562500000000898 
0.18687500000000906 
0.15312500000000903 
0.5031250000000134 
0.18062500000000906 
0.11937500000000899 
0.23812500000000977 
