0.23562500000000927 
0.21187500000000908 
0.34312500000000923 
0.2918750000000098 
0.2521875000000093 
0.2731250000000092 
0.3409375000000092 
0.26312500000000916 
0.2521875000000091 
0.28187500000000926 
0.2993750000000097 
0.24562500000000956 
0.29312500000000924 
0.25062500000000915 
0.36062500000000924 
0.31562500000000987 
0.26312500000000943 
0.2706250000000092 
0.3018750000000095 
0.30062500000000975 
0.25312500000000915 
0.3346875000000092 
0.26937500000000925 
0.32437500000000996 
0.3506250000000094 
0.26312500000000943 
0.2668750000000092 
0.2243750000000091 
0.2218750000000091 
0.3393750000000093 
0.2518750000000091 
0.2593750000000092 
0.32562500000000993 
0.2568750000000092 
0.4893750000000122 
0.17562500000000905 
0.2443750000000095 
0.33562500000000994 
0.3360937500000092 
0.33687500000000986 
0.25312500000000915 
0.27187500000000964 
0.2681250000000093 
0.2556250000000094 
0.3218750000000098 
0.3593750000000102 
0.2581250000000092 
0.2593750000000092 
0.4506250000000118 
0.2343750000000091 
0.28687500000000976 
0.45812500000001166 
0.28687500000000965 
0.3493750000000093 
0.2906250000000093 
0.23812500000000933 
0.35187500000000993 
0.25562500000000943 
0.2681250000000097 
0.25312500000000915 
0.20468750000000907 
0.20812500000000908 
0.2568750000000092 
0.2968750000000093 
0.27312500000000917 
0.2706250000000097 
0.29562500000000924 
0.3368750000000092 
0.28687500000000926 
0.3381250000000092 
0.4431250000000121 
0.2806250000000092 
0.27312500000000955 
0.3268750000000098 
0.26312500000000916 
0.3359375000000092 
0.2318750000000091 
0.27937500000000914 
0.2606250000000094 
0.28687500000000965 
0.2521875000000091 
0.3718750000000102 
0.2993750000000094 
0.2618750000000092 
0.35062500000000935 
0.32187500000000985 
0.38062500000001015 
0.34812500000000923 
0.2543750000000092 
0.2856250000000093 
0.2956250000000097 
0.2918750000000098 
0.25812500000000926 
0.2521875000000091 
0.2768750000000097 
0.2818750000000093 
0.2593750000000092 
0.29937500000000994 
0.3181250000000098 
0.2581250000000092 
0.3293750000000101 
0.37312500000000925 
0.2593750000000093 
0.25562500000000915 
0.28812500000001007 
0.27562500000001006 
0.28812500000000985 
0.34437500000001 
0.32687500000000985 
0.3368750000000101 
0.24437500000000917 
0.2956250000000094 
0.3543750000000099 
0.2681250000000093 
0.3831250000000099 
0.37312500000000953 
0.2606250000000092 
0.2356250000000091 
0.3581250000000101 
0.2806250000000096 
0.3360937500000092 
0.26437500000000913 
0.2546875000000091 
0.25562500000000915 
0.31562500000000987 
0.25062500000000915 
0.30562500000000925 
0.2518750000000092 
0.2943750000000097 
0.3381250000000092 
0.2643750000000093 
0.18437500000000906 
0.26187500000000935 
0.33812500000000945 
0.2206250000000091 
0.3931250000000102 
0.3493750000000092 
0.30312500000000925 
0.3118750000000094 
0.43187500000001133 
0.38312500000001015 
0.30062500000000975 
0.3348437500000092 
0.2231250000000091 
0.2681250000000092 
0.2643750000000092 
0.2856250000000093 
0.2593750000000091 
0.23312500000000944 
0.30187500000000983 
0.25312500000000915 
0.26062500000000927 
0.2706250000000093 
0.3568750000000102 
0.28437500000000976 
0.2868750000000092 
0.2593750000000092 
0.4206250000000106 
0.2543750000000094 
0.3543750000000095 
0.3406250000000094 
0.2968750000000092 
0.37562500000001015 
0.25937500000000946 
0.31812500000000976 
0.25312500000000937 
0.2743750000000092 
0.3343750000000092 
0.3018750000000096 
0.2556250000000095 
0.2818750000000097 
0.3768750000000103 
0.30937500000000967 
0.34062500000001017 
0.25562500000000915 
0.25312500000000915 
0.2831250000000099 
0.3381250000000092 
0.25312500000000915 
0.32312500000000993 
0.21187500000000908 
0.31937500000000996 
0.25312500000000915 
0.42062500000001074 
0.2681250000000092 
0.40812500000000995 
0.3368750000000092 
0.3431250000000099 
0.2881250000000096 
0.39812500000001066 
0.3056250000000096 
0.3218750000000094 
0.39437500000000947 
0.33937500000000936 
0.18062500000000906 
0.26312500000000966 
0.2781250000000096 
0.42937500000001133 
0.3543750000000099 
0.2631250000000092 
0.28937500000000965 
0.3531250000000102 
0.30937500000000967 
0.29062500000000974 
0.38187500000001007 
0.24187500000000933 
0.3856250000000099 
0.2918750000000096 
0.4168750000000115 
0.3409375000000092 
0.3931250000000109 
0.25468750000000917 
0.2243750000000091 
0.3743750000000097 
0.27312500000000917 
0.43812500000001176 
0.26937500000000947 
0.2993750000000093 
0.3356250000000092 
0.2568750000000091 
0.2706250000000092 
0.34937500000001004 
0.3456250000000101 
0.26062500000000915 
0.2781250000000095 
0.3346875000000092 
0.3131250000000098 
0.3256250000000094 
0.4256250000000114 
0.3368750000000092 
0.2568750000000092 
0.25812500000000954 
0.29812500000000985 
0.2618750000000096 
0.3406250000000092 
0.2943750000000097 
0.3093750000000095 
0.41437500000000976 
0.21437500000000909 
0.45437500000001196 
0.25937500000000946 
0.27562500000000917 
0.5143750000000124 
0.25312500000000915 
0.2643750000000092 
0.27187500000000925 
0.2356250000000091 
0.30187500000000983 
0.32187500000000985 
0.25312500000000926 
0.2956250000000102 
0.32312500000000977 
0.4143750000000105 
0.31812500000000987 
0.3481250000000102 
0.3868750000000102 
0.25437500000000945 
0.2693750000000096 
0.2656250000000092 
0.25062500000000937 
0.34312500000000923 
0.2568750000000093 
0.31937500000001 
0.25484375000000914 
0.2793750000000096 
0.3368750000000092 
0.2743750000000107 
0.25187500000000973 
0.3943750000000107 
0.2706250000000092 
0.3618750000000102 
0.26437500000000946 
0.3343750000000092 
0.2543750000000097 
0.25812500000000915 
0.2643750000000094 
0.29312500000000935 
0.31687500000000973 
0.3006250000000098 
0.25812500000000943 
0.22812500000000915 
0.3043750000000097 
0.2706250000000093 
0.29812500000000974 
0.2431250000000091 
0.25562500000000926 
0.2868750000000098 
0.2931250000000095 
0.3356250000000092 
0.26437500000000974 
0.3818750000000103 
0.30562500000001 
0.5006250000000094 
0.25312500000000915 
0.2781250000000092 
0.25312500000000915 
0.4456250000000112 
0.3081250000000098 
0.26062500000000915 
0.2831250000000096 
