0.14312500000000902 
0.25562500000001026 
0.13312500000000901 
0.14937500000000903 
0.17062500000000905 
0.20062500000000907 
0.22687500000000937 
0.14812500000000903 
0.2381250000000096 
0.2506250000000098 
0.22312500000000915 
0.19937500000000907 
0.20312500000000908 
0.10812500000000898 
0.14312500000000902 
0.22187500000000937 
0.15187500000000903 
0.09437500000000897 
0.20687500000000908 
0.08562500000000896 
0.11437500000000898 
0.14062500000000902 
0.15437500000000903 
0.14937500000000903 
0.19812500000000907 
0.18812500000000906 
0.11562500000000898 
0.15062500000000903 
0.17562500000000905 
0.20812500000000908 
0.23937500000000966 
0.20562500000000908 
0.16562500000000904 
0.17187500000000905 
0.17062500000000905 
0.22062500000000915 
0.2843750000000099 
0.3593750000000107 
0.29937500000001016 
0.11187500000000898 
0.15937500000000904 
0.16687500000000904 
0.13312500000000901 
0.14062500000000902 
0.14562500000000903 
0.2181250000000091 
0.24062500000000955 
0.129375000000009 
0.10062500000000897 
0.17312500000000905 
0.10187500000000897 
0.13937500000000902 
0.2181250000000092 
0.18562500000000906 
0.15312500000000903 
0.24562500000001 
0.2193750000000092 
0.10937500000000898 
0.10312500000000897 
0.15937500000000904 
0.20937500000000908 
0.18187500000000906 
0.14187500000000902 
0.15687500000000903 
0.17562500000000905 
0.25187500000001 
0.11937500000000899 
0.15687500000000903 
0.13812500000000902 
0.18562500000000906 
0.14312500000000902 
0.13312500000000901 
0.13562500000000902 
0.16187500000000904 
0.23187500000000927 
0.11812500000000899 
0.2681250000000101 
0.15812500000000904 
0.13562500000000902 
0.18062500000000906 
0.09562500000000897 
0.18437500000000906 
0.17937500000000905 
0.17187500000000905 
0.14062500000000902 
0.25937500000000996 
0.19312500000000907 
0.23937500000000955 
0.19562500000000907 
0.2843750000000099 
0.17187500000000905 
0.18562500000000906 
0.14437500000000902 
0.15562500000000903 
0.14437500000000902 
0.19312500000000907 
0.18687500000000906 
0.2206250000000091 
0.2643750000000102 
0.13812500000000902 
0.30312500000001 
0.13687500000000902 
0.125625000000009 
0.09937500000000897 
0.16937500000000905 
0.15312500000000903 
0.17187500000000905 
0.21312500000000908 
0.12062500000000899 
0.20437500000000908 
0.22562500000000926 
0.3181250000000103 
0.16187500000000904 
0.18062500000000906 
0.13937500000000902 
0.24812500000000995 
0.15062500000000903 
0.11187500000000898 
0.20437500000000908 
0.12312500000000899 
0.13937500000000902 
0.11062500000000898 
0.15312500000000903 
0.20437500000000908 
0.2543750000000099 
0.20562500000000908 
0.14687500000000903 
0.15937500000000904 
0.2806250000000099 
0.27187500000001036 
0.19437500000000907 
0.22687500000000932 
0.19562500000000907 
0.17937500000000905 
0.2393750000000096 
0.16687500000000904 
0.29437500000001016 
0.2843750000000101 
0.13562500000000902 
0.30812500000001025 
0.15187500000000903 
0.2318750000000095 
0.23937500000000972 
0.18437500000000906 
0.15062500000000903 
0.17562500000000905 
0.17187500000000905 
0.18812500000000906 
0.17062500000000905 
0.14312500000000902 
0.26437500000000996 
0.23437500000000944 
0.23312500000000927 
0.19687500000000907 
0.14187500000000902 
0.16437500000000904 
0.22562500000000932 
0.12187500000000899 
0.11687500000000899 
0.18937500000000906 
0.19187500000000907 
0.14812500000000903 
0.20937500000000908 
0.17937500000000905 
0.15062500000000903 
0.17437500000000905 
0.2956250000000102 
0.20062500000000907 
0.27062500000001005 
0.20312500000000908 
0.19937500000000907 
0.17687500000000905 
0.24437500000000972 
0.15562500000000903 
0.14312500000000902 
0.11437500000000898 
0.13812500000000902 
0.19687500000000907 
0.19437500000000907 
0.23062500000000943 
0.19187500000000907 
0.11687500000000899 
0.12062500000000899 
0.15187500000000903 
0.14062500000000902 
0.19812500000000907 
0.2243750000000092 
0.20812500000000908 
0.18562500000000906 
0.15187500000000903 
0.09937500000000897 
0.16312500000000904 
0.16062500000000904 
0.22187500000000915 
0.2543750000000098 
0.14312500000000902 
0.11187500000000898 
0.18937500000000906 
0.16687500000000904 
0.20062500000000907 
0.14312500000000902 
0.14187500000000902 
0.2156250000000091 
0.16187500000000904 
0.18562500000000906 
0.16062500000000904 
0.15437500000000903 
0.13937500000000902 
0.13437500000000902 
0.21312500000000908 
0.16312500000000904 
0.21687500000000914 
0.2356250000000095 
0.14187500000000902 
0.131875000000009 
0.09937500000000897 
0.2206250000000092 
0.15937500000000904 
0.32562500000001016 
0.22812500000000932 
0.2756250000000102 
0.2518750000000099 
0.14812500000000903 
0.11937500000000899 
0.25187500000001 
0.125625000000009 
0.18687500000000906 
0.20062500000000907 
0.13687500000000902 
0.128125000000009 
0.13937500000000902 
0.22562500000000937 
0.11562500000000898 
0.2168750000000091 
0.2931250000000101 
0.14187500000000902 
0.10437500000000897 
0.2156250000000091 
0.10187500000000897 
0.26812500000001005 
0.18562500000000906 
0.18437500000000906 
0.126875000000009 
0.2443750000000099 
0.18562500000000906 
0.17812500000000905 
0.27312500000000994 
0.14437500000000902 
0.28062500000001 
0.16312500000000904 
0.13687500000000902 
0.2318750000000095 
0.36062500000001063 
0.16937500000000905 
0.16062500000000904 
0.44062500000001215 
0.21312500000000908 
0.2631250000000099 
0.28687500000001004 
0.21937500000000915 
0.3393750000000105 
0.17937500000000905 
0.17812500000000905 
0.12312500000000899 
0.13687500000000902 
0.16187500000000904 
0.2181250000000091 
0.21062500000000908 
0.16437500000000904 
0.18937500000000906 
0.21437500000000909 
0.18687500000000906 
0.19437500000000907 
0.32062500000001015 
0.15937500000000904 
0.15562500000000903 
0.11062500000000898 
0.21062500000000908 
0.09437500000000897 
0.23937500000000989 
0.24812500000000973 
0.09062500000000896 
0.18312500000000906 
0.15937500000000904 
0.16562500000000904 
0.22687500000000915 
0.12187500000000899 
0.14437500000000902 
0.2356250000000095 
0.2356250000000095 
0.13812500000000902 
0.15187500000000903 
0.11937500000000899 
0.13937500000000902 
0.13312500000000901 
0.22562500000000932 
0.2693750000000102 
0.19562500000000907 
0.18437500000000906 
0.14187500000000902 
