0.17812500000000905 
0.2306250000000095 
0.10562500000000898 
0.12187500000000899 
0.3868750000000106 
0.21937500000000915 
0.19687500000000907 
0.17062500000000905 
0.09312500000000896 
0.126875000000009 
0.09312500000000896 
0.12062500000000899 
0.19687500000000907 
0.13437500000000902 
0.12437500000000899 
0.21812500000000914 
0.16812500000000904 
0.16437500000000904 
0.20062500000000907 
0.18062500000000906 
0.26187500000001007 
0.25437500000001023 
0.2506250000000099 
0.11562500000000898 
0.18437500000000906 
0.17062500000000905 
0.18312500000000906 
0.10812500000000898 
0.15312500000000903 
0.3193750000000102 
0.12312500000000899 
0.16812500000000904 
0.10437500000000897 
0.13687500000000902 
0.22687500000000932 
0.18562500000000906 
0.08687500000000896 
0.20812500000000908 
0.19687500000000907 
0.18312500000000906 
0.14937500000000903 
0.30812500000001036 
0.14687500000000903 
0.14187500000000902 
0.11562500000000898 
0.24187500000000972 
0.17062500000000905 
0.24687500000000978 
0.18062500000000906 
0.08812500000000896 
0.20187500000000907 
0.14437500000000902 
0.2156250000000093 
0.18687500000000906 
0.18812500000000906 
0.36187500000001066 
0.130625000000009 
0.19687500000000907 
0.15937500000000904 
0.16812500000000904 
0.24312500000001 
0.14812500000000903 
0.12187500000000899 
0.18062500000000906 
0.2981250000000103 
0.13312500000000901 
0.17312500000000905 
0.126875000000009 
0.129375000000009 
0.129375000000009 
0.22687500000000932 
0.21187500000000908 
0.19562500000000907 
0.19562500000000907 
0.130625000000009 
0.11312500000000898 
0.18062500000000906 
0.18062500000000906 
0.2668750000000102 
0.3343750000000104 
0.14562500000000903 
0.11437500000000898 
0.20937500000000908 
0.18062500000000906 
0.2893750000000102 
0.21812500000000914 
0.12437500000000899 
0.24312500000000978 
0.18687500000000906 
0.10687500000000898 
0.13437500000000902 
0.20687500000000908 
0.21812500000000914 
0.126875000000009 
0.14062500000000902 
0.14187500000000902 
0.18312500000000906 
0.17937500000000905 
0.09812500000000897 
0.13937500000000902 
0.2181250000000091 
0.14437500000000902 
0.15562500000000903 
0.14062500000000902 
0.20687500000000908 
0.16312500000000904 
0.17812500000000905 
0.126875000000009 
0.13437500000000902 
0.14312500000000902 
0.11937500000000899 
0.19187500000000907 
0.15062500000000903 
0.20937500000000908 
0.2956250000000101 
0.125625000000009 
0.17562500000000905 
0.13687500000000902 
0.10187500000000897 
0.18187500000000906 
0.09687500000000897 
0.13812500000000902 
0.26062500000001004 
0.14812500000000903 
0.23437500000000955 
0.20312500000000908 
0.19687500000000907 
0.15687500000000903 
0.16062500000000904 
0.16687500000000904 
0.15937500000000904 
0.24687500000000978 
0.22562500000000948 
0.2156250000000091 
0.11062500000000898 
0.18687500000000906 
0.19062500000000906 
0.19937500000000907 
0.16187500000000904 
0.125625000000009 
0.16812500000000904 
0.20437500000000908 
0.09687500000000897 
0.10937500000000898 
0.16812500000000904 
0.10937500000000898 
0.22562500000000937 
0.09937500000000897 
0.18812500000000906 
0.2331250000000096 
0.15687500000000903 
0.23687500000000988 
0.24937500000001028 
0.22437500000000937 
0.3168750000000103 
0.15187500000000903 
0.16562500000000904 
0.10187500000000897 
0.24812500000000995 
0.12062500000000899 
0.13937500000000902 
0.15812500000000904 
0.09312500000000896 
0.18687500000000906 
0.12062500000000899 
0.18062500000000906 
0.09937500000000897 
0.10187500000000897 
0.2181250000000091 
0.11937500000000899 
0.27062500000001005 
0.11937500000000899 
0.14812500000000903 
0.18687500000000906 
0.15937500000000904 
0.13562500000000902 
0.14312500000000902 
0.16187500000000904 
0.13812500000000902 
0.17062500000000905 
0.20687500000000908 
0.19187500000000907 
0.20437500000000908 
0.18437500000000906 
0.11562500000000898 
0.28687500000001015 
0.2443750000000099 
0.17687500000000905 
0.15812500000000904 
0.11187500000000898 
0.19937500000000907 
0.18562500000000906 
0.14812500000000903 
0.20687500000000908 
0.14687500000000903 
0.11437500000000898 
0.130625000000009 
0.10937500000000898 
0.16687500000000904 
0.16312500000000904 
0.21937500000000915 
0.15562500000000903 
0.13312500000000901 
0.14187500000000902 
0.23062500000000932 
0.19812500000000907 
0.13562500000000902 
0.19937500000000907 
0.2393750000000096 
0.3268750000000105 
0.15062500000000903 
0.20937500000000908 
0.14812500000000903 
0.14062500000000902 
0.14187500000000902 
0.18687500000000906 
0.18437500000000906 
0.25062500000000987 
0.17687500000000905 
0.10437500000000897 
0.14562500000000903 
0.2156250000000091 
0.14562500000000903 
0.17562500000000905 
0.09937500000000897 
0.11062500000000898 
0.15562500000000903 
0.15562500000000903 
0.17687500000000905 
0.17062500000000905 
0.26562500000001016 
0.16812500000000904 
0.15437500000000903 
0.16187500000000904 
0.19187500000000907 
0.2581250000000099 
0.18312500000000906 
0.18937500000000906 
0.15687500000000903 
0.128125000000009 
0.17187500000000905 
0.20562500000000908 
0.130625000000009 
0.2181250000000091 
0.24812500000001 
0.12312500000000899 
0.11687500000000899 
0.11437500000000898 
0.13437500000000902 
0.21812500000000926 
0.11187500000000898 
0.18437500000000906 
0.2518750000000101 
0.34937500000001054 
0.20437500000000908 
0.16187500000000904 
0.17312500000000905 
0.14437500000000902 
0.2156250000000091 
0.15437500000000903 
0.11687500000000899 
0.13687500000000902 
0.09437500000000897 
0.126875000000009 
0.17687500000000905 
0.13562500000000902 
0.16062500000000904 
0.11687500000000899 
0.09437500000000897 
0.11187500000000898 
0.2306250000000095 
0.16562500000000904 
0.19687500000000907 
0.128125000000009 
0.25562500000001004 
0.21437500000000909 
0.19812500000000907 
0.13687500000000902 
0.18562500000000906 
0.10937500000000898 
0.19062500000000906 
0.15312500000000903 
0.13562500000000902 
0.13812500000000902 
0.16437500000000904 
0.17937500000000905 
0.15312500000000903 
0.15062500000000903 
0.20687500000000908 
0.21312500000000908 
0.3006250000000102 
0.18312500000000906 
0.14062500000000902 
0.16562500000000904 
0.17187500000000905 
0.19437500000000907 
0.13562500000000902 
0.16812500000000904 
0.22062500000000915 
0.14437500000000902 
