0.19562500000000907 
0.129375000000009 
0.19062500000000906 
0.18062500000000906 
0.18687500000000906 
0.25187500000000984 
0.3043750000000101 
0.22687500000000926 
0.16562500000000904 
0.2406250000000096 
0.13937500000000902 
0.15937500000000904 
0.18187500000000906 
0.2368750000000095 
0.14562500000000903 
0.3506250000000103 
0.21062500000000908 
0.31437500000001006 
0.13812500000000902 
0.13687500000000902 
0.13562500000000902 
0.12312500000000899 
0.17312500000000905 
0.29187500000001027 
0.22812500000000926 
0.19812500000000907 
0.11562500000000898 
0.13437500000000902 
0.18687500000000906 
0.19562500000000907 
0.28687500000001015 
0.13812500000000902 
0.19812500000000907 
0.18062500000000906 
0.23187500000000927 
0.18312500000000906 
0.16937500000000905 
0.21437500000000909 
0.20437500000000908 
0.2543750000000099 
0.22562500000000926 
0.15937500000000904 
0.16937500000000905 
0.2568750000000099 
0.2668750000000096 
0.19312500000000907 
0.18062500000000906 
0.19437500000000907 
0.18812500000000906 
0.14812500000000903 
0.29687500000001016 
0.22937500000000938 
0.19312500000000907 
0.15312500000000903 
0.18687500000000906 
0.16562500000000904 
0.2281250000000092 
0.13312500000000901 
0.125625000000009 
0.14187500000000902 
0.22562500000000915 
0.19437500000000907 
0.2231250000000091 
0.28187500000001015 
0.16562500000000904 
0.18187500000000906 
0.19062500000000906 
0.17437500000000905 
0.15937500000000904 
0.16187500000000904 
0.12312500000000899 
0.26187500000000974 
0.19937500000000907 
0.16562500000000904 
0.20437500000000908 
0.24062500000000955 
0.2556250000000098 
0.3143750000000101 
0.24062500000000955 
0.22937500000000927 
0.15437500000000903 
0.18812500000000906 
0.20687500000000908 
0.20437500000000908 
0.125625000000009 
0.15562500000000903 
0.3581250000000103 
0.2756250000000103 
0.11187500000000898 
0.126875000000009 
0.15562500000000903 
0.16187500000000904 
0.12312500000000899 
0.3106250000000101 
0.20062500000000907 
0.2218750000000091 
0.19687500000000907 
0.14937500000000903 
0.129375000000009 
0.13687500000000902 
0.2606250000000098 
0.28062500000000984 
0.18437500000000906 
0.18312500000000906 
0.15937500000000904 
0.26687500000000985 
0.31687500000000995 
0.2218750000000091 
0.14312500000000902 
0.2668750000000098 
0.20937500000000908 
0.17437500000000905 
0.13312500000000901 
0.17312500000000905 
0.17187500000000905 
0.23812500000000972 
0.15437500000000903 
0.12437500000000899 
0.13562500000000902 
0.2906250000000101 
0.3793750000000103 
0.13937500000000902 
0.19312500000000907 
0.18687500000000906 
0.33562500000001017 
0.15062500000000903 
0.2793750000000102 
0.17437500000000905 
0.2631250000000098 
0.3131250000000102 
0.19812500000000907 
0.2181250000000093 
0.2431250000000096 
0.129375000000009 
0.20187500000000907 
0.2993750000000101 
0.2156250000000091 
0.14562500000000903 
0.21312500000000908 
0.17812500000000905 
0.15187500000000903 
0.13937500000000902 
0.19812500000000907 
0.2868750000000101 
0.14437500000000902 
0.2606250000000099 
0.17687500000000905 
0.128125000000009 
0.35812500000001035 
0.2156250000000091 
0.17937500000000905 
0.28937500000001004 
0.13937500000000902 
0.17687500000000905 
0.17312500000000905 
0.20687500000000908 
0.26812500000001 
0.30687500000001006 
0.30562500000001 
0.17187500000000905 
0.2168750000000092 
0.13312500000000901 
0.16312500000000904 
0.20812500000000908 
0.37312500000001075 
0.126875000000009 
0.11812500000000899 
0.15562500000000903 
0.13687500000000902 
0.46687500000001214 
0.20687500000000908 
0.128125000000009 
0.19312500000000907 
0.31562500000001015 
0.23562500000000955 
0.2206250000000091 
0.17187500000000905 
0.18062500000000906 
0.23437500000000938 
0.2193750000000091 
0.16062500000000904 
0.14187500000000902 
0.27937500000000987 
0.17812500000000905 
0.19812500000000907 
0.2656250000000101 
0.20562500000000908 
0.16687500000000904 
0.15062500000000903 
0.13437500000000902 
0.36437500000001044 
0.13562500000000902 
0.20687500000000908 
0.24812500000000978 
0.2156250000000091 
0.17812500000000905 
0.15062500000000903 
0.16562500000000904 
0.126875000000009 
0.16062500000000904 
0.2331250000000092 
0.23687500000000972 
0.26437500000000985 
0.17937500000000905 
0.15687500000000903 
0.12187500000000899 
0.29062500000001007 
0.20437500000000908 
0.13312500000000901 
0.13687500000000902 
0.30937500000001017 
0.19937500000000907 
0.15687500000000903 
0.19937500000000907 
0.19062500000000906 
0.18312500000000906 
0.30437500000001017 
0.125625000000009 
0.37812500000001087 
0.25562500000000976 
0.2781250000000099 
0.18062500000000906 
0.17562500000000905 
0.19437500000000907 
0.3443750000000103 
0.3193750000000103 
0.24562500000000967 
0.2818750000000099 
0.15937500000000904 
0.21437500000000909 
0.18937500000000906 
0.17812500000000905 
0.15062500000000903 
0.13312500000000901 
0.14187500000000902 
0.18687500000000906 
0.14562500000000903 
0.18937500000000906 
0.15812500000000904 
0.22187500000000915 
0.18562500000000906 
0.14187500000000902 
0.2468750000000099 
0.22562500000000915 
0.11562500000000898 
0.21062500000000908 
0.20812500000000908 
0.15937500000000904 
0.21812500000000914 
0.23437500000000944 
0.22187500000000915 
0.2181250000000091 
0.16937500000000905 
0.10937500000000898 
0.18937500000000906 
0.20062500000000907 
0.2218750000000091 
0.24437500000000967 
0.20187500000000907 
0.36562500000001025 
0.14062500000000902 
0.14187500000000902 
0.15937500000000904 
0.20187500000000907 
0.19437500000000907 
0.125625000000009 
0.15687500000000903 
0.20437500000000908 
0.20687500000000908 
0.26687500000001 
0.17062500000000905 
0.18812500000000906 
0.20437500000000908 
0.20812500000000908 
0.16187500000000904 
0.20062500000000907 
0.24187500000000994 
0.18062500000000906 
0.16812500000000904 
0.2656250000000101 
0.2218750000000092 
0.18687500000000906 
0.17312500000000905 
0.15562500000000903 
0.17687500000000905 
0.31812500000001004 
0.25312500000000976 
0.13312500000000901 
0.2156250000000091 
0.22562500000000932 
0.16812500000000904 
0.14937500000000903 
0.24187500000000972 
0.19687500000000907 
0.21312500000000908 
0.17312500000000905 
0.13562500000000902 
0.15312500000000903 
0.23937500000000955 
0.3081250000000103 
