0.13937500000000902 
0.20562500000000908 
0.130625000000009 
0.09562500000000897 
0.15187500000000903 
0.17687500000000905 
0.15062500000000903 
0.15562500000000903 
0.11187500000000898 
0.2606250000000102 
0.17562500000000905 
0.17062500000000905 
0.15562500000000903 
0.10687500000000898 
0.2618750000000101 
0.13812500000000902 
0.15312500000000903 
0.13937500000000902 
0.12312500000000899 
0.18062500000000906 
0.09687500000000897 
0.17312500000000905 
0.128125000000009 
0.15562500000000903 
0.16312500000000904 
0.23687500000000966 
0.15687500000000903 
0.11312500000000898 
0.15562500000000903 
0.126875000000009 
0.20562500000000908 
0.2381250000000096 
0.126875000000009 
0.14062500000000902 
0.3268750000000105 
0.16937500000000905 
0.15687500000000903 
0.10312500000000897 
0.33062500000001055 
0.27062500000001005 
0.20437500000000908 
0.26312500000001005 
0.19812500000000907 
0.09687500000000897 
0.22937500000000943 
0.3356250000000103 
0.17437500000000905 
0.12437500000000899 
0.16687500000000904 
0.12187500000000899 
0.10062500000000897 
0.14687500000000903 
0.13437500000000902 
0.10187500000000897 
0.14812500000000903 
0.16937500000000905 
0.14187500000000902 
0.126875000000009 
0.130625000000009 
0.18687500000000906 
0.21312500000000908 
0.15687500000000903 
0.14562500000000903 
0.34937500000001037 
0.17812500000000905 
0.19812500000000907 
0.16937500000000905 
0.15437500000000903 
0.16812500000000904 
0.16437500000000904 
0.12437500000000899 
0.15312500000000903 
0.3006250000000101 
0.16187500000000904 
0.22687500000000949 
0.2631250000000101 
0.13687500000000902 
0.16187500000000904 
0.18437500000000906 
0.17937500000000905 
0.18437500000000906 
0.21312500000000908 
0.11937500000000899 
0.18937500000000906 
0.18187500000000906 
0.14687500000000903 
0.24937500000000984 
0.11437500000000898 
0.20812500000000908 
0.10562500000000898 
0.18187500000000906 
0.19437500000000907 
0.18062500000000906 
0.16687500000000904 
0.26687500000000985 
0.17687500000000905 
0.14812500000000903 
0.13687500000000902 
0.20562500000000908 
0.19312500000000907 
0.22187500000000937 
0.35687500000001043 
0.23437500000000955 
0.14812500000000903 
0.12187500000000899 
0.15562500000000903 
0.125625000000009 
0.14687500000000903 
0.2168750000000091 
0.20687500000000908 
0.2206250000000093 
0.20812500000000908 
0.15437500000000903 
0.19312500000000907 
0.12187500000000899 
0.29312500000001007 
0.11937500000000899 
0.129375000000009 
0.2856250000000103 
0.15562500000000903 
0.19312500000000907 
0.13812500000000902 
0.2731250000000102 
0.17687500000000905 
0.20812500000000908 
0.17687500000000905 
0.31937500000001023 
0.128125000000009 
0.13437500000000902 
0.3118750000000102 
0.14187500000000902 
0.16812500000000904 
0.3231250000000103 
0.25687500000001007 
0.12437500000000899 
0.17062500000000905 
0.08937500000000896 
0.18312500000000906 
0.08812500000000896 
0.23937500000000977 
0.16562500000000904 
0.18437500000000906 
0.14937500000000903 
0.10812500000000898 
0.15437500000000903 
0.15437500000000903 
0.11937500000000899 
0.22312500000000937 
0.19562500000000907 
0.14937500000000903 
0.16437500000000904 
0.11062500000000898 
0.22687500000000932 
0.11312500000000898 
0.16562500000000904 
0.19437500000000907 
0.10562500000000898 
0.22687500000000943 
0.10687500000000898 
0.15687500000000903 
0.13562500000000902 
0.21437500000000909 
0.14312500000000902 
0.13687500000000902 
0.22437500000000926 
0.18312500000000906 
0.19062500000000906 
0.25937500000000996 
0.2218750000000092 
0.15562500000000903 
0.2156250000000091 
0.16312500000000904 
0.15312500000000903 
0.23437500000000977 
0.22562500000000932 
0.21062500000000908 
0.16562500000000904 
0.14437500000000902 
0.16562500000000904 
0.15437500000000903 
0.21187500000000908 
0.09687500000000897 
0.19812500000000907 
0.16312500000000904 
0.18937500000000906 
0.09187500000000896 
0.30187500000001016 
0.15562500000000903 
0.14437500000000902 
0.19437500000000907 
0.128125000000009 
0.14312500000000902 
0.131875000000009 
0.18062500000000906 
0.15812500000000904 
0.17937500000000905 
0.131875000000009 
0.15312500000000903 
0.2156250000000091 
0.13312500000000901 
0.125625000000009 
0.20937500000000908 
0.14437500000000902 
0.16687500000000904 
0.18312500000000906 
0.126875000000009 
0.13562500000000902 
0.15812500000000904 
0.23687500000000955 
0.11687500000000899 
0.14187500000000902 
0.128125000000009 
0.13437500000000902 
0.13687500000000902 
0.16062500000000904 
0.13937500000000902 
0.14437500000000902 
0.14562500000000903 
0.15812500000000904 
0.2106250000000093 
0.22687500000000937 
0.21312500000000908 
0.16062500000000904 
0.20687500000000908 
0.20812500000000908 
0.18937500000000906 
0.11562500000000898 
0.129375000000009 
0.13437500000000902 
0.18812500000000906 
0.18437500000000906 
0.18812500000000906 
0.17812500000000905 
0.11937500000000899 
0.2631250000000101 
0.10562500000000898 
0.17312500000000905 
0.19437500000000907 
0.24687500000001 
0.21187500000000908 
0.09437500000000897 
0.18312500000000906 
0.17562500000000905 
0.16687500000000904 
0.10937500000000898 
0.17312500000000905 
0.14312500000000902 
0.16312500000000904 
0.26312500000001 
0.17562500000000905 
0.131875000000009 
0.16812500000000904 
0.13687500000000902 
0.18437500000000906 
0.13687500000000902 
0.17062500000000905 
0.16312500000000904 
0.16562500000000904 
0.12062500000000899 
0.16687500000000904 
0.11687500000000899 
0.128125000000009 
0.23062500000000943 
0.21437500000000909 
0.128125000000009 
0.22437500000000926 
0.10187500000000897 
0.20937500000000908 
0.10062500000000897 
0.10937500000000898 
0.11312500000000898 
0.17687500000000905 
0.21062500000000908 
0.06562500000000898 
0.16187500000000904 
0.126875000000009 
0.130625000000009 
0.14937500000000903 
0.22062500000000915 
0.19187500000000907 
0.16937500000000905 
0.19312500000000907 
0.128125000000009 
0.10812500000000898 
0.28187500000001026 
0.2168750000000091 
0.18687500000000906 
0.07562500000000898 
0.18312500000000906 
0.10437500000000897 
0.15937500000000904 
0.16187500000000904 
0.22437500000000926 
0.14062500000000902 
0.11937500000000899 
0.19312500000000907 
0.16812500000000904 
0.13437500000000902 
0.15937500000000904 
0.13687500000000902 
