0.15062500000000903 
0.16312500000000904 
0.12312500000000899 
0.11562500000000898 
0.15062500000000903 
0.16937500000000905 
0.22812500000000926 
0.23687500000000955 
0.11937500000000899 
0.2681250000000103 
0.17562500000000905 
0.128125000000009 
0.18562500000000906 
0.13437500000000902 
0.20312500000000908 
0.11937500000000899 
0.19812500000000907 
0.24312500000000978 
0.26187500000001 
0.24187500000000978 
0.12312500000000899 
0.17562500000000905 
0.14187500000000902 
0.27187500000001 
0.12187500000000899 
0.129375000000009 
0.14812500000000903 
0.23687500000000955 
0.14187500000000902 
0.11812500000000899 
0.23687500000000966 
0.129375000000009 
0.14687500000000903 
0.19062500000000906 
0.17187500000000905 
0.20687500000000908 
0.22437500000000948 
0.17187500000000905 
0.2156250000000092 
0.11437500000000898 
0.15437500000000903 
0.10687500000000898 
0.14812500000000903 
0.19937500000000907 
0.23562500000000955 
0.14187500000000902 
0.24437500000000972 
0.15312500000000903 
0.20437500000000908 
0.19562500000000907 
0.16187500000000904 
0.3456250000000104 
0.13687500000000902 
0.27812500000000995 
0.18937500000000906 
0.21312500000000908 
0.16437500000000904 
0.28687500000001004 
0.18562500000000906 
0.20187500000000907 
0.27437500000000997 
0.17187500000000905 
0.20312500000000908 
0.14312500000000902 
0.23562500000000972 
0.3056250000000103 
0.13437500000000902 
0.18312500000000906 
0.16062500000000904 
0.16562500000000904 
0.15687500000000903 
0.21437500000000909 
0.16937500000000905 
0.12312500000000899 
0.15687500000000903 
0.16187500000000904 
0.19687500000000907 
0.21187500000000908 
0.14937500000000903 
0.17687500000000905 
0.13812500000000902 
0.20937500000000908 
0.14937500000000903 
0.15562500000000903 
0.11562500000000898 
0.4431250000000122 
0.16437500000000904 
0.15812500000000904 
0.18062500000000906 
0.14937500000000903 
0.46437500000001264 
0.24312500000000967 
0.12437500000000899 
0.20187500000000907 
0.17937500000000905 
0.15187500000000903 
0.35437500000001027 
0.16687500000000904 
0.19187500000000907 
0.20562500000000908 
0.13312500000000901 
0.129375000000009 
0.15937500000000904 
0.25062500000001 
0.13937500000000902 
0.16187500000000904 
0.11687500000000899 
0.16312500000000904 
0.14812500000000903 
0.16062500000000904 
0.19062500000000906 
0.10687500000000898 
0.17437500000000905 
0.14062500000000902 
0.12437500000000899 
0.18437500000000906 
0.09062500000000896 
0.24312500000000972 
0.2218750000000091 
0.13687500000000902 
0.15812500000000904 
0.13562500000000902 
0.3068750000000102 
0.14687500000000903 
0.2168750000000091 
0.29562500000001 
0.2843750000000101 
0.129375000000009 
0.10937500000000898 
0.14937500000000903 
0.22812500000000932 
0.19062500000000906 
0.20437500000000908 
0.20937500000000908 
0.17187500000000905 
0.23187500000000943 
0.18062500000000906 
0.23687500000000977 
0.18687500000000906 
0.126875000000009 
0.16687500000000904 
0.13312500000000901 
0.26187500000001035 
0.22687500000000949 
0.12437500000000899 
0.16062500000000904 
0.19062500000000906 
0.17312500000000905 
0.131875000000009 
0.14062500000000902 
0.20937500000000908 
0.14312500000000902 
0.20812500000000908 
0.20062500000000907 
0.18687500000000906 
0.22937500000000943 
0.17437500000000905 
0.15062500000000903 
0.20812500000000908 
0.15437500000000903 
0.15562500000000903 
0.27937500000000987 
0.11812500000000899 
0.13312500000000901 
0.13687500000000902 
0.19812500000000907 
0.15187500000000903 
0.2206250000000092 
0.20562500000000908 
0.38812500000001116 
0.27437500000000997 
0.11437500000000898 
0.10312500000000897 
0.2206250000000091 
0.14187500000000902 
0.17437500000000905 
0.15687500000000903 
0.10312500000000897 
0.17187500000000905 
0.26562500000001 
0.17812500000000905 
0.20437500000000908 
0.125625000000009 
0.22312500000000915 
0.16812500000000904 
0.18937500000000906 
0.11937500000000899 
0.14062500000000902 
0.2681250000000102 
0.3118750000000103 
0.10812500000000898 
0.19812500000000907 
0.13937500000000902 
0.15437500000000903 
0.2181250000000091 
0.130625000000009 
0.18687500000000906 
0.24562500000000984 
0.18937500000000906 
0.24312500000000972 
0.17437500000000905 
0.25062500000000976 
0.23062500000000938 
0.19812500000000907 
0.18312500000000906 
0.24187500000000978 
0.17562500000000905 
0.12437500000000899 
0.25687500000001007 
0.130625000000009 
0.17437500000000905 
0.17437500000000905 
0.17437500000000905 
0.129375000000009 
0.4306250000000123 
0.25687500000001 
0.18437500000000906 
0.11062500000000898 
0.15687500000000903 
0.17312500000000905 
0.128125000000009 
0.22437500000000926 
0.18312500000000906 
0.2556250000000101 
0.2256250000000092 
0.18312500000000906 
0.18812500000000906 
0.131875000000009 
0.20562500000000908 
0.23687500000000944 
0.3256250000000104 
0.16937500000000905 
0.20187500000000907 
0.14812500000000903 
0.15187500000000903 
0.15937500000000904 
0.12187500000000899 
0.2318750000000095 
0.15562500000000903 
0.10437500000000897 
0.16312500000000904 
0.17562500000000905 
0.15562500000000903 
0.24812500000000984 
0.15187500000000903 
0.19562500000000907 
0.11312500000000898 
0.16687500000000904 
0.19562500000000907 
0.11812500000000899 
0.12187500000000899 
0.09937500000000897 
0.16437500000000904 
0.27687500000001003 
0.13687500000000902 
0.128125000000009 
0.16437500000000904 
0.16937500000000905 
0.2731250000000103 
0.19812500000000907 
0.20312500000000908 
0.18937500000000906 
0.20062500000000907 
0.17062500000000905 
0.15937500000000904 
0.17812500000000905 
0.14812500000000903 
0.15937500000000904 
0.16937500000000905 
0.15187500000000903 
0.2206250000000091 
0.17187500000000905 
0.13312500000000901 
0.3718750000000104 
0.15562500000000903 
0.19312500000000907 
0.2206250000000091 
0.18187500000000906 
0.13562500000000902 
0.15937500000000904 
0.14312500000000902 
0.3306250000000105 
0.15687500000000903 
0.17437500000000905 
0.14812500000000903 
0.15812500000000904 
0.16437500000000904 
0.16687500000000904 
0.17812500000000905 
0.23937500000000972 
0.18312500000000906 
0.13312500000000901 
0.21062500000000908 
0.17062500000000905 
0.18937500000000906 
0.11937500000000899 
0.14062500000000902 
0.19812500000000907 
0.15062500000000903 
0.14812500000000903 
