0.15812500000000904 
0.16562500000000904 
0.09687500000000897 
0.125625000000009 
0.20562500000000908 
0.3468750000000104 
0.17562500000000905 
0.19562500000000907 
0.19312500000000907 
0.25937500000000996 
0.14562500000000903 
0.26937500000001 
0.3131250000000102 
0.23437500000000944 
0.14187500000000902 
0.10312500000000897 
0.15687500000000903 
0.10062500000000897 
0.14562500000000903 
0.2531250000000098 
0.13562500000000902 
0.16812500000000904 
0.2193750000000091 
0.21937500000000915 
0.2443750000000099 
0.16062500000000904 
0.19437500000000907 
0.2481250000000099 
0.16812500000000904 
0.2393750000000096 
0.14437500000000902 
0.11812500000000899 
0.21062500000000908 
0.17187500000000905 
0.16437500000000904 
0.09812500000000897 
0.131875000000009 
0.14687500000000903 
0.20937500000000908 
0.20812500000000908 
0.17562500000000905 
0.128125000000009 
0.14062500000000902 
0.10812500000000898 
0.2156250000000091 
0.26312500000001027 
0.24812500000000995 
0.14812500000000903 
0.20312500000000908 
0.12437500000000899 
0.15562500000000903 
0.13812500000000902 
0.130625000000009 
0.24937500000000995 
0.14687500000000903 
0.16937500000000905 
0.14062500000000902 
0.125625000000009 
0.09687500000000897 
0.18687500000000906 
0.11187500000000898 
0.14937500000000903 
0.24437500000000978 
0.15687500000000903 
0.13937500000000902 
0.14562500000000903 
0.17187500000000905 
0.10312500000000897 
0.2693750000000103 
0.15187500000000903 
0.129375000000009 
0.14187500000000902 
0.11562500000000898 
0.15937500000000904 
0.13812500000000902 
0.14937500000000903 
0.2281250000000095 
0.128125000000009 
0.22437500000000943 
0.11562500000000898 
0.13937500000000902 
0.131875000000009 
0.15437500000000903 
0.28937500000001015 
0.13562500000000902 
0.126875000000009 
0.16937500000000905 
0.25062500000000987 
0.2218750000000092 
0.20312500000000908 
0.11562500000000898 
0.16187500000000904 
0.20437500000000908 
0.10687500000000898 
0.22312500000000926 
0.14687500000000903 
0.126875000000009 
0.20687500000000908 
0.24187500000001005 
0.126875000000009 
0.21687500000000914 
0.15562500000000903 
0.20437500000000908 
0.126875000000009 
0.21312500000000908 
0.26062500000001004 
0.23812500000000994 
0.2218750000000092 
0.20312500000000908 
0.16937500000000905 
0.09687500000000897 
0.15062500000000903 
0.17187500000000905 
0.10437500000000897 
0.13562500000000902 
0.11312500000000898 
0.14312500000000902 
0.128125000000009 
0.16687500000000904 
0.13312500000000901 
0.16562500000000904 
0.19187500000000907 
0.13812500000000902 
0.17312500000000905 
0.2568750000000101 
0.11562500000000898 
0.14187500000000902 
0.12187500000000899 
0.36062500000001063 
0.14062500000000902 
0.13937500000000902 
0.14187500000000902 
0.28062500000001006 
0.22062500000000937 
0.23437500000000955 
0.18812500000000906 
0.23562500000000955 
0.20812500000000925 
0.11937500000000899 
0.129375000000009 
0.12062500000000899 
0.23062500000000938 
0.16812500000000904 
0.24562500000000984 
0.125625000000009 
0.14812500000000903 
0.16562500000000904 
0.13312500000000901 
0.20187500000000907 
0.18812500000000906 
0.2156250000000091 
0.25937500000001 
0.13312500000000901 
0.16687500000000904 
0.20437500000000908 
0.12062500000000899 
0.09937500000000897 
0.13687500000000902 
0.2731250000000103 
0.24812500000001 
0.10187500000000897 
0.11937500000000899 
0.14187500000000902 
0.20312500000000908 
0.14687500000000903 
0.16937500000000905 
0.130625000000009 
0.09687500000000897 
0.14312500000000902 
0.11812500000000899 
0.12437500000000899 
0.13437500000000902 
0.16437500000000904 
0.17812500000000905 
0.11437500000000898 
0.129375000000009 
0.18312500000000906 
0.11937500000000899 
0.11437500000000898 
0.10562500000000898 
0.16562500000000904 
0.11187500000000898 
0.19312500000000907 
0.22187500000000915 
0.18937500000000906 
0.13937500000000902 
0.14937500000000903 
0.17437500000000905 
0.25062500000000987 
0.15937500000000904 
0.18812500000000906 
0.18437500000000906 
0.16437500000000904 
0.25937500000000996 
0.09687500000000897 
0.22187500000000915 
0.15312500000000903 
0.12437500000000899 
0.23312500000000938 
0.15437500000000903 
0.25062500000000987 
0.15062500000000903 
0.2343750000000096 
0.13687500000000902 
0.25187500000000995 
0.15062500000000903 
0.16937500000000905 
0.130625000000009 
0.23812500000000988 
0.17812500000000905 
0.08687500000000896 
0.24187500000000972 
0.16437500000000904 
0.2156250000000092 
0.13437500000000902 
0.14062500000000902 
0.12437500000000899 
0.24812500000001012 
0.27937500000001003 
0.16937500000000905 
0.30687500000001017 
0.21312500000000908 
0.126875000000009 
0.21187500000000908 
0.18312500000000906 
0.16312500000000904 
0.26062500000000993 
0.18187500000000906 
0.27312500000001 
0.09437500000000897 
0.19937500000000907 
0.18562500000000906 
0.16187500000000904 
0.19187500000000907 
0.18062500000000906 
0.19937500000000907 
0.19562500000000907 
0.23562500000000966 
0.2531250000000099 
0.23812500000000977 
0.16062500000000904 
0.15687500000000903 
0.2493750000000099 
0.16187500000000904 
0.19562500000000907 
0.10312500000000897 
0.19312500000000907 
0.27687500000001036 
0.129375000000009 
0.15812500000000904 
0.17562500000000905 
0.10562500000000898 
0.23437500000000966 
0.24812500000000978 
0.26812500000000977 
0.20437500000000908 
0.10687500000000898 
0.22812500000000938 
0.26187500000000996 
0.11937500000000899 
0.15437500000000903 
0.17687500000000905 
0.129375000000009 
0.17812500000000905 
0.2181250000000091 
0.19687500000000907 
0.2793750000000099 
0.15312500000000903 
0.23812500000000988 
0.23437500000000966 
0.16812500000000904 
0.15562500000000903 
0.11812500000000899 
0.10812500000000898 
0.17437500000000905 
0.17937500000000905 
0.10812500000000898 
0.11437500000000898 
0.28437500000001015 
0.11562500000000898 
0.20687500000000908 
0.3431250000000103 
0.10812500000000898 
0.14812500000000903 
0.14312500000000902 
0.24812500000001006 
0.19312500000000907 
0.126875000000009 
0.15312500000000903 
0.12437500000000899 
0.18062500000000906 
0.15437500000000903 
0.11812500000000899 
0.15937500000000904 
0.18312500000000906 
0.14312500000000902 
0.13312500000000901 
0.15187500000000903 
0.22187500000000915 
0.19062500000000906 
