0.11687500000000899 
0.14937500000000903 
0.18437500000000906 
0.16187500000000904 
0.14937500000000903 
0.15312500000000903 
0.3543750000000105 
0.129375000000009 
0.16062500000000904 
0.17812500000000905 
0.17812500000000905 
0.129375000000009 
0.11687500000000899 
0.21312500000000908 
0.10062500000000897 
0.38062500000001087 
0.33562500000001017 
0.2168750000000091 
0.15312500000000903 
0.16312500000000904 
0.2593750000000102 
0.17062500000000905 
0.17062500000000905 
0.15687500000000903 
0.13687500000000902 
0.126875000000009 
0.10937500000000898 
0.18562500000000906 
0.11312500000000898 
0.26187500000000985 
0.34812500000001023 
0.21062500000000908 
0.14437500000000902 
0.18437500000000906 
0.16437500000000904 
0.2593750000000098 
0.14062500000000902 
0.14687500000000903 
0.15312500000000903 
0.16812500000000904 
0.16937500000000905 
0.21062500000000908 
0.13687500000000902 
0.09562500000000897 
0.15312500000000903 
0.20812500000000908 
0.17187500000000905 
0.19062500000000906 
0.11312500000000898 
0.11937500000000899 
0.08562500000000899 
0.17312500000000905 
0.11812500000000899 
0.27062500000001 
0.14812500000000903 
0.18937500000000906 
0.16062500000000904 
0.15687500000000903 
0.18187500000000906 
0.3106250000000101 
0.21187500000000908 
0.19062500000000906 
0.3706250000000105 
0.14812500000000903 
0.30937500000001017 
0.14312500000000902 
0.17687500000000905 
0.29687500000001016 
0.21062500000000908 
0.20937500000000908 
0.13312500000000901 
0.16937500000000905 
0.3068750000000101 
0.17187500000000905 
0.14937500000000903 
0.25562500000000987 
0.21812500000000914 
0.15437500000000903 
0.16187500000000904 
0.130625000000009 
0.34937500000001026 
0.2156250000000091 
0.3206250000000104 
0.16687500000000904 
0.24937500000000995 
0.20312500000000908 
0.20312500000000908 
0.17187500000000905 
0.28562500000001 
0.17312500000000905 
0.3143750000000102 
0.2268750000000091 
0.14812500000000903 
0.18187500000000906 
0.11812500000000899 
0.17687500000000905 
0.17687500000000905 
0.3281250000000102 
0.20312500000000908 
0.36562500000001064 
0.12187500000000899 
0.16187500000000904 
0.10687500000000898 
0.2681250000000103 
0.30437500000001005 
0.19937500000000907 
0.13687500000000902 
0.13687500000000902 
0.20437500000000908 
0.15187500000000903 
0.20812500000000908 
0.32812500000001027 
0.21187500000000908 
0.20687500000000908 
0.2318750000000092 
0.10062500000000897 
0.23187500000000938 
0.21437500000000909 
0.11937500000000899 
0.16562500000000904 
0.24562500000000978 
0.10937500000000898 
0.09312500000000896 
0.20562500000000908 
0.2481250000000099 
0.3556250000000104 
0.13312500000000901 
0.129375000000009 
0.3206250000000102 
0.16687500000000904 
0.13812500000000902 
0.21312500000000908 
0.16437500000000904 
0.17062500000000905 
0.16687500000000904 
0.24062500000000994 
0.131875000000009 
0.14187500000000902 
0.19312500000000907 
0.28562500000001 
0.15562500000000903 
0.08937500000000898 
0.23937500000000966 
0.18187500000000906 
0.28437500000001 
0.22687500000000949 
0.20812500000000908 
0.21437500000000909 
0.16687500000000904 
0.23812500000000955 
0.19812500000000907 
0.126875000000009 
0.11187500000000898 
0.126875000000009 
0.07812500000000897 
0.19062500000000906 
0.17687500000000905 
0.20687500000000908 
0.129375000000009 
0.22312500000000954 
0.22812500000000943 
0.29562500000000996 
0.14437500000000902 
0.21687500000000914 
0.22437500000000926 
0.14812500000000903 
0.2193750000000091 
0.125625000000009 
0.12437500000000899 
0.15562500000000903 
0.34062500000001034 
0.21187500000000908 
0.2243750000000092 
0.2531250000000098 
0.18562500000000906 
0.29812500000001035 
0.12187500000000899 
0.21187500000000908 
0.2543750000000099 
0.18187500000000906 
0.19687500000000907 
0.14437500000000902 
0.20687500000000908 
0.3031250000000099 
0.23562500000000966 
0.18437500000000906 
0.17437500000000905 
0.19062500000000906 
0.129375000000009 
0.17312500000000905 
0.15187500000000903 
0.20687500000000908 
0.18312500000000906 
0.28187500000001003 
0.16187500000000904 
0.21187500000000908 
0.11062500000000898 
0.25187500000000984 
0.17062500000000905 
0.15187500000000903 
0.16312500000000904 
0.19437500000000907 
0.10812500000000898 
0.15812500000000904 
0.17062500000000905 
0.28437500000001015 
0.15812500000000904 
0.27437500000001 
0.13937500000000902 
0.2531250000000098 
0.19562500000000907 
0.47937500000001243 
0.2293750000000096 
0.2281250000000092 
0.14312500000000902 
0.14687500000000903 
0.17687500000000905 
0.23312500000000932 
0.15687500000000903 
0.26437500000000985 
0.30062500000001036 
0.18812500000000906 
0.19187500000000907 
0.30312500000001025 
0.2568750000000103 
0.16312500000000904 
0.2081250000000092 
0.13437500000000902 
0.19562500000000907 
0.20437500000000908 
0.17562500000000905 
0.11812500000000899 
0.13687500000000902 
0.17437500000000905 
0.31187500000001045 
0.2218750000000092 
0.19312500000000907 
0.16437500000000904 
0.12062500000000899 
0.12062500000000899 
0.15062500000000903 
0.23312500000000955 
0.16187500000000904 
0.25937500000000996 
0.13937500000000902 
0.11312500000000898 
0.12062500000000899 
0.14937500000000903 
0.18437500000000906 
0.17937500000000905 
0.18687500000000906 
0.21187500000000908 
0.21812500000000914 
0.18062500000000906 
0.11812500000000899 
0.14062500000000902 
0.18812500000000906 
0.20812500000000908 
0.15812500000000904 
0.2206250000000091 
0.12187500000000899 
0.20437500000000908 
0.17437500000000905 
0.16687500000000904 
0.16062500000000904 
0.14937500000000903 
0.13437500000000902 
0.27437500000001036 
0.09812500000000897 
0.19562500000000907 
0.12062500000000899 
0.2268750000000092 
0.20812500000000908 
0.19312500000000907 
0.17687500000000905 
0.21187500000000908 
0.125625000000009 
0.10937500000000898 
0.17562500000000905 
0.23562500000000966 
0.2381250000000096 
0.13812500000000902 
0.15562500000000903 
0.18687500000000906 
0.12312500000000899 
0.2218750000000092 
0.13687500000000902 
0.24812500000001 
0.21062500000000908 
0.130625000000009 
0.20812500000000908 
0.16312500000000904 
0.129375000000009 
0.16562500000000904 
0.14812500000000903 
0.15687500000000903 
0.18187500000000906 
0.24187500000000967 
0.19562500000000907 
0.15937500000000904 
