0.14062500000000902 
0.11562500000000898 
0.13687500000000902 
0.16437500000000904 
0.17812500000000905 
0.13812500000000902 
0.16437500000000904 
0.33687500000001036 
0.16937500000000905 
0.14937500000000903 
0.17437500000000905 
0.13437500000000902 
0.15937500000000904 
0.19437500000000907 
0.131875000000009 
0.25312500000001004 
0.4293750000000117 
0.12437500000000899 
0.17687500000000905 
0.16937500000000905 
0.16812500000000904 
0.11062500000000898 
0.29812500000001 
0.24562500000000978 
0.14187500000000902 
0.16062500000000904 
0.13562500000000902 
0.16812500000000904 
0.17562500000000905 
0.2581250000000099 
0.13312500000000901 
0.17312500000000905 
0.28562500000001007 
0.13812500000000902 
0.08187500000000895 
0.12312500000000899 
0.18812500000000906 
0.2756250000000101 
0.22937500000000915 
0.17562500000000905 
0.15562500000000903 
0.14937500000000903 
0.2718750000000099 
0.17687500000000905 
0.15312500000000903 
0.125625000000009 
0.20812500000000908 
0.2131250000000093 
0.16187500000000904 
0.17937500000000905 
0.26687500000000997 
0.14062500000000902 
0.14187500000000902 
0.14562500000000903 
0.12187500000000899 
0.18062500000000906 
0.10187500000000897 
0.19312500000000907 
0.2156250000000091 
0.3393750000000103 
0.31437500000001023 
0.22937500000000938 
0.20437500000000908 
0.2156250000000091 
0.15812500000000904 
0.20062500000000907 
0.18687500000000906 
0.2293750000000092 
0.3031250000000102 
0.19687500000000907 
0.14687500000000903 
0.20312500000000908 
0.2231250000000092 
0.15562500000000903 
0.24437500000000978 
0.3043750000000102 
0.19062500000000906 
0.131875000000009 
0.2943750000000101 
0.129375000000009 
0.26937500000001 
0.14312500000000902 
0.2368750000000096 
0.19812500000000907 
0.14062500000000902 
0.11687500000000899 
0.17437500000000905 
0.17187500000000905 
0.19437500000000907 
0.18312500000000906 
0.22312500000000932 
0.14937500000000903 
0.17687500000000905 
0.11937500000000899 
0.129375000000009 
0.19312500000000907 
0.16687500000000904 
0.18062500000000906 
0.25437500000000984 
0.12312500000000899 
0.10062500000000897 
0.4068750000000119 
0.16187500000000904 
0.13812500000000902 
0.2531250000000102 
0.08562500000000899 
0.17312500000000905 
0.12187500000000899 
0.13812500000000902 
0.2856250000000099 
0.21687500000000914 
0.18187500000000906 
0.11687500000000899 
0.17687500000000905 
0.14562500000000903 
0.20812500000000908 
0.14437500000000902 
0.16187500000000904 
0.16937500000000905 
0.16437500000000904 
0.14312500000000902 
0.19687500000000907 
0.13437500000000902 
0.30812500000001003 
0.11187500000000898 
0.20187500000000907 
0.16812500000000904 
0.15312500000000903 
0.17937500000000905 
0.17687500000000905 
0.3443750000000103 
0.20312500000000908 
0.22937500000000938 
0.18187500000000906 
0.18937500000000906 
0.18562500000000906 
0.26812500000000994 
0.11062500000000898 
0.14062500000000902 
0.12437500000000899 
0.17437500000000905 
0.18562500000000906 
0.21312500000000908 
0.16312500000000904 
0.16812500000000904 
0.18187500000000906 
0.16812500000000904 
0.19812500000000907 
0.2156250000000091 
0.12312500000000899 
0.10312500000000897 
0.14437500000000902 
0.14187500000000902 
0.13687500000000902 
0.11187500000000898 
0.11312500000000898 
0.17562500000000905 
0.22187500000000926 
0.17312500000000905 
0.16187500000000904 
0.27312500000001005 
0.2343750000000095 
0.23312500000000932 
0.11187500000000898 
0.16187500000000904 
0.21062500000000908 
0.126875000000009 
0.14437500000000902 
0.15937500000000904 
0.17812500000000905 
0.2193750000000091 
0.3531250000000104 
0.14062500000000902 
0.17562500000000905 
0.16562500000000904 
0.14062500000000902 
0.17562500000000905 
0.11562500000000898 
0.2318750000000096 
0.22812500000000926 
0.13312500000000901 
0.2218750000000092 
0.11812500000000899 
0.2718750000000099 
0.19937500000000907 
0.19312500000000907 
0.20687500000000908 
0.16687500000000904 
0.32687500000001013 
0.11937500000000899 
0.12312500000000899 
0.2331250000000095 
0.15187500000000903 
0.14312500000000902 
0.18062500000000906 
0.36687500000001033 
0.14937500000000903 
0.23437500000000955 
0.16562500000000904 
0.13312500000000901 
0.20812500000000908 
0.130625000000009 
0.14812500000000903 
0.2156250000000091 
0.2556250000000098 
0.16312500000000904 
0.16937500000000905 
0.09937500000000897 
0.18187500000000906 
0.19687500000000907 
0.14312500000000902 
0.16812500000000904 
0.22187500000000915 
0.24937500000000978 
0.15312500000000903 
0.23062500000000943 
0.13437500000000902 
0.17562500000000905 
0.13937500000000902 
0.20562500000000908 
0.2218750000000092 
0.16437500000000904 
0.10812500000000898 
0.129375000000009 
0.17937500000000905 
0.14062500000000902 
0.11187500000000898 
0.2968750000000103 
0.14187500000000902 
0.20687500000000908 
0.2331250000000095 
0.17312500000000905 
0.20562500000000908 
0.17312500000000905 
0.22687500000000926 
0.3268750000000103 
0.17812500000000905 
0.15187500000000903 
0.3018750000000101 
0.26062500000001 
0.17562500000000905 
0.17687500000000905 
0.12437500000000899 
0.17812500000000905 
0.14437500000000902 
0.15812500000000904 
0.10812500000000898 
0.17437500000000905 
0.17562500000000905 
0.19312500000000907 
0.21187500000000908 
0.09687500000000897 
0.40937500000001176 
0.131875000000009 
0.130625000000009 
0.14937500000000903 
0.17687500000000905 
0.14812500000000903 
0.15812500000000904 
0.16062500000000904 
0.23312500000000938 
0.22812500000000932 
0.15687500000000903 
0.17562500000000905 
0.16062500000000904 
0.14812500000000903 
0.15062500000000903 
0.14687500000000903 
0.17812500000000905 
0.18562500000000906 
0.2206250000000091 
0.2368750000000096 
0.11312500000000898 
0.20062500000000907 
0.13937500000000902 
0.24312500000001 
0.13687500000000902 
0.2293750000000095 
0.17062500000000905 
0.23437500000000955 
0.16437500000000904 
0.15437500000000903 
0.15562500000000903 
0.20312500000000908 
0.06437500000000897 
0.18062500000000906 
0.13687500000000902 
0.13937500000000902 
0.2893750000000104 
0.126875000000009 
0.14812500000000903 
0.3393750000000102 
0.32937500000001035 
0.3343750000000103 
0.2193750000000091 
0.19812500000000907 
0.2156250000000091 
0.14937500000000903 
0.17562500000000905 
0.11937500000000899 
