0.14312500000000902 
0.08812500000000896 
0.16937500000000905 
0.20687500000000908 
0.12062500000000899 
0.11937500000000899 
0.16437500000000904 
0.17187500000000905 
0.17937500000000905 
0.18937500000000906 
0.18937500000000906 
0.15937500000000904 
0.2806250000000103 
0.25062500000000987 
0.13937500000000902 
0.2206250000000091 
0.18937500000000906 
0.19062500000000906 
0.12312500000000899 
0.16437500000000904 
0.22062500000000954 
0.29187500000001004 
0.3056250000000101 
0.15937500000000904 
0.11562500000000898 
0.15937500000000904 
0.16062500000000904 
0.2193750000000091 
0.21812500000000914 
0.12437500000000899 
0.13562500000000902 
0.131875000000009 
0.16937500000000905 
0.2906250000000102 
0.16812500000000904 
0.126875000000009 
0.17937500000000905 
0.17812500000000905 
0.16812500000000904 
0.13437500000000902 
0.13937500000000902 
0.22437500000000926 
0.19812500000000907 
0.24312500000000983 
0.14562500000000903 
0.16812500000000904 
0.128125000000009 
0.20062500000000907 
0.11812500000000899 
0.15187500000000903 
0.13937500000000902 
0.10937500000000898 
0.22187500000000926 
0.20062500000000907 
0.09937500000000897 
0.16312500000000904 
0.2593750000000101 
0.08812500000000896 
0.129375000000009 
0.25812500000000993 
0.20312500000000908 
0.3056250000000103 
0.19187500000000907 
0.13812500000000902 
0.15312500000000903 
0.19937500000000907 
0.18437500000000906 
0.17187500000000905 
0.16937500000000905 
0.18562500000000906 
0.15187500000000903 
0.2206250000000092 
0.12437500000000899 
0.3706250000000105 
0.14937500000000903 
0.16437500000000904 
0.14562500000000903 
0.15937500000000904 
0.15312500000000903 
0.13812500000000902 
0.16562500000000904 
0.14562500000000903 
0.14187500000000902 
0.15312500000000903 
0.14562500000000903 
0.21312500000000908 
0.13687500000000902 
0.22562500000000926 
0.2281250000000096 
0.126875000000009 
0.20937500000000908 
0.22812500000000932 
0.14187500000000902 
0.15062500000000903 
0.13937500000000902 
0.23187500000000938 
0.15812500000000904 
0.2893750000000102 
0.16562500000000904 
0.20062500000000907 
0.13562500000000902 
0.128125000000009 
0.13687500000000902 
0.20437500000000908 
0.19562500000000907 
0.2356250000000095 
0.16562500000000904 
0.14312500000000902 
0.16437500000000904 
0.18562500000000906 
0.19937500000000907 
0.23312500000000977 
0.3443750000000105 
0.09562500000000897 
0.14437500000000902 
0.14062500000000902 
0.126875000000009 
0.17937500000000905 
0.16562500000000904 
0.18062500000000906 
0.2568750000000099 
0.14437500000000902 
0.17562500000000905 
0.16312500000000904 
0.15062500000000903 
0.15187500000000903 
0.20312500000000908 
0.16312500000000904 
0.13812500000000902 
0.14812500000000903 
0.08687500000000897 
0.15937500000000904 
0.20062500000000907 
0.19937500000000907 
0.15312500000000903 
0.17812500000000905 
0.15312500000000903 
0.27562500000000995 
0.18562500000000906 
0.13562500000000902 
0.19187500000000907 
0.14062500000000902 
0.129375000000009 
0.20062500000000907 
0.12312500000000899 
0.16437500000000904 
0.19312500000000907 
0.16937500000000905 
0.11437500000000898 
0.11812500000000899 
0.125625000000009 
0.13937500000000902 
0.28187500000001003 
0.17687500000000905 
0.130625000000009 
0.2543750000000099 
0.14437500000000902 
0.14812500000000903 
0.11812500000000899 
0.16312500000000904 
0.16062500000000904 
0.10812500000000898 
0.18312500000000906 
0.18312500000000906 
0.2356250000000096 
0.17437500000000905 
0.14812500000000903 
0.13562500000000902 
0.20062500000000907 
0.16937500000000905 
0.19187500000000907 
0.18812500000000906 
0.15312500000000903 
0.29187500000001 
0.13812500000000902 
0.16437500000000904 
0.19812500000000907 
0.18187500000000906 
0.18687500000000906 
0.14312500000000902 
0.13312500000000901 
0.18312500000000906 
0.2818750000000101 
0.14187500000000902 
0.20437500000000908 
0.17312500000000905 
0.17312500000000905 
0.18062500000000906 
0.18937500000000906 
0.14187500000000902 
0.09062500000000896 
0.17812500000000905 
0.11812500000000899 
0.14437500000000902 
0.20187500000000907 
0.20687500000000908 
0.11687500000000899 
0.23437500000000944 
0.09312500000000896 
0.13562500000000902 
0.16812500000000904 
0.16187500000000904 
0.21937500000000915 
0.13687500000000902 
0.14187500000000902 
0.22312500000000943 
0.09562500000000897 
0.24937500000001012 
0.17937500000000905 
0.16562500000000904 
0.2656250000000099 
0.17437500000000905 
0.13312500000000901 
0.11562500000000898 
0.12437500000000899 
0.15187500000000903 
0.19062500000000906 
0.12062500000000899 
0.19937500000000907 
0.17562500000000905 
0.18062500000000906 
0.12437500000000899 
0.16312500000000904 
0.15062500000000903 
0.18812500000000906 
0.14937500000000903 
0.13937500000000902 
0.15812500000000904 
0.17687500000000905 
0.3518750000000105 
0.19312500000000907 
0.22687500000000932 
0.17062500000000905 
0.13437500000000902 
0.26187500000000996 
0.12437500000000899 
0.2568750000000101 
0.3143750000000101 
0.18312500000000906 
0.20437500000000908 
0.17687500000000905 
0.25187500000000984 
0.12062500000000899 
0.129375000000009 
0.24937500000000995 
0.25562500000000987 
0.22687500000000915 
0.15812500000000904 
0.19562500000000907 
0.19937500000000907 
0.12312500000000899 
0.17062500000000905 
0.19812500000000907 
0.19312500000000907 
0.17437500000000905 
0.16062500000000904 
0.10937500000000898 
0.16437500000000904 
0.16062500000000904 
0.13312500000000901 
0.26687500000000997 
0.19437500000000907 
0.20062500000000907 
0.11812500000000899 
0.12312500000000899 
0.48312500000001257 
0.21312500000000908 
0.15812500000000904 
0.11437500000000898 
0.24187500000000983 
0.21312500000000908 
0.17687500000000905 
0.12437500000000899 
0.13687500000000902 
0.19562500000000907 
0.10937500000000898 
0.12312500000000899 
0.16562500000000904 
0.17062500000000905 
0.129375000000009 
0.19812500000000907 
0.14937500000000903 
0.12062500000000899 
0.14437500000000902 
0.16062500000000904 
0.18937500000000906 
0.131875000000009 
0.08687500000000897 
0.29937500000001016 
0.26812500000001 
0.17312500000000905 
0.13312500000000901 
0.2168750000000091 
0.129375000000009 
0.2506250000000102 
0.18187500000000906 
0.12062500000000899 
0.2181250000000091 
0.18437500000000906 
0.11312500000000898 
