0.2706250000000093 
0.28562500000000923 
0.25312500000000915 
0.25218750000000917 
0.2593750000000091 
0.37062500000000925 
0.28312500000000945 
0.40937500000001015 
0.37062500000000936 
0.26562500000000916 
0.2756250000000098 
0.2981250000000093 
0.25312500000000915 
0.2706250000000097 
0.36187500000000933 
0.3431250000000098 
0.5018750000000094 
0.2593750000000092 
0.28937500000000965 
0.2560937500000091 
0.30937500000000956 
0.3218750000000093 
0.20562500000000908 
0.2543750000000093 
0.2593750000000091 
0.3218750000000099 
0.3343750000000092 
0.4781250000000118 
0.29937500000000994 
0.34437500000000926 
0.25812500000000915 
0.3381250000000092 
0.42812500000001136 
0.2193750000000091 
0.2781250000000094 
0.20812500000000908 
0.3881250000000102 
0.21187500000000908 
0.26062500000000943 
0.2618750000000092 
0.2593750000000092 
0.2581250000000092 
0.2931250000000096 
0.2743750000000098 
0.2331250000000091 
0.2731250000000095 
0.2656250000000092 
0.25312500000000915 
0.3368750000000092 
0.26187500000000924 
0.3056250000000098 
0.26437500000000913 
0.25812500000000915 
0.3131250000000097 
0.2856250000000096 
0.2606250000000092 
0.35062500000001 
0.3418750000000097 
0.3306250000000099 
0.518125000000012 
0.3656250000000096 
0.28187500000000926 
0.26812500000000955 
0.2521875000000091 
0.25843750000000915 
0.2281250000000092 
0.3581250000000093 
0.2843750000000096 
0.27437500000000925 
0.32437500000000996 
0.2718750000000093 
0.23937500000000927 
0.3368750000000092 
0.2818750000000097 
0.3518750000000102 
0.3331250000000099 
0.26187500000000924 
0.3181250000000098 
0.3268750000000101 
0.26437500000000924 
0.25562500000000915 
0.2743750000000092 
0.3793750000000097 
0.36562500000001014 
0.25343750000000914 
0.3656250000000101 
0.5056250000000099 
0.2718750000000094 
0.25218750000000945 
0.3693750000000093 
0.43062500000001114 
0.37812500000001015 
0.36562500000000964 
0.3359375000000092 
0.25562500000000915 
0.26312500000000927 
0.29562500000000985 
0.29812500000000947 
0.34437500000000926 
0.3356250000000092 
0.42812500000001136 
0.26562500000000916 
0.27687500000000925 
0.3768750000000102 
0.24812500000000973 
0.31312500000001026 
0.3081250000000097 
0.2643750000000092 
0.3396875000000092 
0.34312500000000923 
0.32812500000000944 
0.25218750000000917 
0.26937500000000925 
0.30062500000000925 
0.3456250000000097 
0.2881250000000095 
0.34562500000000923 
0.26687500000000913 
0.42187500000001094 
0.2618750000000093 
0.2581250000000092 
0.20562500000000908 
0.2643750000000094 
0.2606250000000092 
0.5006250000000094 
0.26937500000000913 
0.31437500000000995 
0.29687500000000955 
0.25093750000000914 
0.3343750000000092 
0.3181250000000093 
0.21437500000000909 
0.2568750000000092 
0.3443750000000093 
0.4206250000000108 
0.2731250000000096 
0.37062500000001025 
0.3806250000000101 
0.3818750000000101 
0.2568750000000091 
0.31437500000000956 
0.32437500000000974 
0.33718750000000924 
0.21437500000000909 
0.3131250000000095 
0.48312500000001235 
0.25812500000000915 
0.30562500000000925 
0.30562500000000975 
0.29187500000000954 
0.3006250000000096 
0.28187500000000953 
0.25343750000000914 
0.2781250000000096 
0.3631250000000101 
0.33687500000000997 
0.5193750000000122 
0.38062500000000943 
0.3359375000000092 
0.2193750000000091 
0.30687500000000967 
0.3343750000000092 
0.3393750000000092 
0.35062500000000985 
0.26312500000000916 
0.2706250000000096 
0.2306250000000091 
0.23062500000000916 
0.31437500000000956 
0.2556250000000092 
0.2281250000000091 
0.5006250000000119 
0.2571875000000092 
0.3518750000000098 
0.25062500000000915 
0.2593750000000091 
0.2893750000000092 
0.32562500000000993 
0.2706250000000098 
0.24937500000000928 
0.4418750000000094 
0.2931250000000096 
0.3318750000000093 
0.2843750000000093 
0.2793750000000097 
0.26687500000000924 
0.3143750000000098 
0.3718750000000101 
0.2531250000000092 
0.3718750000000102 
0.43562500000001164 
0.24062500000000955 
0.3381250000000092 
0.4031250000000102 
0.3243750000000097 
0.20812500000000908 
0.3206250000000096 
0.3943750000000103 
0.3056250000000097 
0.25843750000000915 
