0.18062500000000906 
0.19937500000000907 
0.14937500000000903 
0.2343750000000091 
0.16687500000000904 
0.2231250000000091 
0.3006250000000098 
0.20687500000000908 
0.20687500000000908 
0.19812500000000907 
0.2843750000000098 
0.19062500000000906 
0.25437500000000923 
0.19187500000000907 
0.22562500000000915 
0.21062500000000908 
0.17562500000000905 
0.2193750000000091 
0.18437500000000906 
0.41312500000001157 
0.24437500000000978 
0.20187500000000907 
0.127187500000009 
0.30312500000001 
0.18187500000000906 
0.18062500000000906 
0.17687500000000905 
0.19062500000000906 
0.3381250000000099 
0.27437500000000964 
0.17812500000000905 
0.24187500000000978 
0.28437500000001 
0.18687500000000906 
0.2518750000000091 
0.19937500000000907 
0.21937500000000915 
0.3768750000000104 
0.2193750000000091 
0.17937500000000905 
0.2243750000000091 
0.17187500000000905 
0.15562500000000903 
0.19562500000000907 
0.2156250000000091 
0.16187500000000904 
0.17312500000000905 
0.26687500000000947 
0.19562500000000907 
0.21312500000000908 
0.2268750000000091 
0.17437500000000905 
0.16062500000000904 
0.3131250000000101 
0.25687500000001 
0.17937500000000905 
0.19562500000000907 
0.17562500000000905 
0.21437500000000909 
0.20312500000000908 
0.17187500000000905 
0.20937500000000908 
0.28937500000000993 
0.17687500000000905 
0.23312500000000944 
0.23812500000000955 
0.3293750000000101 
0.2218750000000091 
0.3606250000000102 
0.4631250000000118 
0.24812500000000978 
0.19437500000000907 
0.25562500000001 
0.23062500000000932 
0.19312500000000907 
0.4543750000000121 
0.17812500000000905 
0.2281250000000091 
0.17187500000000905 
0.2793750000000093 
0.2156250000000091 
0.17812500000000905 
0.21062500000000908 
0.24062500000000972 
0.17062500000000905 
0.2343750000000091 
0.2218750000000091 
0.17187500000000905 
0.2943750000000092 
0.24937500000000967 
0.20437500000000908 
0.16937500000000905 
0.18187500000000906 
0.2168750000000091 
0.20437500000000908 
0.27687500000001003 
0.17312500000000905 
0.16062500000000904 
0.26937500000000975 
0.18312500000000906 
0.2581250000000098 
0.25937500000000974 
0.2206250000000091 
0.19187500000000907 
0.4093750000000094 
0.2281250000000091 
0.30312500000000997 
0.18937500000000906 
0.17812500000000905 
0.17812500000000905 
0.29312500000000985 
0.4656250000000125 
0.25312500000000987 
0.17562500000000905 
0.22062500000000915 
0.17687500000000905 
0.4056250000000108 
0.2581250000000096 
0.2231250000000091 
0.20687500000000908 
0.26062500000001015 
0.18812500000000906 
0.15812500000000904 
0.19562500000000907 
0.2406250000000096 
0.17187500000000905 
0.24937500000000945 
0.2743750000000101 
0.2806250000000097 
0.26437500000000974 
0.14937500000000903 
0.2893750000000099 
0.19812500000000907 
0.32437500000000996 
0.2981250000000101 
0.2668750000000098 
0.18812500000000906 
0.3006250000000101 
0.16687500000000904 
0.17187500000000905 
0.19437500000000907 
0.18812500000000906 
0.18062500000000906 
0.17062500000000905 
0.24062500000000972 
0.17312500000000905 
0.27562500000000983 
0.19937500000000907 
0.18687500000000906 
0.2518750000000099 
0.23062500000000927 
0.28937500000001004 
0.19187500000000907 
0.2981250000000101 
0.21437500000000909 
0.2168750000000091 
0.17562500000000905 
0.20312500000000908 
0.2518750000000091 
0.17437500000000905 
0.15187500000000903 
0.15187500000000903 
0.2518750000000091 
0.17062500000000905 
0.20187500000000907 
0.17687500000000905 
0.16812500000000904 
0.19687500000000907 
0.20187500000000907 
0.17812500000000905 
0.17437500000000905 
0.2881250000000098 
0.24687500000001 
0.21312500000000908 
0.18062500000000906 
0.17687500000000905 
0.17187500000000905 
0.2518750000000098 
0.25312500000000976 
0.13562500000000902 
0.16812500000000904 
0.19687500000000907 
0.2168750000000091 
0.19562500000000907 
0.2806250000000099 
0.16687500000000904 
0.20812500000000908 
0.33562500000001044 
0.20062500000000907 
0.2368750000000091 
0.2356250000000095 
0.24437500000000972 
0.26062500000000977 
0.18187500000000906 
0.2281250000000091 
0.2268750000000091 
0.38187500000001035 
0.14187500000000902 
0.2306250000000091 
0.29062500000000985 
0.18562500000000906 
0.16312500000000904 
0.31062500000001003 
0.19812500000000907 
0.2668750000000098 
0.21437500000000909 
0.2518750000000092 
0.13687500000000902 
0.15812500000000904 
0.32187500000000996 
0.23812500000000916 
0.27437500000000997 
0.2543750000000097 
0.2218750000000091 
0.2518750000000092 
0.18937500000000906 
0.14562500000000903 
0.30562500000000997 
0.23312500000000944 
0.19937500000000907 
0.19937500000000907 
0.30437500000001 
0.24437500000000978 
0.2193750000000091 
0.18937500000000906 
0.19437500000000907 
0.18937500000000906 
0.20812500000000908 
0.23312500000000938 
0.2243750000000092 
0.16437500000000904 
0.2581250000000093 
0.19937500000000907 
0.19687500000000907 
0.2268750000000091 
0.2906250000000099 
0.2281250000000092 
0.2181250000000091 
0.23437500000000933 
0.16562500000000904 
0.2706250000000094 
0.3393750000000105 
0.30937500000000995 
0.18562500000000906 
0.2681250000000097 
0.16937500000000905 
0.16062500000000904 
0.14687500000000903 
0.2693750000000097 
0.14812500000000903 
0.16187500000000904 
0.2268750000000091 
0.19312500000000907 
0.19062500000000906 
0.18687500000000906 
0.16312500000000904 
0.18687500000000906 
0.18937500000000906 
0.24937500000000984 
0.19437500000000907 
0.2693750000000098 
0.18437500000000906 
0.2518750000000091 
0.30437500000001005 
0.26062500000001 
0.32937500000001 
0.21187500000000908 
0.21312500000000908 
0.23312500000000944 
0.15437500000000903 
0.5593750000000095 
0.19062500000000906 
0.2581250000000098 
0.17093750000000904 
0.28562500000000995 
0.32062500000001026 
0.14812500000000903 
0.21062500000000908 
0.19312500000000907 
0.23687500000000938 
0.2543750000000097 
0.18062500000000906 
0.126875000000009 
0.2518750000000092 
0.24937500000000978 
0.18312500000000906 
0.28312500000001 
0.2656250000000099 
0.23062500000000932 
0.21187500000000908 
0.3081250000000101 
0.18437500000000906 
0.2806250000000095 
0.2368750000000091 
0.24812500000000962 
0.3743750000000101 
0.2818750000000101 
0.24062500000000933 
0.21187500000000908 
0.44187500000001223 
