0.19562500000000907 
0.11937500000000899 
0.11562500000000898 
0.14062500000000902 
0.20187500000000907 
0.16812500000000904 
0.11687500000000899 
0.36187500000001055 
0.13937500000000902 
0.14812500000000903 
0.32187500000001035 
0.11937500000000899 
0.18312500000000906 
0.23562500000000955 
0.14437500000000902 
0.18687500000000906 
0.19062500000000906 
0.38312500000001065 
0.10812500000000898 
0.13312500000000901 
0.129375000000009 
0.13812500000000902 
0.23562500000000966 
0.22687500000000932 
0.13687500000000902 
0.17812500000000905 
0.21562500000000925 
0.23937500000000966 
0.25812500000001 
0.12437500000000899 
0.16187500000000904 
0.3131250000000103 
0.13937500000000902 
0.3006250000000103 
0.10812500000000898 
0.15812500000000904 
0.17437500000000905 
0.12437500000000899 
0.16812500000000904 
0.23312500000000955 
0.19312500000000907 
0.22437500000000937 
0.21062500000000908 
0.26562500000000994 
0.18562500000000906 
0.19437500000000907 
0.15687500000000903 
0.09437500000000897 
0.16062500000000904 
0.15687500000000903 
0.24312500000000994 
0.17687500000000905 
0.20312500000000908 
0.16062500000000904 
0.11687500000000899 
0.21437500000000909 
0.24562500000001006 
0.28437500000001015 
0.17062500000000905 
0.14562500000000903 
0.3331250000000103 
0.13687500000000902 
0.21062500000000908 
0.20437500000000908 
0.13562500000000902 
0.20062500000000907 
0.20437500000000908 
0.19062500000000906 
0.20437500000000908 
0.19437500000000907 
0.24312500000000983 
0.17312500000000905 
0.21062500000000908 
0.13312500000000901 
0.14062500000000902 
0.128125000000009 
0.21437500000000909 
0.23687500000000955 
0.15812500000000904 
0.17687500000000905 
0.24062500000000955 
0.19312500000000907 
0.10437500000000897 
0.10937500000000898 
0.12437500000000899 
0.15437500000000903 
0.2331250000000096 
0.16312500000000904 
0.2281250000000092 
0.3031250000000103 
0.25187500000001006 
0.14437500000000902 
0.2293750000000096 
0.23062500000000966 
0.18937500000000906 
0.17312500000000905 
0.12312500000000899 
0.20562500000000908 
0.14812500000000903 
0.14812500000000903 
0.14687500000000903 
0.22687500000000937 
0.20437500000000908 
0.2218750000000091 
0.14312500000000902 
0.15187500000000903 
0.36062500000001046 
0.15562500000000903 
0.13687500000000902 
0.24437500000000978 
0.2218750000000091 
0.3268750000000104 
0.11187500000000898 
0.13437500000000902 
0.09812500000000897 
0.18687500000000906 
0.13937500000000902 
0.24812500000000973 
0.19312500000000907 
0.2631250000000099 
0.23437500000000955 
0.2206250000000091 
0.15437500000000903 
0.33937500000001064 
0.2481250000000099 
0.19937500000000907 
0.14437500000000902 
0.19812500000000907 
0.2656250000000101 
0.20562500000000908 
0.13437500000000902 
0.129375000000009 
0.22437500000000926 
0.18687500000000906 
0.16437500000000904 
0.18937500000000906 
0.26937500000000997 
0.19937500000000907 
0.24062500000000972 
0.16562500000000904 
0.15312500000000903 
0.130625000000009 
0.14937500000000903 
0.11562500000000898 
0.27437500000000997 
0.11562500000000898 
0.23312500000000938 
0.09562500000000897 
0.14812500000000903 
0.17687500000000905 
0.11437500000000898 
0.19312500000000907 
0.21187500000000908 
0.3506250000000106 
0.18812500000000906 
0.14687500000000903 
0.12187500000000899 
0.15687500000000903 
0.16937500000000905 
0.17937500000000905 
0.11312500000000898 
0.3343750000000105 
0.14562500000000903 
0.27937500000001025 
0.2318750000000097 
0.16812500000000904 
0.13562500000000902 
0.17062500000000905 
0.23687500000000972 
0.12437500000000899 
0.2856250000000103 
0.22562500000000926 
0.19562500000000907 
0.31187500000001017 
0.11562500000000898 
0.15187500000000903 
0.11812500000000899 
0.13437500000000902 
0.20312500000000908 
0.19187500000000907 
0.17062500000000905 
0.16437500000000904 
0.15937500000000904 
0.129375000000009 
0.25937500000000996 
0.17312500000000905 
0.2243750000000091 
0.2356250000000096 
0.3706250000000111 
0.18937500000000906 
0.14312500000000902 
0.21062500000000914 
0.2243750000000092 
0.2293750000000096 
0.09562500000000897 
0.10062500000000897 
0.13812500000000902 
0.14187500000000902 
0.13562500000000902 
0.18562500000000906 
0.17312500000000905 
0.14062500000000902 
0.08812500000000896 
0.17562500000000905 
0.15187500000000903 
0.128125000000009 
0.11812500000000899 
0.15812500000000904 
0.16312500000000904 
0.18437500000000906 
0.17812500000000905 
0.20812500000000908 
0.08687500000000896 
0.17687500000000905 
0.19437500000000907 
0.14187500000000902 
0.09812500000000897 
0.19687500000000907 
0.2356250000000096 
0.3456250000000103 
0.18812500000000906 
0.10937500000000898 
0.16187500000000904 
0.13812500000000902 
0.17437500000000905 
0.26437500000001013 
0.31062500000001014 
0.15187500000000903 
0.16687500000000904 
0.14437500000000902 
0.19312500000000907 
0.2181250000000092 
0.12062500000000899 
0.27312500000000994 
0.10937500000000898 
0.18312500000000906 
0.09562500000000897 
0.13437500000000902 
0.18937500000000906 
0.11812500000000899 
0.24812500000000978 
0.3043750000000102 
0.09812500000000897 
0.14562500000000903 
0.2131250000000092 
0.19937500000000907 
0.15187500000000903 
0.22312500000000915 
0.25062500000001003 
0.24937500000001 
0.18812500000000906 
0.09812500000000897 
0.17312500000000905 
0.09812500000000897 
0.12437500000000899 
0.16562500000000904 
0.22187500000000926 
0.16812500000000904 
0.15937500000000904 
0.20562500000000908 
0.09812500000000897 
0.17312500000000905 
0.13562500000000902 
0.25562500000001 
0.2818750000000099 
0.18937500000000906 
0.11062500000000898 
0.17312500000000905 
0.14687500000000903 
0.14937500000000903 
0.22437500000000943 
0.26187500000001007 
0.2193750000000091 
0.10437500000000897 
0.2743750000000101 
0.15312500000000903 
0.31187500000001017 
0.129375000000009 
0.17312500000000905 
0.14687500000000903 
0.3043750000000102 
0.20312500000000908 
0.16062500000000904 
0.25312500000001 
0.18812500000000906 
0.16187500000000904 
0.23812500000000983 
0.12187500000000899 
0.18312500000000906 
0.19562500000000907 
0.23687500000000955 
0.2443750000000099 
0.16687500000000904 
0.11812500000000899 
0.26187500000001 
0.15812500000000904 
0.20812500000000908 
0.18062500000000906 
0.28562500000001023 
0.22562500000000926 
