0.16687500000000904 
0.19437500000000907 
0.23187500000000955 
0.21062500000000908 
0.2556250000000098 
0.18937500000000906 
0.09187500000000896 
0.14812500000000903 
0.15562500000000903 
0.14187500000000902 
0.20312500000000908 
0.22562500000000926 
0.10687500000000898 
0.13937500000000902 
0.2493750000000099 
0.16937500000000905 
0.10562500000000898 
0.17437500000000905 
0.15187500000000903 
0.26062500000001015 
0.18687500000000906 
0.15687500000000903 
0.16062500000000904 
0.20312500000000908 
0.20937500000000908 
0.25562500000001 
0.14937500000000903 
0.14937500000000903 
0.17687500000000905 
0.11812500000000899 
0.18187500000000906 
0.18562500000000906 
0.2806250000000103 
0.38937500000001124 
0.16812500000000904 
0.13687500000000902 
0.2531250000000101 
0.14687500000000903 
0.22812500000000932 
0.11687500000000899 
0.14812500000000903 
0.130625000000009 
0.29562500000001013 
0.2668750000000102 
0.5068750000000133 
0.16562500000000904 
0.10437500000000897 
0.2556250000000099 
0.22312500000000915 
0.130625000000009 
0.21187500000000908 
0.12312500000000899 
0.22062500000000915 
0.2781250000000103 
0.38437500000001046 
0.09562500000000897 
0.14187500000000902 
0.17687500000000905 
0.21812500000000914 
0.15187500000000903 
0.10437500000000897 
0.18312500000000906 
0.14937500000000903 
0.11687500000000899 
0.14187500000000902 
0.11187500000000898 
0.3168750000000103 
0.14937500000000903 
0.24687500000000995 
0.19437500000000907 
0.13437500000000902 
0.18812500000000906 
0.06562500000000898 
0.15562500000000903 
0.09812500000000897 
0.11437500000000898 
0.20437500000000908 
0.126875000000009 
0.10812500000000898 
0.17062500000000905 
0.11437500000000898 
0.128125000000009 
0.15062500000000903 
0.3831250000000113 
0.13312500000000901 
0.12437500000000899 
0.24062500000000955 
0.23437500000000944 
0.11937500000000899 
0.17687500000000905 
0.16937500000000905 
0.15312500000000903 
0.24187500000000994 
0.23187500000000943 
0.14187500000000902 
0.16562500000000904 
0.126875000000009 
0.23687500000000955 
0.20562500000000908 
0.125625000000009 
0.15562500000000903 
0.12062500000000899 
0.3118750000000105 
0.15187500000000903 
0.10187500000000897 
0.12312500000000899 
0.14562500000000903 
0.10562500000000898 
0.14937500000000903 
0.14687500000000903 
0.21437500000000909 
0.14812500000000903 
0.11437500000000898 
0.11437500000000898 
0.09812500000000897 
0.10562500000000898 
0.17062500000000905 
0.16187500000000904 
0.15687500000000903 
0.24062500000000994 
0.16187500000000904 
0.15562500000000903 
0.13937500000000902 
0.15562500000000903 
0.16687500000000904 
0.28937500000001015 
0.15062500000000903 
0.10062500000000897 
0.14937500000000903 
0.13687500000000902 
0.16062500000000904 
0.3193750000000104 
0.3331250000000102 
0.2168750000000091 
0.28687500000001 
0.20437500000000908 
0.126875000000009 
0.19937500000000907 
0.11312500000000898 
0.15687500000000903 
0.11312500000000898 
0.16937500000000905 
0.3631250000000106 
0.14062500000000902 
0.14812500000000903 
0.129375000000009 
0.2168750000000091 
0.28062500000001034 
0.11062500000000898 
0.18437500000000906 
0.2218750000000091 
0.14687500000000903 
0.17812500000000905 
0.15437500000000903 
0.17812500000000905 
0.16312500000000904 
0.3681250000000106 
0.17437500000000905 
0.17687500000000905 
0.20187500000000907 
0.14562500000000903 
0.17312500000000905 
0.15687500000000903 
0.18062500000000906 
0.10187500000000897 
0.13937500000000902 
0.131875000000009 
0.15062500000000903 
0.27562500000001006 
0.19687500000000907 
0.11937500000000899 
0.16937500000000905 
0.14812500000000903 
0.23187500000000966 
0.2993750000000101 
0.13937500000000902 
0.14562500000000903 
0.10687500000000898 
0.15937500000000904 
0.14812500000000903 
0.21187500000000908 
0.23437500000000994 
0.12437500000000899 
0.15687500000000903 
0.11187500000000898 
0.20937500000000908 
0.19937500000000907 
0.18312500000000906 
0.13937500000000902 
0.19187500000000907 
0.17812500000000905 
0.19062500000000906 
0.16812500000000904 
0.128125000000009 
0.14687500000000903 
0.16812500000000904 
0.21187500000000908 
0.19562500000000907 
0.18812500000000906 
0.125625000000009 
0.16687500000000904 
0.23937500000000977 
0.19937500000000907 
0.14437500000000902 
0.10437500000000897 
0.23437500000000983 
0.13562500000000902 
0.29187500000001027 
0.3643750000000106 
0.31687500000001023 
0.19187500000000907 
0.11437500000000898 
0.14062500000000902 
0.17312500000000905 
0.10562500000000898 
0.15187500000000903 
0.15437500000000903 
0.18937500000000906 
0.16937500000000905 
0.129375000000009 
0.23687500000000988 
0.11937500000000899 
0.18437500000000906 
0.19937500000000907 
0.10937500000000898 
0.09687500000000897 
0.16812500000000904 
0.18812500000000906 
0.18312500000000906 
0.18187500000000906 
0.17187500000000905 
0.11562500000000898 
0.17687500000000905 
0.2868750000000103 
0.23812500000000966 
0.18187500000000906 
0.2343750000000095 
0.15437500000000903 
0.16062500000000904 
0.3306250000000104 
0.20062500000000907 
0.126875000000009 
0.15062500000000903 
0.13687500000000902 
0.27812500000001017 
0.19562500000000907 
0.2731250000000104 
0.14812500000000903 
0.16562500000000904 
0.14687500000000903 
0.14312500000000902 
0.19937500000000907 
0.2706250000000101 
0.13687500000000902 
0.15937500000000904 
0.2331250000000095 
0.18437500000000906 
0.10437500000000897 
0.16937500000000905 
0.15937500000000904 
0.2243750000000092 
0.10437500000000897 
0.15312500000000903 
0.18062500000000906 
0.23812500000000966 
0.11937500000000899 
0.131875000000009 
0.20562500000000908 
0.13812500000000902 
0.2156250000000091 
0.14187500000000902 
0.23437500000000955 
0.20812500000000908 
0.12312500000000899 
0.14687500000000903 
0.16562500000000904 
0.14812500000000903 
0.22312500000000926 
0.125625000000009 
0.25062500000001003 
0.17062500000000905 
0.19437500000000907 
0.11187500000000898 
0.15687500000000903 
0.2631250000000101 
0.19437500000000907 
0.15687500000000903 
0.17437500000000905 
0.24562500000000972 
0.25187500000000995 
0.18812500000000906 
0.19937500000000907 
0.27812500000001 
0.11437500000000898 
0.09812500000000897 
0.13937500000000902 
0.125625000000009 
0.16062500000000904 
0.20562500000000908 
0.27937500000001014 
