0.10562500000000898 
0.14812500000000903 
0.20687500000000908 
0.11312500000000898 
0.14687500000000903 
0.21312500000000908 
0.14687500000000903 
0.12062500000000899 
0.2181250000000091 
0.16812500000000904 
0.12062500000000899 
0.22187500000000943 
0.15562500000000903 
0.15687500000000903 
0.16812500000000904 
0.14062500000000902 
0.19187500000000907 
0.2881250000000102 
0.22812500000000938 
0.21187500000000908 
0.16437500000000904 
0.15437500000000903 
0.14062500000000902 
0.12312500000000899 
0.13562500000000902 
0.17687500000000905 
0.16937500000000905 
0.16312500000000904 
0.20312500000000908 
0.17062500000000905 
0.125625000000009 
0.10562500000000898 
0.23812500000000972 
0.126875000000009 
0.12437500000000899 
0.18687500000000906 
0.129375000000009 
0.15312500000000903 
0.14937500000000903 
0.12312500000000899 
0.15937500000000904 
0.11687500000000899 
0.21187500000000908 
0.13687500000000902 
0.15687500000000903 
0.22937500000000943 
0.19562500000000907 
0.13562500000000902 
0.28062500000001006 
0.12187500000000899 
0.13812500000000902 
0.2993750000000102 
0.14437500000000902 
0.17687500000000905 
0.09062500000000896 
0.3306250000000104 
0.14062500000000902 
0.11937500000000899 
0.13437500000000902 
0.27687500000001 
0.12437500000000899 
0.14562500000000903 
0.22187500000000915 
0.11062500000000898 
0.14062500000000902 
0.14812500000000903 
0.17937500000000905 
0.10437500000000897 
0.14812500000000903 
0.13312500000000901 
0.129375000000009 
0.14187500000000902 
0.19812500000000907 
0.17437500000000905 
0.20937500000000908 
0.26562500000001 
0.17312500000000905 
0.3468750000000105 
0.13937500000000902 
0.20437500000000908 
0.31687500000001023 
0.16812500000000904 
0.131875000000009 
0.15312500000000903 
0.11687500000000899 
0.08062500000000895 
0.14062500000000902 
0.15937500000000904 
0.18062500000000906 
0.19937500000000907 
0.30312500000001036 
0.14312500000000902 
0.16437500000000904 
0.17437500000000905 
0.17312500000000905 
0.2243750000000092 
0.22437500000000932 
0.19062500000000906 
0.18437500000000906 
0.3656250000000106 
0.11437500000000898 
0.27687500000001 
0.10937500000000898 
0.2118750000000093 
0.15687500000000903 
0.18562500000000906 
0.13437500000000902 
0.25687500000001007 
0.2156250000000091 
0.24312500000001 
0.17937500000000905 
0.12437500000000899 
0.17812500000000905 
0.16437500000000904 
0.29687500000001005 
0.08187500000000895 
0.29312500000001 
0.27937500000001 
0.11187500000000898 
0.131875000000009 
0.130625000000009 
0.2743750000000099 
0.18437500000000906 
0.3143750000000101 
0.19937500000000907 
0.14312500000000902 
0.125625000000009 
0.14312500000000902 
0.16937500000000905 
0.15937500000000904 
0.2381250000000096 
0.20437500000000908 
0.16812500000000904 
0.18062500000000906 
0.38562500000001065 
0.19812500000000907 
0.14562500000000903 
0.12062500000000899 
0.12437500000000899 
0.11062500000000898 
0.17812500000000905 
0.17312500000000905 
0.15562500000000903 
0.12437500000000899 
0.18937500000000906 
0.25187500000001 
0.128125000000009 
0.11187500000000898 
0.131875000000009 
0.2631250000000099 
0.18437500000000906 
0.17937500000000905 
0.13937500000000902 
0.14562500000000903 
0.19937500000000907 
0.15687500000000903 
0.16187500000000904 
0.20812500000000908 
0.14562500000000903 
0.15687500000000903 
0.13812500000000902 
0.14062500000000902 
0.21562500000000914 
0.10687500000000898 
0.14062500000000902 
0.17437500000000905 
0.126875000000009 
0.16187500000000904 
0.14062500000000902 
0.14937500000000903 
0.2181250000000091 
0.16812500000000904 
0.07812500000000898 
0.2556250000000102 
0.32562500000001027 
0.4118750000000114 
0.17562500000000905 
0.17812500000000905 
0.13312500000000901 
0.11062500000000898 
0.2231250000000092 
0.22812500000000943 
0.20437500000000908 
0.24562500000000984 
0.17437500000000905 
0.28562500000001 
0.10937500000000898 
0.10687500000000898 
0.2843750000000102 
0.10437500000000897 
0.130625000000009 
0.17062500000000905 
0.20562500000000908 
0.13937500000000902 
0.14312500000000902 
0.2193750000000093 
0.14187500000000902 
0.16062500000000904 
0.15687500000000903 
0.3206250000000102 
0.19562500000000907 
0.125625000000009 
0.13312500000000901 
0.19312500000000907 
0.14312500000000902 
0.129375000000009 
0.16062500000000904 
0.129375000000009 
0.13937500000000902 
0.14562500000000903 
0.09687500000000897 
0.13937500000000902 
0.35937500000001044 
0.130625000000009 
0.16437500000000904 
0.10312500000000897 
0.15812500000000904 
0.2893750000000102 
0.11812500000000899 
0.17437500000000905 
0.13562500000000902 
0.19187500000000907 
0.18562500000000906 
0.2881250000000101 
0.17312500000000905 
0.15437500000000903 
0.10187500000000897 
0.19687500000000907 
0.15937500000000904 
0.26562500000001016 
0.20312500000000908 
0.17562500000000905 
0.25687500000001023 
0.16812500000000904 
0.20437500000000908 
0.11687500000000899 
0.11187500000000898 
0.2506250000000098 
0.10187500000000897 
0.26062500000000993 
0.14937500000000903 
0.16937500000000905 
0.13312500000000901 
0.21312500000000908 
0.15312500000000903 
0.15812500000000904 
0.19562500000000907 
0.22812500000000943 
0.14187500000000902 
0.18687500000000906 
0.18562500000000906 
0.129375000000009 
0.16687500000000904 
0.18562500000000906 
0.15812500000000904 
0.19437500000000907 
0.09312500000000896 
0.17687500000000905 
0.17312500000000905 
0.18062500000000906 
0.15437500000000903 
0.20687500000000908 
0.11937500000000899 
0.23062500000000938 
0.09187500000000896 
0.13812500000000902 
0.18312500000000906 
0.10812500000000898 
0.19687500000000907 
0.2743750000000102 
0.128125000000009 
0.2406250000000096 
0.3231250000000103 
0.14812500000000903 
0.21062500000000908 
0.28312500000001006 
0.2668750000000101 
0.14062500000000902 
0.10312500000000897 
0.20187500000000907 
0.20937500000000908 
0.11062500000000898 
0.2193750000000091 
0.11812500000000899 
0.14437500000000902 
0.15562500000000903 
0.17312500000000905 
0.12062500000000899 
0.3231250000000103 
0.2456250000000099 
0.24312500000000978 
0.16687500000000904 
0.20937500000000908 
0.15437500000000903 
0.31562500000001026 
0.11937500000000899 
0.16437500000000904 
0.10312500000000897 
0.17437500000000905 
0.22687500000000932 
