0.2306250000000091 
0.20687500000000908 
0.2543750000000094 
0.18812500000000906 
0.30062500000000986 
0.21062500000000908 
0.17437500000000905 
0.18312500000000906 
0.26937500000000997 
0.30937500000001006 
0.3656250000000104 
0.20187500000000907 
0.30812500000001003 
0.27687500000000986 
0.2418750000000094 
0.17937500000000905 
0.18437500000000906 
0.15062500000000903 
0.2168750000000091 
0.14437500000000902 
0.15062500000000903 
0.24312500000000967 
0.17687500000000905 
0.21437500000000909 
0.22187500000000937 
0.25218750000000917 
0.18437500000000906 
0.17187500000000905 
0.27687500000001 
0.20062500000000907 
0.126875000000009 
0.19937500000000907 
0.17062500000000905 
0.25312500000000915 
0.21062500000000908 
0.27812500000001 
0.20812500000000908 
0.18562500000000906 
0.23437500000000927 
0.20687500000000908 
0.25187500000000923 
0.19812500000000907 
0.20812500000000908 
0.19437500000000907 
0.16937500000000905 
0.18937500000000906 
0.35562500000001024 
0.15812500000000904 
1.7118750000000107 
0.18187500000000906 
0.21312500000000908 
0.20062500000000907 
0.18812500000000906 
0.22187500000000943 
0.22562500000000915 
0.24437500000000972 
0.2331250000000091 
0.2643750000000099 
0.21062500000000908 
0.3018750000000101 
0.28437500000000987 
0.20562500000000908 
0.19187500000000907 
0.28312500000001006 
0.20187500000000907 
0.19562500000000907 
0.20062500000000907 
0.16812500000000904 
0.23937500000000933 
0.2881250000000098 
0.36437500000001016 
0.3506250000000102 
0.24812500000000978 
0.19812500000000907 
0.2168750000000091 
0.3593750000000103 
0.24437500000000967 
0.16937500000000905 
0.29312500000001007 
0.16937500000000905 
0.17062500000000905 
0.18812500000000906 
0.2718750000000101 
0.29562500000000985 
0.15562500000000903 
0.18562500000000906 
0.18437500000000906 
0.25937500000000996 
0.17187500000000905 
0.36687500000001033 
0.20562500000000908 
0.16437500000000904 
0.18312500000000906 
0.19187500000000907 
0.19187500000000907 
0.20687500000000908 
0.19687500000000907 
0.23437500000000944 
0.18812500000000906 
0.4056250000000097 
0.19062500000000906 
0.2293750000000092 
0.16312500000000904 
0.46812500000001234 
0.17812500000000905 
0.17812500000000905 
0.19312500000000907 
0.2156250000000091 
0.25187500000000973 
0.15812500000000904 
0.30812500000000975 
0.22812500000000926 
0.18187500000000906 
0.2518750000000091 
0.14937500000000903 
0.3131250000000102 
0.16687500000000904 
0.3281250000000102 
0.2206250000000091 
0.2556250000000097 
0.19687500000000907 
0.25062500000000965 
0.2218750000000091 
0.16937500000000905 
0.16437500000000904 
0.2531250000000092 
0.2531250000000092 
0.2543750000000092 
0.3143750000000102 
0.2856250000000097 
0.21062500000000908 
0.21187500000000908 
0.21187500000000908 
0.2318750000000096 
0.2656250000000099 
0.3406250000000102 
0.30937500000000995 
0.22062500000000915 
0.19562500000000907 
0.19312500000000907 
0.26312500000000966 
0.17687500000000905 
0.38062500000001026 
0.2318750000000092 
0.17062500000000905 
0.22687500000000915 
0.2606250000000096 
0.18812500000000906 
0.14687500000000903 
0.16562500000000904 
0.2868750000000102 
0.25437500000000973 
0.30312500000000986 
0.22312500000000915 
0.19687500000000907 
0.18812500000000906 
0.15437500000000903 
0.20437500000000908 
0.20437500000000908 
0.16937500000000905 
0.16812500000000904 
0.20312500000000908 
0.2193750000000091 
0.4193750000000115 
0.3443750000000104 
0.2218750000000092 
0.20687500000000908 
0.2906250000000102 
0.2193750000000091 
0.2293750000000091 
0.2731250000000099 
0.2193750000000091 
0.19687500000000907 
0.2293750000000091 
0.21312500000000908 
0.17312500000000905 
0.20937500000000908 
0.26437500000000963 
0.20812500000000908 
0.3093750000000097 
0.3056250000000099 
0.2218750000000091 
0.2168750000000091 
0.2568750000000091 
0.17562500000000905 
0.20812500000000908 
0.29062500000000985 
0.17062500000000905 
0.19937500000000907 
0.18062500000000906 
0.23437500000000916 
0.2218750000000091 
0.21187500000000908 
0.19812500000000907 
0.26437500000000996 
0.29437500000001016 
0.28062500000001006 
0.26062500000000927 
0.14437500000000902 
0.23187500000000927 
0.2231250000000091 
0.2656250000000098 
0.2256250000000092 
0.28562500000000995 
0.2693750000000097 
0.3343750000000099 
0.3581250000000106 
0.3781250000000102 
0.17437500000000905 
0.19062500000000906 
0.32687500000001013 
0.27187500000000986 
0.2631250000000096 
0.29062500000001 
0.19937500000000907 
0.128125000000009 
0.14062500000000902 
0.28687500000001 
0.30562500000000964 
0.2243750000000091 
0.20812500000000908 
0.20812500000000908 
0.3068750000000101 
0.15312500000000903 
0.17187500000000905 
0.18687500000000906 
0.2831250000000099 
0.2156250000000091 
0.17562500000000905 
0.28312500000000995 
0.13562500000000902 
0.18312500000000906 
0.2581250000000099 
0.2518750000000092 
0.25687500000000973 
0.20562500000000908 
0.17687500000000905 
0.18437500000000906 
0.14562500000000903 
0.20562500000000908 
0.20937500000000908 
0.19062500000000906 
0.18562500000000906 
0.27812500000001006 
0.2393750000000095 
0.17437500000000905 
0.2168750000000091 
0.14562500000000903 
0.2543750000000098 
0.14812500000000903 
0.20437500000000908 
0.20437500000000908 
0.18187500000000906 
0.38687500000001046 
0.17062500000000905 
0.2218750000000091 
0.17187500000000905 
0.2406250000000095 
0.17562500000000905 
0.15562500000000903 
0.20562500000000908 
0.3131250000000098 
0.20937500000000908 
0.17187500000000905 
0.16937500000000905 
0.24062500000000916 
0.2206250000000091 
0.38312500000001026 
0.16937500000000905 
0.18562500000000906 
0.20562500000000908 
0.23687500000000927 
0.2443750000000096 
0.24062500000000944 
0.22937500000000932 
0.23187500000000927 
0.2518750000000099 
0.14312500000000902 
0.18687500000000906 
0.17312500000000905 
0.25562500000000976 
0.19562500000000907 
0.29062500000000957 
0.15812500000000904 
0.19437500000000907 
0.23687500000000938 
0.31812500000001015 
0.16562500000000904 
0.14937500000000903 
0.14437500000000902 
0.3156250000000101 
0.30437500000001005 
0.2968750000000099 
0.22687500000000926 
0.22312500000000926 
0.23312500000000932 
0.17312500000000905 
0.2406250000000095 
0.2906250000000099 
0.15312500000000903 
