0.3018750000000103 
0.10312500000000897 
0.17687500000000905 
0.18562500000000906 
0.12437500000000899 
0.16437500000000904 
0.25937500000000985 
0.23562500000000955 
0.16312500000000904 
0.2531250000000101 
0.131875000000009 
0.22937500000000938 
0.09062500000000896 
0.15437500000000903 
0.19187500000000907 
0.24437500000000978 
0.15812500000000904 
0.14812500000000903 
0.131875000000009 
0.22812500000000938 
0.11562500000000898 
0.17562500000000905 
0.21437500000000909 
0.13812500000000902 
0.27562500000000995 
0.17937500000000905 
0.2156250000000093 
0.2768750000000101 
0.19812500000000907 
0.13562500000000902 
0.11187500000000898 
0.15312500000000903 
0.17062500000000905 
0.17187500000000905 
0.14187500000000902 
0.2968750000000103 
0.13812500000000902 
0.17312500000000905 
0.17687500000000905 
0.13312500000000901 
0.16937500000000905 
0.11437500000000898 
0.15062500000000903 
0.15687500000000903 
0.18437500000000906 
0.16937500000000905 
0.128125000000009 
0.19562500000000907 
0.15687500000000903 
0.14562500000000903 
0.14187500000000902 
0.19937500000000907 
0.22812500000000938 
0.21312500000000914 
0.15562500000000903 
0.08812500000000896 
0.09187500000000896 
0.19062500000000906 
0.18187500000000906 
0.08437500000000897 
0.18312500000000906 
0.11937500000000899 
0.129375000000009 
0.18312500000000906 
0.125625000000009 
0.24562500000000972 
0.07937500000000898 
0.19187500000000907 
0.14312500000000902 
0.14062500000000902 
0.16187500000000904 
0.10437500000000897 
0.20437500000000908 
0.17812500000000905 
0.17062500000000905 
0.23312500000000944 
0.20562500000000908 
0.128125000000009 
0.13437500000000902 
0.18562500000000906 
0.12187500000000899 
0.17437500000000905 
0.22562500000000926 
0.29562500000001035 
0.14062500000000902 
0.24187500000000972 
0.13812500000000902 
0.129375000000009 
0.16437500000000904 
0.12312500000000899 
0.14937500000000903 
0.26562500000001005 
0.19437500000000907 
0.2593750000000099 
0.10937500000000898 
0.13312500000000901 
0.14187500000000902 
0.29687500000001027 
0.14937500000000903 
0.14812500000000903 
0.14562500000000903 
0.19062500000000906 
0.16437500000000904 
0.16562500000000904 
0.20937500000000914 
0.17062500000000905 
0.28312500000001023 
0.15187500000000903 
0.12312500000000899 
0.16187500000000904 
0.18812500000000906 
0.28312500000001023 
0.12312500000000899 
0.17562500000000905 
0.17062500000000905 
0.13312500000000901 
0.2656250000000099 
0.16187500000000904 
0.17312500000000905 
0.131875000000009 
0.13687500000000902 
0.16062500000000904 
0.19187500000000907 
0.129375000000009 
0.19437500000000907 
0.14437500000000902 
0.16687500000000904 
0.17562500000000905 
0.16687500000000904 
0.17062500000000905 
0.25187500000000984 
0.14687500000000903 
0.16437500000000904 
0.14437500000000902 
0.11062500000000898 
0.11437500000000898 
0.16562500000000904 
0.14687500000000903 
0.11062500000000898 
0.26437500000001 
0.13562500000000902 
0.128125000000009 
0.18562500000000906 
0.21062500000000908 
0.16562500000000904 
0.3356250000000106 
0.16187500000000904 
0.08812500000000896 
0.15062500000000903 
0.15812500000000904 
0.15187500000000903 
0.13687500000000902 
0.26687500000001013 
0.11812500000000899 
0.15687500000000903 
0.17187500000000905 
0.29437500000001016 
0.15062500000000903 
0.19562500000000907 
0.14187500000000902 
0.13812500000000902 
0.08687500000000896 
0.15187500000000903 
0.13937500000000902 
0.14687500000000903 
0.13687500000000902 
0.19437500000000907 
0.10437500000000897 
0.11312500000000898 
0.14187500000000902 
0.12062500000000899 
0.23937500000000966 
0.15187500000000903 
0.15812500000000904 
0.21062500000000908 
0.16687500000000904 
0.126875000000009 
0.23312500000000938 
0.2643750000000101 
0.21312500000000908 
0.3906250000000106 
0.2181250000000091 
0.19062500000000906 
0.128125000000009 
0.10437500000000897 
0.23062500000000954 
0.22062500000000954 
0.15937500000000904 
0.20937500000000908 
0.19562500000000907 
0.18437500000000906 
0.18562500000000906 
0.24562500000001006 
0.10437500000000897 
0.28937500000001026 
0.22187500000000915 
0.11812500000000899 
0.17687500000000905 
0.23937500000000983 
0.14437500000000902 
0.09437500000000897 
0.13687500000000902 
0.21562500000000914 
0.19937500000000907 
0.12187500000000899 
0.14812500000000903 
0.19562500000000907 
0.16562500000000904 
0.18812500000000906 
0.131875000000009 
0.16187500000000904 
0.11312500000000898 
0.12187500000000899 
0.11312500000000898 
0.31812500000001015 
0.17312500000000905 
0.14437500000000902 
0.13687500000000902 
0.131875000000009 
0.19812500000000907 
0.10687500000000898 
0.15812500000000904 
0.2543750000000099 
0.15312500000000903 
0.12312500000000899 
0.10437500000000897 
0.11187500000000898 
0.14562500000000903 
0.129375000000009 
0.19687500000000907 
0.11187500000000898 
0.16812500000000904 
0.11937500000000899 
0.15437500000000903 
0.17187500000000905 
0.13562500000000902 
0.12062500000000899 
0.15937500000000904 
0.23562500000000966 
0.14312500000000902 
0.19312500000000907 
0.09312500000000896 
0.12062500000000899 
0.37187500000001034 
0.10812500000000898 
0.09312500000000896 
0.19562500000000907 
0.13812500000000902 
0.08562500000000896 
0.16687500000000904 
0.25062500000001015 
0.25187500000001023 
0.27812500000001017 
0.128125000000009 
0.20187500000000907 
0.15812500000000904 
0.17062500000000905 
0.11687500000000899 
0.12062500000000899 
0.16812500000000904 
0.16437500000000904 
0.14812500000000903 
0.13312500000000901 
0.17687500000000905 
0.15312500000000903 
0.19562500000000907 
0.13937500000000902 
0.16187500000000904 
0.21437500000000909 
0.19437500000000907 
0.11937500000000899 
0.2606250000000099 
0.17062500000000905 
0.25687500000001 
0.13312500000000901 
0.15937500000000904 
0.3318750000000105 
0.15437500000000903 
0.13812500000000902 
0.14062500000000902 
0.16062500000000904 
0.17312500000000905 
0.22562500000000926 
0.15562500000000903 
0.16937500000000905 
0.14062500000000902 
0.24187500000000972 
0.126875000000009 
0.13562500000000902 
0.17062500000000905 
0.21437500000000909 
0.3293750000000103 
0.13687500000000902 
0.15812500000000904 
0.26312500000001 
0.09937500000000897 
0.22687500000000926 
0.16062500000000904 
0.20562500000000908 
0.128125000000009 
