0.20687500000000908 
0.11062500000000898 
0.14437500000000902 
0.15687500000000903 
0.15937500000000904 
0.2656250000000103 
0.20937500000000908 
0.12062500000000899 
0.15687500000000903 
0.27812500000001 
0.31937500000001046 
0.12437500000000899 
0.19187500000000907 
0.11812500000000899 
0.2593750000000099 
0.17062500000000905 
0.09437500000000897 
0.2256250000000096 
0.10437500000000897 
0.18062500000000906 
0.22562500000000932 
0.34187500000001037 
0.15062500000000903 
0.15187500000000903 
0.22937500000000943 
0.12312500000000899 
0.14062500000000902 
0.17437500000000905 
0.12312500000000899 
0.10812500000000898 
0.18562500000000906 
0.14562500000000903 
0.2856250000000102 
0.30187500000001033 
0.10937500000000898 
0.23937500000000955 
0.21437500000000909 
0.13312500000000901 
0.10312500000000897 
0.12312500000000899 
0.15562500000000903 
0.17187500000000905 
0.20062500000000907 
0.19062500000000906 
0.21187500000000908 
0.12437500000000899 
0.17812500000000905 
0.19562500000000907 
0.16312500000000904 
0.19437500000000907 
0.31562500000001026 
0.13437500000000902 
0.22437500000000932 
0.23937500000000966 
0.10437500000000897 
0.15937500000000904 
0.16562500000000904 
0.16937500000000905 
0.131875000000009 
0.20562500000000908 
0.2481250000000099 
0.18687500000000906 
0.17937500000000905 
0.2831250000000101 
0.19437500000000907 
0.19062500000000906 
0.14937500000000903 
0.26437500000001 
0.19187500000000907 
0.14812500000000903 
0.14812500000000903 
0.2906250000000104 
0.20437500000000908 
0.14937500000000903 
0.16687500000000904 
0.17562500000000905 
0.2356250000000095 
0.12187500000000899 
0.14437500000000902 
0.08687500000000896 
0.08437500000000896 
0.13562500000000902 
0.18812500000000906 
0.15312500000000903 
0.17062500000000905 
0.3593750000000104 
0.14687500000000903 
0.17937500000000905 
0.3843750000000111 
0.10937500000000898 
0.17687500000000905 
0.15687500000000903 
0.2193750000000091 
0.19687500000000907 
0.13812500000000902 
0.17437500000000905 
0.16187500000000904 
0.15812500000000904 
0.12312500000000899 
0.3868750000000106 
0.2181250000000091 
0.18687500000000906 
0.18062500000000906 
0.16437500000000904 
0.128125000000009 
0.08812500000000896 
0.2393750000000096 
0.12062500000000899 
0.12187500000000899 
0.2156250000000091 
0.19062500000000906 
0.18062500000000906 
0.25312500000000987 
0.12187500000000899 
0.13437500000000902 
0.13812500000000902 
0.14687500000000903 
0.17187500000000905 
0.126875000000009 
0.23187500000000966 
0.17312500000000905 
0.15937500000000904 
0.11812500000000899 
0.17062500000000905 
0.2181250000000091 
0.16312500000000904 
0.130625000000009 
0.15562500000000903 
0.21562500000000914 
0.16437500000000904 
0.14187500000000902 
0.22687500000000949 
0.23312500000000944 
0.18062500000000906 
0.15687500000000903 
0.12312500000000899 
0.13687500000000902 
0.14562500000000903 
0.16437500000000904 
0.14562500000000903 
0.23187500000000966 
0.12062500000000899 
0.18937500000000906 
0.21312500000000908 
0.125625000000009 
0.11062500000000898 
0.10937500000000898 
0.16312500000000904 
0.14562500000000903 
0.19312500000000907 
0.13687500000000902 
0.25312500000001015 
0.16062500000000904 
0.24812500000000978 
0.22187500000000937 
0.10937500000000898 
0.10687500000000898 
0.126875000000009 
0.22812500000000932 
0.2668750000000101 
0.09312500000000896 
0.19187500000000907 
0.18562500000000906 
0.24437500000000972 
0.15312500000000903 
0.15437500000000903 
0.16437500000000904 
0.14062500000000902 
0.10187500000000897 
0.15062500000000903 
0.15562500000000903 
0.21812500000000926 
0.20812500000000908 
0.15312500000000903 
0.10687500000000898 
0.20312500000000908 
0.13937500000000902 
0.11187500000000898 
0.17562500000000905 
0.14812500000000903 
0.14812500000000903 
0.129375000000009 
0.131875000000009 
0.15437500000000903 
0.11312500000000898 
0.24312500000000978 
0.17187500000000905 
0.21187500000000914 
0.19937500000000907 
0.12312500000000899 
0.11812500000000899 
0.19312500000000907 
0.33687500000001036 
0.28812500000001007 
0.3493750000000106 
0.22562500000000954 
0.08187500000000895 
0.10312500000000897 
0.11687500000000899 
0.19437500000000907 
0.12437500000000899 
0.3431250000000105 
0.23187500000000938 
0.13437500000000902 
0.19687500000000907 
0.19062500000000906 
0.15937500000000904 
0.16562500000000904 
0.20187500000000907 
0.2968750000000102 
0.29312500000001007 
0.16937500000000905 
0.27062500000001 
0.16437500000000904 
0.34437500000001026 
0.13312500000000901 
0.19187500000000907 
0.130625000000009 
0.16062500000000904 
0.21187500000000908 
0.12062500000000899 
0.16312500000000904 
0.10687500000000898 
0.14062500000000902 
0.18312500000000906 
0.22687500000000932 
0.22437500000000926 
0.11437500000000898 
0.15562500000000903 
0.08187500000000895 
0.18187500000000906 
0.15312500000000903 
0.19937500000000907 
0.25062500000001 
0.130625000000009 
0.18187500000000906 
0.15312500000000903 
0.17062500000000905 
0.21187500000000908 
0.14937500000000903 
0.15437500000000903 
0.125625000000009 
0.11562500000000898 
0.16687500000000904 
0.16687500000000904 
0.27687500000001014 
0.10562500000000898 
0.19687500000000907 
0.15062500000000903 
0.11937500000000899 
0.15562500000000903 
0.20437500000000908 
0.10437500000000897 
0.15687500000000903 
0.129375000000009 
0.14937500000000903 
0.16062500000000904 
0.22062500000000915 
0.25437500000001 
0.15187500000000903 
0.14062500000000902 
0.10562500000000898 
0.19562500000000907 
0.2331250000000095 
0.25687500000001 
0.14312500000000902 
0.17187500000000905 
0.22812500000000938 
0.15312500000000903 
0.2581250000000099 
0.31687500000001034 
0.22937500000000927 
0.14062500000000902 
0.19687500000000907 
0.17437500000000905 
0.22812500000000926 
0.19187500000000907 
0.15187500000000903 
0.17562500000000905 
0.2531250000000101 
0.13812500000000902 
0.11437500000000898 
0.11312500000000898 
0.18937500000000906 
0.11437500000000898 
0.128125000000009 
0.17187500000000905 
0.11062500000000898 
0.13687500000000902 
0.13562500000000902 
0.23937500000000966 
0.3543750000000105 
0.17562500000000905 
0.16437500000000904 
0.31437500000001023 
0.21312500000000908 
0.16812500000000904 
0.13312500000000901 
0.16562500000000904 
0.15937500000000904 
