0.20937500000000908 
0.2393750000000095 
0.26687500000000997 
0.26437500000001 
0.19312500000000907 
0.24812500000000984 
0.2631250000000099 
0.17062500000000905 
0.26812500000000994 
0.2156250000000091 
0.20312500000000908 
0.15062500000000903 
0.29687500000001005 
0.24437500000000972 
0.2681250000000098 
0.19187500000000907 
0.19437500000000907 
0.3843750000000103 
0.17812500000000905 
0.18812500000000906 
0.21312500000000908 
0.29562500000001013 
0.16437500000000904 
0.18187500000000906 
0.20187500000000907 
0.19187500000000907 
0.13437500000000902 
0.2381250000000095 
0.16562500000000904 
0.18437500000000906 
0.21687500000000914 
0.17812500000000905 
0.15687500000000903 
0.25187500000000984 
0.16687500000000904 
0.18312500000000906 
0.14812500000000903 
0.2306250000000095 
0.3018750000000103 
0.18312500000000906 
0.15187500000000903 
0.3918750000000111 
0.13562500000000902 
0.20562500000000908 
0.20312500000000908 
0.17437500000000905 
0.2281250000000092 
0.10562500000000898 
0.19437500000000907 
0.17437500000000905 
0.16312500000000904 
0.2168750000000091 
0.3193750000000101 
0.23812500000000955 
0.130625000000009 
0.15062500000000903 
0.32812500000001 
0.16562500000000904 
0.15687500000000903 
0.15687500000000903 
0.24187500000000978 
0.15062500000000903 
0.13687500000000902 
0.129375000000009 
0.19562500000000907 
0.17562500000000905 
0.20937500000000908 
0.3281250000000103 
0.17437500000000905 
0.16062500000000904 
0.2231250000000091 
0.15437500000000903 
0.14937500000000903 
0.18812500000000906 
0.15187500000000903 
0.18187500000000906 
0.18562500000000906 
0.18937500000000906 
0.23687500000000944 
0.15937500000000904 
0.11812500000000899 
0.17812500000000905 
0.20312500000000908 
0.2793750000000099 
0.3931250000000102 
0.16937500000000905 
0.2168750000000091 
0.20687500000000908 
0.28687500000000987 
0.2393750000000096 
0.15062500000000903 
0.18937500000000906 
0.18687500000000906 
0.14812500000000903 
0.14312500000000902 
0.13812500000000902 
0.20437500000000908 
0.31187500000001006 
0.3381250000000101 
0.41437500000001154 
0.18312500000000906 
0.2706250000000099 
0.09812500000000897 
0.24562500000000967 
0.18187500000000906 
0.29937500000001 
0.27312500000000983 
0.21437500000000909 
0.21437500000000909 
0.23812500000000938 
0.2781250000000099 
0.18562500000000906 
0.19062500000000906 
0.29062500000001 
0.21437500000000909 
0.20187500000000907 
0.28062500000001 
0.16812500000000904 
0.2193750000000091 
0.131875000000009 
0.16437500000000904 
0.19562500000000907 
0.2193750000000091 
0.17687500000000905 
0.14812500000000903 
0.17562500000000905 
0.30687500000000983 
0.2256250000000091 
0.18312500000000906 
0.18812500000000906 
0.14937500000000903 
0.14562500000000903 
0.18187500000000906 
0.15062500000000903 
0.2231250000000091 
0.17187500000000905 
0.18812500000000906 
0.15812500000000904 
0.12312500000000899 
0.15562500000000903 
0.23062500000000932 
0.13437500000000902 
0.13687500000000902 
0.2156250000000091 
0.14312500000000902 
0.2243750000000092 
0.20062500000000907 
0.16062500000000904 
0.14562500000000903 
0.3581250000000105 
0.20062500000000907 
0.3781250000000105 
0.25312500000001 
0.17312500000000905 
0.16687500000000904 
0.26062500000001004 
0.11187500000000898 
0.2743750000000099 
0.15687500000000903 
0.20937500000000908 
0.27812500000001006 
0.2356250000000095 
0.34937500000001026 
0.20562500000000908 
0.25062500000000987 
0.15562500000000903 
0.33687500000001 
0.21062500000000908 
0.18062500000000906 
0.131875000000009 
0.18062500000000906 
0.19312500000000907 
0.22312500000000915 
0.3068750000000102 
0.15562500000000903 
0.18812500000000906 
0.2193750000000091 
0.10687500000000898 
0.3218750000000102 
0.17062500000000905 
0.15562500000000903 
0.20937500000000908 
0.28312500000001 
0.18187500000000906 
0.15312500000000903 
0.14437500000000902 
0.15187500000000903 
0.19812500000000907 
0.18437500000000906 
0.29187500000001 
0.18187500000000906 
0.14562500000000903 
0.16062500000000904 
0.33687500000001025 
0.25937500000000985 
0.14562500000000903 
0.22812500000000932 
0.28312500000000984 
0.16062500000000904 
0.128125000000009 
0.19687500000000907 
0.2168750000000091 
0.19937500000000907 
0.21312500000000908 
0.24187500000000967 
0.17187500000000905 
0.40312500000001034 
0.18937500000000906 
0.16187500000000904 
0.25687500000001007 
0.21437500000000909 
0.16687500000000904 
0.16062500000000904 
0.22937500000000927 
0.18187500000000906 
0.18187500000000906 
0.21312500000000908 
0.27437500000001014 
0.14062500000000902 
0.21062500000000908 
0.25562500000001 
0.11812500000000899 
0.13687500000000902 
0.2718750000000099 
0.15937500000000904 
0.28187500000001 
0.20937500000000908 
0.31937500000001 
0.27437500000001 
0.24062500000000994 
0.13437500000000902 
0.2856250000000104 
0.131875000000009 
0.10937500000000898 
0.20437500000000908 
0.2743750000000103 
0.128125000000009 
0.20062500000000907 
0.18812500000000906 
0.16312500000000904 
0.16687500000000904 
0.17312500000000905 
0.15187500000000903 
0.18062500000000906 
0.17312500000000905 
0.32937500000001024 
0.16312500000000904 
0.15812500000000904 
0.19687500000000907 
0.28187500000001 
0.20187500000000907 
0.19187500000000907 
0.21437500000000909 
0.29812500000001 
0.13437500000000902 
0.25812500000001004 
0.32187500000001035 
0.17062500000000905 
0.16937500000000905 
0.19062500000000906 
0.2168750000000091 
0.21312500000000908 
0.19687500000000907 
0.2168750000000091 
0.30937500000000984 
0.18937500000000906 
0.22312500000000926 
0.4443750000000122 
0.20437500000000908 
0.16812500000000904 
0.2368750000000095 
0.2656250000000098 
0.2631250000000101 
0.17562500000000905 
0.16937500000000905 
0.21062500000000908 
0.125625000000009 
0.18312500000000906 
0.23187500000000938 
0.19437500000000907 
0.11562500000000898 
0.16437500000000904 
0.2206250000000091 
0.21437500000000909 
0.24562500000000972 
0.31562500000001004 
0.15812500000000904 
0.15812500000000904 
0.21187500000000908 
0.18187500000000906 
0.13937500000000902 
0.2243750000000091 
0.19562500000000907 
0.2631250000000101 
0.2218750000000091 
0.18187500000000906 
0.2481250000000099 
0.32062500000001015 
0.30937500000001017 
0.18187500000000906 
