0.26812500000001 
0.20937500000000908 
0.28437500000001004 
0.3593750000000105 
0.15687500000000903 
0.18937500000000906 
0.29312500000001035 
0.2468750000000099 
0.14687500000000903 
0.14187500000000902 
0.26312500000001016 
0.13562500000000902 
0.14062500000000902 
0.20062500000000907 
0.130625000000009 
0.24312500000000978 
0.18437500000000906 
0.19812500000000907 
0.12062500000000899 
0.24062500000000978 
0.17687500000000905 
0.17437500000000905 
0.14062500000000902 
0.14562500000000903 
0.13312500000000901 
0.125625000000009 
0.11312500000000898 
0.16062500000000904 
0.125625000000009 
0.16562500000000904 
0.18812500000000906 
0.12312500000000899 
0.21437500000000909 
0.11562500000000898 
0.28812500000001 
0.13937500000000902 
0.12312500000000899 
0.13937500000000902 
0.19437500000000907 
0.15812500000000904 
0.16562500000000904 
0.24437500000000972 
0.26437500000001 
0.125625000000009 
0.21687500000000925 
0.13812500000000902 
0.3068750000000102 
0.25187500000001034 
0.11562500000000898 
0.25562500000001 
0.09812500000000897 
0.16062500000000904 
0.22437500000000954 
0.14812500000000903 
0.17437500000000905 
0.13687500000000902 
0.17562500000000905 
0.17812500000000905 
0.13687500000000902 
0.11187500000000898 
0.129375000000009 
0.18937500000000906 
0.17562500000000905 
0.18812500000000906 
0.18937500000000906 
0.12312500000000899 
0.15312500000000903 
0.2756250000000101 
0.20562500000000908 
0.128125000000009 
0.15437500000000903 
0.13812500000000902 
0.18187500000000906 
0.129375000000009 
0.20062500000000907 
0.14687500000000903 
0.3056250000000101 
0.14687500000000903 
0.14437500000000902 
0.13312500000000901 
0.14937500000000903 
0.22812500000000938 
0.17062500000000905 
0.16687500000000904 
0.2156250000000091 
0.128125000000009 
0.26562500000001 
0.13812500000000902 
0.18437500000000906 
0.14187500000000902 
0.14687500000000903 
0.13812500000000902 
0.15812500000000904 
0.18437500000000906 
0.16562500000000904 
0.15812500000000904 
0.17812500000000905 
0.15187500000000903 
0.13937500000000902 
0.17187500000000905 
0.19187500000000907 
0.09437500000000897 
0.2931250000000101 
0.20687500000000908 
0.25812500000001 
0.09312500000000896 
0.19937500000000907 
0.16437500000000904 
0.15812500000000904 
0.15312500000000903 
0.18437500000000906 
0.20437500000000908 
0.12187500000000899 
0.12312500000000899 
0.27437500000001014 
0.19562500000000907 
0.20312500000000908 
0.20187500000000907 
0.14187500000000902 
0.16312500000000904 
0.16937500000000905 
0.14937500000000903 
0.14312500000000902 
0.23062500000000938 
0.125625000000009 
0.11937500000000899 
0.126875000000009 
0.20937500000000908 
0.13312500000000901 
0.11437500000000898 
0.17312500000000905 
0.14312500000000902 
0.29312500000001007 
0.22187500000000915 
0.19937500000000907 
0.10437500000000897 
0.11437500000000898 
0.22812500000000938 
0.18562500000000906 
0.2918750000000101 
0.19937500000000907 
0.15062500000000903 
0.20937500000000908 
0.12437500000000899 
0.09937500000000897 
0.23812500000000994 
0.13937500000000902 
0.19062500000000906 
0.13437500000000902 
0.14812500000000903 
0.22437500000000937 
0.17812500000000905 
0.18687500000000906 
0.14562500000000903 
0.15312500000000903 
0.15812500000000904 
0.14687500000000903 
0.15937500000000904 
0.11687500000000899 
0.15187500000000903 
0.22937500000000932 
0.11312500000000898 
0.20187500000000907 
0.131875000000009 
0.17312500000000905 
0.19812500000000907 
0.18812500000000906 
0.11062500000000898 
0.13812500000000902 
0.11937500000000899 
0.21437500000000909 
0.20437500000000908 
0.09687500000000897 
0.23062500000000943 
0.15062500000000903 
0.18687500000000906 
0.19187500000000907 
0.11187500000000898 
0.19812500000000907 
0.3293750000000104 
0.23312500000000966 
0.24562500000000984 
0.20062500000000907 
0.17812500000000905 
0.20062500000000907 
0.20062500000000907 
0.25937500000001 
0.15562500000000903 
0.15062500000000903 
0.11562500000000898 
0.2718750000000101 
0.24812500000000984 
0.19312500000000907 
0.09312500000000896 
0.24562500000000995 
0.20312500000000908 
0.2381250000000096 
0.10312500000000897 
0.42812500000001263 
0.17062500000000905 
0.128125000000009 
0.19062500000000906 
0.22312500000000937 
0.14812500000000903 
0.126875000000009 
0.21562500000000914 
0.08562500000000897 
0.17187500000000905 
0.2356250000000095 
0.14937500000000903 
0.09687500000000897 
0.18062500000000906 
0.12312500000000899 
0.15312500000000903 
0.11812500000000899 
0.15812500000000904 
0.2831250000000101 
0.20687500000000908 
0.13812500000000902 
0.15937500000000904 
0.2943750000000103 
0.15812500000000904 
0.21187500000000908 
0.22812500000000938 
0.24687500000001006 
0.15187500000000903 
0.29062500000001007 
0.19437500000000907 
0.3331250000000103 
0.19187500000000907 
0.3168750000000104 
0.19562500000000907 
0.16312500000000904 
0.15687500000000903 
0.14312500000000902 
0.12437500000000899 
0.12437500000000899 
0.10437500000000897 
0.2393750000000096 
0.11312500000000898 
0.129375000000009 
0.131875000000009 
0.128125000000009 
0.13812500000000902 
0.18187500000000906 
0.17312500000000905 
0.12312500000000899 
0.18812500000000906 
0.13562500000000902 
0.12312500000000899 
0.131875000000009 
0.17312500000000905 
0.15187500000000903 
0.29687500000001016 
0.20312500000000908 
0.10562500000000898 
0.13312500000000901 
0.14062500000000902 
0.15312500000000903 
0.15812500000000904 
0.15937500000000904 
0.28437500000001026 
0.14937500000000903 
0.14687500000000903 
0.16187500000000904 
0.16312500000000904 
0.25562500000001004 
0.13937500000000902 
0.21437500000000909 
0.2343750000000096 
0.11562500000000898 
0.29562500000001024 
0.18187500000000906 
0.16062500000000904 
0.10312500000000897 
0.14062500000000902 
0.16312500000000904 
0.13437500000000902 
0.14562500000000903 
0.19687500000000907 
0.28062500000000995 
0.12437500000000899 
0.11437500000000898 
0.10187500000000897 
0.21437500000000909 
0.18062500000000906 
0.13312500000000901 
0.17437500000000905 
0.125625000000009 
0.10187500000000897 
0.14062500000000902 
0.13687500000000902 
0.17187500000000905 
0.19562500000000907 
0.14062500000000902 
0.15062500000000903 
0.16687500000000904 
0.2818750000000101 
0.16937500000000905 
0.12187500000000899 
