0.15312500000000903 
0.18187500000000906 
0.14562500000000903 
0.17937500000000905 
0.14562500000000903 
0.15312500000000903 
0.10562500000000898 
0.17312500000000905 
0.14812500000000903 
0.17312500000000905 
0.14937500000000903 
0.14812500000000903 
0.18812500000000906 
0.16687500000000904 
0.20937500000000908 
0.2206250000000093 
0.18812500000000906 
0.24937500000000995 
0.26437500000000996 
0.15187500000000903 
0.24562500000000978 
0.27437500000001014 
0.130625000000009 
0.10937500000000898 
0.21187500000000908 
0.17812500000000905 
0.21187500000000908 
0.18562500000000906 
0.16062500000000904 
0.09937500000000897 
0.11687500000000899 
0.14437500000000902 
0.16687500000000904 
0.15562500000000903 
0.128125000000009 
0.16687500000000904 
0.11312500000000898 
0.28562500000001007 
0.14812500000000903 
0.15437500000000903 
0.13562500000000902 
0.11812500000000899 
0.19687500000000907 
0.13437500000000902 
0.19562500000000907 
0.13937500000000902 
0.22437500000000926 
0.09437500000000897 
0.16437500000000904 
0.26062500000001 
0.15562500000000903 
0.14812500000000903 
0.20562500000000908 
0.13437500000000902 
0.12437500000000899 
0.18187500000000906 
0.14187500000000902 
0.18312500000000906 
0.18812500000000906 
0.17312500000000905 
0.17562500000000905 
0.11562500000000898 
0.27937500000001014 
0.14187500000000902 
0.16937500000000905 
0.20812500000000908 
0.20437500000000908 
0.2206250000000092 
0.10812500000000898 
0.2156250000000091 
0.12437500000000899 
0.15062500000000903 
0.18062500000000906 
0.15437500000000903 
0.16312500000000904 
0.16812500000000904 
0.15312500000000903 
0.15687500000000903 
0.2306250000000095 
0.13812500000000902 
0.2206250000000091 
0.16812500000000904 
0.18187500000000906 
0.20062500000000907 
0.15312500000000903 
0.14937500000000903 
0.09437500000000897 
0.18812500000000906 
0.22812500000000938 
0.17562500000000905 
0.16312500000000904 
0.09437500000000897 
0.13437500000000902 
0.23812500000000955 
0.25437500000001 
0.14812500000000903 
0.17812500000000905 
0.22437500000000926 
0.16812500000000904 
0.14062500000000902 
0.09812500000000897 
0.15437500000000903 
0.16062500000000904 
0.09312500000000896 
0.09562500000000897 
0.12062500000000899 
0.12062500000000899 
0.17437500000000905 
0.17937500000000905 
0.18437500000000906 
0.12187500000000899 
0.15312500000000903 
0.14312500000000902 
0.126875000000009 
0.20812500000000908 
0.3718750000000105 
0.3431250000000106 
0.18812500000000906 
0.17687500000000905 
0.16562500000000904 
0.13687500000000902 
0.12437500000000899 
0.17562500000000905 
0.21187500000000914 
0.10562500000000898 
0.14687500000000903 
0.15062500000000903 
0.19312500000000907 
0.24812500000001 
0.10687500000000898 
0.11937500000000899 
0.125625000000009 
0.25812500000001 
0.13562500000000902 
0.22062500000000915 
0.16937500000000905 
0.16187500000000904 
0.16437500000000904 
0.16812500000000904 
0.2543750000000102 
0.20437500000000908 
0.28937500000001015 
0.35937500000001066 
0.15187500000000903 
0.19562500000000907 
0.17312500000000905 
0.30812500000001036 
0.131875000000009 
0.18312500000000906 
0.14437500000000902 
0.18312500000000906 
0.22062500000000926 
0.12437500000000899 
0.15937500000000904 
0.24312500000000978 
0.14312500000000902 
0.11062500000000898 
0.25687500000001007 
0.18437500000000906 
0.18437500000000906 
0.14937500000000903 
0.20687500000000908 
0.13437500000000902 
0.128125000000009 
0.13937500000000902 
0.10312500000000897 
0.15937500000000904 
0.23312500000000938 
0.18187500000000906 
0.15312500000000903 
0.17187500000000905 
0.28687500000001004 
0.15187500000000903 
0.2856250000000101 
0.10812500000000898 
0.10187500000000897 
0.25937500000001035 
0.17187500000000905 
0.17437500000000905 
0.19312500000000907 
0.131875000000009 
0.12062500000000899 
0.22562500000000948 
0.17687500000000905 
0.20187500000000907 
0.19687500000000907 
0.10687500000000898 
0.20687500000000908 
0.25687500000001 
0.2193750000000093 
0.2506250000000099 
0.15687500000000903 
0.18812500000000906 
0.09812500000000897 
0.16812500000000904 
0.13687500000000902 
0.2681250000000099 
0.24937500000000984 
0.13312500000000901 
0.20062500000000907 
0.10687500000000898 
0.19062500000000906 
0.20437500000000908 
0.14687500000000903 
0.16562500000000904 
0.24562500000001 
0.19687500000000907 
0.13562500000000902 
0.129375000000009 
0.17937500000000905 
0.26687500000001024 
0.16437500000000904 
0.20937500000000914 
0.26437500000001013 
0.13937500000000902 
0.10062500000000897 
0.17562500000000905 
0.22437500000000926 
0.14437500000000902 
0.13812500000000902 
0.17312500000000905 
0.14812500000000903 
0.18312500000000906 
0.09562500000000897 
0.129375000000009 
0.10062500000000897 
0.130625000000009 
0.20437500000000908 
0.17812500000000905 
0.13812500000000902 
0.11437500000000898 
0.20937500000000908 
0.19437500000000907 
0.15312500000000903 
0.17687500000000905 
0.131875000000009 
0.19687500000000907 
0.128125000000009 
0.2156250000000091 
0.13562500000000902 
0.18687500000000906 
0.14187500000000902 
0.15687500000000903 
0.14187500000000902 
0.08812500000000896 
0.14437500000000902 
0.25812500000001 
0.18562500000000906 
0.14437500000000902 
0.12312500000000899 
0.13812500000000902 
0.15187500000000903 
0.10187500000000897 
0.10562500000000898 
0.19187500000000907 
0.14687500000000903 
0.31812500000001026 
0.14812500000000903 
0.28312500000001006 
0.125625000000009 
0.13312500000000901 
0.15937500000000904 
0.17562500000000905 
0.20812500000000908 
0.128125000000009 
0.3006250000000101 
0.15937500000000904 
0.14812500000000903 
0.2168750000000091 
0.10562500000000898 
0.20187500000000907 
0.2568750000000099 
0.16312500000000904 
0.15062500000000903 
0.22062500000000915 
0.19812500000000907 
0.18687500000000906 
0.19312500000000907 
0.11812500000000899 
0.2331250000000095 
0.21187500000000908 
0.129375000000009 
0.130625000000009 
0.14687500000000903 
0.17437500000000905 
0.2318750000000096 
0.13437500000000902 
0.18562500000000906 
0.20312500000000908 
0.19812500000000907 
0.17062500000000905 
0.17062500000000905 
0.20187500000000907 
0.08562500000000896 
0.16187500000000904 
0.11312500000000898 
0.21187500000000908 
0.19812500000000907 
0.15937500000000904 
0.14937500000000903 
