0.24312500000000967 
0.24937500000000978 
0.2181250000000091 
0.17562500000000905 
0.3206250000000104 
0.17812500000000905 
0.16062500000000904 
0.2768750000000101 
0.23187500000000938 
0.13437500000000902 
0.17937500000000905 
0.2243750000000092 
0.2193750000000091 
0.18937500000000906 
0.23312500000000927 
0.25937500000000946 
0.17187500000000905 
0.16562500000000904 
0.25562500000001015 
0.33562500000000994 
0.19187500000000907 
0.3556250000000102 
0.24687500000000973 
0.30437500000001005 
0.30187500000001005 
0.19562500000000907 
0.21062500000000908 
0.26562500000001 
0.3493750000000103 
0.33437500000001014 
0.19437500000000907 
0.3268750000000102 
0.2756250000000101 
0.2781250000000097 
0.2218750000000092 
0.22812500000000926 
0.28812500000000985 
0.20937500000000908 
0.28562500000000995 
0.17812500000000905 
0.24937500000000978 
0.35562500000001 
0.20562500000000908 
0.20437500000000908 
0.2668750000000098 
0.33437500000001014 
0.2968750000000101 
0.23312500000000938 
0.18812500000000906 
0.19312500000000907 
0.29312500000000996 
0.14437500000000902 
0.25812500000000954 
0.2231250000000091 
0.33562500000001005 
0.18312500000000906 
0.16937500000000905 
0.17312500000000905 
0.2193750000000091 
0.16187500000000904 
0.37812500000001037 
0.13437500000000902 
0.17937500000000905 
0.26187500000000974 
0.4093750000000109 
0.22312500000000926 
0.2168750000000091 
0.2793750000000099 
0.30312500000001014 
0.4293750000000125 
0.23687500000000922 
0.39312500000001055 
0.2631250000000096 
0.23437500000000938 
0.18062500000000906 
0.26437500000001013 
0.26187500000000963 
0.31062500000001037 
0.20562500000000908 
0.39562500000001116 
0.26812500000000944 
0.23437500000000944 
0.16812500000000904 
0.2693750000000097 
0.19937500000000907 
0.3143750000000101 
0.23437500000000944 
0.17187500000000905 
0.125625000000009 
0.18062500000000906 
0.21062500000000908 
0.3593750000000102 
0.23562500000000944 
0.20312500000000908 
0.3156250000000099 
0.16937500000000905 
0.5006250000000114 
0.21062500000000908 
0.19312500000000907 
0.28062500000000995 
0.13812500000000902 
0.15687500000000903 
0.20562500000000908 
0.29812500000001035 
0.3931250000000114 
0.23312500000000927 
0.23687500000000938 
0.21062500000000908 
0.2181250000000091 
0.18812500000000906 
0.19437500000000907 
0.24437500000000945 
0.20562500000000908 
0.2231250000000091 
0.15937500000000904 
0.18312500000000906 
0.30187500000000994 
0.3268750000000103 
0.27562500000001 
0.43437500000001145 
0.19312500000000907 
0.17562500000000905 
0.2618750000000096 
0.16187500000000904 
0.18562500000000906 
0.19812500000000907 
0.18812500000000906 
0.23937500000000955 
0.2668750000000097 
0.14062500000000902 
0.2718750000000096 
0.31187500000000984 
0.2531250000000093 
0.2456250000000095 
0.2956250000000101 
0.3106250000000101 
0.3368750000000102 
0.19812500000000907 
0.2406250000000096 
0.15812500000000904 
0.2543750000000093 
0.19937500000000907 
0.23312500000000916 
0.22062500000000915 
0.128125000000009 
0.24312500000000956 
0.2243750000000091 
0.24187500000000983 
0.15062500000000903 
0.20062500000000907 
0.34437500000001037 
0.15562500000000903 
0.2568750000000096 
0.20687500000000908 
0.21312500000000908 
0.15812500000000904 
0.2381250000000095 
0.2181250000000091 
0.2268750000000092 
0.2593750000000097 
0.2881250000000099 
0.34062500000001006 
0.19937500000000907 
0.15812500000000904 
0.19812500000000907 
0.19687500000000907 
0.28687500000000976 
0.17937500000000905 
0.3681250000000102 
0.30937500000001 
0.18062500000000906 
0.20687500000000908 
0.18562500000000906 
0.3681250000000105 
0.5143750000000122 
0.17812500000000905 
0.20687500000000908 
0.31312500000001 
0.3193750000000098 
0.20562500000000908 
0.16812500000000904 
0.15687500000000903 
0.2318750000000095 
0.22437500000000915 
0.17812500000000905 
0.27937500000000975 
0.16062500000000904 
0.22562500000000915 
0.17062500000000905 
0.23562500000000944 
0.2268750000000092 
0.2293750000000091 
0.17437500000000905 
0.23687500000000933 
0.18562500000000906 
0.3081250000000101 
0.19062500000000906 
0.14062500000000902 
0.2293750000000091 
0.2856250000000099 
0.32812500000001005 
0.18687500000000906 
0.2556250000000099 
0.32187500000000996 
0.24187500000000967 
0.5018750000000124 
0.2506250000000099 
0.2506250000000097 
0.18562500000000906 
0.3781250000000102 
0.39562500000001033 
0.2618750000000099 
0.15937500000000904 
0.2206250000000091 
0.17687500000000905 
0.17812500000000905 
0.18562500000000906 
0.19687500000000907 
0.16937500000000905 
0.20062500000000907 
0.16187500000000904 
0.24437500000000978 
0.32312500000001 
0.14687500000000903 
0.17437500000000905 
0.26062500000000954 
0.2381250000000095 
0.32312500000001004 
0.35187500000001026 
0.31437500000001006 
0.3218750000000104 
0.20062500000000907 
0.39062500000001044 
0.15062500000000903 
0.15812500000000904 
0.18562500000000906 
0.2706250000000099 
0.20687500000000908 
0.2293750000000091 
0.18937500000000906 
0.2256250000000092 
0.22937500000000927 
0.16187500000000904 
0.35437500000001015 
0.27812500000000917 
0.23437500000000921 
0.16687500000000904 
0.26312500000000966 
0.17562500000000905 
0.15437500000000903 
0.39687500000000947 
0.16937500000000905 
0.21437500000000909 
0.13312500000000901 
0.17312500000000905 
0.17062500000000905 
0.26562500000000994 
0.28187500000000976 
0.28812500000001007 
0.19937500000000907 
0.27187500000000964 
0.2531250000000098 
0.29812500000000985 
0.2681250000000095 
0.23937500000000916 
0.21437500000000909 
0.19437500000000907 
0.2331250000000095 
0.28062500000000984 
0.20812500000000908 
0.31187500000001006 
0.15187500000000903 
0.18437500000000906 
0.16812500000000904 
0.31062500000001014 
0.17812500000000905 
0.2181250000000091 
0.24187500000000955 
0.2393750000000096 
0.21062500000000908 
0.16937500000000905 
0.19187500000000907 
0.15937500000000904 
0.14062500000000902 
0.17562500000000905 
0.18437500000000906 
0.18437500000000906 
0.16937500000000905 
0.19312500000000907 
0.17187500000000905 
0.14937500000000903 
0.27812500000001006 
0.2781250000000095 
0.17562500000000905 
0.25937500000000974 
0.30437500000001017 
0.2168750000000091 
0.3006250000000094 
0.2981250000000099 
0.17562500000000905 
