0.18187500000000906 
0.10937500000000898 
0.18812500000000906 
0.2356250000000096 
0.18812500000000906 
0.18187500000000906 
0.18937500000000906 
0.3156250000000102 
0.16687500000000904 
0.09062500000000896 
0.19312500000000907 
0.17812500000000905 
0.14937500000000903 
0.17187500000000905 
0.15937500000000904 
0.15312500000000903 
0.18687500000000906 
0.20312500000000908 
0.21812500000000926 
0.16312500000000904 
0.27187500000000997 
0.16187500000000904 
0.125625000000009 
0.20187500000000907 
0.06812500000000898 
0.15062500000000903 
0.13562500000000902 
0.13937500000000902 
0.16187500000000904 
0.14937500000000903 
0.128125000000009 
0.15437500000000903 
0.13687500000000902 
0.18312500000000906 
0.16187500000000904 
0.13312500000000901 
0.128125000000009 
0.18562500000000906 
0.11562500000000898 
0.16687500000000904 
0.11937500000000899 
0.16312500000000904 
0.27687500000001 
0.21312500000000908 
0.21062500000000908 
0.15187500000000903 
0.16687500000000904 
0.15062500000000903 
0.19687500000000907 
0.30062500000001013 
0.11437500000000898 
0.23312500000000955 
0.18562500000000906 
0.19562500000000907 
0.10062500000000897 
0.09812500000000897 
0.17812500000000905 
0.128125000000009 
0.16312500000000904 
0.10687500000000898 
0.17187500000000905 
0.11687500000000899 
0.28312500000001034 
0.23187500000000932 
0.15062500000000903 
0.17937500000000905 
0.24187500000000972 
0.19562500000000907 
0.15687500000000903 
0.20062500000000907 
0.12437500000000899 
0.13312500000000901 
0.14187500000000902 
0.19062500000000906 
0.19562500000000907 
0.130625000000009 
0.10937500000000898 
0.13687500000000902 
0.2843750000000104 
0.15187500000000903 
0.14437500000000902 
0.15812500000000904 
0.14687500000000903 
0.11812500000000899 
0.27812500000001 
0.22687500000000932 
0.14062500000000902 
0.15187500000000903 
0.11687500000000899 
0.3268750000000103 
0.14437500000000902 
0.15937500000000904 
0.08937500000000896 
0.23687500000000983 
0.18437500000000906 
0.20187500000000907 
0.12312500000000899 
0.13437500000000902 
0.22562500000000932 
0.14937500000000903 
0.16062500000000904 
0.22562500000000943 
0.17812500000000905 
0.16187500000000904 
0.11812500000000899 
0.2168750000000091 
0.18562500000000906 
0.10562500000000898 
0.10437500000000897 
0.17812500000000905 
0.24812500000000995 
0.16187500000000904 
0.10312500000000897 
0.10562500000000898 
0.20812500000000908 
0.15937500000000904 
0.20312500000000908 
0.17812500000000905 
0.15062500000000903 
0.16687500000000904 
0.2356250000000095 
0.15312500000000903 
0.23937500000000983 
0.14687500000000903 
0.26562500000000994 
0.126875000000009 
0.18687500000000906 
0.24812500000001 
0.18562500000000906 
0.14437500000000902 
0.22187500000000931 
0.14437500000000902 
0.128125000000009 
0.09812500000000897 
0.16187500000000904 
0.24187500000000972 
0.17687500000000905 
0.18187500000000906 
0.11437500000000898 
0.21062500000000908 
0.18937500000000906 
0.20562500000000908 
0.15812500000000904 
0.10562500000000898 
0.19187500000000907 
0.16562500000000904 
0.12187500000000899 
0.10937500000000898 
0.25937500000001 
0.2693750000000101 
0.14312500000000902 
0.21812500000000914 
0.15812500000000904 
0.2881250000000101 
0.2806250000000102 
0.11812500000000899 
0.19562500000000907 
0.10187500000000897 
0.28187500000001026 
0.129375000000009 
0.11312500000000898 
0.15437500000000903 
0.16062500000000904 
0.2906250000000101 
0.18062500000000906 
0.20437500000000908 
0.27937500000001025 
0.14562500000000903 
0.14437500000000902 
0.13562500000000902 
0.13937500000000902 
0.23937500000000989 
0.13687500000000902 
0.14312500000000902 
0.15062500000000903 
0.11812500000000899 
0.10437500000000897 
0.15062500000000903 
0.10687500000000898 
0.14687500000000903 
0.2281250000000095 
0.20687500000000908 
0.2468750000000099 
0.129375000000009 
0.09687500000000897 
0.2243750000000092 
0.32687500000001046 
0.11687500000000899 
0.14062500000000902 
0.2306250000000095 
0.17312500000000905 
0.2156250000000091 
0.16937500000000905 
0.13812500000000902 
0.15062500000000903 
0.12437500000000899 
0.14437500000000902 
0.17562500000000905 
0.131875000000009 
0.16187500000000904 
0.2656250000000101 
0.23812500000000988 
0.12312500000000899 
0.16312500000000904 
0.13437500000000902 
0.19062500000000906 
0.15312500000000903 
0.16812500000000904 
0.19687500000000907 
0.17062500000000905 
0.14937500000000903 
0.126875000000009 
0.14437500000000902 
0.16687500000000904 
0.13687500000000902 
0.26437500000001 
0.11437500000000898 
0.17187500000000905 
0.08562500000000897 
0.31062500000001025 
0.13687500000000902 
0.13937500000000902 
0.25062500000000987 
0.17937500000000905 
0.14062500000000902 
0.20437500000000908 
0.2156250000000091 
0.13562500000000902 
0.21187500000000908 
0.131875000000009 
0.10062500000000897 
0.11812500000000899 
0.11562500000000898 
0.2268750000000096 
0.11062500000000898 
0.15187500000000903 
0.21062500000000908 
0.19062500000000906 
0.2206250000000091 
0.11062500000000898 
0.14937500000000903 
0.126875000000009 
0.13937500000000902 
0.08937500000000898 
0.10062500000000897 
0.15187500000000903 
0.16437500000000904 
0.18562500000000906 
0.125625000000009 
0.14437500000000902 
0.23687500000000983 
0.13687500000000902 
0.17062500000000905 
0.3968750000000115 
0.24312500000000978 
0.10812500000000898 
0.22687500000000932 
0.18562500000000906 
0.17687500000000905 
0.16812500000000904 
0.13312500000000901 
0.15562500000000903 
0.2943750000000102 
0.09687500000000897 
0.13312500000000901 
0.15062500000000903 
0.11687500000000899 
0.19312500000000907 
0.18312500000000906 
0.15187500000000903 
0.17062500000000905 
0.15687500000000903 
0.3056250000000104 
0.13812500000000902 
0.19312500000000907 
0.16562500000000904 
0.131875000000009 
0.11437500000000898 
0.22687500000000932 
0.13312500000000901 
0.16312500000000904 
0.14187500000000902 
0.129375000000009 
0.13562500000000902 
0.126875000000009 
0.14187500000000902 
0.14812500000000903 
0.13687500000000902 
0.11562500000000898 
0.12437500000000899 
0.14687500000000903 
0.13437500000000902 
0.12187500000000899 
0.18062500000000906 
0.19437500000000907 
0.11062500000000898 
0.15812500000000904 
0.18812500000000906 
0.18187500000000906 
0.15937500000000904 
