0.2181250000000091 
0.24437500000001 
0.19062500000000906 
0.16312500000000904 
0.10062500000000897 
0.22812500000000943 
0.17937500000000905 
0.16562500000000904 
0.15187500000000903 
0.33312500000001033 
0.19312500000000907 
0.18437500000000906 
0.131875000000009 
0.10562500000000898 
0.23062500000000954 
0.128125000000009 
0.15812500000000904 
0.14437500000000902 
0.20687500000000908 
0.08937500000000896 
0.09562500000000897 
0.21312500000000908 
0.16187500000000904 
0.2156250000000091 
0.08937500000000896 
0.18062500000000906 
0.18062500000000906 
0.13437500000000902 
0.22187500000000937 
0.11312500000000898 
0.17562500000000905 
0.17687500000000905 
0.10562500000000898 
0.16437500000000904 
0.17062500000000905 
0.2206250000000091 
0.10687500000000898 
0.09437500000000897 
0.2506250000000099 
0.23937500000000994 
0.11312500000000898 
0.11937500000000899 
0.14812500000000903 
0.129375000000009 
0.20187500000000907 
0.21437500000000914 
0.13937500000000902 
0.14312500000000902 
0.10437500000000897 
0.15187500000000903 
0.18687500000000906 
0.15062500000000903 
0.14062500000000902 
0.20062500000000907 
0.15437500000000903 
0.128125000000009 
0.14937500000000903 
0.131875000000009 
0.3156250000000102 
0.11937500000000899 
0.16562500000000904 
0.2331250000000095 
0.11937500000000899 
0.18187500000000906 
0.11687500000000899 
0.18562500000000906 
0.12437500000000899 
0.20437500000000908 
0.27187500000001 
0.21062500000000908 
0.28562500000001007 
0.15562500000000903 
0.14062500000000902 
0.11062500000000898 
0.11437500000000898 
0.14562500000000903 
0.10812500000000898 
0.11937500000000899 
0.129375000000009 
0.22437500000000932 
0.13437500000000902 
0.14812500000000903 
0.13687500000000902 
0.14562500000000903 
0.11312500000000898 
0.12062500000000899 
0.2956250000000105 
0.11562500000000898 
0.13562500000000902 
0.11062500000000898 
0.130625000000009 
0.128125000000009 
0.22687500000000937 
0.19812500000000907 
0.12437500000000899 
0.14562500000000903 
0.13687500000000902 
0.08312500000000896 
0.10437500000000897 
0.18312500000000906 
0.24812500000000995 
0.28312500000001006 
0.15937500000000904 
0.131875000000009 
0.14812500000000903 
0.19437500000000907 
0.14312500000000902 
0.17937500000000905 
0.18312500000000906 
0.12312500000000899 
0.2806250000000102 
0.17812500000000905 
0.2156250000000091 
0.3068750000000101 
0.20062500000000907 
0.16062500000000904 
0.14437500000000902 
0.3056250000000103 
0.2343750000000096 
0.12062500000000899 
0.15562500000000903 
0.15312500000000903 
0.23562500000000994 
0.15562500000000903 
0.18062500000000906 
0.21312500000000908 
0.26437500000000996 
0.2756250000000101 
0.125625000000009 
0.11062500000000898 
0.131875000000009 
0.15312500000000903 
0.15437500000000903 
0.25812500000000993 
0.19187500000000907 
0.19062500000000906 
0.22937500000000943 
0.23812500000000977 
0.14187500000000902 
0.25187500000001006 
0.14687500000000903 
0.20562500000000908 
0.16562500000000904 
0.125625000000009 
0.19437500000000907 
0.10687500000000898 
0.12187500000000899 
0.18562500000000906 
0.11562500000000898 
0.21937500000000948 
0.20687500000000908 
0.19187500000000907 
0.15812500000000904 
0.09562500000000897 
0.13437500000000902 
0.24937500000000995 
0.22687500000000926 
0.21187500000000908 
0.14437500000000902 
0.2418750000000099 
0.11312500000000898 
0.13312500000000901 
0.12437500000000899 
0.12437500000000899 
0.33937500000001025 
0.21687500000000925 
0.13437500000000902 
0.16937500000000905 
0.18187500000000906 
0.17812500000000905 
0.125625000000009 
0.31687500000001034 
0.15062500000000903 
0.11812500000000899 
0.12312500000000899 
0.18187500000000906 
0.17062500000000905 
0.2156250000000091 
0.12437500000000899 
0.15687500000000903 
0.18312500000000906 
0.13687500000000902 
0.17812500000000905 
0.23562500000000955 
0.07312500000000896 
0.16062500000000904 
0.23562500000000972 
0.13687500000000902 
0.20312500000000908 
0.22812500000000932 
0.11437500000000898 
0.18562500000000906 
0.16687500000000904 
0.125625000000009 
0.23062500000000938 
0.23812500000000977 
0.13687500000000902 
0.2343750000000096 
0.15937500000000904 
0.20062500000000907 
0.11187500000000898 
0.129375000000009 
0.13437500000000902 
0.10562500000000898 
0.11187500000000898 
0.18312500000000906 
0.128125000000009 
0.22562500000000926 
0.14062500000000902 
0.2331250000000096 
0.18812500000000906 
0.20062500000000907 
0.13312500000000901 
0.18937500000000906 
0.16312500000000904 
0.125625000000009 
0.21062500000000908 
0.23937500000000966 
0.26062500000001004 
0.14687500000000903 
0.16437500000000904 
0.17062500000000905 
0.18187500000000906 
0.10812500000000898 
0.15062500000000903 
0.24062500000000972 
0.20812500000000908 
0.12062500000000899 
0.20812500000000908 
0.14687500000000903 
0.12437500000000899 
0.24062500000000972 
0.131875000000009 
0.18812500000000906 
0.131875000000009 
0.15187500000000903 
0.15812500000000904 
0.19562500000000907 
0.13812500000000902 
0.17312500000000905 
0.15312500000000903 
0.18312500000000906 
0.12062500000000899 
0.08812500000000896 
0.23687500000000966 
0.126875000000009 
0.22437500000000943 
0.15562500000000903 
0.14062500000000902 
0.10437500000000897 
0.15062500000000903 
0.18437500000000906 
0.18312500000000906 
0.17812500000000905 
0.2318750000000095 
0.14562500000000903 
0.10562500000000898 
0.30187500000001016 
0.10562500000000898 
0.125625000000009 
0.2831250000000103 
0.13562500000000902 
0.18812500000000906 
0.2193750000000091 
0.11312500000000898 
0.2318750000000095 
0.19062500000000906 
0.11437500000000898 
0.19437500000000907 
0.3568750000000104 
0.14062500000000902 
0.11937500000000899 
0.17437500000000905 
0.13937500000000902 
0.20937500000000925 
0.11937500000000899 
0.2556250000000102 
0.24562500000000995 
0.14312500000000902 
0.17562500000000905 
0.20437500000000908 
0.11812500000000899 
0.09187500000000896 
0.23312500000000944 
0.14562500000000903 
0.18312500000000906 
0.13687500000000902 
0.18437500000000906 
0.11312500000000898 
0.18562500000000906 
0.23312500000000966 
0.14312500000000902 
0.13812500000000902 
0.14312500000000902 
0.22687500000000932 
0.16562500000000904 
0.18312500000000906 
0.14562500000000903 
0.26187500000001007 
0.11812500000000899 
