0.25312500000000915 
0.28437500000000926 
0.2968750000000097 
0.2556250000000092 
0.39687500000000997 
0.3056250000000098 
0.26687500000000913 
0.4268750000000119 
0.2918750000000095 
0.37062500000000925 
0.2793750000000098 
0.5381250000000123 
0.26937500000000925 
0.28187500000000965 
0.3568750000000093 
0.32687500000000935 
0.2543750000000092 
0.25687500000000957 
0.18312500000000906 
0.3384375000000092 
0.26687500000000947 
0.31437500000000945 
0.2560937500000091 
0.2843750000000093 
0.2906250000000093 
0.28062500000000973 
0.2206250000000091 
0.3318750000000097 
0.3393750000000092 
0.2693750000000092 
0.3306250000000093 
0.26437500000000935 
0.3918750000000104 
0.3093750000000095 
0.2718750000000096 
0.2806250000000098 
0.39937500000001 
0.28437500000000976 
0.4818750000000094 
0.35093750000000923 
0.2756250000000093 
0.2568750000000091 
0.25812500000000943 
0.2693750000000094 
0.2868750000000094 
0.33562500000000944 
0.3359375000000092 
0.4181250000000102 
0.2868750000000094 
0.25562500000000915 
0.2581250000000093 
0.19812500000000907 
0.27062500000001005 
0.26812500000000955 
0.3281250000000097 
0.2868750000000097 
0.29437500000000943 
0.48562500000001196 
0.3981250000000099 
0.41312500000001007 
0.2706250000000097 
0.26937500000000936 
0.2693750000000096 
0.26187500000000974 
0.4006250000000099 
0.3018750000000093 
0.25234375000000914 
0.2906250000000098 
0.27937500000000925 
0.2856250000000092 
0.2571875000000091 
0.3393750000000098 
0.3531250000000098 
0.33062500000001016 
0.2793750000000092 
0.25812500000000926 
0.2681250000000095 
0.2931250000000095 
0.3206250000000097 
0.33312500000000994 
0.3068750000000096 
0.25343750000000914 
0.3393750000000094 
0.2606250000000092 
0.28687500000000954 
0.33812500000000983 
0.27312500000000917 
0.34187500000000937 
0.3343750000000092 
0.4931250000000118 
0.48437500000001144 
0.3356250000000092 
0.3343750000000097 
0.2543750000000093 
0.3456250000000093 
0.25562500000000915 
0.2218750000000091 
0.33718750000000924 
0.2718750000000094 
0.27937500000000937 
0.29812500000000947 
0.25812500000000915 
0.3468750000000092 
0.24312500000000933 
0.33437500000000947 
0.2668750000000092 
0.2981250000000092 
0.2806250000000096 
0.2656250000000095 
0.3393750000000092 
0.2768750000000093 
0.25343750000000914 
0.40062500000000933 
0.2756250000000094 
0.31187500000000934 
0.24062500000000933 
0.3881250000000094 
0.2543750000000092 
0.25812500000000943 
0.3631250000000099 
0.27062500000000916 
0.2523437500000091 
0.2218750000000091 
0.51812500000001 
0.3346875000000092 
0.2646875000000092 
0.29062500000000974 
0.2693750000000094 
0.32687500000000924 
0.2556250000000092 
0.24687500000000967 
0.29812500000000974 
0.401875000000011 
0.2656250000000095 
0.5009375000000094 
0.25687500000000935 
0.2518750000000091 
0.39562500000001055 
0.4293750000000098 
0.3731250000000102 
0.3131250000000096 
0.30687500000000967 
0.30187500000000966 
0.25468750000000917 
0.35687500000000943 
0.2731250000000095 
0.34562500000000945 
0.27312500000000944 
0.26343750000000915 
0.3268750000000093 
0.2443750000000091 
0.3456250000000093 
0.25562500000000915 
0.3393750000000093 
0.3118750000000097 
0.30687500000000967 
0.2843750000000095 
0.2856250000000096 
0.31937500000000935 
0.40312500000000945 
0.33187500000000925 
0.2931250000000092 
0.2718750000000093 
0.2706250000000095 
0.26062500000000915 
0.2768750000000093 
0.3056250000000093 
0.2568750000000091 
0.5309375000000094 
0.3381250000000092 
0.27062500000000916 
0.33437500000000925 
0.3393750000000092 
0.36187500000000933 
0.38312500000001 
0.35562500000000996 
0.3081250000000094 
0.40312500000001006 
0.30937500000000984 
0.26062500000000915 
0.32562500000000993 
0.34437500000000976 
0.32812500000000944 
0.31687500000000973 
0.2293750000000091 
0.2756250000000094 
0.25562500000000915 
0.24187500000000928 
0.3631250000000098 
0.27218750000000913 
0.2643750000000092 
0.32437500000001 
0.3346875000000092 
0.2531250000000092 
0.2743750000000092 
0.2693750000000093 
0.2768750000000092 
0.3306250000000101 
0.2631250000000096 
0.31812500000000976 
0.26562500000000977 
0.3368750000000097 
0.3484375000000092 
0.36937500000000933 
0.30062500000000963 
0.24437500000000945 
0.2593750000000092 
0.3368750000000092 
0.26937500000000936 
0.34437500000000965 
0.2856250000000092 
0.3368750000000092 
0.2918750000000092 
0.2568750000000091 
0.4343750000000121 
0.3606250000000094 
0.32812500000000977 
0.24562500000000917 
0.27187500000000914 
0.38437500000000957 
0.26312500000000943 
0.40312500000000934 
0.35812500000000996 
0.2956250000000098 
0.2993750000000094 
0.3518750000000098 
0.3806250000000101 
0.2523437500000091 
0.2618750000000095 
0.3381250000000092 
0.31562500000000976 
0.30937500000000956 
0.33968750000000925 
0.2356250000000091 
0.38687500000000946 
0.2743750000000099 
0.3131250000000097 
0.4643750000000113 
0.4193750000000097 
0.2743750000000099 
0.34468750000000925 
0.26062500000000915 
0.37562500000001 
0.2668750000000094 
0.3006250000000095 
0.24937500000000967 
0.25812500000000926 
0.30437500000000994 
0.2606250000000092 
0.3093750000000093 
0.6031250000000118 
0.27187500000000925 
0.2743750000000093 
0.27187500000000914 
0.31062500000000975 
0.3193750000000096 
0.27062500000000916 
0.31687500000000973 
0.34562500000000923 
0.2643750000000093 
0.2571875000000092 
0.3006250000000098 
0.3568750000000094 
0.33562500000000933 
0.2706250000000097 
0.34562500000000923 
0.25812500000000915 
0.2681250000000092 
0.2568750000000091 
0.37562500000000987 
0.3346875000000092 
0.34812500000000923 
0.3343750000000092 
0.3218750000000099 
0.33312500000000944 
0.3359375000000092 
0.2556250000000092 
0.3468750000000095 
0.2918750000000092 
0.24562500000000917 
0.33937500000000925 
0.4543750000000097 
0.3406250000000092 
0.29187500000000943 
0.2893750000000099 
0.2668750000000092 
0.3381250000000096 
0.34187500000000925 
0.3118750000000096 
0.3006250000000092 
0.3118750000000094 
0.6181250000000109 
0.3243750000000095 
0.3368750000000096 
0.35812500000000946 
0.3346875000000092 
0.3373437500000092 
0.21437500000000909 
0.2881250000000094 
0.25312500000000926 
