0.5021875000000093 
0.2671875000000091 
0.25093750000000914 
0.2546875000000091 
0.25117187500000915 
0.3343750000000092 
0.3356250000000092 
0.2518750000000091 
0.3393750000000092 
0.21187500000000908 
0.5006250000000094 
0.2671875000000092 
0.3356250000000092 
0.20312500000000908 
0.5106250000000094 
0.14968750000000902 
0.20937500000000908 
0.3343750000000092 
0.5006250000000094 
0.20734375000000907 
0.20343750000000907 
0.3421875000000092 
0.5006250000000094 
0.5009375000000094 
0.3343750000000092 
0.5006250000000094 
0.3543750000000092 
0.14343750000000902 
0.3356250000000092 
0.3356250000000092 
0.2518750000000091 
0.3360937500000092 
0.20093750000000907 
0.5018750000000094 
0.3359375000000092 
0.3346875000000092 
0.3346875000000092 
0.21062500000000908 
0.3359375000000092 
0.20312500000000908 
0.5006250000000094 
0.25062500000000915 
0.3343750000000092 
0.3384375000000092 
0.26687500000000913 
0.5009375000000094 
0.143671875000009 
0.26312500000000916 
0.5043750000000093 
0.2543750000000091 
0.25593750000000914 
0.20718750000000907 
0.3356250000000092 
0.20343750000000907 
0.25062500000000915 
0.20468750000000907 
0.3343750000000092 
0.3343750000000092 
0.3356250000000092 
0.26687500000000913 
0.20187500000000907 
0.20187500000000907 
0.5009375000000094 
0.2518750000000091 
0.3368750000000092 
0.25093750000000914 
0.3418750000000092 
0.3356250000000092 
0.5009375000000094 
0.5046875000000093 
0.2518750000000091 
0.26593750000000915 
0.3368750000000092 
0.25093750000000914 
0.2596875000000091 
0.21187500000000908 
0.3348437500000092 
0.2518750000000091 
0.3381250000000092 
0.3346875000000092 
0.2543750000000091 
0.144921875000009 
0.20218750000000907 
0.2156250000000091 
0.25062500000000915 
0.14468750000000902 
0.26343750000000915 
0.3346875000000092 
0.3346875000000092 
0.20234375000000906 
0.17437500000000905 
0.20437500000000908 
0.26437500000000913 
0.3343750000000092 
0.5006250000000094 
0.15062500000000903 
0.20234375000000906 
0.3518750000000092 
0.3343750000000092 
0.27062500000000916 
0.26562500000000916 
0.25312500000000915 
0.16859375000000903 
0.2518750000000091 
0.2548437500000091 
0.16812500000000904 
0.2521875000000091 
0.25312500000000915 
0.5006250000000094 
0.25343750000000914 
0.20187500000000907 
0.2521875000000091 
0.5010937500000094 
0.3468750000000092 
0.2568750000000091 
0.3346875000000092 
0.5018750000000094 
0.16968750000000904 
0.3346875000000092 
0.3346875000000092 
0.3356250000000092 
0.18437500000000906 
0.2510937500000091 
0.20312500000000908 
0.5006250000000094 
0.5010937500000094 
0.3384375000000092 
0.128125000000009 
0.5118750000000094 
0.20218750000000907 
0.17468750000000904 
0.20109375000000906 
0.20312500000000908 
0.2523437500000091 
0.20343750000000907 
0.20812500000000908 
0.20343750000000907 
0.5096875000000093 
0.25312500000000915 
0.25093750000000914 
0.3343750000000092 
0.20093750000000907 
0.36562500000000925 
0.33484375000000915 
0.3384375000000092 
0.25312500000000915 
0.2206250000000091 
0.3343750000000092 
0.3343750000000092 
0.143593750000009 
0.20218750000000907 
0.20312500000000908 
0.3360937500000092 
0.3356250000000092 
0.17562500000000905 
0.5021875000000093 
0.16812500000000904 
0.20187500000000907 
0.14968750000000902 
0.3384375000000092 
0.20187500000000907 
0.25312500000000915 
0.17218750000000904 
0.2521875000000091 
0.25343750000000914 
0.3359375000000092 
0.2518750000000091 
0.25093750000000914 
0.3371875000000092 
0.20187500000000907 
0.5018750000000094 
0.5009375000000094 
0.14468750000000902 
0.26812500000000916 
0.14812500000000903 
0.21187500000000908 
0.36093750000000924 
0.21218750000000908 
0.5084375000000093 
0.3343750000000092 
0.2518750000000091 
0.17562500000000905 
0.14468750000000902 
0.25312500000000915 
0.35312500000000924 
0.18062500000000906 
0.14437500000000902 
0.5306250000000095 
0.25593750000000914 
0.16937500000000905 
0.3373437500000092 
0.18437500000000906 
0.25343750000000914 
0.21187500000000908 
0.17437500000000905 
0.3396875000000092 
0.26562500000000916 
0.5006250000000094 
0.25343750000000914 
0.16937500000000905 
0.3406250000000092 
0.3396875000000092 
0.5123437500000094 
0.3393750000000092 
0.26187500000000913 
0.5010937500000094 
0.5034375000000093 
0.5018750000000094 
0.3393750000000092 
0.25343750000000914 
0.26687500000000913 
0.2635937500000091 
0.25312500000000915 
0.3356250000000092 
0.21093750000000908 
0.5021875000000093 
0.5018750000000094 
0.20312500000000908 
0.5034375000000093 
0.25562500000000915 
0.2946875000000092 
0.2168750000000091 
0.3434375000000092 
0.20312500000000908 
0.3368750000000092 
0.2518750000000091 
0.17062500000000905 
0.5056250000000094 
0.17062500000000905 
0.3418750000000092 
0.20437500000000908 
0.17468750000000904 
0.2593750000000091 
0.3396875000000092 
0.3596875000000092 
0.20312500000000908 
0.25093750000000914 
0.20937500000000908 
0.26843750000000915 
0.26343750000000915 
0.14687500000000903 
0.34562500000000923 
0.3368750000000092 
0.25562500000000915 
0.25312500000000915 
0.2543750000000091 
0.3343750000000092 
0.3356250000000092 
0.20562500000000908 
0.2546875000000091 
