0.2431250000000091 
0.17187500000000905 
0.113125000000009 
0.115625000000009 
0.16937500000000905 
0.089375000000009 
0.100625000000009 
0.17437500000000905 
0.11937500000000899 
0.16937500000000905 
0.089375000000009 
0.16937500000000905 
0.11812500000000899 
0.12187500000000899 
0.13812500000000902 
0.089375000000009 
0.16937500000000905 
0.17312500000000905 
0.16937500000000905 
0.16937500000000905 
0.115625000000009 
0.2256250000000091 
0.113125000000009 
0.16937500000000905 
0.09187500000000899 
0.09062500000000899 
0.09312500000000899 
0.126875000000009 
0.095625000000009 
0.11812500000000899 
0.12312500000000899 
0.20062500000000907 
0.12187500000000899 
0.16937500000000905 
0.125625000000009 
0.093125000000009 
0.115625000000009 
0.12187500000000899 
0.113125000000009 
0.17343750000000904 
0.124687500000009 
0.113437500000009 
0.11687500000000899 
0.17062500000000905 
0.114687500000009 
0.089375000000009 
0.08687500000000901 
0.17062500000000905 
0.11812500000000899 
0.119687500000009 
0.078125000000009 
0.16937500000000905 
0.17062500000000905 
0.16937500000000905 
0.113125000000009 
0.116875000000009 
0.114375000000009 
0.113125000000009 
0.125625000000009 
0.115625000000009 
0.073125000000009 
0.17062500000000905 
0.17062500000000905 
0.19812500000000907 
0.10187500000000897 
0.126875000000009 
0.17312500000000905 
0.115625000000009 
0.16843750000000904 
0.113125000000009 
0.17062500000000905 
0.114375000000009 
0.090625000000009 
0.11562500000000898 
0.17062500000000905 
0.17062500000000905 
0.113437500000009 
0.09312500000000899 
0.113125000000009 
0.09218750000000901 
0.114375000000009 
0.09437500000000898 
0.126875000000009 
0.115625000000009 
0.09312500000000899 
0.16843750000000904 
0.115625000000009 
0.093125000000009 
0.095625000000009 
0.079375000000009 
0.16843750000000904 
0.129375000000009 
0.16937500000000905 
0.113125000000009 
0.17062500000000905 
0.12062500000000899 
0.113437500000009 
0.114375000000009 
0.115625000000009 
0.16937500000000905 
0.17187500000000905 
0.114375000000009 
0.114375000000009 
0.11812500000000899 
0.11687500000000899 
0.16937500000000905 
0.098125000000009 
0.114375000000009 
0.088125000000009 
0.12437500000000899 
0.118125000000009 
0.17187500000000905 
0.128125000000009 
0.114375000000009 
0.125625000000009 
0.113437500000009 
0.113125000000009 
0.16937500000000905 
0.12312500000000899 
0.115625000000009 
0.16937500000000905 
0.114375000000009 
0.113125000000009 
0.11562500000000898 
0.115625000000009 
0.12437500000000899 
0.094375000000009 
0.16843750000000904 
0.16937500000000905 
0.16937500000000905 
0.08312500000000898 
0.16843750000000904 
0.104375000000009 
0.090625000000009 
0.114375000000009 
0.115625000000009 
0.16937500000000905 
0.11687500000000899 
0.113125000000009 
0.13562500000000902 
0.16968750000000904 
0.17468750000000904 
0.11687500000000899 
0.17187500000000905 
0.17062500000000905 
0.08812500000000899 
0.11312500000000898 
0.17093750000000904 
0.16937500000000905 
0.113125000000009 
0.113125000000009 
0.09187500000000899 
0.17437500000000905 
0.17062500000000905 
0.115625000000009 
0.17312500000000905 
0.17062500000000905 
0.114687500000009 
0.16937500000000905 
0.129687500000009 
0.16843750000000904 
0.120937500000009 
0.16937500000000905 
0.08687500000000901 
0.16843750000000904 
0.11937500000000899 
0.16937500000000905 
0.09187500000000899 
0.19218750000000906 
0.12312500000000899 
0.08843750000000902 
0.17062500000000905 
0.11437500000000898 
0.11562500000000898 
0.11812500000000899 
0.17187500000000905 
0.16937500000000905 
0.09062500000000898 
0.17437500000000905 
0.086875000000009 
0.18562500000000906 
0.12187500000000899 
0.084375000000009 
0.088125000000009 
0.14312500000000902 
0.114375000000009 
0.113437500000009 
0.115625000000009 
0.16937500000000905 
0.16843750000000904 
0.12062500000000899 
0.114375000000009 
0.08687500000000899 
0.19812500000000907 
0.16937500000000905 
0.08562500000000901 
0.08812500000000899 
0.17562500000000905 
0.09812500000000898 
0.17187500000000905 
0.131875000000009 
0.16937500000000905 
0.113125000000009 
0.126875000000009 
0.12312500000000899 
0.16968750000000904 
0.08562500000000899 
0.074375000000009 
0.16843750000000904 
0.114375000000009 
0.09687500000000901 
0.09437500000000901 
0.083125000000009 
0.089375000000009 
0.114375000000009 
0.091875000000009 
0.17062500000000905 
0.126875000000009 
0.114375000000009 
0.11843750000000901 
0.086875000000009 
0.10437500000000899 
0.115625000000009 
0.11687500000000899 
0.17437500000000905 
0.129375000000009 
0.16937500000000905 
0.2418750000000091 
0.17062500000000905 
0.090625000000009 
0.12062500000000899 
0.17187500000000905 
0.114375000000009 
0.126875000000009 
0.113125000000009 
0.113125000000009 
0.16937500000000905 
0.16937500000000905 
0.126875000000009 
0.16937500000000905 
0.14812500000000903 
0.17062500000000905 
0.16937500000000905 
0.114375000000009 
0.16937500000000905 
0.16937500000000905 
0.081875000000009 
0.16937500000000905 
0.114375000000009 
0.093125000000009 
