0.17937500000000905 
0.17062500000000905 
0.12312500000000899 
0.12187500000000899 
0.17312500000000905 
0.09312500000000899 
0.14062500000000902 
0.16937500000000905 
0.12062500000000899 
0.086875000000009 
0.08812500000000902 
0.115937500000009 
0.113125000000009 
0.17062500000000905 
0.16937500000000905 
0.16937500000000905 
0.114375000000009 
0.114375000000009 
0.12437500000000899 
0.113437500000009 
0.09187500000000899 
0.096875000000009 
0.16937500000000905 
0.113437500000009 
0.16937500000000905 
0.07812500000000899 
0.113125000000009 
0.11812500000000899 
0.114375000000009 
0.113437500000009 
0.10687500000000899 
0.104375000000009 
0.071875000000009 
0.16937500000000905 
0.08937500000000899 
0.103125000000009 
0.074375000000009 
0.16937500000000905 
0.16937500000000905 
0.088125000000009 
0.17187500000000905 
0.114375000000009 
0.113125000000009 
0.16937500000000905 
0.113437500000009 
0.114375000000009 
0.09187500000000899 
0.114375000000009 
0.12187500000000899 
0.096875000000009 
0.17062500000000905 
0.17437500000000905 
0.16937500000000905 
0.12187500000000899 
0.17812500000000905 
0.114375000000009 
0.16937500000000905 
0.17437500000000905 
0.114375000000009 
0.17437500000000905 
0.16937500000000905 
0.114375000000009 
0.113437500000009 
0.13562500000000902 
0.17062500000000905 
0.125625000000009 
0.16937500000000905 
0.113125000000009 
0.14343750000000902 
0.16937500000000905 
0.115625000000009 
0.08812500000000899 
0.113437500000009 
0.17062500000000905 
0.086875000000009 
0.16937500000000905 
0.18187500000000906 
0.116875000000009 
0.088125000000009 
0.118125000000009 
0.115625000000009 
0.114375000000009 
0.16937500000000905 
0.113125000000009 
0.16937500000000905 
0.17093750000000904 
0.094375000000009 
0.085625000000009 
0.11812500000000899 
0.115625000000009 
0.089375000000009 
0.09187500000000899 
0.12062500000000899 
0.12187500000000899 
0.113125000000009 
0.16937500000000905 
0.17093750000000904 
0.115625000000009 
0.090625000000009 
0.113125000000009 
0.10312500000000899 
0.074375000000009 
0.128125000000009 
0.11437500000000898 
0.113125000000009 
0.114375000000009 
0.115625000000009 
0.114375000000009 
0.17312500000000905 
0.16937500000000905 
0.16937500000000905 
0.113437500000009 
0.16937500000000905 
0.12437500000000899 
0.11687500000000899 
0.126875000000009 
0.08812500000000899 
0.17062500000000905 
0.20062500000000907 
0.114375000000009 
0.118125000000009 
0.17343750000000904 
0.10312500000000899 
0.09812500000000898 
0.114375000000009 
0.17062500000000905 
0.16843750000000904 
0.16937500000000905 
0.17062500000000905 
0.11812500000000899 
0.11687500000000899 
0.117187500000009 
0.16937500000000905 
0.07062500000000901 
0.115937500000009 
0.16937500000000905 
0.17062500000000905 
0.131875000000009 
0.088125000000009 
0.16937500000000905 
0.09812500000000898 
0.17093750000000904 
0.11937500000000899 
0.085625000000009 
0.12187500000000899 
0.090625000000009 
0.16843750000000904 
0.115625000000009 
0.094375000000009 
0.17062500000000905 
0.113125000000009 
0.12187500000000899 
0.17312500000000905 
0.17062500000000905 
0.11812500000000899 
0.16937500000000905 
0.113125000000009 
0.13312500000000901 
0.114375000000009 
0.12062500000000899 
0.113125000000009 
0.12062500000000899 
0.11812500000000899 
0.11937500000000899 
0.16937500000000905 
0.11812500000000899 
0.17187500000000905 
0.115625000000009 
0.119687500000009 
0.113125000000009 
0.115625000000009 
0.16937500000000905 
0.12062500000000899 
0.116875000000009 
0.114375000000009 
0.17187500000000905 
0.18562500000000906 
0.09187500000000899 
0.17062500000000905 
0.08687500000000901 
0.101875000000009 
0.11562500000000898 
0.094375000000009 
0.114375000000009 
0.16937500000000905 
0.118437500000009 
0.16937500000000905 
0.095625000000009 
0.13812500000000902 
0.16937500000000905 
0.11937500000000899 
0.11937500000000899 
0.114687500000009 
0.14937500000000903 
0.113125000000009 
0.115625000000009 
0.11812500000000899 
0.16843750000000904 
0.114375000000009 
0.088125000000009 
0.12062500000000899 
0.17062500000000905 
0.114687500000009 
0.085625000000009 
0.116875000000009 
0.16937500000000905 
0.115625000000009 
0.07312500000000899 
0.115625000000009 
0.17062500000000905 
0.17062500000000905 
0.16843750000000904 
0.09312500000000899 
0.10437500000000897 
0.16937500000000905 
0.113125000000009 
0.16937500000000905 
0.16937500000000905 
0.085625000000009 
0.12437500000000899 
0.2381250000000091 
0.114375000000009 
0.09312500000000899 
0.16937500000000905 
0.17187500000000905 
0.085625000000009 
0.116875000000009 
0.16937500000000905 
0.11812500000000899 
0.17312500000000905 
0.114375000000009 
0.17062500000000905 
0.19312500000000907 
0.101875000000009 
0.113437500000009 
0.13687500000000902 
0.12437500000000899 
0.12062500000000899 
0.16937500000000905 
0.16937500000000905 
0.09187500000000899 
0.08562500000000901 
0.15187500000000903 
0.17312500000000905 
0.11812500000000899 
0.16937500000000905 
0.115625000000009 
0.16937500000000905 
0.11937500000000899 
0.103125000000009 
