0.16843750000000904 
0.17812500000000905 
0.16937500000000905 
0.17687500000000905 
0.13562500000000902 
0.114375000000009 
0.16968750000000904 
0.16937500000000905 
0.081875000000009 
0.17062500000000905 
0.116875000000009 
0.10187500000000899 
0.114375000000009 
0.129375000000009 
0.094375000000009 
0.095625000000009 
0.113125000000009 
0.16937500000000905 
0.088125000000009 
0.126875000000009 
0.113125000000009 
0.17187500000000905 
0.16937500000000905 
0.16937500000000905 
0.17437500000000905 
0.115625000000009 
0.17187500000000905 
0.16937500000000905 
0.114375000000009 
0.113125000000009 
0.114375000000009 
0.11812500000000899 
0.118125000000009 
0.103125000000009 
0.089375000000009 
0.094375000000009 
0.113125000000009 
0.115625000000009 
0.14312500000000902 
0.115625000000009 
0.16937500000000905 
0.16843750000000904 
0.114375000000009 
0.113125000000009 
0.16937500000000905 
0.16937500000000905 
0.126875000000009 
0.113125000000009 
0.114375000000009 
0.113125000000009 
0.16937500000000905 
0.16843750000000904 
0.16937500000000905 
0.17062500000000905 
0.10437500000000899 
0.099375000000009 
0.128125000000009 
0.16937500000000905 
0.16937500000000905 
0.08843750000000901 
0.17187500000000905 
0.08937500000000899 
0.09062500000000899 
0.11812500000000899 
0.08593750000000902 
0.114375000000009 
0.16937500000000905 
0.084687500000009 
0.16937500000000905 
0.17062500000000905 
0.17062500000000905 
0.125625000000009 
0.12312500000000899 
0.126875000000009 
0.113125000000009 
0.15062500000000903 
0.17187500000000905 
0.126875000000009 
0.129375000000009 
0.094375000000009 
0.115625000000009 
0.114375000000009 
0.09062500000000899 
0.09312500000000899 
0.099375000000009 
0.114375000000009 
0.113437500000009 
0.090625000000009 
0.114687500000009 
0.12187500000000899 
0.114375000000009 
0.113125000000009 
0.114687500000009 
0.17312500000000905 
0.16937500000000905 
0.16937500000000905 
0.16937500000000905 
0.16937500000000905 
0.16937500000000905 
0.113125000000009 
0.15562500000000903 
0.16937500000000905 
0.089375000000009 
0.089375000000009 
0.111875000000009 
0.17062500000000905 
0.09937500000000898 
0.09062500000000899 
0.113125000000009 
0.113437500000009 
0.12437500000000899 
0.113437500000009 
0.17062500000000905 
0.100625000000009 
0.16843750000000904 
0.12062500000000899 
0.130625000000009 
0.083125000000009 
0.113125000000009 
0.16937500000000905 
0.113437500000009 
0.16843750000000904 
0.17093750000000904 
0.16843750000000904 
0.12312500000000899 
0.16843750000000904 
0.12062500000000899 
0.114375000000009 
0.113125000000009 
0.114375000000009 
0.16843750000000904 
0.12187500000000899 
0.16937500000000905 
0.128125000000009 
0.114375000000009 
0.12312500000000899 
0.11437500000000898 
0.11687500000000899 
0.12187500000000899 
0.18312500000000906 
0.16937500000000905 
0.17312500000000905 
0.17187500000000905 
0.116875000000009 
0.17187500000000905 
0.113125000000009 
0.113125000000009 
0.12312500000000899 
0.11937500000000899 
0.16937500000000905 
0.088125000000009 
0.14312500000000902 
0.113437500000009 
0.114375000000009 
0.16937500000000905 
0.17062500000000905 
0.115625000000009 
0.16937500000000905 
0.113125000000009 
0.17312500000000905 
0.16937500000000905 
0.114375000000009 
0.089375000000009 
0.12062500000000899 
0.113437500000009 
0.12312500000000899 
0.11937500000000899 
0.12187500000000899 
0.17562500000000905 
0.113125000000009 
0.12312500000000899 
0.16937500000000905 
0.114375000000009 
0.16937500000000905 
0.17968750000000905 
0.088125000000009 
0.09187500000000899 
0.17062500000000905 
0.16937500000000905 
0.08937500000000899 
0.11937500000000899 
0.074375000000009 
0.16937500000000905 
0.113125000000009 
0.099375000000009 
0.129375000000009 
0.113125000000009 
0.09687500000000898 
0.073125000000009 
0.19562500000000907 
0.09312500000000899 
0.18062500000000906 
0.118125000000009 
0.125625000000009 
0.113125000000009 
0.17187500000000905 
0.16937500000000905 
0.16937500000000905 
0.16937500000000905 
0.11937500000000899 
0.11937500000000899 
0.089375000000009 
0.16937500000000905 
0.088125000000009 
0.17062500000000905 
0.07312500000000899 
0.12062500000000899 
0.088125000000009 
0.11812500000000899 
0.16937500000000905 
0.14687500000000903 
0.17062500000000905 
0.11562500000000898 
0.11937500000000899 
0.086875000000009 
0.114375000000009 
0.17937500000000905 
0.09312500000000899 
0.114375000000009 
0.12312500000000899 
0.08687500000000901 
0.11812500000000899 
0.16937500000000905 
0.12312500000000899 
0.12437500000000899 
0.113125000000009 
0.113125000000009 
0.08687500000000899 
0.125625000000009 
0.18187500000000906 
0.113125000000009 
0.16937500000000905 
0.100625000000009 
0.16937500000000905 
0.16937500000000905 
0.17062500000000905 
0.10812500000000899 
0.16937500000000905 
0.17062500000000905 
0.17062500000000905 
0.114375000000009 
0.17062500000000905 
0.09312500000000899 
0.16937500000000905 
0.114375000000009 
0.114375000000009 
0.16937500000000905 
0.16968750000000904 
0.088125000000009 
0.113125000000009 
