0.129375000000009 
0.130625000000009 
0.128125000000009 
0.089375000000009 
0.088125000000009 
0.13562500000000902 
0.129375000000009 
0.128125000000009 
0.088125000000009 
0.09187500000000899 
0.09312500000000899 
0.089375000000009 
0.088125000000009 
0.089375000000009 
0.130625000000009 
0.128125000000009 
0.094375000000009 
0.128125000000009 
0.07687500000000899 
0.129375000000009 
0.10312500000000899 
0.13312500000000901 
0.129375000000009 
0.128125000000009 
0.130625000000009 
0.08437500000000898 
0.129375000000009 
0.128125000000009 
0.086875000000009 
0.08812500000000899 
0.11312500000000898 
0.13437500000000902 
0.091875000000009 
0.095625000000009 
0.128125000000009 
0.091875000000009 
0.086875000000009 
0.16062500000000904 
0.08687500000000899 
0.15562500000000903 
0.08062500000000898 
0.129375000000009 
0.128125000000009 
0.08687500000000901 
0.08968750000000901 
0.128125000000009 
0.085625000000009 
0.128125000000009 
0.130625000000009 
0.094375000000009 
0.089375000000009 
0.071875000000009 
0.08562500000000901 
0.09312500000000899 
0.129375000000009 
0.129375000000009 
0.100625000000009 
0.130625000000009 
0.099375000000009 
0.09312500000000899 
0.128125000000009 
0.10812500000000899 
0.129375000000009 
0.129687500000009 
0.14562500000000903 
0.08187500000000898 
0.094375000000009 
0.129375000000009 
0.073125000000009 
0.086875000000009 
0.13312500000000901 
0.129375000000009 
0.10187500000000899 
0.096875000000009 
0.13562500000000902 
0.10812500000000899 
0.130625000000009 
0.08812500000000899 
0.08062500000000901 
0.10937500000000899 
0.090625000000009 
0.09187500000000898 
0.09187500000000896 
0.10937500000000899 
0.083125000000009 
0.07437500000000899 
0.110625000000009 
0.129375000000009 
0.128125000000009 
0.086875000000009 
0.13437500000000902 
0.091875000000009 
0.08562500000000901 
0.09562500000000898 
0.09437500000000901 
0.099375000000009 
0.09812500000000898 
0.086875000000009 
0.128125000000009 
0.076875000000009 
0.081875000000009 
0.10812500000000899 
0.088125000000009 
0.129375000000009 
0.086875000000009 
0.130625000000009 
0.14312500000000902 
0.09312500000000899 
0.129375000000009 
0.089375000000009 
0.130625000000009 
0.129375000000009 
0.10937500000000898 
0.129375000000009 
0.073125000000009 
0.091875000000009 
0.131875000000009 
0.129375000000009 
0.111875000000009 
0.111875000000009 
0.128125000000009 
0.128125000000009 
0.08593750000000902 
0.08687500000000901 
0.09687500000000898 
0.088125000000009 
0.094375000000009 
0.128125000000009 
0.128125000000009 
0.10312500000000899 
0.128125000000009 
0.086875000000009 
0.099375000000009 
0.129375000000009 
0.086875000000009 
0.130625000000009 
0.129375000000009 
0.14187500000000902 
0.15187500000000903 
0.129375000000009 
0.07187500000000899 
0.14312500000000902 
0.089375000000009 
0.086875000000009 
0.07687500000000899 
0.089375000000009 
0.08812500000000899 
0.15062500000000903 
0.07687500000000899 
0.128125000000009 
0.128125000000009 
0.09687500000000898 
0.09062500000000899 
0.096875000000009 
0.111875000000009 
0.130625000000009 
0.086875000000009 
0.09312500000000899 
0.08937500000000899 
0.129375000000009 
0.08937500000000899 
0.090625000000009 
0.129375000000009 
0.130625000000009 
0.128125000000009 
0.13562500000000902 
0.129375000000009 
0.128125000000009 
0.128125000000009 
0.128125000000009 
0.129375000000009 
0.128125000000009 
0.089375000000009 
0.128125000000009 
0.13312500000000901 
0.086875000000009 
0.088125000000009 
0.08687500000000901 
0.113125000000009 
0.128125000000009 
0.07687500000000899 
0.07437500000000899 
0.098125000000009 
0.128125000000009 
0.131875000000009 
0.09437500000000901 
0.073125000000009 
0.08562500000000901 
0.128125000000009 
0.081875000000009 
0.086875000000009 
0.128125000000009 
0.13437500000000902 
0.128125000000009 
0.13437500000000902 
0.07687500000000899 
0.129375000000009 
0.091875000000009 
0.08812500000000899 
0.090625000000009 
0.094375000000009 
0.088125000000009 
0.08562500000000901 
0.07812500000000899 
0.130625000000009 
0.08562500000000899 
0.128125000000009 
0.07687500000000899 
0.13687500000000902 
0.13312500000000901 
0.13937500000000902 
0.088125000000009 
0.129375000000009 
0.09937500000000898 
0.128125000000009 
0.098125000000009 
0.128125000000009 
0.131875000000009 
0.13312500000000901 
0.129375000000009 
0.128125000000009 
0.088125000000009 
0.07812500000000899 
0.08812500000000897 
0.09187500000000899 
0.129375000000009 
0.128125000000009 
0.088125000000009 
0.086875000000009 
0.128125000000009 
0.128125000000009 
0.128125000000009 
0.129375000000009 
0.13687500000000902 
0.128125000000009 
0.131875000000009 
0.129375000000009 
0.09062500000000898 
0.128125000000009 
0.095625000000009 
0.088125000000009 
0.081875000000009 
0.086875000000009 
0.128125000000009 
0.129375000000009 
0.129375000000009 
0.131875000000009 
0.10687500000000899 
0.088125000000009 
0.08937500000000899 
