0.17187500000000905 
0.11937500000000899 
0.110625000000009 
0.17937500000000905 
0.12437500000000899 
0.125625000000009 
0.17687500000000905 
0.16968750000000904 
0.11937500000000899 
0.17187500000000905 
0.14812500000000903 
0.17812500000000905 
0.11312500000000898 
0.11937500000000899 
0.16937500000000905 
0.115625000000009 
0.113437500000009 
0.119687500000009 
0.12062500000000899 
0.116875000000009 
0.13937500000000902 
0.13687500000000902 
0.11687500000000899 
0.11812500000000899 
0.10468750000000901 
0.16937500000000905 
0.11937500000000899 
0.11437500000000898 
0.16843750000000904 
0.13312500000000901 
0.16937500000000905 
0.16937500000000905 
0.11812500000000899 
0.105625000000009 
0.098125000000009 
0.11687500000000899 
0.110625000000009 
0.16937500000000905 
0.09062500000000899 
0.13562500000000902 
0.130625000000009 
0.12312500000000899 
0.125625000000009 
0.08437500000000901 
0.12187500000000899 
0.12312500000000899 
0.17562500000000905 
0.17062500000000905 
0.12437500000000899 
0.17312500000000905 
0.12062500000000899 
0.16937500000000905 
0.16937500000000905 
0.17062500000000905 
0.18437500000000906 
0.16937500000000905 
0.17218750000000904 
0.17062500000000905 
0.10937500000000899 
0.129375000000009 
0.11687500000000899 
0.128125000000009 
0.17062500000000905 
0.12437500000000899 
0.10312500000000899 
0.15062500000000903 
0.17687500000000905 
0.17062500000000905 
0.17187500000000905 
0.17187500000000905 
0.126875000000009 
0.10187500000000899 
0.17437500000000905 
0.17687500000000905 
0.17187500000000905 
0.126875000000009 
0.18437500000000906 
0.16843750000000904 
0.088125000000009 
0.20593750000000907 
0.16937500000000905 
0.16937500000000905 
0.12187500000000899 
0.17437500000000905 
0.117187500000009 
0.17312500000000905 
0.12437500000000899 
0.12062500000000899 
0.11687500000000899 
0.115625000000009 
0.13437500000000902 
0.12312500000000899 
0.2268750000000091 
0.115625000000009 
0.17187500000000905 
0.115625000000009 
0.17187500000000905 
0.113125000000009 
0.16937500000000905 
0.103125000000009 
0.11687500000000899 
0.12062500000000899 
0.18437500000000906 
0.101875000000009 
0.119687500000009 
0.104375000000009 
0.12062500000000899 
0.11937500000000899 
0.131875000000009 
0.114375000000009 
0.17812500000000905 
0.2356250000000091 
0.10687500000000899 
0.17312500000000905 
0.113125000000009 
0.12312500000000899 
0.105625000000009 
0.115625000000009 
0.098125000000009 
0.15062500000000903 
0.10687500000000899 
0.13312500000000901 
0.113437500000009 
0.116875000000009 
0.17187500000000905 
0.131875000000009 
0.11437500000000898 
0.096875000000009 
0.10687500000000899 
0.17812500000000905 
0.17062500000000905 
0.16937500000000905 
0.113125000000009 
0.16937500000000905 
0.10062500000000899 
0.16937500000000905 
0.11937500000000899 
0.114375000000009 
0.17062500000000905 
0.10937500000000899 
0.125625000000009 
0.124687500000009 
0.18812500000000906 
0.088125000000009 
0.17562500000000905 
0.17062500000000905 
0.13812500000000902 
0.16937500000000905 
0.18062500000000906 
0.12187500000000899 
0.17562500000000905 
0.14687500000000903 
0.17812500000000905 
0.14562500000000903 
0.16937500000000905 
0.17437500000000905 
0.105625000000009 
0.113125000000009 
0.113125000000009 
0.17312500000000905 
0.17437500000000905 
0.113125000000009 
0.116875000000009 
0.11812500000000899 
0.17062500000000905 
0.17437500000000905 
0.16937500000000905 
0.16843750000000904 
0.113125000000009 
0.17562500000000905 
0.16937500000000905 
0.12437500000000899 
0.086875000000009 
0.17687500000000905 
0.11687500000000899 
0.10812500000000899 
0.16937500000000905 
0.12437500000000899 
0.14187500000000902 
0.11687500000000899 
0.16937500000000905 
0.096875000000009 
0.17062500000000905 
0.11937500000000899 
0.113437500000009 
0.12187500000000899 
0.12312500000000899 
0.12062500000000899 
0.14687500000000903 
0.11562500000000898 
0.12062500000000899 
0.16937500000000905 
0.113125000000009 
0.17343750000000904 
0.10937500000000899 
0.11562500000000898 
0.18812500000000906 
0.095625000000009 
0.17312500000000905 
0.17437500000000905 
0.115625000000009 
0.129375000000009 
0.128125000000009 
0.16937500000000905 
0.16937500000000905 
0.113125000000009 
0.16937500000000905 
0.17187500000000905 
0.10562500000000899 
0.110625000000009 
0.16937500000000905 
0.11437500000000898 
0.16937500000000905 
0.17187500000000905 
0.09812500000000898 
0.18437500000000906 
0.129375000000009 
0.15062500000000903 
0.19437500000000907 
0.130625000000009 
0.113437500000009 
0.12437500000000899 
0.13562500000000902 
0.17437500000000905 
0.118437500000009 
0.114375000000009 
0.11718750000000899 
0.12312500000000899 
0.17062500000000905 
0.17187500000000905 
0.10812500000000899 
0.17187500000000905 
0.12312500000000899 
0.12187500000000899 
0.12437500000000899 
0.14687500000000903 
0.12187500000000899 
0.15687500000000903 
0.12062500000000899 
0.129375000000009 
0.10687500000000899 
0.16843750000000904 
0.17187500000000905 
0.10812500000000899 
0.12062500000000899 
0.126875000000009 
0.114375000000009 
0.12187500000000899 
0.17062500000000905 
0.16937500000000905 
