0.090625000000009 
0.089375000000009 
0.101875000000009 
0.079375000000009 
0.10687500000000899 
0.08812500000000899 
0.089375000000009 
0.09312500000000899 
0.10812500000000898 
0.069375000000009 
0.103125000000009 
0.088125000000009 
0.10437500000000899 
0.09312500000000899 
0.089375000000009 
0.091875000000009 
0.09812500000000897 
0.09312500000000898 
0.09312500000000899 
0.100625000000009 
0.090625000000009 
0.10562500000000898 
0.09312500000000899 
0.099375000000009 
0.07937500000000898 
0.07812500000000899 
0.10437500000000899 
0.089375000000009 
0.09062500000000899 
0.08187500000000898 
0.07812500000000899 
0.085625000000009 
0.09562500000000898 
0.06312500000000901 
0.089375000000009 
0.088125000000009 
0.09062500000000899 
0.098125000000009 
0.08937500000000899 
0.079375000000009 
0.069375000000009 
0.088125000000009 
0.09312500000000899 
0.090625000000009 
0.093125000000009 
0.11062500000000898 
0.07187500000000899 
0.07562500000000899 
0.101875000000009 
0.110625000000009 
0.09187500000000899 
0.09812500000000897 
0.069375000000009 
0.09437500000000898 
0.09937500000000897 
0.090625000000009 
0.128125000000009 
0.070625000000009 
0.10312500000000897 
0.070625000000009 
0.08812500000000899 
0.068125000000009 
0.08687500000000899 
0.10812500000000899 
0.088125000000009 
0.09312500000000899 
0.088125000000009 
0.093125000000009 
0.084375000000009 
0.09187500000000899 
0.071875000000009 
0.08312500000000898 
0.09062500000000899 
0.11937500000000899 
0.070625000000009 
0.09062500000000899 
0.089375000000009 
0.103125000000009 
0.09312500000000899 
0.093125000000009 
0.093125000000009 
0.089375000000009 
0.069375000000009 
0.098125000000009 
0.075625000000009 
0.08562500000000899 
0.089375000000009 
0.07437500000000899 
0.08812500000000899 
0.095625000000009 
0.089375000000009 
0.103125000000009 
0.09812500000000898 
0.12187500000000899 
0.07812500000000899 
0.07687500000000899 
0.071875000000009 
0.089375000000009 
0.066875000000009 
0.08562500000000899 
0.07687500000000899 
0.094375000000009 
0.091875000000009 
0.08687500000000899 
0.079375000000009 
0.07562500000000899 
0.071875000000009 
0.09812500000000898 
0.10312500000000899 
0.09062500000000899 
0.095625000000009 
0.11937500000000899 
0.07562500000000899 
0.08812500000000899 
0.07437500000000899 
0.09312500000000899 
0.096875000000009 
0.09062500000000899 
0.09812500000000898 
0.08937500000000899 
0.091875000000009 
0.11937500000000899 
0.09062500000000899 
0.091875000000009 
0.090625000000009 
0.093125000000009 
0.08812500000000899 
0.09312500000000899 
0.088125000000009 
0.088125000000009 
0.09562500000000898 
0.07187500000000902 
0.074375000000009 
0.07437500000000899 
0.071875000000009 
0.100625000000009 
0.10437500000000899 
0.093125000000009 
0.090625000000009 
0.09312500000000899 
0.07437500000000899 
0.09937500000000897 
0.070625000000009 
0.084375000000009 
0.095625000000009 
0.094375000000009 
0.09687500000000898 
0.10437500000000899 
0.094375000000009 
0.091875000000009 
0.09937500000000898 
0.10437500000000899 
0.09812500000000898 
0.09062500000000899 
0.091875000000009 
0.074375000000009 
0.088125000000009 
0.089375000000009 
0.066875000000009 
0.101875000000009 
0.07937500000000901 
0.09562500000000898 
0.10812500000000899 
0.09187500000000899 
0.081875000000009 
0.09937500000000898 
0.093125000000009 
0.091875000000009 
0.11312500000000898 
0.089375000000009 
0.094375000000009 
0.08562500000000899 
0.095625000000009 
0.089375000000009 
0.09062500000000899 
0.07937500000000901 
0.088125000000009 
0.094375000000009 
0.09312500000000899 
0.081875000000009 
0.088125000000009 
0.094375000000009 
0.088125000000009 
0.071875000000009 
0.07562500000000899 
0.104375000000009 
0.08437500000000898 
0.094375000000009 
0.071875000000009 
0.11812500000000899 
0.093125000000009 
0.089375000000009 
0.069375000000009 
0.10062500000000899 
0.088125000000009 
0.10187500000000899 
0.091875000000009 
0.069375000000009 
0.083125000000009 
0.084375000000009 
0.093125000000009 
0.071875000000009 
0.080625000000009 
0.09312500000000899 
0.06562500000000901 
0.09312500000000899 
0.063125000000009 
0.09187500000000899 
0.12062500000000899 
0.081875000000009 
0.090625000000009 
0.09312500000000899 
0.08062500000000898 
0.08812500000000899 
0.09187500000000899 
0.10437500000000899 
0.08062500000000898 
0.073125000000009 
0.080625000000009 
0.10187500000000897 
0.078125000000009 
0.09187500000000898 
0.093125000000009 
0.089375000000009 
0.10937500000000899 
0.09187500000000899 
0.07687500000000899 
0.089375000000009 
0.07187500000000899 
0.07562500000000899 
0.08062500000000898 
0.069375000000009 
0.07812500000000899 
0.075625000000009 
0.08937500000000899 
0.07562500000000899 
0.09687500000000898 
0.073125000000009 
0.074375000000009 
0.088125000000009 
0.10187500000000897 
0.094375000000009 
0.090625000000009 
0.081875000000009 
0.09187500000000899 
0.09312500000000898 
0.090625000000009 
0.07187500000000899 
0.090625000000009 
0.074375000000009 
