0.11687500000000899 
0.16937500000000905 
0.118125000000009 
0.12062500000000899 
0.11812500000000899 
0.114687500000009 
0.089375000000009 
0.114375000000009 
0.103125000000009 
0.09437500000000901 
0.17187500000000905 
0.16937500000000905 
0.095625000000009 
0.128125000000009 
0.17062500000000905 
0.17187500000000905 
0.17062500000000905 
0.17187500000000905 
0.130625000000009 
0.16937500000000905 
0.113125000000009 
0.090625000000009 
0.16937500000000905 
0.14187500000000902 
0.17437500000000905 
0.16843750000000904 
0.116875000000009 
0.114375000000009 
0.13437500000000902 
0.16937500000000905 
0.16937500000000905 
0.15937500000000904 
0.125625000000009 
0.11812500000000899 
0.16937500000000905 
0.13687500000000902 
0.17062500000000905 
0.08062500000000901 
0.113437500000009 
0.114375000000009 
0.12437500000000899 
0.16937500000000905 
0.16937500000000905 
0.118125000000009 
0.119687500000009 
0.115625000000009 
0.11843750000000901 
0.16937500000000905 
0.116875000000009 
0.19562500000000907 
0.17062500000000905 
0.16937500000000905 
0.16843750000000904 
0.17062500000000905 
0.12437500000000899 
0.11812500000000899 
0.130625000000009 
0.16937500000000905 
0.16937500000000905 
0.16937500000000905 
0.091875000000009 
0.101875000000009 
0.17937500000000905 
0.10062500000000897 
0.095625000000009 
0.11937500000000899 
0.16937500000000905 
0.16937500000000905 
0.098125000000009 
0.110625000000009 
0.131875000000009 
0.095625000000009 
0.113125000000009 
0.16937500000000905 
0.12062500000000899 
0.19343750000000906 
0.115625000000009 
0.088125000000009 
0.17062500000000905 
0.129375000000009 
0.16937500000000905 
0.16937500000000905 
0.16937500000000905 
0.11687500000000899 
0.16968750000000904 
0.18062500000000906 
0.16843750000000904 
0.17062500000000905 
0.14437500000000902 
0.16937500000000905 
0.11937500000000899 
0.13937500000000902 
0.12187500000000899 
0.13562500000000902 
0.131875000000009 
0.12062500000000899 
0.16843750000000904 
0.116875000000009 
0.11937500000000899 
0.12312500000000899 
0.118125000000009 
0.128125000000009 
0.11812500000000899 
0.17062500000000905 
0.114375000000009 
0.11937500000000899 
0.091875000000009 
0.118125000000009 
0.114375000000009 
0.113125000000009 
0.100625000000009 
0.18968750000000906 
0.09187500000000899 
0.116875000000009 
0.17187500000000905 
0.2306250000000091 
0.129375000000009 
0.106875000000009 
0.11562500000000898 
0.17062500000000905 
0.11437500000000898 
0.17437500000000905 
0.12062500000000899 
0.18187500000000906 
0.12062500000000899 
0.16937500000000905 
0.19937500000000907 
0.10562500000000899 
0.10062500000000897 
0.113437500000009 
0.113125000000009 
0.12312500000000899 
0.17062500000000905 
0.113125000000009 
0.16937500000000905 
0.16843750000000904 
0.17312500000000905 
0.17812500000000905 
0.100625000000009 
0.11812500000000899 
0.115625000000009 
0.126875000000009 
0.16843750000000904 
0.116875000000009 
0.117187500000009 
0.09437500000000901 
0.126875000000009 
0.16843750000000904 
0.126875000000009 
0.126875000000009 
0.09687500000000898 
0.089687500000009 
0.17562500000000905 
0.116875000000009 
0.09187500000000898 
0.116875000000009 
0.095625000000009 
0.115625000000009 
0.115625000000009 
0.16937500000000905 
0.17687500000000905 
0.11937500000000899 
0.17312500000000905 
0.17062500000000905 
0.17187500000000905 
0.08812500000000899 
0.086875000000009 
0.114375000000009 
0.114687500000009 
0.131875000000009 
0.116875000000009 
0.17312500000000905 
0.114687500000009 
0.17062500000000905 
0.15312500000000903 
0.116875000000009 
0.113437500000009 
0.18812500000000906 
0.13437500000000902 
0.12062500000000899 
0.17812500000000905 
0.17187500000000905 
0.18187500000000906 
0.116875000000009 
0.12312500000000899 
0.17312500000000905 
0.16937500000000905 
0.126875000000009 
0.18062500000000906 
0.12437500000000899 
0.11687500000000899 
0.17187500000000905 
0.12187500000000899 
0.16937500000000905 
0.17062500000000905 
0.128125000000009 
0.18312500000000906 
0.103125000000009 
0.125625000000009 
0.130625000000009 
0.11937500000000899 
0.115625000000009 
0.096875000000009 
0.11312500000000898 
0.18437500000000906 
0.094375000000009 
0.11812500000000899 
0.117187500000009 
0.15062500000000903 
0.12437500000000899 
0.115625000000009 
0.15062500000000903 
0.19937500000000907 
0.129375000000009 
0.11437500000000898 
0.16937500000000905 
0.12062500000000899 
0.15687500000000903 
0.094375000000009 
0.130625000000009 
0.129375000000009 
0.16937500000000905 
0.16843750000000904 
0.122187500000009 
0.114375000000009 
0.114375000000009 
0.09562500000000901 
0.16937500000000905 
0.17062500000000905 
0.115625000000009 
0.16937500000000905 
0.099375000000009 
0.16937500000000905 
0.17312500000000905 
0.11437500000000898 
0.113125000000009 
0.16937500000000905 
0.12062500000000899 
0.098125000000009 
0.19187500000000907 
0.16937500000000905 
0.127187500000009 
0.113125000000009 
0.12187500000000899 
0.16937500000000905 
0.16937500000000905 
0.13437500000000902 
0.126875000000009 
0.13812500000000902 
0.125625000000009 
