0.21437500000000909 
0.2521875000000091 
0.2510937500000091 
0.2535937500000091 
0.2543750000000091 
0.25484375000000914 
0.3459375000000092 
0.2596875000000091 
0.25812500000000915 
0.25562500000000915 
0.3368750000000092 
0.3398437500000092 
0.20218750000000907 
0.25562500000000915 
0.20593750000000907 
0.2721875000000092 
0.3406250000000092 
0.3406250000000092 
0.3343750000000092 
0.2518750000000091 
0.38187500000000923 
0.3406250000000092 
0.25343750000000914 
0.3356250000000092 
0.20937500000000908 
0.5009375000000094 
0.5021875000000093 
0.3643750000000092 
0.5018750000000094 
0.5009375000000094 
0.2621875000000092 
0.2543750000000091 
0.14062500000000902 
0.2271875000000091 
0.18812500000000906 
0.5006250000000094 
0.130625000000009 
0.2548437500000091 
0.20593750000000907 
0.3368750000000092 
0.2598437500000091 
0.2806250000000092 
0.2543750000000091 
0.5009375000000094 
0.3343750000000092 
0.3381250000000092 
0.3356250000000092 
0.3381250000000092 
0.20937500000000908 
0.3381250000000092 
0.5006250000000094 
0.3381250000000092 
0.18312500000000906 
0.3384375000000092 
0.20843750000000907 
0.21359375000000907 
0.18718750000000905 
0.3346875000000092 
0.2521875000000091 
0.18562500000000906 
0.25562500000000915 
0.26593750000000915 
0.27187500000000914 
0.17968750000000905 
0.5018750000000094 
0.3343750000000092 
0.5006250000000094 
0.2521875000000091 
0.3381250000000092 
0.5006250000000094 
0.36812500000000925 
0.2521875000000091 
0.20437500000000908 
0.3356250000000092 
0.2523437500000091 
0.5031250000000094 
0.15312500000000903 
0.20187500000000907 
0.2218750000000091 
0.20187500000000907 
0.5009375000000094 
0.3518750000000092 
0.15187500000000903 
0.5006250000000094 
0.3343750000000092 
0.2523437500000091 
0.5009375000000094 
0.25062500000000915 
0.3381250000000092 
0.3396875000000092 
0.2156250000000091 
0.18218750000000905 
0.5159375000000094 
0.5018750000000094 
0.17234375000000904 
0.3356250000000092 
0.2368750000000091 
0.3368750000000092 
0.5018750000000094 
0.2518750000000091 
0.27437500000000914 
0.21218750000000908 
0.25562500000000915 
0.3359375000000092 
0.3381250000000092 
0.3343750000000092 
0.2168750000000091 
0.19218750000000906 
0.18937500000000906 
0.2518750000000091 
0.27093750000000916 
0.26812500000000916 
0.2193750000000091 
0.17343750000000904 
0.3421875000000092 
0.5071875000000093 
0.2571875000000091 
0.2518750000000091 
0.20562500000000908 
0.2206250000000091 
0.34312500000000923 
0.2568750000000091 
0.20562500000000908 
0.20437500000000908 
0.14937500000000903 
0.3343750000000092 
0.3359375000000092 
0.129375000000009 
0.35812500000000924 
0.16812500000000904 
0.3393750000000092 
0.2646875000000091 
0.25562500000000915 
0.2518750000000091 
0.26437500000000913 
0.17562500000000905 
0.3368750000000092 
0.3406250000000092 
0.20937500000000908 
0.3384375000000092 
0.20343750000000907 
0.3568750000000092 
0.17062500000000905 
0.16062500000000904 
0.3360937500000092 
0.3346875000000092 
0.16937500000000905 
0.21312500000000908 
0.26187500000000913 
0.3593750000000092 
0.20187500000000907 
0.3346875000000092 
0.36843750000000924 
0.5068750000000094 
0.5059375000000094 
0.3435937500000092 
0.25843750000000915 
0.20468750000000907 
0.20187500000000907 
0.21437500000000909 
0.3434375000000092 
0.20812500000000908 
0.33734375000000916 
0.18687500000000906 
0.3343750000000092 
0.25562500000000915 
0.2523437500000091 
0.27093750000000916 
0.27187500000000914 
0.21312500000000908 
0.18937500000000906 
0.17312500000000905 
0.14562500000000903 
0.5018750000000094 
0.20234375000000906 
0.3343750000000092 
0.3368750000000092 
0.25812500000000915 
0.25093750000000914 
0.25312500000000915 
0.2596875000000091 
0.26187500000000913 
0.2543750000000091 
0.15062500000000903 
0.2546875000000091 
0.2521875000000091 
0.35843750000000923 
0.17812500000000905 
0.3543750000000092 
0.18187500000000906 
0.20859375000000907 
0.27718750000000913 
0.21312500000000908 
0.3381250000000092 
0.18187500000000906 
0.21359375000000907 
0.5006250000000094 
0.2518750000000091 
0.5006250000000094 
0.3360937500000092 
0.5018750000000094 
0.5073437500000094 
0.3343750000000092 
0.21718750000000908 
0.2571875000000091 
0.2518750000000091 
0.20312500000000908 
0.2560937500000091 
0.26062500000000915 
0.2518750000000091 
0.3443750000000092 
0.3381250000000092 
0.20468750000000907 
0.2518750000000091 
0.20687500000000908 
0.3443750000000092 
0.3343750000000092 
0.21093750000000908 
0.2281250000000091 
0.15937500000000904 
0.3359375000000092 
0.20562500000000908 
0.2546875000000091 
0.3418750000000092 
0.20312500000000908 
0.2206250000000091 
0.25312500000000915 
0.2521875000000091 
0.2518750000000091 
0.16867187500000902 
0.21343750000000908 
0.5010937500000094 
0.2510937500000091 
0.16437500000000904 
0.25843750000000915 
0.3368750000000092 
0.20093750000000907 
0.17187500000000905 
0.20937500000000908 
0.2573437500000091 
0.2156250000000091 
0.21218750000000908 
0.20843750000000907 
0.21062500000000908 
0.5006250000000094 
0.2671875000000092 
0.5081250000000094 
0.27062500000000916 
0.3343750000000092 
0.2518750000000091 
