0.20968750000000907 
0.20312500000000908 
0.3359375000000092 
0.3471875000000092 
0.20062500000000907 
0.5006250000000094 
0.25062500000000915 
0.3346875000000092 
0.3393750000000092 
0.3384375000000092 
0.3343750000000092 
0.35593750000000923 
0.13312500000000901 
0.3435937500000092 
0.25812500000000915 
0.14937500000000903 
0.26437500000000913 
0.5018750000000094 
0.20343750000000907 
0.5006250000000094 
0.2560937500000091 
0.3346875000000092 
0.3346875000000092 
0.3343750000000092 
0.2535937500000091 
0.3368750000000092 
0.15187500000000903 
0.2548437500000091 
0.20218750000000907 
0.132187500000009 
0.3346875000000092 
0.15109375000000902 
0.14062500000000902 
0.3418750000000092 
0.5043750000000093 
0.2510937500000091 
0.21109375000000907 
0.25312500000000915 
0.17218750000000904 
0.5056250000000094 
0.21312500000000908 
0.25093750000000914 
0.20562500000000908 
0.2521875000000091 
0.20437500000000908 
0.2523437500000091 
0.25593750000000914 
0.2521875000000091 
0.3346875000000092 
0.3381250000000092 
0.3409375000000092 
0.25312500000000915 
0.3421875000000092 
0.13562500000000902 
0.3346875000000092 
0.3346875000000092 
0.3356250000000092 
0.5006250000000094 
0.2571875000000091 
0.13562500000000902 
0.3368750000000092 
0.5021875000000093 
0.20312500000000908 
0.20484375000000907 
0.3343750000000092 
0.25312500000000915 
0.26968750000000913 
0.3496875000000092 
0.20312500000000908 
0.5234375000000093 
0.21218750000000908 
0.26343750000000915 
0.3384375000000092 
0.5009375000000094 
0.17062500000000905 
0.5071875000000093 
0.3406250000000092 
0.3373437500000092 
0.5009375000000094 
0.20468750000000907 
0.3373437500000092 
0.2568750000000091 
0.5006250000000094 
0.17062500000000905 
0.37937500000000923 
0.5006250000000094 
0.25734375000000914 
0.20312500000000908 
0.35062500000000923 
0.3343750000000092 
0.3368750000000092 
0.5043750000000093 
0.5006250000000094 
0.20312500000000908 
0.3343750000000092 
0.3593750000000092 
0.3343750000000092 
0.5006250000000094 
0.126875000000009 
0.14562500000000903 
0.3343750000000092 
0.21312500000000908 
0.21093750000000908 
0.3356250000000092 
0.3356250000000092 
0.20093750000000907 
0.2831250000000092 
0.5006250000000094 
0.20437500000000908 
0.5034375000000093 
0.3356250000000092 
0.25562500000000915 
0.16843750000000904 
0.3418750000000092 
0.5023437500000094 
0.20812500000000908 
0.3371875000000092 
0.18437500000000906 
0.2543750000000091 
0.20437500000000908 
0.18062500000000906 
0.20437500000000908 
0.2518750000000091 
0.5018750000000094 
0.5009375000000094 
0.3343750000000092 
0.3346875000000092 
0.21187500000000908 
0.21437500000000909 
0.5034375000000093 
0.25562500000000915 
0.25062500000000915 
0.3346875000000092 
0.20812500000000908 
0.21312500000000908 
0.25093750000000914 
0.14937500000000903 
0.5009375000000094 
0.20312500000000908 
0.27218750000000913 
0.3346875000000092 
0.2510937500000091 
0.26812500000000916 
0.20437500000000908 
0.2548437500000091 
0.5056250000000094 
0.16937500000000905 
0.14593750000000902 
0.26093750000000915 
0.5009375000000094 
0.20562500000000908 
0.3343750000000092 
0.2518750000000091 
0.21593750000000908 
0.5009375000000094 
0.18062500000000906 
0.5006250000000094 
0.25343750000000914 
0.2156250000000091 
0.5018750000000094 
0.27312500000000917 
0.5010937500000094 
0.20484375000000907 
0.5056250000000094 
0.3343750000000092 
0.3543750000000092 
0.3356250000000092 
0.3381250000000092 
0.25593750000000914 
0.21312500000000908 
0.20718750000000907 
0.20312500000000908 
0.35812500000000924 
0.25562500000000915 
0.3443750000000092 
0.129375000000009 
0.20437500000000908 
0.2518750000000091 
0.3356250000000092 
0.3343750000000092 
0.26593750000000915 
0.15187500000000903 
0.27687500000000914 
0.25312500000000915 
0.5093750000000093 
0.3335937500000092 
0.36843750000000924 
0.3368750000000092 
0.3346875000000092 
0.25343750000000914 
0.36343750000000924 
0.5009375000000094 
0.2510937500000091 
0.3368750000000092 
0.20218750000000907 
0.20312500000000908 
0.17218750000000904 
0.2523437500000091 
0.3393750000000092 
0.3346875000000092 
0.20843750000000907 
0.3459375000000092 
0.3343750000000092 
0.3343750000000092 
0.17062500000000905 
0.3406250000000092 
0.33484375000000915 
0.3371875000000092 
0.2546875000000091 
0.5009375000000094 
0.25093750000000914 
0.3368750000000092 
0.3343750000000092 
0.3406250000000092 
0.3393750000000092 
0.3343750000000092 
0.3356250000000092 
0.2568750000000091 
0.20437500000000908 
0.5006250000000094 
0.21468750000000908 
0.25312500000000915 
0.3343750000000092 
0.25562500000000915 
0.26187500000000913 
0.35312500000000924 
0.5206250000000094 
0.20484375000000907 
0.25312500000000915 
0.25562500000000915 
0.20687500000000908 
0.3381250000000092 
0.3343750000000092 
0.2518750000000091 
0.20312500000000908 
0.5056250000000094 
0.17109375000000904 
0.34562500000000923 
0.5031250000000094 
0.13312500000000901 
0.5043750000000093 
0.27062500000000916 
0.2518750000000091 
0.20187500000000907 
0.25593750000000914 
0.2543750000000091 
0.17187500000000905 
0.2881250000000092 
0.2521875000000091 
0.20687500000000908 
