0.131875000000009 
0.09687500000000901 
0.116875000000009 
0.09312500000000899 
0.13937500000000902 
0.086875000000009 
0.09187500000000899 
0.10312500000000899 
0.128125000000009 
0.09187500000000899 
0.11937500000000899 
0.131875000000009 
0.096875000000009 
0.09562500000000898 
0.129375000000009 
0.100625000000009 
0.13437500000000902 
0.091875000000009 
0.128125000000009 
0.131875000000009 
0.128125000000009 
0.131875000000009 
0.111875000000009 
0.080625000000009 
0.095625000000009 
0.09062500000000899 
0.09312500000000899 
0.128125000000009 
0.12062500000000899 
0.094375000000009 
0.129375000000009 
0.13312500000000901 
0.11812500000000899 
0.13437500000000902 
0.094375000000009 
0.09062500000000899 
0.095625000000009 
0.131875000000009 
0.10187500000000899 
0.129375000000009 
0.129375000000009 
0.09187500000000898 
0.091875000000009 
0.08687500000000899 
0.128125000000009 
0.129375000000009 
0.08937500000000899 
0.07937500000000901 
0.10687500000000899 
0.103125000000009 
0.11937500000000899 
0.076875000000009 
0.103125000000009 
0.093125000000009 
0.088125000000009 
0.128125000000009 
0.09062500000000899 
0.09062500000000898 
0.115625000000009 
0.088125000000009 
0.10187500000000897 
0.100625000000009 
0.13312500000000901 
0.18062500000000906 
0.17437500000000905 
0.09312500000000899 
0.130625000000009 
0.09812500000000898 
0.09937500000000898 
0.091875000000009 
0.129375000000009 
0.13562500000000902 
0.128125000000009 
0.13812500000000902 
0.129375000000009 
0.13937500000000902 
0.128125000000009 
0.13437500000000902 
0.088125000000009 
0.09687500000000898 
0.10312500000000899 
0.099375000000009 
0.085625000000009 
0.13812500000000902 
0.128125000000009 
0.128125000000009 
0.13687500000000902 
0.13812500000000902 
0.09312500000000899 
0.128125000000009 
0.08687500000000897 
0.094375000000009 
0.128125000000009 
0.088125000000009 
0.094375000000009 
0.093125000000009 
0.130625000000009 
0.129375000000009 
0.088125000000009 
0.101875000000009 
0.128125000000009 
0.131875000000009 
0.089375000000009 
0.11437500000000898 
0.129375000000009 
0.13312500000000901 
0.14687500000000903 
0.090625000000009 
0.128125000000009 
0.089375000000009 
0.13937500000000902 
0.128125000000009 
0.09312500000000898 
0.08937500000000899 
0.08187500000000898 
0.094375000000009 
0.07812500000000899 
0.128125000000009 
0.13312500000000901 
0.10562500000000898 
0.17937500000000905 
0.08843750000000901 
0.105625000000009 
0.129375000000009 
0.08937500000000899 
0.10062500000000899 
0.10062500000000899 
0.089375000000009 
0.13437500000000902 
0.078125000000009 
0.13937500000000902 
0.09687500000000901 
0.129375000000009 
0.08687500000000901 
0.128125000000009 
0.080625000000009 
0.08687500000000901 
0.08937500000000899 
0.128125000000009 
0.11562500000000898 
0.098125000000009 
0.128125000000009 
0.10687500000000899 
0.09062500000000899 
0.10437500000000899 
0.089375000000009 
0.129375000000009 
0.14062500000000902 
0.11687500000000899 
0.18062500000000906 
0.13812500000000902 
0.11187500000000898 
0.13437500000000902 
0.08812500000000899 
0.09187500000000899 
0.091875000000009 
0.128125000000009 
0.128125000000009 
0.14812500000000903 
0.098125000000009 
0.17687500000000905 
0.128125000000009 
0.095625000000009 
0.095625000000009 
0.13312500000000901 
0.09937500000000898 
0.130625000000009 
0.088125000000009 
0.09187500000000898 
0.13562500000000902 
0.09312500000000899 
0.13312500000000901 
0.095625000000009 
0.129375000000009 
0.090625000000009 
0.10687500000000899 
0.08937500000000899 
0.128125000000009 
0.128125000000009 
0.089375000000009 
0.113125000000009 
0.10937500000000899 
0.098125000000009 
0.13437500000000902 
0.129375000000009 
0.098125000000009 
0.08687500000000899 
0.13812500000000902 
0.09187500000000898 
0.10937500000000898 
0.093125000000009 
0.14812500000000903 
0.131875000000009 
0.130625000000009 
0.10312500000000899 
0.099375000000009 
0.128125000000009 
0.10187500000000897 
0.14187500000000902 
0.086875000000009 
0.111875000000009 
0.10312500000000899 
0.09187500000000899 
0.10687500000000899 
0.129375000000009 
0.088125000000009 
0.08437500000000898 
0.129375000000009 
0.116875000000009 
0.129375000000009 
0.10437500000000899 
0.128125000000009 
0.079375000000009 
0.129375000000009 
0.10187500000000899 
0.13937500000000902 
0.086875000000009 
0.089375000000009 
0.131875000000009 
0.08937500000000898 
0.085625000000009 
0.076875000000009 
0.081875000000009 
0.07562500000000899 
0.09437500000000898 
0.08937500000000899 
0.090625000000009 
0.09437500000000898 
0.089375000000009 
0.090625000000009 
0.129375000000009 
0.088125000000009 
0.14187500000000902 
0.089375000000009 
0.128125000000009 
0.073125000000009 
0.128125000000009 
0.088125000000009 
0.09187500000000899 
0.09312500000000899 
0.08562500000000901 
0.18312500000000906 
0.10812500000000899 
0.079375000000009 
0.129375000000009 
0.13562500000000902 
0.129375000000009 
0.130625000000009 
0.130625000000009 
0.128125000000009 
