0.15312500000000903 
0.20218750000000907 
0.2518750000000091 
0.16742187500000902 
0.3346875000000092 
0.26437500000000913 
0.18062500000000906 
0.2518750000000091 
0.3346875000000092 
0.5018750000000094 
0.18062500000000906 
0.5068750000000094 
0.5056250000000094 
0.3343750000000092 
0.3360937500000092 
0.20937500000000908 
0.25562500000000915 
0.25093750000000914 
0.25093750000000914 
0.3343750000000092 
0.26937500000000913 
0.3381250000000092 
0.27312500000000917 
0.25312500000000915 
0.2218750000000091 
0.3593750000000092 
0.3384375000000092 
0.2156250000000091 
0.5006250000000094 
0.3343750000000092 
0.3343750000000092 
0.2521875000000091 
0.3368750000000092 
0.126875000000009 
0.5006250000000094 
0.2206250000000091 
0.5096875000000093 
0.20812500000000908 
0.20437500000000908 
0.2646875000000091 
0.20187500000000907 
0.18687500000000906 
0.2535937500000091 
0.25312500000000915 
0.3393750000000092 
0.17343750000000904 
0.3406250000000092 
0.16859375000000903 
0.3343750000000092 
0.16968750000000904 
0.2510937500000091 
0.13312500000000901 
0.14593750000000902 
0.3343750000000092 
0.16718750000000904 
0.3368750000000092 
0.3356250000000092 
0.27093750000000916 
0.3381250000000092 
0.3335937500000092 
0.18187500000000906 
0.17812500000000905 
0.25062500000000915 
0.26312500000000916 
0.3346875000000092 
0.25062500000000915 
0.17312500000000905 
0.20984375000000907 
0.3393750000000092 
0.2571875000000091 
0.2560937500000091 
0.129687500000009 
0.3384375000000092 
0.26562500000000916 
0.25312500000000915 
0.3343750000000092 
0.3343750000000092 
0.14468750000000902 
0.5031250000000094 
0.16843750000000904 
0.2510937500000091 
0.20859375000000907 
0.26437500000000913 
0.20562500000000908 
0.27062500000000916 
0.3668750000000092 
0.2510937500000091 
0.5043750000000093 
0.25234375000000914 
0.20234375000000906 
0.26562500000000916 
0.20218750000000907 
0.20843750000000907 
0.25093750000000914 
0.3343750000000092 
0.2521875000000091 
0.16937500000000905 
0.3393750000000092 
0.18312500000000906 
0.3381250000000092 
0.20562500000000908 
0.26687500000000913 
0.3368750000000092 
0.5156250000000094 
0.5048437500000095 
0.3384375000000092 
0.2884375000000092 
0.17343750000000904 
0.2510937500000091 
0.17218750000000904 
0.3384375000000092 
0.25312500000000915 
0.3343750000000092 
0.2523437500000091 
0.25343750000000914 
0.20468750000000907 
0.2521875000000091 
0.25562500000000915 
0.18093750000000905 
0.5068750000000094 
0.3346875000000092 
0.14468750000000902 
0.20187500000000907 
0.2646875000000091 
0.20937500000000908 
0.5009375000000094 
0.26812500000000916 
0.2621875000000091 
0.2523437500000091 
0.3406250000000092 
0.20234375000000906 
0.2543750000000091 
0.26187500000000913 
0.5056250000000094 
0.2518750000000091 
0.2518750000000091 
0.5009375000000094 
0.3371875000000092 
0.5031250000000094 
0.25062500000000915 
0.35468750000000926 
0.17312500000000905 
0.3343750000000092 
0.26437500000000913 
0.25093750000000914 
0.3343750000000092 
0.20218750000000907 
0.5006250000000094 
0.2510937500000091 
0.17718750000000905 
0.21062500000000908 
0.25312500000000915 
0.16859375000000903 
0.2193750000000091 
0.5009375000000094 
0.21218750000000908 
0.16968750000000904 
0.20312500000000908 
0.20187500000000907 
0.16859375000000903 
0.3398437500000092 
0.3356250000000092 
0.3346875000000092 
0.2560937500000091 
0.3546875000000092 
0.3343750000000092 
0.26312500000000916 
0.25312500000000915 
0.3668750000000092 
0.3368750000000092 
0.17812500000000905 
0.20484375000000907 
0.3346875000000092 
0.20609375000000907 
0.2156250000000091 
0.14937500000000903 
0.5034375000000093 
0.3356250000000092 
0.25312500000000915 
0.26062500000000915 
0.5006250000000094 
0.5006250000000094 
0.17343750000000904 
0.20812500000000908 
0.5021875000000093 
0.3356250000000092 
0.25343750000000914 
0.3359375000000092 
0.26093750000000915 
0.20343750000000907 
0.3356250000000092 
0.5071875000000093 
0.33734375000000916 
0.5006250000000094 
0.20343750000000907 
0.30187500000000916 
0.3359375000000092 
0.25093750000000914 
0.20812500000000908 
0.3393750000000092 
0.5060937500000094 
0.25343750000000914 
0.25343750000000914 
0.26343750000000915 
0.34312500000000923 
0.25093750000000914 
0.2521875000000091 
0.2535937500000091 
0.5009375000000094 
0.3693750000000092 
0.5021875000000093 
0.3384375000000092 
0.21093750000000908 
0.27093750000000916 
0.20062500000000907 
0.3356250000000092 
0.22093750000000908 
0.3343750000000092 
0.14562500000000903 
0.26343750000000915 
0.2518750000000091 
0.2518750000000091 
0.3568750000000092 
0.3346875000000092 
0.3368750000000092 
0.25093750000000914 
0.3406250000000092 
0.3406250000000092 
0.20234375000000906 
0.3356250000000092 
0.2518750000000091 
0.3348437500000092 
0.25093750000000914 
0.3343750000000092 
0.26062500000000915 
0.3343750000000092 
0.20062500000000907 
0.3360937500000092 
0.2543750000000091 
0.3360937500000092 
0.2821875000000092 
0.25343750000000914 
0.35968750000000926 
0.35312500000000924 
0.25312500000000915 
0.27187500000000914 
0.3385937500000092 
0.5006250000000094 
0.3406250000000092 
0.20343750000000907 
