0.09562500000000898 
0.117187500000009 
0.12312500000000899 
0.13937500000000902 
0.11687500000000899 
0.17218750000000904 
0.11937500000000899 
0.13937500000000902 
0.16937500000000905 
0.16937500000000905 
0.115625000000009 
0.11937500000000899 
0.09062500000000899 
0.16937500000000905 
0.2281250000000091 
0.16843750000000904 
0.115625000000009 
0.16937500000000905 
0.16937500000000905 
0.16937500000000905 
0.16937500000000905 
0.114375000000009 
0.12062500000000899 
0.094375000000009 
0.119687500000009 
0.128125000000009 
0.08937500000000899 
0.113437500000009 
0.113125000000009 
0.16843750000000904 
0.17093750000000904 
0.113125000000009 
0.129375000000009 
0.12062500000000899 
0.126875000000009 
0.16937500000000905 
0.09312500000000899 
0.11687500000000899 
0.113437500000009 
0.11937500000000899 
0.11812500000000899 
0.16937500000000905 
0.16937500000000905 
0.114375000000009 
0.13562500000000902 
0.09187500000000899 
0.18187500000000906 
0.113125000000009 
0.17312500000000905 
0.10312500000000899 
0.17187500000000905 
0.116875000000009 
0.11687500000000899 
0.114375000000009 
0.116875000000009 
0.16937500000000905 
0.094375000000009 
0.12187500000000899 
0.16937500000000905 
0.14437500000000902 
0.12062500000000899 
0.08937500000000899 
0.116875000000009 
0.118125000000009 
0.17062500000000905 
0.114375000000009 
0.116875000000009 
0.16937500000000905 
0.13562500000000902 
0.113125000000009 
0.17062500000000905 
0.126875000000009 
0.16062500000000904 
0.114375000000009 
0.090625000000009 
0.095625000000009 
0.16937500000000905 
0.17187500000000905 
0.125625000000009 
0.16937500000000905 
0.09437500000000901 
0.17312500000000905 
0.16937500000000905 
0.10312500000000897 
0.115937500000009 
0.114375000000009 
0.20187500000000907 
0.095625000000009 
0.17093750000000904 
0.17062500000000905 
0.16937500000000905 
0.098125000000009 
0.16937500000000905 
0.114375000000009 
0.14812500000000903 
0.114375000000009 
0.094375000000009 
0.113125000000009 
0.12187500000000899 
0.16937500000000905 
0.12312500000000899 
0.118125000000009 
0.10312500000000899 
0.17187500000000905 
0.09187500000000899 
0.16937500000000905 
0.18062500000000906 
0.103125000000009 
0.09562500000000901 
0.16937500000000905 
0.120937500000009 
0.16937500000000905 
0.115625000000009 
0.16937500000000905 
0.17062500000000905 
0.095625000000009 
0.17312500000000905 
0.115937500000009 
0.16937500000000905 
0.10687500000000898 
0.16937500000000905 
0.126875000000009 
0.16937500000000905 
0.12062500000000899 
0.17437500000000905 
0.115625000000009 
0.16937500000000905 
0.116875000000009 
0.11812500000000899 
0.16843750000000904 
0.090625000000009 
0.10062500000000899 
0.11937500000000899 
0.114375000000009 
0.125625000000009 
0.16937500000000905 
0.17062500000000905 
0.115625000000009 
0.113125000000009 
0.118125000000009 
0.12062500000000899 
0.12062500000000899 
0.16937500000000905 
0.095625000000009 
0.115625000000009 
0.10437500000000899 
0.16937500000000905 
0.128437500000009 
0.126875000000009 
0.17937500000000905 
0.118125000000009 
0.16937500000000905 
0.094375000000009 
0.118125000000009 
0.17312500000000905 
0.10562500000000898 
0.13812500000000902 
0.094375000000009 
0.11937500000000899 
0.12312500000000899 
0.16937500000000905 
0.103125000000009 
0.095625000000009 
0.18187500000000906 
0.17812500000000905 
0.16937500000000905 
0.17187500000000905 
0.17312500000000905 
0.16937500000000905 
0.125625000000009 
0.113125000000009 
0.086875000000009 
0.11812500000000899 
0.115625000000009 
0.16843750000000904 
0.16968750000000904 
0.114375000000009 
0.16937500000000905 
0.17187500000000905 
0.12437500000000899 
0.09437500000000901 
0.08812500000000899 
0.16937500000000905 
0.16937500000000905 
0.16937500000000905 
0.118125000000009 
0.17312500000000905 
0.11812500000000899 
0.096875000000009 
0.131875000000009 
0.10687500000000899 
0.113125000000009 
0.11812500000000899 
0.118125000000009 
0.124687500000009 
0.16937500000000905 
0.16843750000000904 
0.16937500000000905 
0.115625000000009 
0.16937500000000905 
0.17312500000000905 
0.114375000000009 
0.16937500000000905 
0.100625000000009 
0.113125000000009 
0.129375000000009 
0.16937500000000905 
0.09187500000000899 
0.114375000000009 
0.16937500000000905 
0.116875000000009 
0.113125000000009 
0.12437500000000899 
0.14562500000000903 
0.126875000000009 
0.10562500000000899 
0.09312500000000899 
0.113437500000009 
0.16937500000000905 
0.11812500000000899 
0.114375000000009 
0.17062500000000905 
0.12312500000000899 
0.12062500000000899 
0.16937500000000905 
0.16937500000000905 
0.115625000000009 
0.11687500000000899 
0.17937500000000905 
0.17312500000000905 
0.12187500000000899 
0.125625000000009 
0.13812500000000902 
0.116875000000009 
0.16937500000000905 
0.130625000000009 
0.116875000000009 
0.113125000000009 
0.2331250000000091 
0.115625000000009 
0.09937500000000898 
0.17562500000000905 
0.094375000000009 
0.12312500000000899 
0.17187500000000905 
0.13937500000000902 
0.16937500000000905 
0.17843750000000905 
0.09937500000000898 
0.16937500000000905 
