0.094375000000009 
0.131875000000009 
0.089375000000009 
0.10687500000000898 
0.08812500000000899 
0.08812500000000902 
0.128125000000009 
0.09062500000000899 
0.088125000000009 
0.10812500000000899 
0.14062500000000902 
0.128125000000009 
0.130625000000009 
0.128125000000009 
0.09062500000000899 
0.093125000000009 
0.089375000000009 
0.094375000000009 
0.13687500000000902 
0.086875000000009 
0.113125000000009 
0.086875000000009 
0.093125000000009 
0.18187500000000906 
0.093125000000009 
0.09312500000000899 
0.096875000000009 
0.086875000000009 
0.13687500000000902 
0.090625000000009 
0.128125000000009 
0.09437500000000898 
0.129375000000009 
0.08187500000000901 
0.07562500000000899 
0.13437500000000902 
0.130625000000009 
0.088125000000009 
0.10437500000000899 
0.081875000000009 
0.17937500000000905 
0.128125000000009 
0.079375000000009 
0.13687500000000902 
0.128125000000009 
0.12062500000000899 
0.10812500000000899 
0.131875000000009 
0.131875000000009 
0.074375000000009 
0.129375000000009 
0.085625000000009 
0.13312500000000901 
0.128125000000009 
0.101875000000009 
0.113125000000009 
0.095625000000009 
0.17937500000000905 
0.128125000000009 
0.13437500000000902 
0.128125000000009 
0.131875000000009 
0.08812500000000899 
0.096875000000009 
0.14437500000000902 
0.08812500000000897 
0.085625000000009 
0.131875000000009 
0.10937500000000898 
0.128125000000009 
0.09937500000000898 
0.129375000000009 
0.130625000000009 
0.129375000000009 
0.128125000000009 
0.15312500000000903 
0.08812500000000899 
0.128125000000009 
0.093125000000009 
0.128125000000009 
0.13312500000000901 
0.128125000000009 
0.130625000000009 
0.084375000000009 
0.128125000000009 
0.085625000000009 
0.074375000000009 
0.09062500000000899 
0.08937500000000899 
0.13687500000000902 
0.13812500000000902 
0.129375000000009 
0.089375000000009 
0.09062500000000899 
0.13437500000000902 
0.13437500000000902 
0.10562500000000899 
0.09937500000000897 
0.128125000000009 
0.11687500000000899 
0.129375000000009 
0.098125000000009 
0.129375000000009 
0.129375000000009 
0.091875000000009 
0.089375000000009 
0.07812500000000899 
0.128125000000009 
0.131875000000009 
0.128125000000009 
0.10937500000000899 
0.08812500000000899 
0.128125000000009 
0.08812500000000899 
0.129375000000009 
0.14062500000000902 
0.11687500000000899 
0.09312500000000898 
0.130625000000009 
0.09937500000000897 
0.081875000000009 
0.18937500000000906 
0.14437500000000902 
0.128125000000009 
0.10187500000000899 
0.09312500000000899 
0.074375000000009 
0.079375000000009 
0.128125000000009 
0.09312500000000898 
0.11562500000000898 
0.111875000000009 
0.128125000000009 
0.13312500000000901 
0.08937500000000899 
0.128125000000009 
0.130625000000009 
0.098125000000009 
0.128125000000009 
0.088125000000009 
0.09187500000000899 
0.129375000000009 
0.15437500000000903 
0.08812500000000899 
0.095625000000009 
0.129375000000009 
0.130625000000009 
0.18937500000000906 
0.08812500000000899 
0.086875000000009 
0.14187500000000902 
0.128125000000009 
0.128125000000009 
0.10937500000000899 
0.099375000000009 
0.128125000000009 
0.074375000000009 
0.088125000000009 
0.13937500000000902 
0.128125000000009 
0.14312500000000902 
0.08312500000000898 
0.128125000000009 
0.100625000000009 
0.128125000000009 
0.088125000000009 
0.09562500000000898 
0.128125000000009 
0.13312500000000901 
0.086875000000009 
0.08812500000000902 
0.083125000000009 
0.128125000000009 
0.13312500000000901 
0.10187500000000897 
0.088125000000009 
0.13812500000000902 
0.09687500000000898 
0.094375000000009 
0.09062500000000899 
0.129375000000009 
0.129375000000009 
0.08812500000000899 
0.130625000000009 
0.10937500000000898 
0.13312500000000901 
0.08812500000000899 
0.129375000000009 
0.08937500000000899 
0.09687500000000898 
0.129375000000009 
0.07562500000000899 
0.129375000000009 
0.08312500000000898 
0.14562500000000903 
0.088125000000009 
0.09562500000000898 
0.09937500000000898 
0.13812500000000902 
0.088125000000009 
0.08687500000000901 
0.128125000000009 
0.129375000000009 
0.13312500000000901 
0.09937500000000898 
0.086875000000009 
0.090625000000009 
0.095625000000009 
0.130625000000009 
0.089375000000009 
0.128125000000009 
0.128125000000009 
0.129375000000009 
0.129375000000009 
0.078125000000009 
0.11312500000000898 
0.07937500000000901 
0.128125000000009 
0.13312500000000901 
0.14312500000000902 
0.128125000000009 
0.130625000000009 
0.128125000000009 
0.13312500000000901 
0.095625000000009 
0.089375000000009 
0.13437500000000902 
0.129375000000009 
0.10937500000000899 
0.130625000000009 
0.129375000000009 
0.09062500000000899 
0.09937500000000898 
0.07812500000000899 
0.13312500000000901 
0.13437500000000902 
0.08687500000000901 
0.10812500000000898 
0.09437500000000898 
0.129375000000009 
0.07687500000000899 
0.08937500000000899 
0.08812500000000899 
0.13687500000000902 
0.10562500000000899 
0.086875000000009 
0.085625000000009 
0.13437500000000902 
0.129375000000009 
0.08187500000000901 
