0.20062500000000907 
0.20609375000000907 
0.3343750000000092 
0.3346875000000092 
0.20187500000000907 
0.5056250000000094 
0.3343750000000092 
0.21468750000000908 
0.5021875000000093 
0.3346875000000092 
0.21343750000000908 
0.27093750000000916 
0.2521875000000091 
0.17312500000000905 
0.3381250000000092 
0.3668750000000092 
0.2510937500000091 
0.3335937500000092 
0.2518750000000091 
0.3346875000000092 
0.33484375000000915 
0.2518750000000091 
0.21312500000000908 
0.17968750000000905 
0.16687500000000904 
0.3718750000000092 
0.18687500000000906 
0.15093750000000902 
0.20218750000000907 
0.20093750000000907 
0.18468750000000905 
0.25093750000000914 
0.20968750000000907 
0.2268750000000091 
0.3521875000000092 
0.25312500000000915 
0.2518750000000091 
0.18187500000000906 
0.20562500000000908 
0.33484375000000915 
0.15468750000000903 
0.13312500000000901 
0.25812500000000915 
0.2510937500000091 
0.2418750000000091 
0.2543750000000091 
0.20062500000000907 
0.37687500000000923 
0.5006250000000094 
0.2560937500000091 
0.3356250000000092 
0.3381250000000092 
0.25593750000000914 
0.5021875000000093 
0.3443750000000092 
0.3443750000000092 
0.2696875000000092 
0.20593750000000907 
0.27093750000000916 
0.27437500000000914 
0.2585937500000091 
0.3359375000000092 
0.2418750000000091 
0.25312500000000915 
0.2523437500000091 
0.3384375000000092 
0.20343750000000907 
0.5159375000000094 
0.2806250000000092 
0.27312500000000917 
0.20359375000000907 
0.3568750000000092 
0.3668750000000092 
0.2193750000000091 
0.16843750000000904 
0.2971875000000092 
0.3618750000000092 
0.20359375000000907 
0.2568750000000091 
0.27812500000000917 
0.15062500000000903 
0.20687500000000908 
0.5006250000000094 
0.21187500000000908 
0.2168750000000091 
0.20484375000000907 
0.20593750000000907 
0.26562500000000916 
0.2518750000000091 
0.17218750000000904 
0.5018750000000094 
0.20812500000000908 
0.5006250000000094 
0.25312500000000915 
0.26562500000000916 
0.3346875000000092 
0.14312500000000902 
0.3381250000000092 
0.2543750000000091 
0.3406250000000092 
0.25984375000000914 
0.3443750000000092 
0.27562500000000917 
0.16937500000000905 
0.13937500000000902 
0.2518750000000091 
0.15062500000000903 
0.14312500000000902 
0.3368750000000092 
0.27437500000000914 
0.21062500000000908 
0.27968750000000914 
0.2543750000000091 
0.3343750000000092 
0.15937500000000904 
0.20937500000000908 
0.25343750000000914 
0.2521875000000091 
0.2546875000000091 
0.20468750000000907 
0.2568750000000091 
0.3346875000000092 
0.5006250000000094 
0.3343750000000092 
0.17187500000000905 
0.18687500000000906 
0.20859375000000907 
0.14562500000000903 
0.2523437500000091 
0.25812500000000915 
0.5093750000000093 
0.17343750000000904 
0.13562500000000902 
0.5034375000000093 
0.27437500000000914 
0.5009375000000094 
0.5006250000000094 
0.15312500000000903 
0.20562500000000908 
0.20437500000000908 
0.5006250000000094 
0.5006250000000094 
0.25843750000000915 
0.2568750000000091 
0.2518750000000091 
0.25812500000000915 
0.17437500000000905 
0.25984375000000914 
0.37312500000000925 
0.17859375000000904 
0.20437500000000908 
0.27437500000000914 
0.3393750000000092 
0.3346875000000092 
0.2571875000000091 
0.18187500000000906 
0.25843750000000915 
0.20812500000000908 
0.25562500000000915 
0.3371875000000092 
0.3393750000000092 
0.5009375000000094 
0.3371875000000092 
0.33484375000000915 
0.3393750000000092 
0.27062500000000916 
0.144921875000009 
0.2831250000000092 
0.3346875000000092 
0.2268750000000091 
0.2543750000000091 
0.21718750000000908 
0.17468750000000904 
0.25312500000000915 
0.25312500000000915 
0.3718750000000092 
0.21218750000000908 
0.5009375000000094 
0.5018750000000094 
0.25562500000000915 
0.2518750000000091 
0.14968750000000902 
0.20312500000000908 
0.3346875000000092 
0.25843750000000915 
0.3346875000000092 
0.3356250000000092 
0.15062500000000903 
0.14468750000000902 
0.37562500000000926 
0.3356250000000092 
0.3646875000000092 
0.25343750000000914 
0.5018750000000094 
0.2156250000000091 
0.2671875000000091 
0.2518750000000091 
0.2523437500000091 
0.3359375000000092 
0.25562500000000915 
0.20437500000000908 
0.2546875000000091 
0.21234375000000907 
0.2560937500000091 
0.2543750000000091 
0.5056250000000094 
0.5059375000000094 
0.25562500000000915 
0.25562500000000915 
0.5018750000000094 
0.2543750000000091 
0.2510937500000091 
0.20609375000000907 
0.3335937500000092 
0.20812500000000908 
0.3418750000000092 
0.20812500000000908 
0.17687500000000905 
0.2548437500000091 
0.25312500000000915 
0.16843750000000904 
0.3381250000000092 
0.20312500000000908 
0.5034375000000093 
0.2521875000000091 
0.2543750000000091 
0.20468750000000907 
0.14687500000000903 
0.20312500000000908 
0.34312500000000923 
0.20937500000000908 
0.3618750000000092 
0.18062500000000906 
0.16437500000000904 
0.20312500000000908 
0.18562500000000906 
0.21187500000000908 
0.17187500000000905 
0.3646875000000092 
0.25812500000000915 
0.5043750000000093 
0.20812500000000908 
0.2568750000000091 
0.18437500000000906 
0.25312500000000915 
0.5018750000000094 
0.3359375000000092 
0.3356250000000092 
0.2546875000000091 
0.3368750000000092 
