0.2518750000000091 
0.5018750000000094 
0.26312500000000916 
0.27937500000000914 
0.21187500000000908 
0.20468750000000907 
0.5068750000000094 
0.20687500000000908 
0.3434375000000092 
0.25312500000000915 
0.3371875000000092 
0.25843750000000915 
0.2518750000000091 
0.26312500000000916 
0.5009375000000094 
0.5006250000000094 
0.5006250000000094 
0.3371875000000092 
0.26562500000000916 
0.2193750000000091 
0.3496875000000092 
0.18562500000000906 
0.2518750000000091 
0.2635937500000091 
0.25312500000000915 
0.5059375000000094 
0.2518750000000091 
0.25562500000000915 
0.28218750000000914 
0.2521875000000091 
0.3418750000000092 
0.26234375000000915 
0.19062500000000906 
0.5118750000000094 
0.2521875000000091 
0.27187500000000914 
0.2571875000000091 
0.5021875000000093 
0.3393750000000092 
0.2596875000000092 
0.25312500000000915 
0.25062500000000915 
0.3356250000000092 
0.3406250000000092 
0.25093750000000914 
0.3343750000000092 
0.25312500000000915 
0.21187500000000908 
0.28437500000000915 
0.20218750000000907 
0.20437500000000908 
0.3406250000000092 
0.2518750000000091 
0.26093750000000915 
0.34312500000000923 
0.5006250000000094 
0.25117187500000915 
0.26968750000000913 
0.2543750000000091 
0.3343750000000092 
0.5168750000000094 
0.26843750000000915 
0.2543750000000091 
0.2548437500000091 
0.5043750000000093 
0.33484375000000915 
0.2518750000000091 
0.3371875000000092 
0.26062500000000915 
0.3343750000000092 
0.5021875000000093 
0.5043750000000093 
0.2521875000000091 
0.17437500000000905 
0.2510937500000091 
0.3356250000000092 
0.20312500000000908 
0.25062500000000915 
0.3335937500000092 
0.2518750000000091 
0.5006250000000094 
0.5059375000000094 
0.3443750000000092 
0.2646875000000091 
0.2218750000000091 
0.2518750000000091 
0.5021875000000093 
0.3360937500000092 
0.3635937500000092 
0.2306250000000091 
0.18093750000000905 
0.20109375000000906 
0.3168750000000092 
0.25062500000000915 
0.20093750000000907 
0.2331250000000091 
0.17437500000000905 
0.27812500000000917 
0.2806250000000092 
0.25343750000000914 
0.2593750000000091 
0.16312500000000904 
0.25343750000000914 
0.2281250000000091 
0.2168750000000091 
0.5056250000000094 
0.3546875000000092 
0.17187500000000905 
0.3393750000000092 
0.20484375000000907 
0.21468750000000908 
0.34312500000000923 
0.17687500000000905 
0.21593750000000908 
0.5043750000000093 
0.5034375000000093 
0.17437500000000905 
0.25468750000000917 
0.21312500000000908 
0.2546875000000091 
0.5171875000000093 
0.26187500000000913 
0.27312500000000917 
0.25593750000000914 
0.30187500000000916 
0.5018750000000094 
0.3343750000000092 
0.18312500000000906 
0.2593750000000091 
0.2518750000000091 
0.25812500000000915 
0.26812500000000916 
0.2518750000000091 
0.34312500000000923 
0.2593750000000091 
0.5093750000000093 
0.20937500000000908 
0.34562500000000923 
0.3343750000000092 
0.5046875000000093 
0.29187500000000915 
0.3643750000000092 
0.2331250000000091 
0.2231250000000091 
0.2543750000000091 
0.2646875000000091 
0.3696875000000092 
0.35843750000000923 
0.13812500000000902 
0.36593750000000924 
0.3393750000000092 
0.3434375000000092 
0.3346875000000092 
0.25843750000000915 
0.3371875000000092 
0.29468750000000915 
0.27359375000000913 
0.3343750000000092 
0.3368750000000092 
0.2256250000000091 
0.5018750000000094 
0.20093750000000907 
0.5018750000000094 
0.3446875000000092 
0.3360937500000092 
0.3360937500000092 
0.20187500000000907 
0.25562500000000915 
0.3356250000000092 
0.3368750000000092 
0.5034375000000093 
0.2568750000000091 
0.34312500000000923 
0.20437500000000908 
0.25343750000000914 
0.27812500000000917 
0.2568750000000091 
0.26343750000000915 
0.2956250000000092 
0.3381250000000092 
0.20312500000000908 
0.2510937500000091 
0.26812500000000916 
0.5043750000000093 
0.3406250000000092 
0.27812500000000917 
0.3359375000000092 
0.20187500000000907 
0.5009375000000094 
0.17812500000000905 
0.5243750000000094 
0.28687500000000915 
0.17562500000000905 
0.5056250000000094 
0.25312500000000915 
0.3418750000000092 
0.3393750000000092 
0.2518750000000091 
0.2593750000000091 
0.5006250000000094 
0.21437500000000909 
0.34312500000000923 
0.38187500000000923 
0.3359375000000092 
0.2621875000000091 
0.27062500000000916 
0.18187500000000906 
0.2156250000000091 
0.2518750000000091 
0.17312500000000905 
0.3384375000000092 
0.21593750000000908 
0.2446875000000091 
0.3384375000000092 
0.3393750000000092 
0.3356250000000092 
0.3621875000000092 
0.17187500000000905 
0.37062500000000925 
0.27312500000000917 
0.20312500000000908 
0.5018750000000094 
0.16843750000000904 
0.25812500000000915 
0.2543750000000091 
0.25562500000000915 
0.3384375000000092 
0.20484375000000907 
0.5010937500000094 
0.16742187500000902 
0.25562500000000915 
0.36812500000000925 
0.27468750000000913 
0.25812500000000915 
0.3346875000000092 
0.19187500000000907 
0.2518750000000091 
0.3443750000000092 
0.2996875000000092 
0.2981250000000092 
0.25343750000000914 
0.16937500000000905 
0.2243750000000091 
0.3621875000000092 
0.25312500000000915 
0.26812500000000916 
0.3343750000000092 
0.19562500000000907 
0.34562500000000923 
0.3356250000000092 
