0.25218750000000917 
0.20812500000000908 
0.18593750000000905 
0.13312500000000901 
0.13312500000000901 
0.26312500000000916 
0.16843750000000904 
0.13437500000000902 
0.16812500000000904 
0.2518750000000091 
0.16937500000000905 
0.25218750000000917 
0.18312500000000906 
0.2518750000000091 
0.17187500000000905 
0.15062500000000903 
0.25562500000000915 
0.2518750000000091 
0.16968750000000904 
0.25562500000000915 
0.17218750000000904 
0.18093750000000905 
0.15062500000000903 
0.20843750000000907 
0.138437500000009 
0.13312500000000901 
0.2518750000000091 
0.16812500000000904 
0.13312500000000901 
0.18468750000000905 
0.25562500000000915 
0.13312500000000901 
0.16937500000000905 
0.18687500000000906 
0.2518750000000091 
0.2543750000000091 
0.2518750000000091 
0.13687500000000902 
0.17812500000000905 
0.14312500000000902 
0.130625000000009 
0.17687500000000905 
0.137187500000009 
0.26062500000000915 
0.15062500000000903 
0.18062500000000906 
0.13312500000000901 
0.16843750000000904 
0.17812500000000905 
0.13937500000000902 
0.25218750000000917 
0.14062500000000902 
0.16968750000000904 
0.130625000000009 
0.19843750000000906 
0.17812500000000905 
0.17437500000000905 
0.17187500000000905 
0.16093750000000903 
0.25218750000000917 
0.14187500000000902 
0.2518750000000091 
0.13437500000000902 
0.25093750000000914 
0.17062500000000905 
0.15062500000000903 
0.14312500000000902 
0.14562500000000903 
0.2518750000000091 
0.25593750000000914 
0.18562500000000906 
0.13437500000000902 
0.25562500000000915 
0.2518750000000091 
0.2518750000000091 
0.127187500000009 
0.25562500000000915 
0.134687500000009 
0.2521875000000091 
0.11937500000000899 
0.16937500000000905 
0.2518750000000091 
0.13937500000000902 
0.25312500000000915 
0.16562500000000904 
0.16968750000000904 
0.131875000000009 
0.18468750000000905 
0.13687500000000902 
0.13312500000000901 
0.129375000000009 
0.13437500000000902 
0.17687500000000905 
0.17437500000000905 
0.19187500000000907 
0.15437500000000903 
0.16812500000000904 
0.127187500000009 
0.132187500000009 
0.2518750000000091 
0.17312500000000905 
0.130625000000009 
0.2593750000000091 
0.13437500000000902 
0.2518750000000091 
0.25312500000000915 
0.14062500000000902 
0.17187500000000905 
0.14093750000000901 
0.25312500000000915 
0.128125000000009 
0.2518750000000091 
0.13812500000000902 
0.25312500000000915 
0.11562500000000898 
0.16468750000000903 
0.129375000000009 
0.2518750000000091 
0.132187500000009 
0.26062500000000915 
0.19312500000000907 
0.17093750000000904 
0.13937500000000902 
0.13562500000000902 
0.16937500000000905 
0.2518750000000091 
0.25312500000000915 
0.26562500000000916 
0.16812500000000904 
0.25593750000000914 
0.17093750000000904 
0.19187500000000907 
0.25312500000000915 
0.19062500000000906 
0.14937500000000903 
0.16968750000000904 
0.2518750000000091 
0.18062500000000906 
0.17437500000000905 
0.15812500000000904 
0.2518750000000091 
0.18562500000000906 
0.25343750000000914 
0.13812500000000902 
0.13312500000000901 
0.18843750000000906 
0.17562500000000905 
0.13562500000000902 
0.25312500000000915 
0.134687500000009 
0.19312500000000907 
0.13937500000000902 
0.17187500000000905 
0.15312500000000903 
0.13812500000000902 
0.18812500000000906 
0.2518750000000091 
0.25312500000000915 
0.13312500000000901 
0.26187500000000913 
0.17062500000000905 
0.17687500000000905 
0.14562500000000903 
0.17062500000000905 
0.17343750000000904 
0.17062500000000905 
0.131875000000009 
0.2831250000000092 
0.15562500000000903 
0.16937500000000905 
0.128125000000009 
0.17468750000000904 
0.130937500000009 
0.16843750000000904 
0.14312500000000902 
0.13312500000000901 
0.14187500000000902 
0.13437500000000902 
0.14062500000000902 
0.17593750000000904 
0.15562500000000903 
0.129375000000009 
0.16812500000000904 
0.18187500000000906 
0.16812500000000904 
0.18187500000000906 
0.17812500000000905 
0.26312500000000916 
0.137187500000009 
0.128125000000009 
0.20312500000000908 
0.17187500000000905 
0.13937500000000902 
0.13812500000000902 
0.18812500000000906 
0.14812500000000903 
0.132187500000009 
0.17937500000000905 
0.2543750000000091 
0.18312500000000906 
0.16937500000000905 
0.17937500000000905 
0.16937500000000905 
0.17312500000000905 
0.2518750000000091 
0.131875000000009 
0.19437500000000907 
0.12187500000000899 
0.25312500000000915 
0.14687500000000903 
0.17468750000000904 
0.18562500000000906 
0.17218750000000904 
0.16812500000000904 
0.138437500000009 
0.16968750000000904 
0.18937500000000906 
0.17468750000000904 
0.10937500000000899 
0.17937500000000905 
0.16812500000000904 
0.17437500000000905 
0.25093750000000914 
0.12437500000000899 
0.16812500000000904 
0.16312500000000904 
0.15093750000000902 
0.2543750000000091 
0.17187500000000905 
0.14468750000000902 
0.17812500000000905 
0.26937500000000913 
0.17843750000000905 
0.13812500000000902 
0.25468750000000917 
0.17187500000000905 
0.2518750000000091 
0.129375000000009 
0.16812500000000904 
0.111875000000009 
0.125937500000009 
0.16937500000000905 
0.25218750000000917 
0.2543750000000091 
0.16812500000000904 
0.26937500000000913 
0.13562500000000902 
0.18437500000000906 
0.26093750000000915 
0.16812500000000904 
