0.17187500000000905 
0.12062500000000899 
0.12062500000000899 
0.11812500000000899 
0.14312500000000902 
0.114375000000009 
0.17187500000000905 
0.101875000000009 
0.113125000000009 
0.11937500000000899 
0.16937500000000905 
0.080625000000009 
0.16937500000000905 
0.115625000000009 
0.113125000000009 
0.16937500000000905 
0.17187500000000905 
0.12437500000000899 
0.16937500000000905 
0.18437500000000906 
0.08562500000000901 
0.08562500000000901 
0.111875000000009 
0.114375000000009 
0.114375000000009 
0.17187500000000905 
0.12437500000000899 
0.113125000000009 
0.16937500000000905 
0.16937500000000905 
0.16968750000000904 
0.12437500000000899 
0.093125000000009 
0.113125000000009 
0.113125000000009 
0.16937500000000905 
0.17062500000000905 
0.113125000000009 
0.17312500000000905 
0.17437500000000905 
0.17062500000000905 
0.113437500000009 
0.09437500000000901 
0.14062500000000902 
0.115625000000009 
0.088125000000009 
0.11937500000000899 
0.113125000000009 
0.16968750000000904 
0.10687500000000899 
0.114375000000009 
0.093125000000009 
0.10937500000000898 
0.114375000000009 
0.17093750000000904 
0.113125000000009 
0.114375000000009 
0.088125000000009 
0.17437500000000905 
0.20812500000000908 
0.18437500000000906 
0.113125000000009 
0.10187500000000899 
0.16937500000000905 
0.130625000000009 
0.127187500000009 
0.129375000000009 
0.18187500000000906 
0.17062500000000905 
0.113125000000009 
0.11937500000000899 
0.129687500000009 
0.115937500000009 
0.17062500000000905 
0.118125000000009 
0.11812500000000899 
0.12437500000000899 
0.126875000000009 
0.10593750000000901 
0.2231250000000091 
0.115625000000009 
0.17312500000000905 
0.16937500000000905 
0.089375000000009 
0.089375000000009 
0.116875000000009 
0.099375000000009 
0.18187500000000906 
0.16937500000000905 
0.17812500000000905 
0.17062500000000905 
0.114687500000009 
0.17062500000000905 
0.130625000000009 
0.16937500000000905 
0.114687500000009 
0.12062500000000899 
0.114375000000009 
0.16937500000000905 
0.116875000000009 
0.114375000000009 
0.115625000000009 
0.10687500000000899 
0.115625000000009 
0.12437500000000899 
0.13312500000000901 
0.16843750000000904 
0.17062500000000905 
0.12062500000000899 
0.16937500000000905 
0.16968750000000904 
0.113125000000009 
0.17062500000000905 
0.09687500000000898 
0.093125000000009 
0.16968750000000904 
0.08562500000000901 
0.17812500000000905 
0.12437500000000899 
0.071875000000009 
0.115625000000009 
0.119687500000009 
0.098125000000009 
0.133437500000009 
0.115625000000009 
0.114687500000009 
0.17187500000000905 
0.125625000000009 
0.113125000000009 
0.131875000000009 
0.12062500000000899 
0.13437500000000902 
0.115937500000009 
0.16937500000000905 
0.16843750000000904 
0.09062500000000899 
0.16937500000000905 
0.16937500000000905 
0.16937500000000905 
0.16843750000000904 
0.115625000000009 
0.10062500000000899 
0.16937500000000905 
0.16937500000000905 
0.116875000000009 
0.16843750000000904 
0.09312500000000898 
0.17437500000000905 
0.16937500000000905 
0.16937500000000905 
0.128125000000009 
0.12312500000000899 
0.18937500000000906 
0.16937500000000905 
0.09812500000000898 
0.16937500000000905 
0.094375000000009 
0.115937500000009 
0.11437500000000898 
0.16843750000000904 
0.091875000000009 
0.16937500000000905 
0.113437500000009 
0.09687500000000898 
0.16843750000000904 
0.096875000000009 
0.11937500000000899 
0.16937500000000905 
0.115625000000009 
0.16937500000000905 
0.17187500000000905 
0.118125000000009 
0.17062500000000905 
0.13312500000000901 
0.116875000000009 
0.114375000000009 
0.11937500000000899 
0.113437500000009 
0.12437500000000899 
0.18562500000000906 
0.09687500000000898 
0.08437500000000898 
0.16937500000000905 
0.115625000000009 
0.2268750000000091 
0.18062500000000906 
0.114375000000009 
0.11562500000000898 
0.16937500000000905 
0.17062500000000905 
0.17187500000000905 
0.128125000000009 
0.17062500000000905 
0.113125000000009 
0.16937500000000905 
0.14468750000000902 
0.16937500000000905 
0.16937500000000905 
0.17562500000000905 
0.116875000000009 
0.113125000000009 
0.115625000000009 
0.16937500000000905 
0.104375000000009 
0.115625000000009 
0.16843750000000904 
0.16937500000000905 
0.114375000000009 
0.126875000000009 
0.115625000000009 
0.14062500000000902 
0.11812500000000899 
0.17062500000000905 
0.11437500000000898 
0.115625000000009 
0.16937500000000905 
0.093125000000009 
0.126875000000009 
0.14562500000000903 
0.16937500000000905 
0.093125000000009 
0.128125000000009 
0.12437500000000899 
0.10312500000000897 
0.116875000000009 
0.16937500000000905 
0.09937500000000898 
0.16937500000000905 
0.14187500000000902 
0.09187500000000899 
0.114375000000009 
0.17312500000000905 
0.16937500000000905 
0.16937500000000905 
0.113437500000009 
0.094375000000009 
0.126875000000009 
0.126875000000009 
0.089375000000009 
0.2318750000000091 
0.16937500000000905 
0.118125000000009 
0.114375000000009 
0.17062500000000905 
0.115625000000009 
0.079375000000009 
0.115625000000009 
0.114375000000009 
0.11687500000000899 
0.17062500000000905 
