0.14062500000000902 
0.13562500000000902 
0.21093750000000908 
0.125937500000009 
0.2518750000000091 
0.129687500000009 
0.128125000000009 
0.17093750000000904 
0.16937500000000905 
0.2518750000000091 
0.130625000000009 
0.17843750000000905 
0.2518750000000091 
0.17093750000000904 
0.2518750000000091 
0.13562500000000902 
0.16937500000000905 
0.2518750000000091 
0.25093750000000914 
0.128125000000009 
0.2568750000000091 
0.2518750000000091 
0.126875000000009 
0.16937500000000905 
0.2518750000000091 
0.16937500000000905 
0.16937500000000905 
0.17562500000000905 
0.2518750000000091 
0.2518750000000091 
0.18062500000000906 
0.13437500000000902 
0.17062500000000905 
0.088125000000009 
0.2518750000000091 
0.14187500000000902 
0.25312500000000915 
0.16812500000000904 
0.2518750000000091 
0.10687500000000898 
0.10562500000000899 
0.17093750000000904 
0.129375000000009 
0.17437500000000905 
0.13437500000000902 
0.125937500000009 
0.18312500000000906 
0.2518750000000091 
0.13562500000000902 
0.2518750000000091 
0.126875000000009 
0.126875000000009 
0.129375000000009 
0.2568750000000091 
0.128125000000009 
0.21218750000000908 
0.2518750000000091 
0.129375000000009 
0.25343750000000914 
0.17562500000000905 
0.13812500000000902 
0.25593750000000914 
0.114375000000009 
0.18312500000000906 
0.126875000000009 
0.17062500000000905 
0.2518750000000091 
0.16812500000000904 
0.091875000000009 
0.103125000000009 
0.17093750000000904 
0.17312500000000905 
0.25312500000000915 
0.10687500000000899 
0.2518750000000091 
0.101875000000009 
0.17312500000000905 
0.089375000000009 
0.25312500000000915 
0.17312500000000905 
0.129375000000009 
0.17187500000000905 
0.11312500000000898 
0.10562500000000899 
0.13937500000000902 
0.20187500000000907 
0.127187500000009 
0.128125000000009 
0.25812500000000915 
0.18187500000000906 
0.15187500000000903 
0.16937500000000905 
0.17062500000000905 
0.11562500000000898 
0.2593750000000091 
0.17468750000000904 
0.16843750000000904 
0.17062500000000905 
0.13312500000000901 
0.127187500000009 
0.18312500000000906 
0.2518750000000091 
0.16937500000000905 
0.131875000000009 
0.18187500000000906 
0.18187500000000906 
0.096875000000009 
0.131875000000009 
0.126875000000009 
0.127187500000009 
0.14437500000000902 
0.17062500000000905 
0.126875000000009 
0.13937500000000902 
0.25218750000000917 
0.2568750000000091 
0.125937500000009 
0.27062500000000916 
0.128125000000009 
0.16937500000000905 
0.10437500000000899 
0.101875000000009 
0.2518750000000091 
0.16937500000000905 
0.16843750000000904 
0.128125000000009 
0.16968750000000904 
0.16062500000000904 
0.17093750000000904 
0.26937500000000913 
0.128125000000009 
0.17062500000000905 
0.130625000000009 
0.128437500000009 
0.2518750000000091 
0.2518750000000091 
0.10937500000000899 
0.10468750000000901 
0.26062500000000915 
0.130625000000009 
0.25218750000000917 
0.131875000000009 
0.21312500000000908 
0.18312500000000906 
0.17437500000000905 
0.2518750000000091 
0.16937500000000905 
0.2518750000000091 
0.13312500000000901 
0.17593750000000904 
0.21312500000000908 
0.16812500000000904 
0.130625000000009 
0.16812500000000904 
0.16968750000000904 
0.129375000000009 
0.16812500000000904 
0.13312500000000901 
0.25093750000000914 
0.17312500000000905 
0.126875000000009 
0.17562500000000905 
0.16812500000000904 
0.128125000000009 
0.130625000000009 
0.17437500000000905 
0.2518750000000091 
0.25593750000000914 
0.16968750000000904 
0.25312500000000915 
0.126875000000009 
0.126875000000009 
0.17437500000000905 
0.16843750000000904 
0.126875000000009 
0.2518750000000091 
0.100937500000009 
0.15937500000000904 
0.17468750000000904 
0.18812500000000906 
0.108125000000009 
0.17062500000000905 
0.16812500000000904 
0.137187500000009 
0.17093750000000904 
0.25093750000000914 
0.19812500000000907 
0.18468750000000905 
0.27187500000000914 
0.16843750000000904 
0.128125000000009 
0.17312500000000905 
0.101875000000009 
0.130937500000009 
0.17062500000000905 
0.2518750000000091 
0.17062500000000905 
0.129375000000009 
0.2518750000000091 
0.17093750000000904 
0.130625000000009 
0.2518750000000091 
0.128437500000009 
0.16812500000000904 
0.129375000000009 
0.17593750000000904 
0.17093750000000904 
0.20937500000000908 
0.128125000000009 
0.2518750000000091 
0.16812500000000904 
0.26062500000000915 
0.25218750000000917 
0.129375000000009 
0.16968750000000904 
0.25312500000000915 
0.128125000000009 
0.126875000000009 
0.2518750000000091 
0.18812500000000906 
0.113125000000009 
0.17437500000000905 
0.16843750000000904 
0.2518750000000091 
0.16812500000000904 
0.17062500000000905 
0.16968750000000904 
0.129687500000009 
0.17312500000000905 
0.131875000000009 
0.16968750000000904 
0.25093750000000914 
0.2518750000000091 
0.17093750000000904 
0.10812500000000899 
0.129375000000009 
0.16812500000000904 
0.2518750000000091 
0.25218750000000917 
0.16812500000000904 
0.17812500000000905 
0.17312500000000905 
0.2518750000000091 
0.126875000000009 
0.25562500000000915 
0.131875000000009 
0.13937500000000902 
0.2518750000000091 
0.2518750000000091 
0.18312500000000906 
