0.126875000000009 
0.130625000000009 
0.128125000000009 
0.17312500000000905 
0.16812500000000904 
0.13687500000000902 
0.17093750000000904 
0.25312500000000915 
0.2518750000000091 
0.16843750000000904 
0.125937500000009 
0.16843750000000904 
0.13812500000000902 
0.13812500000000902 
0.25562500000000915 
0.17062500000000905 
0.16812500000000904 
0.2518750000000091 
0.2518750000000091 
0.2168750000000091 
0.17343750000000904 
0.10218750000000901 
0.2518750000000091 
0.25562500000000915 
0.16812500000000904 
0.17562500000000905 
0.17062500000000905 
0.2568750000000091 
0.16968750000000904 
0.13812500000000902 
0.13312500000000901 
0.16812500000000904 
0.103125000000009 
0.2518750000000091 
0.126875000000009 
0.2543750000000091 
0.17093750000000904 
0.26562500000000916 
0.17812500000000905 
0.17562500000000905 
0.16812500000000904 
0.099375000000009 
0.17062500000000905 
0.17468750000000904 
0.16937500000000905 
0.126875000000009 
0.2518750000000091 
0.2521875000000091 
0.2518750000000091 
0.131875000000009 
0.105625000000009 
0.17187500000000905 
0.17187500000000905 
0.17437500000000905 
0.2518750000000091 
0.16843750000000904 
0.16968750000000904 
0.2518750000000091 
0.131875000000009 
0.14062500000000902 
0.18437500000000906 
0.17062500000000905 
0.11562500000000898 
0.10937500000000899 
0.14062500000000902 
0.17187500000000905 
0.16812500000000904 
0.17187500000000905 
0.14062500000000902 
0.2543750000000091 
0.128437500000009 
0.2518750000000091 
0.130937500000009 
0.25218750000000917 
0.2543750000000091 
0.16937500000000905 
0.126875000000009 
0.126875000000009 
0.16843750000000904 
0.16812500000000904 
0.17937500000000905 
0.16812500000000904 
0.129375000000009 
0.25093750000000914 
0.17343750000000904 
0.2518750000000091 
0.17687500000000905 
0.13437500000000902 
0.2521875000000091 
0.25312500000000915 
0.10937500000000898 
0.129375000000009 
0.129375000000009 
0.17187500000000905 
0.25312500000000915 
0.16968750000000904 
0.110625000000009 
0.2518750000000091 
0.18812500000000906 
0.16968750000000904 
0.10437500000000899 
0.13812500000000902 
0.16968750000000904 
0.18062500000000906 
0.10812500000000899 
0.17062500000000905 
0.128125000000009 
0.16937500000000905 
0.16937500000000905 
0.15093750000000902 
0.2518750000000091 
0.17312500000000905 
0.16812500000000904 
0.13937500000000902 
0.127187500000009 
0.2518750000000091 
0.15812500000000904 
0.15187500000000903 
0.131875000000009 
0.18062500000000906 
0.16843750000000904 
0.16812500000000904 
0.129375000000009 
0.129687500000009 
0.25562500000000915 
0.131875000000009 
0.2518750000000091 
0.128437500000009 
0.2518750000000091 
0.2518750000000091 
0.105625000000009 
0.17062500000000905 
0.17062500000000905 
0.16968750000000904 
0.25093750000000914 
0.17062500000000905 
0.16843750000000904 
0.131875000000009 
0.25312500000000915 
0.26312500000000916 
0.2518750000000091 
0.2518750000000091 
0.18437500000000906 
0.16812500000000904 
0.2518750000000091 
0.17312500000000905 
0.16812500000000904 
0.2543750000000091 
0.16843750000000904 
0.128125000000009 
0.17187500000000905 
0.16812500000000904 
0.26812500000000916 
0.132187500000009 
0.16812500000000904 
0.25218750000000917 
0.2518750000000091 
0.16812500000000904 
0.16843750000000904 
0.126875000000009 
0.16843750000000904 
0.21187500000000908 
0.13562500000000902 
0.2568750000000091 
0.2518750000000091 
0.103125000000009 
0.18062500000000906 
0.16812500000000904 
0.2518750000000091 
0.13562500000000902 
0.104375000000009 
0.19187500000000907 
0.14187500000000902 
0.2543750000000091 
0.16812500000000904 
0.2518750000000091 
0.2521875000000091 
0.129375000000009 
0.25812500000000915 
0.16968750000000904 
0.19187500000000907 
0.18437500000000906 
0.2518750000000091 
0.13937500000000902 
0.2543750000000091 
0.25093750000000914 
0.13562500000000902 
0.129375000000009 
0.13312500000000901 
0.16812500000000904 
0.2518750000000091 
0.25218750000000917 
0.17687500000000905 
0.128125000000009 
0.12062500000000899 
0.18812500000000906 
0.111875000000009 
0.13937500000000902 
0.17187500000000905 
0.25468750000000917 
0.086875000000009 
0.18562500000000906 
0.106875000000009 
0.17218750000000904 
0.126875000000009 
0.17187500000000905 
0.2518750000000091 
0.127187500000009 
0.20562500000000908 
0.26062500000000915 
0.126875000000009 
0.126875000000009 
0.126875000000009 
0.16843750000000904 
0.25312500000000915 
0.16968750000000904 
0.16937500000000905 
0.18937500000000906 
0.19687500000000907 
0.126875000000009 
0.25812500000000915 
0.128437500000009 
0.2518750000000091 
0.15687500000000903 
0.18187500000000906 
0.25093750000000914 
0.18562500000000906 
0.2518750000000091 
0.25312500000000915 
0.17437500000000905 
0.18812500000000906 
0.19062500000000906 
0.128437500000009 
0.17687500000000905 
0.16812500000000904 
0.16937500000000905 
0.16812500000000904 
0.20437500000000908 
0.126875000000009 
0.129375000000009 
0.2518750000000091 
0.17187500000000905 
0.128125000000009 
0.18093750000000905 
0.137187500000009 
0.126875000000009 
0.16812500000000904 
0.13312500000000901 
0.2571875000000092 
0.127187500000009 
