0.127187500000009 
0.17062500000000905 
0.17437500000000905 
0.17187500000000905 
0.25562500000000915 
0.129687500000009 
0.16812500000000904 
0.12312500000000899 
0.12312500000000899 
0.25312500000000915 
0.128125000000009 
0.126875000000009 
0.25093750000000914 
0.13562500000000902 
0.16812500000000904 
0.126875000000009 
0.16812500000000904 
0.129687500000009 
0.129375000000009 
0.125937500000009 
0.128125000000009 
0.09187500000000899 
0.16812500000000904 
0.17062500000000905 
0.25343750000000914 
0.26562500000000916 
0.17312500000000905 
0.17187500000000905 
0.18718750000000905 
0.125937500000009 
0.14343750000000902 
0.29437500000000916 
0.2518750000000091 
0.17437500000000905 
0.127187500000009 
0.16937500000000905 
0.14312500000000902 
0.2518750000000091 
0.2518750000000091 
0.17312500000000905 
0.16843750000000904 
0.2518750000000091 
0.25312500000000915 
0.18562500000000906 
0.129687500000009 
0.2518750000000091 
0.14937500000000903 
0.108125000000009 
0.2518750000000091 
0.17062500000000905 
0.15062500000000903 
0.2518750000000091 
0.18687500000000906 
0.18062500000000906 
0.2518750000000091 
0.130937500000009 
0.2543750000000091 
0.13312500000000901 
0.128125000000009 
0.2518750000000091 
0.13562500000000902 
0.16843750000000904 
0.17312500000000905 
0.17468750000000904 
0.130937500000009 
0.14562500000000903 
0.2381250000000091 
0.128125000000009 
0.19062500000000906 
0.17062500000000905 
0.126875000000009 
0.17843750000000905 
0.25562500000000915 
0.16843750000000904 
0.14343750000000902 
0.110625000000009 
0.16937500000000905 
0.126875000000009 
0.25468750000000917 
0.2518750000000091 
0.115625000000009 
0.17062500000000905 
0.16843750000000904 
0.2518750000000091 
0.16937500000000905 
0.16843750000000904 
0.25312500000000915 
0.16843750000000904 
0.16968750000000904 
0.16968750000000904 
0.2518750000000091 
0.18187500000000906 
0.17437500000000905 
0.26968750000000913 
0.16812500000000904 
0.17562500000000905 
0.25312500000000915 
0.127187500000009 
0.17312500000000905 
0.11562500000000898 
0.2518750000000091 
0.126875000000009 
0.16812500000000904 
0.25312500000000915 
0.25312500000000915 
0.25843750000000915 
0.14812500000000903 
0.125937500000009 
0.21437500000000909 
0.2518750000000091 
0.14812500000000903 
0.130625000000009 
0.128437500000009 
0.17187500000000905 
0.16843750000000904 
0.16812500000000904 
0.18312500000000906 
0.129375000000009 
0.15187500000000903 
0.2568750000000091 
0.17093750000000904 
0.10343750000000901 
0.25312500000000915 
0.11562500000000898 
0.16937500000000905 
0.18437500000000906 
0.18187500000000906 
0.16812500000000904 
0.088125000000009 
0.17343750000000904 
0.2543750000000091 
0.13812500000000902 
0.128125000000009 
0.18437500000000906 
0.25343750000000914 
0.16812500000000904 
0.16843750000000904 
0.17062500000000905 
0.25312500000000915 
0.128125000000009 
0.16968750000000904 
0.25812500000000915 
0.25312500000000915 
0.2518750000000091 
0.2593750000000091 
0.2518750000000091 
0.2518750000000091 
0.2518750000000091 
0.34562500000000923 
0.2518750000000091 
0.2518750000000091 
0.2593750000000091 
0.16812500000000904 
0.16812500000000904 
0.17062500000000905 
0.17062500000000905 
0.2518750000000091 
0.2518750000000091 
0.2518750000000091 
0.14812500000000903 
0.2518750000000091 
0.17062500000000905 
0.17312500000000905 
0.16843750000000904 
0.128125000000009 
0.125937500000009 
0.18468750000000905 
0.126875000000009 
0.126875000000009 
0.13937500000000902 
0.17062500000000905 
0.2518750000000091 
0.16843750000000904 
0.125937500000009 
0.126875000000009 
0.2218750000000091 
0.15812500000000904 
0.128437500000009 
0.16812500000000904 
0.127187500000009 
0.25312500000000915 
0.2518750000000091 
0.18562500000000906 
0.16937500000000905 
0.17343750000000904 
0.16812500000000904 
0.13937500000000902 
0.16812500000000904 
0.16812500000000904 
0.16968750000000904 
0.17062500000000905 
0.25218750000000917 
0.25812500000000915 
0.17062500000000905 
0.2518750000000091 
0.17062500000000905 
0.110625000000009 
0.17343750000000904 
0.2518750000000091 
0.18687500000000906 
0.2518750000000091 
0.13562500000000902 
0.116875000000009 
0.16843750000000904 
0.17062500000000905 
0.16812500000000904 
0.089375000000009 
0.17312500000000905 
0.10218750000000901 
0.19312500000000907 
0.17062500000000905 
0.2518750000000091 
0.130625000000009 
0.17187500000000905 
0.101875000000009 
0.2518750000000091 
0.125625000000009 
0.127187500000009 
0.17062500000000905 
0.2521875000000091 
0.126875000000009 
0.25218750000000917 
0.17562500000000905 
0.18687500000000906 
0.17687500000000905 
0.10562500000000899 
0.127187500000009 
0.16937500000000905 
0.25312500000000915 
0.14062500000000902 
0.129687500000009 
0.127187500000009 
0.130625000000009 
0.17062500000000905 
0.091875000000009 
0.25312500000000915 
0.17062500000000905 
0.26187500000000913 
0.2518750000000091 
0.17062500000000905 
0.16812500000000904 
0.17093750000000904 
0.2518750000000091 
0.125937500000009 
0.25312500000000915 
0.17187500000000905 
0.35062500000000923 
0.110625000000009 
0.17312500000000905 
0.21187500000000908 
