0.2518750000000091 
0.16812500000000904 
0.26062500000000915 
0.26062500000000915 
0.10687500000000898 
0.130625000000009 
0.16812500000000904 
0.126875000000009 
0.16937500000000905 
0.2568750000000091 
0.16937500000000905 
0.101875000000009 
0.17562500000000905 
0.18687500000000906 
0.085625000000009 
0.10812500000000898 
0.2518750000000091 
0.131875000000009 
0.2568750000000091 
0.16812500000000904 
0.17312500000000905 
0.2543750000000091 
0.18187500000000906 
0.2518750000000091 
0.129375000000009 
0.2518750000000091 
0.10218750000000901 
0.16937500000000905 
0.106875000000009 
0.2518750000000091 
0.2518750000000091 
0.16937500000000905 
0.25312500000000915 
0.129375000000009 
0.13562500000000902 
0.105625000000009 
0.13687500000000902 
0.16812500000000904 
0.17562500000000905 
0.18468750000000905 
0.17562500000000905 
0.128125000000009 
0.17218750000000904 
0.16937500000000905 
0.130625000000009 
0.17062500000000905 
0.2518750000000091 
0.18312500000000906 
0.113125000000009 
0.14062500000000902 
0.127187500000009 
0.105625000000009 
0.17312500000000905 
0.129687500000009 
0.131875000000009 
0.17062500000000905 
0.16937500000000905 
0.126875000000009 
0.18062500000000906 
0.17093750000000904 
0.130937500000009 
0.086875000000009 
0.25343750000000914 
0.2518750000000091 
0.2518750000000091 
0.10937500000000899 
0.16812500000000904 
0.25312500000000915 
0.134687500000009 
0.11812500000000899 
0.19062500000000906 
0.2518750000000091 
0.18437500000000906 
0.25562500000000915 
0.18812500000000906 
0.17093750000000904 
0.16937500000000905 
0.17687500000000905 
0.16812500000000904 
0.16812500000000904 
0.13937500000000902 
0.130625000000009 
0.17312500000000905 
0.16812500000000904 
0.2518750000000091 
0.25093750000000914 
0.16843750000000904 
0.127187500000009 
0.16812500000000904 
0.25312500000000915 
0.2518750000000091 
0.3356250000000092 
0.16812500000000904 
0.128125000000009 
0.10437500000000899 
0.16937500000000905 
0.17187500000000905 
0.18062500000000906 
0.13812500000000902 
0.2518750000000091 
0.20062500000000907 
0.17062500000000905 
0.127187500000009 
0.18437500000000906 
0.13937500000000902 
0.2518750000000091 
0.15687500000000903 
0.2621875000000092 
0.128125000000009 
0.2518750000000091 
0.16843750000000904 
0.21187500000000908 
0.129375000000009 
0.2518750000000091 
0.17187500000000905 
0.128125000000009 
0.17093750000000904 
0.21312500000000908 
0.18312500000000906 
0.2518750000000091 
0.128125000000009 
0.17062500000000905 
0.2518750000000091 
0.129687500000009 
0.16843750000000904 
0.2543750000000091 
0.25312500000000915 
0.2518750000000091 
0.16937500000000905 
0.16968750000000904 
0.125937500000009 
0.129375000000009 
0.128125000000009 
0.16937500000000905 
0.25312500000000915 
0.126875000000009 
0.16843750000000904 
0.25312500000000915 
0.25312500000000915 
0.126093750000009 
0.14312500000000902 
0.17812500000000905 
0.17968750000000905 
0.27562500000000917 
0.25312500000000915 
0.25562500000000915 
0.16937500000000905 
0.2518750000000091 
0.10718750000000901 
0.17218750000000904 
0.16812500000000904 
0.18187500000000906 
0.2518750000000091 
0.16937500000000905 
0.19937500000000907 
0.13687500000000902 
0.25218750000000917 
0.131875000000009 
0.17562500000000905 
0.2518750000000091 
0.13937500000000902 
0.16812500000000904 
0.2946875000000092 
0.10343750000000901 
0.17312500000000905 
0.126875000000009 
0.14187500000000902 
0.134687500000009 
0.25312500000000915 
0.08562500000000901 
0.16843750000000904 
0.2518750000000091 
0.2518750000000091 
0.16812500000000904 
0.10812500000000899 
0.16812500000000904 
0.17093750000000904 
0.091875000000009 
0.127187500000009 
0.16843750000000904 
0.128125000000009 
0.25312500000000915 
0.16812500000000904 
0.16937500000000905 
0.10437500000000899 
0.13687500000000902 
0.17187500000000905 
0.25093750000000914 
0.131875000000009 
0.2518750000000091 
0.17187500000000905 
0.14218750000000902 
0.2518750000000091 
0.127187500000009 
0.13687500000000902 
0.16812500000000904 
0.29187500000000915 
0.16937500000000905 
0.25312500000000915 
0.25218750000000917 
0.2518750000000091 
0.17062500000000905 
0.17062500000000905 
0.2518750000000091 
0.128125000000009 
0.10812500000000899 
0.2518750000000091 
0.103125000000009 
0.129375000000009 
0.16812500000000904 
0.17062500000000905 
0.2518750000000091 
0.129375000000009 
0.16937500000000905 
0.16812500000000904 
0.103125000000009 
0.13312500000000901 
0.131875000000009 
0.126875000000009 
0.104375000000009 
0.16812500000000904 
0.16812500000000904 
0.17812500000000905 
0.129687500000009 
0.14312500000000902 
0.34562500000000923 
0.26937500000000913 
0.13812500000000902 
0.25093750000000914 
0.25312500000000915 
0.126875000000009 
0.105625000000009 
0.17312500000000905 
0.131875000000009 
0.3406250000000092 
0.26593750000000915 
0.130625000000009 
0.129375000000009 
0.2543750000000091 
0.25312500000000915 
0.10812500000000899 
0.13562500000000902 
0.127187500000009 
0.16937500000000905 
0.15062500000000903 
0.14437500000000902 
0.16812500000000904 
0.128437500000009 
0.17437500000000905 
0.16812500000000904 
