0.11562500000000898 
0.2518750000000091 
0.128125000000009 
0.2518750000000091 
0.10187500000000899 
0.16812500000000904 
0.130625000000009 
0.126875000000009 
0.13812500000000902 
0.17187500000000905 
0.13312500000000901 
0.16812500000000904 
0.25218750000000917 
0.127187500000009 
0.25312500000000915 
0.130625000000009 
0.2518750000000091 
0.2518750000000091 
0.10218750000000901 
0.17062500000000905 
0.16937500000000905 
0.17062500000000905 
0.16937500000000905 
0.2593750000000091 
0.17187500000000905 
0.17562500000000905 
0.16937500000000905 
0.2518750000000091 
0.126875000000009 
0.25218750000000917 
0.26187500000000913 
0.10687500000000899 
0.18937500000000906 
0.27187500000000914 
0.16812500000000904 
0.127187500000009 
0.25593750000000914 
0.16812500000000904 
0.086875000000009 
0.131875000000009 
0.17187500000000905 
0.17062500000000905 
0.16968750000000904 
0.125937500000009 
0.2518750000000091 
0.16843750000000904 
0.17562500000000905 
0.2518750000000091 
0.25093750000000914 
0.100937500000009 
0.18437500000000906 
0.26062500000000915 
0.089375000000009 
0.16968750000000904 
0.17093750000000904 
0.090625000000009 
0.16937500000000905 
0.17062500000000905 
0.10718750000000901 
0.126875000000009 
0.17562500000000905 
0.16812500000000904 
0.17312500000000905 
0.128125000000009 
0.13437500000000902 
0.13312500000000901 
0.16812500000000904 
0.2543750000000091 
0.21187500000000908 
0.16812500000000904 
0.2518750000000091 
0.16937500000000905 
0.128125000000009 
0.103125000000009 
0.25218750000000917 
0.17093750000000904 
0.11437500000000898 
0.101875000000009 
0.2518750000000091 
0.2568750000000091 
0.2518750000000091 
0.16812500000000904 
0.13562500000000902 
0.127187500000009 
0.16937500000000905 
0.128125000000009 
0.17062500000000905 
0.16937500000000905 
0.132187500000009 
0.129375000000009 
0.111875000000009 
0.18687500000000906 
0.13812500000000902 
0.16812500000000904 
0.125937500000009 
0.2518750000000091 
0.2518750000000091 
0.2518750000000091 
0.16937500000000905 
0.16968750000000904 
0.133437500000009 
0.2518750000000091 
0.129375000000009 
0.13437500000000902 
0.16843750000000904 
0.17187500000000905 
0.2518750000000091 
0.129375000000009 
0.18062500000000906 
0.126875000000009 
0.16937500000000905 
0.2518750000000091 
0.10937500000000899 
0.2518750000000091 
0.2593750000000092 
0.26187500000000913 
0.130625000000009 
0.16937500000000905 
0.17062500000000905 
0.14312500000000902 
0.129687500000009 
0.130625000000009 
0.2518750000000091 
0.15187500000000903 
0.16843750000000904 
0.16812500000000904 
0.2518750000000091 
0.2521875000000091 
0.13812500000000902 
0.25218750000000917 
0.126875000000009 
0.16812500000000904 
0.16812500000000904 
0.16843750000000904 
0.16812500000000904 
0.2518750000000091 
0.2568750000000091 
0.17937500000000905 
0.129375000000009 
0.131875000000009 
0.110625000000009 
0.16812500000000904 
0.16812500000000904 
0.16937500000000905 
0.126875000000009 
0.16812500000000904 
0.25562500000000915 
0.103125000000009 
0.2996875000000092 
0.25562500000000915 
0.2518750000000091 
0.127187500000009 
0.25218750000000917 
0.19062500000000906 
0.25312500000000915 
0.129375000000009 
0.18312500000000906 
0.125937500000009 
0.16812500000000904 
0.16812500000000904 
0.16968750000000904 
0.17187500000000905 
0.18687500000000906 
0.16937500000000905 
0.13687500000000902 
0.126875000000009 
0.13562500000000902 
0.16812500000000904 
0.2518750000000091 
0.126875000000009 
0.25343750000000914 
0.16937500000000905 
0.14968750000000902 
0.2518750000000091 
0.16843750000000904 
0.128437500000009 
0.25093750000000914 
0.16843750000000904 
0.17062500000000905 
0.08468750000000902 
0.2518750000000091 
0.27093750000000916 
0.17062500000000905 
0.10812500000000899 
0.25312500000000915 
0.17937500000000905 
0.2518750000000091 
0.103125000000009 
0.13687500000000902 
0.2518750000000091 
0.16843750000000904 
0.16937500000000905 
0.17062500000000905 
0.17593750000000904 
0.17312500000000905 
0.17718750000000905 
0.17187500000000905 
0.129375000000009 
0.17093750000000904 
0.16843750000000904 
0.25593750000000914 
0.131875000000009 
0.113125000000009 
0.17187500000000905 
0.2518750000000091 
0.17062500000000905 
0.2543750000000091 
0.17187500000000905 
0.16812500000000904 
0.130625000000009 
0.13687500000000902 
0.25093750000000914 
0.2543750000000091 
0.2518750000000091 
0.129687500000009 
0.09312500000000899 
0.10687500000000899 
0.16937500000000905 
0.125937500000009 
0.2518750000000091 
0.16937500000000905 
0.2518750000000091 
0.16843750000000904 
0.2518750000000091 
0.18187500000000906 
0.16937500000000905 
0.129375000000009 
0.129375000000009 
0.17187500000000905 
0.25843750000000915 
0.2518750000000091 
0.2543750000000091 
0.103125000000009 
0.11062500000000898 
0.130625000000009 
0.2568750000000091 
0.103125000000009 
0.2518750000000091 
0.2518750000000091 
0.17062500000000905 
0.10937500000000899 
0.129375000000009 
0.16843750000000904 
0.2518750000000091 
0.16937500000000905 
0.15093750000000902 
0.16968750000000904 
0.25812500000000915 
0.16968750000000904 
0.17187500000000905 
