0.14187500000000902 
0.126875000000009 
0.16812500000000904 
0.130937500000009 
0.26062500000000915 
0.17312500000000905 
0.129375000000009 
0.17187500000000905 
0.17062500000000905 
0.128125000000009 
0.16812500000000904 
0.17562500000000905 
0.135937500000009 
0.130625000000009 
0.16812500000000904 
0.25312500000000915 
0.17312500000000905 
0.086875000000009 
0.126875000000009 
0.2518750000000091 
0.2518750000000091 
0.25312500000000915 
0.25812500000000915 
0.14062500000000902 
0.25593750000000914 
0.16812500000000904 
0.17062500000000905 
0.2593750000000091 
0.125937500000009 
0.13687500000000902 
0.16937500000000905 
0.104375000000009 
0.17312500000000905 
0.13687500000000902 
0.130625000000009 
0.16812500000000904 
0.25312500000000915 
0.18718750000000905 
0.25093750000000914 
0.10343750000000901 
0.17312500000000905 
0.2518750000000091 
0.17562500000000905 
0.2518750000000091 
0.17437500000000905 
0.16968750000000904 
0.17812500000000905 
0.25312500000000915 
0.2518750000000091 
0.126875000000009 
0.18343750000000905 
0.16968750000000904 
0.17187500000000905 
0.129375000000009 
0.17312500000000905 
0.135937500000009 
0.09687500000000898 
0.127187500000009 
0.129375000000009 
0.17062500000000905 
0.17062500000000905 
0.16812500000000904 
0.26062500000000915 
0.25312500000000915 
0.110625000000009 
0.16812500000000904 
0.13562500000000902 
0.128125000000009 
0.16937500000000905 
0.128125000000009 
0.2518750000000091 
0.16812500000000904 
0.16937500000000905 
0.128125000000009 
0.101875000000009 
0.17187500000000905 
0.2518750000000091 
0.2568750000000091 
0.128125000000009 
0.129375000000009 
0.26062500000000915 
0.128125000000009 
0.25093750000000914 
0.128125000000009 
0.2518750000000091 
0.21062500000000908 
0.128437500000009 
0.13937500000000902 
0.17187500000000905 
0.104375000000009 
0.2521875000000091 
0.25812500000000915 
0.126875000000009 
0.25562500000000915 
0.128125000000009 
0.127187500000009 
0.2543750000000091 
0.17093750000000904 
0.125937500000009 
0.13437500000000902 
0.126875000000009 
0.133437500000009 
0.25093750000000914 
0.17312500000000905 
0.130625000000009 
0.16937500000000905 
0.13437500000000902 
0.2543750000000091 
0.129375000000009 
0.08593750000000902 
0.17218750000000904 
0.2518750000000091 
0.16968750000000904 
0.25312500000000915 
0.25312500000000915 
0.18062500000000906 
0.16937500000000905 
0.16843750000000904 
0.104375000000009 
0.17343750000000904 
0.13562500000000902 
0.26062500000000915 
0.13687500000000902 
0.26187500000000913 
0.2518750000000091 
0.17062500000000905 
0.18562500000000906 
0.16812500000000904 
0.16843750000000904 
0.16812500000000904 
0.130625000000009 
0.106875000000009 
0.28437500000000915 
0.2518750000000091 
0.11437500000000898 
0.16843750000000904 
0.18437500000000906 
0.19437500000000907 
0.16812500000000904 
0.10343750000000901 
0.127187500000009 
0.16937500000000905 
0.17937500000000905 
0.16843750000000904 
0.19812500000000907 
0.17562500000000905 
0.17687500000000905 
0.2518750000000091 
0.2518750000000091 
0.16843750000000904 
0.2518750000000091 
0.16812500000000904 
0.17187500000000905 
0.17187500000000905 
0.2518750000000091 
0.16843750000000904 
0.2518750000000091 
0.17187500000000905 
0.25093750000000914 
0.17093750000000904 
0.16968750000000904 
0.16812500000000904 
0.16843750000000904 
0.14687500000000903 
0.2518750000000091 
0.125625000000009 
0.25312500000000915 
0.17218750000000904 
0.2518750000000091 
0.13312500000000901 
0.2518750000000091 
0.16812500000000904 
0.10687500000000899 
0.13937500000000902 
0.17437500000000905 
0.08718750000000902 
0.2518750000000091 
0.128437500000009 
0.09687500000000898 
0.17187500000000905 
0.2518750000000091 
0.17062500000000905 
0.130625000000009 
0.10812500000000899 
0.16843750000000904 
0.2518750000000091 
0.17187500000000905 
0.16968750000000904 
0.125937500000009 
0.25218750000000917 
0.105625000000009 
0.2518750000000091 
0.13687500000000902 
0.16937500000000905 
0.2518750000000091 
0.110625000000009 
0.2518750000000091 
0.128125000000009 
0.18687500000000906 
0.17187500000000905 
0.14562500000000903 
0.129375000000009 
0.127187500000009 
0.25312500000000915 
0.16843750000000904 
0.2518750000000091 
0.17312500000000905 
0.16937500000000905 
0.16812500000000904 
0.16937500000000905 
0.16812500000000904 
0.2518750000000091 
0.17437500000000905 
0.17218750000000904 
0.2268750000000091 
0.2518750000000091 
0.16968750000000904 
0.126875000000009 
0.16812500000000904 
0.17937500000000905 
0.2518750000000091 
0.2518750000000091 
0.16812500000000904 
0.16812500000000904 
0.2571875000000092 
0.2518750000000091 
0.18062500000000906 
0.2518750000000091 
0.10437500000000899 
0.129687500000009 
0.10937500000000899 
0.13562500000000902 
0.130625000000009 
0.11687500000000899 
0.17437500000000905 
0.26312500000000916 
0.15062500000000903 
0.17093750000000904 
0.128437500000009 
0.17343750000000904 
0.110625000000009 
0.126875000000009 
0.17437500000000905 
0.25562500000000915 
0.17687500000000905 
0.18468750000000905 
0.17062500000000905 
0.125937500000009 
0.126875000000009 
0.2518750000000091 
