0.17343750000000904 
0.13312500000000901 
0.129375000000009 
0.16843750000000904 
0.17187500000000905 
0.16812500000000904 
0.128125000000009 
0.16968750000000904 
0.2518750000000091 
0.10687500000000899 
0.133437500000009 
0.10437500000000899 
0.2518750000000091 
0.128125000000009 
0.14937500000000903 
0.16937500000000905 
0.131875000000009 
0.13812500000000902 
0.128125000000009 
0.101875000000009 
0.129687500000009 
0.14062500000000902 
0.16843750000000904 
0.127187500000009 
0.14812500000000903 
0.2518750000000091 
0.16937500000000905 
0.19562500000000907 
0.131875000000009 
0.11562500000000898 
0.25593750000000914 
0.2518750000000091 
0.129375000000009 
0.16968750000000904 
0.25218750000000917 
0.094375000000009 
0.27312500000000917 
0.16937500000000905 
0.2518750000000091 
0.16968750000000904 
0.14312500000000902 
0.25562500000000915 
0.17062500000000905 
0.25093750000000914 
0.089375000000009 
0.17312500000000905 
0.127187500000009 
0.17062500000000905 
0.17062500000000905 
0.130937500000009 
0.16843750000000904 
0.2543750000000091 
0.16812500000000904 
0.18562500000000906 
0.115625000000009 
0.2518750000000091 
0.17437500000000905 
0.16937500000000905 
0.129375000000009 
0.130625000000009 
0.16937500000000905 
0.16843750000000904 
0.2593750000000091 
0.2593750000000091 
0.17062500000000905 
0.16812500000000904 
0.2518750000000091 
0.17187500000000905 
0.25218750000000917 
0.2518750000000091 
0.17312500000000905 
0.128125000000009 
0.16437500000000904 
0.127187500000009 
0.111875000000009 
0.17187500000000905 
0.09437500000000898 
0.25312500000000915 
0.17687500000000905 
0.104375000000009 
0.17812500000000905 
0.18687500000000906 
0.2543750000000091 
0.16937500000000905 
0.25312500000000915 
0.25218750000000917 
0.13687500000000902 
0.17687500000000905 
0.2543750000000091 
0.17812500000000905 
0.13937500000000902 
0.126875000000009 
0.108125000000009 
0.16937500000000905 
0.128125000000009 
0.25218750000000917 
0.25593750000000914 
0.17187500000000905 
0.10687500000000899 
0.16937500000000905 
0.16937500000000905 
0.16812500000000904 
0.16937500000000905 
0.2521875000000091 
0.14437500000000902 
0.131875000000009 
0.2518750000000091 
0.17093750000000904 
0.17812500000000905 
0.18312500000000906 
0.16812500000000904 
0.2518750000000091 
0.16937500000000905 
0.2518750000000091 
0.2518750000000091 
0.16968750000000904 
0.25312500000000915 
0.126875000000009 
0.16812500000000904 
0.25218750000000917 
0.25343750000000914 
0.14812500000000903 
0.16937500000000905 
0.16843750000000904 
0.15437500000000903 
0.13562500000000902 
0.25562500000000915 
0.16812500000000904 
0.16812500000000904 
0.17093750000000904 
0.25312500000000915 
0.110625000000009 
0.13562500000000902 
0.21187500000000908 
0.126875000000009 
0.16812500000000904 
0.17562500000000905 
0.17468750000000904 
0.127187500000009 
0.17312500000000905 
0.14062500000000902 
0.2518750000000091 
0.126875000000009 
0.2518750000000091 
0.15562500000000903 
0.128437500000009 
0.17093750000000904 
0.17562500000000905 
0.2518750000000091 
0.18312500000000906 
0.104375000000009 
0.17093750000000904 
0.16812500000000904 
0.16812500000000904 
0.103125000000009 
0.2518750000000091 
0.25343750000000914 
0.17312500000000905 
0.25218750000000917 
0.13437500000000902 
0.16812500000000904 
0.129375000000009 
0.16812500000000904 
0.25093750000000914 
0.100937500000009 
0.25343750000000914 
0.2518750000000091 
0.2518750000000091 
0.13687500000000902 
0.10687500000000899 
0.17718750000000905 
0.10218750000000901 
0.2518750000000091 
0.2518750000000091 
0.17062500000000905 
0.18187500000000906 
0.16843750000000904 
0.18437500000000906 
0.19312500000000907 
0.25468750000000917 
0.16937500000000905 
0.16812500000000904 
0.129687500000009 
0.21187500000000908 
0.2518750000000091 
0.15187500000000903 
0.16812500000000904 
0.127187500000009 
0.16937500000000905 
0.17343750000000904 
0.2521875000000091 
0.20843750000000907 
0.16843750000000904 
0.2518750000000091 
0.16812500000000904 
0.16937500000000905 
0.17062500000000905 
0.17062500000000905 
0.2596875000000092 
0.16812500000000904 
0.130625000000009 
0.16812500000000904 
0.16937500000000905 
0.16937500000000905 
0.2543750000000091 
0.25593750000000914 
0.25562500000000915 
0.25218750000000917 
0.16812500000000904 
0.09312500000000899 
0.25312500000000915 
0.21343750000000908 
0.129375000000009 
0.16937500000000905 
0.16812500000000904 
0.16968750000000904 
0.2593750000000091 
0.17218750000000904 
0.17187500000000905 
0.16968750000000904 
0.25593750000000914 
0.10437500000000899 
0.26312500000000916 
0.25218750000000917 
0.18437500000000906 
0.135937500000009 
0.17312500000000905 
0.16937500000000905 
0.129375000000009 
0.25562500000000915 
0.25312500000000915 
0.2518750000000091 
0.20437500000000908 
0.17312500000000905 
0.17187500000000905 
0.132187500000009 
0.133437500000009 
0.2518750000000091 
0.18937500000000906 
0.18187500000000906 
0.17187500000000905 
0.25343750000000914 
0.17437500000000905 
0.16812500000000904 
0.2518750000000091 
0.16843750000000904 
0.2518750000000091 
0.17062500000000905 
0.25312500000000915 
0.2593750000000091 
