0.20218750000000907 
0.5021875000000093 
0.3618750000000092 
0.2543750000000091 
0.18187500000000906 
0.17468750000000904 
0.3356250000000092 
0.20812500000000908 
0.20109375000000906 
0.5071875000000093 
0.20312500000000908 
0.2560937500000091 
0.20968750000000907 
0.5006250000000094 
0.3343750000000092 
0.20312500000000908 
0.5006250000000094 
0.2510937500000091 
0.5031250000000094 
0.25343750000000914 
0.3406250000000092 
0.20187500000000907 
0.3409375000000092 
0.26062500000000915 
0.3356250000000092 
0.26062500000000915 
0.3371875000000092 
0.2543750000000091 
0.25562500000000915 
0.25312500000000915 
0.3468750000000092 
0.20687500000000908 
0.2510937500000091 
0.27562500000000917 
0.3360937500000092 
0.130937500000009 
0.17062500000000905 
0.20718750000000907 
0.3343750000000092 
0.3359375000000092 
0.20062500000000907 
0.2518750000000091 
0.5009375000000094 
0.5031250000000094 
0.20234375000000906 
0.20687500000000908 
0.3359375000000092 
0.3343750000000092 
0.3356250000000092 
0.2646875000000092 
0.20218750000000907 
0.25312500000000915 
0.5031250000000094 
0.25343750000000914 
0.3421875000000092 
0.16937500000000905 
0.2543750000000091 
0.26937500000000913 
0.20218750000000907 
0.16812500000000904 
0.26062500000000915 
0.3346875000000092 
0.25093750000000914 
0.3343750000000092 
0.3385937500000092 
0.27187500000000914 
0.5006250000000094 
0.2721875000000092 
0.3346875000000092 
0.25312500000000915 
0.20593750000000907 
0.26843750000000915 
0.21343750000000908 
0.25562500000000915 
0.3368750000000092 
0.5009375000000094 
0.20218750000000907 
0.27187500000000914 
0.3393750000000092 
0.20593750000000907 
0.18968750000000906 
0.3418750000000092 
0.5056250000000094 
0.2535937500000091 
0.3393750000000092 
0.20718750000000907 
0.20718750000000907 
0.26437500000000913 
0.5146875000000093 
0.14937500000000903 
0.2518750000000091 
0.2543750000000091 
0.21218750000000908 
0.20312500000000908 
0.21062500000000908 
0.25343750000000914 
0.25312500000000915 
0.5093750000000093 
0.3359375000000092 
0.5010937500000094 
0.3343750000000092 
0.3343750000000092 
0.129687500000009 
0.25343750000000914 
0.34812500000000923 
0.2510937500000091 
0.20312500000000908 
0.2518750000000091 
0.3360937500000092 
0.27437500000000914 
0.2510937500000091 
0.20812500000000908 
0.5006250000000094 
0.20812500000000908 
0.2521875000000091 
0.5009375000000094 
0.3384375000000092 
0.5006250000000094 
0.5009375000000094 
0.20343750000000907 
0.17093750000000904 
0.5018750000000094 
0.25062500000000915 
0.25312500000000915 
0.21093750000000908 
0.5023437500000094 
0.2518750000000091 
0.3381250000000092 
0.2571875000000091 
0.3356250000000092 
0.20937500000000908 
0.25062500000000915 
0.26187500000000913 
0.3346875000000092 
0.35562500000000924 
0.14687500000000903 
0.3343750000000092 
0.20234375000000906 
0.20937500000000908 
0.25812500000000915 
0.36593750000000924 
0.5043750000000093 
0.2543750000000091 
0.3343750000000092 
0.5006250000000094 
0.3359375000000092 
0.5081250000000094 
0.3346875000000092 
0.2521875000000091 
0.20968750000000907 
0.35812500000000924 
0.19312500000000907 
0.35343750000000923 
0.3343750000000092 
0.2521875000000091 
0.3396875000000092 
0.3393750000000092 
0.26312500000000916 
0.2610937500000091 
0.2523437500000091 
0.2543750000000091 
0.2518750000000091 
0.3443750000000092 
0.16843750000000904 
0.2518750000000091 
0.33484375000000915 
0.20187500000000907 
0.20687500000000908 
0.3346875000000092 
0.36312500000000925 
0.3671875000000092 
0.3418750000000092 
0.5056250000000094 
0.5118750000000094 
0.16812500000000904 
0.2568750000000091 
0.20062500000000907 
0.3493750000000092 
0.3398437500000092 
0.17093750000000904 
0.17093750000000904 
0.26937500000000913 
0.21187500000000908 
0.16812500000000904 
0.17593750000000904 
0.5018750000000094 
0.2510937500000091 
0.21187500000000908 
0.3418750000000092 
0.20187500000000907 
0.20593750000000907 
0.36562500000000925 
0.25343750000000914 
0.3346875000000092 
0.2543750000000091 
0.3343750000000092 
0.16812500000000904 
0.16812500000000904 
0.21187500000000908 
0.21187500000000908 
0.25343750000000914 
0.17062500000000905 
0.35062500000000923 
0.18187500000000906 
0.21218750000000908 
0.20968750000000907 
0.20312500000000908 
0.14812500000000903 
0.3343750000000092 
0.33734375000000916 
0.20562500000000908 
0.3343750000000092 
0.17062500000000905 
0.5034375000000093 
0.5006250000000094 
0.20687500000000908 
0.2535937500000091 
0.20312500000000908 
0.5018750000000094 
0.3343750000000092 
0.5006250000000094 
0.33984375000000916 
0.37093750000000925 
0.20609375000000907 
0.26937500000000913 
0.16937500000000905 
0.3384375000000092 
0.3393750000000092 
0.20484375000000907 
0.28437500000000915 
0.14718750000000902 
0.26687500000000913 
0.26343750000000915 
0.16968750000000904 
0.16812500000000904 
0.5034375000000093 
0.14343750000000902 
0.3409375000000092 
0.5034375000000093 
0.3343750000000092 
0.3343750000000092 
0.2181250000000091 
0.3368750000000092 
0.34968750000000925 
0.25562500000000915 
0.5018750000000094 
0.20937500000000908 
0.3596875000000092 
0.20312500000000908 
0.26843750000000915 
