0.2518750000000091 
0.18968750000000906 
0.111875000000009 
0.110625000000009 
0.16937500000000905 
0.125937500000009 
0.129687500000009 
0.17937500000000905 
0.25812500000000915 
0.10343750000000901 
0.25312500000000915 
0.16937500000000905 
0.17218750000000904 
0.17187500000000905 
0.16812500000000904 
0.17062500000000905 
0.126875000000009 
0.16812500000000904 
0.16812500000000904 
0.2518750000000091 
0.16843750000000904 
0.17187500000000905 
0.128437500000009 
0.14562500000000903 
0.18687500000000906 
0.18187500000000906 
0.135937500000009 
0.13312500000000901 
0.126875000000009 
0.18312500000000906 
0.131875000000009 
0.16843750000000904 
0.17937500000000905 
0.110625000000009 
0.16812500000000904 
0.126875000000009 
0.25562500000000915 
0.17937500000000905 
0.2518750000000091 
0.17312500000000905 
0.13437500000000902 
0.10437500000000899 
0.16812500000000904 
0.25312500000000915 
0.2518750000000091 
0.18937500000000906 
0.18437500000000906 
0.14437500000000902 
0.126875000000009 
0.25562500000000915 
0.18062500000000906 
0.25562500000000915 
0.16937500000000905 
0.2593750000000091 
0.16812500000000904 
0.26093750000000915 
0.20062500000000907 
0.2806250000000092 
0.101875000000009 
0.10562500000000899 
0.131875000000009 
0.16937500000000905 
0.13312500000000901 
0.2518750000000091 
0.25312500000000915 
0.126875000000009 
0.17062500000000905 
0.126875000000009 
0.17687500000000905 
0.18437500000000906 
0.128125000000009 
0.104375000000009 
0.2518750000000091 
0.25093750000000914 
0.129375000000009 
0.16812500000000904 
0.11812500000000899 
0.2518750000000091 
0.16812500000000904 
0.2518750000000091 
0.2518750000000091 
0.2518750000000091 
0.126875000000009 
0.18562500000000906 
0.14187500000000902 
0.16843750000000904 
0.2518750000000091 
0.2518750000000091 
0.16937500000000905 
0.17187500000000905 
0.104375000000009 
0.11812500000000899 
0.100937500000009 
0.12312500000000899 
0.126875000000009 
0.08562500000000901 
0.16812500000000904 
0.130625000000009 
0.16812500000000904 
0.130625000000009 
0.25093750000000914 
0.16937500000000905 
0.18437500000000906 
0.09187500000000899 
0.2518750000000091 
0.16937500000000905 
0.2518750000000091 
0.17062500000000905 
0.2518750000000091 
0.13687500000000902 
0.17062500000000905 
0.21312500000000908 
0.16812500000000904 
0.100937500000009 
0.17437500000000905 
0.16812500000000904 
0.101875000000009 
0.18937500000000906 
0.17687500000000905 
0.130625000000009 
0.110625000000009 
0.17437500000000905 
0.18437500000000906 
0.2543750000000091 
0.25812500000000915 
0.2618750000000092 
0.16812500000000904 
0.131875000000009 
0.25312500000000915 
0.13437500000000902 
0.13562500000000902 
0.17312500000000905 
0.16812500000000904 
0.2518750000000091 
0.125937500000009 
0.16812500000000904 
0.17093750000000904 
0.13812500000000902 
0.128437500000009 
0.2543750000000091 
0.26687500000000913 
0.2518750000000091 
0.10187500000000899 
0.16937500000000905 
0.16812500000000904 
0.2518750000000091 
0.18312500000000906 
0.13437500000000902 
0.16968750000000904 
0.17062500000000905 
0.2518750000000091 
0.2518750000000091 
0.10937500000000899 
0.17812500000000905 
0.16812500000000904 
0.16937500000000905 
0.16812500000000904 
0.19187500000000907 
0.16812500000000904 
0.110625000000009 
0.129375000000009 
0.18812500000000906 
0.130625000000009 
0.17812500000000905 
0.2521875000000091 
0.2518750000000092 
0.25468750000000917 
0.2518750000000091 
0.2518750000000091 
0.17812500000000905 
0.126093750000009 
0.126875000000009 
0.2568750000000091 
0.25093750000000914 
0.2568750000000091 
0.127187500000009 
0.16812500000000904 
0.13562500000000902 
0.16843750000000904 
0.17062500000000905 
0.17312500000000905 
0.21062500000000908 
0.125937500000009 
0.13437500000000902 
0.3381250000000092 
0.2518750000000091 
0.25218750000000917 
0.13437500000000902 
0.2518750000000091 
0.126875000000009 
0.17937500000000905 
0.25312500000000915 
0.133437500000009 
0.17562500000000905 
0.128125000000009 
0.138437500000009 
0.2543750000000091 
0.17187500000000905 
0.17062500000000905 
0.127187500000009 
0.16843750000000904 
0.12312500000000899 
0.2543750000000091 
0.16968750000000904 
0.18687500000000906 
0.15062500000000903 
0.25562500000000915 
0.126875000000009 
0.17687500000000905 
0.2518750000000091 
0.16843750000000904 
0.09312500000000899 
0.25593750000000914 
0.10687500000000899 
0.10437500000000899 
0.131875000000009 
0.105625000000009 
0.2543750000000091 
0.130625000000009 
0.16812500000000904 
0.108437500000009 
0.08312500000000898 
0.16812500000000904 
0.25562500000000915 
0.125937500000009 
0.128125000000009 
0.127187500000009 
0.130625000000009 
0.25312500000000915 
0.2518750000000091 
0.16812500000000904 
0.13562500000000902 
0.2621875000000092 
0.13562500000000902 
0.19187500000000907 
0.16937500000000905 
0.2521875000000091 
0.128125000000009 
0.18312500000000906 
0.16843750000000904 
0.2518750000000091 
0.084375000000009 
0.16937500000000905 
0.16937500000000905 
0.129375000000009 
0.16937500000000905 
0.16968750000000904 
0.2518750000000091 
0.14562500000000903 
0.19437500000000907 
