0.071875000000009 
0.09062500000000899 
0.10937500000000898 
0.07062500000000901 
0.07812500000000899 
0.10687500000000899 
0.080625000000009 
0.09812500000000898 
0.058125000000009 
0.10437500000000899 
0.076875000000009 
0.081875000000009 
0.075625000000009 
0.10562500000000899 
0.10437500000000899 
0.104375000000009 
0.08437500000000898 
0.10687500000000899 
0.10562500000000899 
0.08187500000000901 
0.07062500000000901 
0.071875000000009 
0.084375000000009 
0.081875000000009 
0.079375000000009 
0.076875000000009 
0.07937500000000901 
0.074375000000009 
0.07687500000000899 
0.073125000000009 
0.08062500000000901 
0.10812500000000899 
0.080625000000009 
0.104375000000009 
0.126875000000009 
0.104375000000009 
0.09937500000000898 
0.08312500000000898 
0.066875000000009 
0.11062500000000898 
0.13937500000000902 
0.104375000000009 
0.071875000000009 
0.070625000000009 
0.104375000000009 
0.071875000000009 
0.104375000000009 
0.125625000000009 
0.105625000000009 
0.081875000000009 
0.105625000000009 
0.089375000000009 
0.10562500000000899 
0.07562500000000899 
0.113125000000009 
0.09437500000000898 
0.094375000000009 
0.114375000000009 
0.103125000000009 
0.08312500000000898 
0.074375000000009 
0.10562500000000899 
0.07812500000000899 
0.106875000000009 
0.074375000000009 
0.075625000000009 
0.10687500000000899 
0.10562500000000899 
0.08687500000000899 
0.071875000000009 
0.105625000000009 
0.10937500000000899 
0.08812500000000899 
0.110625000000009 
0.105625000000009 
0.085625000000009 
0.10812500000000899 
0.08187500000000901 
0.08062500000000898 
0.056875000000009016 
0.10562500000000899 
0.08687500000000899 
0.10562500000000898 
0.08937500000000899 
0.081875000000009 
0.104375000000009 
0.074375000000009 
0.075625000000009 
0.070625000000009 
0.10687500000000899 
0.07187500000000902 
0.13562500000000902 
0.081875000000009 
0.104375000000009 
0.10812500000000899 
0.090625000000009 
0.08687500000000899 
0.074375000000009 
0.104375000000009 
0.10687500000000899 
0.098125000000009 
0.105625000000009 
0.09062500000000898 
0.08812500000000899 
0.070625000000009 
0.104375000000009 
0.10562500000000899 
0.08687500000000899 
0.10812500000000899 
0.080625000000009 
0.104375000000009 
0.10812500000000899 
0.084375000000009 
0.07687500000000899 
0.090625000000009 
0.071875000000009 
0.11312500000000898 
0.080625000000009 
0.076875000000009 
0.11937500000000899 
0.104375000000009 
0.10562500000000899 
0.08062500000000901 
0.09437500000000898 
0.10562500000000899 
0.104375000000009 
0.08437500000000898 
0.104375000000009 
0.07312500000000899 
0.08437500000000898 
0.10312500000000897 
0.105625000000009 
0.10437500000000899 
0.104375000000009 
0.110625000000009 
0.07937500000000901 
0.083125000000009 
0.08687500000000899 
0.10687500000000899 
0.10562500000000899 
0.105625000000009 
0.07437500000000899 
0.104375000000009 
0.114375000000009 
0.111875000000009 
0.075625000000009 
0.104375000000009 
0.07687500000000899 
0.073125000000009 
0.08187500000000901 
0.10937500000000898 
0.110625000000009 
0.075625000000009 
0.08812500000000899 
0.11812500000000899 
0.10687500000000899 
0.10687500000000899 
0.104375000000009 
0.10562500000000899 
0.13437500000000902 
0.16437500000000904 
0.073125000000009 
0.08562500000000901 
0.07937500000000901 
0.095625000000009 
0.106875000000009 
0.075625000000009 
0.104375000000009 
0.11437500000000898 
0.075625000000009 
0.084375000000009 
0.078125000000009 
0.07812500000000899 
0.086875000000009 
0.10687500000000899 
0.10687500000000899 
0.078125000000009 
0.11062500000000898 
0.081875000000009 
0.14187500000000902 
0.104375000000009 
0.12187500000000899 
0.10562500000000899 
0.08687500000000899 
0.104375000000009 
0.10562500000000899 
0.09062500000000898 
0.105625000000009 
0.14187500000000902 
0.111875000000009 
0.079375000000009 
0.09062500000000899 
0.08562500000000899 
0.10562500000000899 
0.104375000000009 
0.083125000000009 
0.11812500000000899 
0.07437500000000899 
0.10437500000000899 
0.11562500000000898 
0.110625000000009 
0.10562500000000899 
0.08687500000000897 
0.10562500000000899 
0.07812500000000899 
0.09062500000000899 
0.080625000000009 
0.11437500000000898 
0.06937500000000901 
0.094375000000009 
0.11062500000000898 
0.07562500000000899 
0.104375000000009 
0.10687500000000899 
0.076875000000009 
0.10812500000000899 
0.079375000000009 
0.103125000000009 
0.081875000000009 
0.104375000000009 
0.081875000000009 
0.10937500000000899 
0.08187500000000898 
0.071875000000009 
0.074375000000009 
0.104375000000009 
0.10937500000000899 
0.104375000000009 
0.105625000000009 
0.12187500000000899 
0.10687500000000899 
0.07812500000000899 
0.09437500000000901 
0.11687500000000899 
0.074375000000009 
0.106875000000009 
0.14062500000000902 
0.09312500000000898 
0.090625000000009 
0.11312500000000898 
0.104375000000009 
0.070625000000009 
0.104375000000009 
0.086875000000009 
0.080625000000009 
0.104375000000009 
0.104375000000009 
0.080625000000009 
0.104375000000009 
0.128125000000009 
