0.2671875000000091 
0.20109375000000906 
0.2568750000000091 
0.20843750000000907 
0.3346875000000092 
0.2518750000000091 
0.5106250000000094 
0.2543750000000091 
0.20562500000000908 
0.2518750000000091 
0.5018750000000094 
0.36718750000000927 
0.21468750000000908 
0.3356250000000092 
0.20312500000000908 
0.34562500000000923 
0.3356250000000092 
0.16812500000000904 
0.35812500000000924 
0.20187500000000907 
0.36062500000000924 
0.3371875000000092 
0.3406250000000092 
0.3346875000000092 
0.5023437500000094 
0.20437500000000908 
0.14562500000000903 
0.2518750000000091 
0.3343750000000092 
0.14468750000000902 
0.14562500000000903 
0.20312500000000908 
0.5056250000000094 
0.20109375000000906 
0.25093750000000914 
0.17359375000000904 
0.5093750000000093 
0.20109375000000906 
0.5093750000000093 
0.3356250000000092 
0.25093750000000914 
0.3518750000000092 
0.2256250000000091 
0.20218750000000907 
0.3343750000000092 
0.5006250000000094 
0.20312500000000908 
0.20468750000000907 
0.2518750000000091 
0.3618750000000092 
0.25312500000000915 
0.5006250000000094 
0.2521875000000091 
0.20187500000000907 
0.20312500000000908 
0.5021875000000093 
0.26968750000000913 
0.36062500000000924 
0.25062500000000915 
0.16812500000000904 
0.25343750000000914 
0.21968750000000908 
0.3346875000000092 
0.3343750000000092 
0.25343750000000914 
0.25343750000000914 
0.3384375000000092 
0.5018750000000094 
0.20187500000000907 
0.5021875000000093 
0.16812500000000904 
0.3343750000000092 
0.16812500000000904 
0.26937500000000913 
0.3593750000000092 
0.5018750000000094 
0.3381250000000092 
0.5009375000000094 
0.20109375000000906 
0.27812500000000917 
0.2543750000000091 
0.3356250000000092 
0.20437500000000908 
0.26593750000000915 
0.2518750000000091 
0.20187500000000907 
0.3643750000000092 
0.35718750000000926 
0.21218750000000908 
0.16812500000000904 
0.36812500000000925 
0.2543750000000091 
0.3618750000000092 
0.26312500000000916 
0.3356250000000092 
0.5081250000000094 
0.5059375000000094 
0.2518750000000091 
0.3384375000000092 
0.3643750000000092 
0.26812500000000916 
0.3356250000000092 
0.2521875000000091 
0.37343750000000925 
0.16968750000000904 
0.2568750000000091 
0.2518750000000091 
0.3381250000000092 
0.3359375000000092 
0.20484375000000907 
0.25062500000000915 
0.3343750000000092 
0.5206250000000094 
0.2571875000000091 
0.16812500000000904 
0.26937500000000913 
0.20343750000000907 
0.3343750000000092 
0.20312500000000908 
0.20187500000000907 
0.17437500000000905 
0.2571875000000091 
0.17718750000000905 
0.5006250000000094 
0.25562500000000915 
0.3359375000000092 
0.25312500000000915 
0.3384375000000092 
0.2518750000000091 
0.26812500000000916 
0.20562500000000908 
0.26312500000000916 
0.5018750000000094 
0.25234375000000914 
0.3381250000000092 
0.3371875000000092 
0.5009375000000094 
0.5021875000000093 
0.14687500000000903 
0.17062500000000905 
0.36562500000000925 
0.20187500000000907 
0.25234375000000914 
0.5006250000000094 
0.5034375000000093 
0.2593750000000091 
0.5006250000000094 
0.36093750000000924 
0.2510937500000091 
0.17093750000000904 
0.5043750000000093 
0.25093750000000914 
0.5009375000000094 
0.33984375000000916 
0.2560937500000091 
0.5006250000000094 
0.5043750000000093 
0.3406250000000092 
0.26687500000000913 
0.34312500000000923 
0.25062500000000915 
0.34312500000000923 
0.5031250000000094 
0.20187500000000907 
0.2518750000000091 
0.20562500000000908 
0.5009375000000094 
0.20312500000000908 
0.5009375000000094 
0.33484375000000915 
0.17062500000000905 
0.2568750000000091 
0.20859375000000907 
0.3346875000000092 
0.3371875000000092 
0.2543750000000091 
0.20812500000000908 
0.3356250000000092 
0.26562500000000916 
0.3343750000000092 
0.25843750000000915 
0.25093750000000914 
0.5018750000000094 
0.2243750000000091 
0.20562500000000908 
0.3360937500000092 
0.3409375000000092 
0.34718750000000925 
0.17312500000000905 
0.16843750000000904 
0.3343750000000092 
0.25562500000000915 
0.20312500000000908 
0.25484375000000914 
0.2546875000000091 
0.25984375000000914 
0.20359375000000907 
0.3356250000000092 
0.5068750000000094 
0.2560937500000091 
0.27437500000000914 
0.20312500000000908 
0.16812500000000904 
0.2543750000000091 
0.36312500000000925 
0.26437500000000913 
0.26187500000000913 
0.3346875000000092 
0.21218750000000908 
0.3368750000000092 
0.2518750000000091 
0.20812500000000908 
0.3346875000000092 
0.25062500000000915 
0.5031250000000094 
0.20187500000000907 
0.2543750000000091 
0.20187500000000907 
0.5006250000000094 
0.5031250000000094 
0.26187500000000913 
0.2535937500000091 
0.3360937500000092 
0.17687500000000905 
0.5010937500000094 
0.17218750000000904 
0.3418750000000092 
0.16812500000000904 
0.126875000000009 
0.2671875000000092 
0.25312500000000915 
0.3343750000000092 
0.5006250000000094 
0.2206250000000091 
0.17812500000000905 
0.3368750000000092 
0.27062500000000916 
0.130625000000009 
0.5031250000000094 
0.5031250000000094 
0.2548437500000091 
0.3396875000000092 
0.3381250000000092 
0.5006250000000094 
0.20312500000000908 
0.3343750000000092 
0.3696875000000093 
0.2156250000000091 
0.2571875000000091 
0.2510937500000091 
