0.09312500000000899 
0.128125000000009 
0.091875000000009 
0.130625000000009 
0.09687500000000898 
0.08812500000000899 
0.129375000000009 
0.128125000000009 
0.10312500000000899 
0.09937500000000898 
0.10812500000000899 
0.128125000000009 
0.085625000000009 
0.086875000000009 
0.128125000000009 
0.130625000000009 
0.128125000000009 
0.10812500000000899 
0.07937500000000898 
0.15312500000000903 
0.111875000000009 
0.128125000000009 
0.13437500000000902 
0.075625000000009 
0.099375000000009 
0.086875000000009 
0.08812500000000899 
0.128125000000009 
0.13312500000000901 
0.128125000000009 
0.131875000000009 
0.13562500000000902 
0.099375000000009 
0.10062500000000899 
0.130625000000009 
0.129375000000009 
0.13812500000000902 
0.086875000000009 
0.09187500000000899 
0.130625000000009 
0.130625000000009 
0.128125000000009 
0.098125000000009 
0.098125000000009 
0.10937500000000899 
0.090625000000009 
0.130625000000009 
0.129375000000009 
0.08562500000000899 
0.07812500000000899 
0.088125000000009 
0.09437500000000898 
0.128125000000009 
0.086875000000009 
0.089375000000009 
0.128125000000009 
0.09562500000000898 
0.14437500000000902 
0.129375000000009 
0.128125000000009 
0.09312500000000898 
0.128125000000009 
0.13437500000000902 
0.128125000000009 
0.129375000000009 
0.128125000000009 
0.09812500000000898 
0.129375000000009 
0.129375000000009 
0.08687500000000899 
0.07312500000000899 
0.128125000000009 
0.101875000000009 
0.128125000000009 
0.088125000000009 
0.129375000000009 
0.13312500000000901 
0.128125000000009 
0.129375000000009 
0.105625000000009 
0.071875000000009 
0.073125000000009 
0.126875000000009 
0.129375000000009 
0.128125000000009 
0.128125000000009 
0.13687500000000902 
0.128125000000009 
0.129375000000009 
0.08562500000000901 
0.089375000000009 
0.128125000000009 
0.094375000000009 
0.094375000000009 
0.095625000000009 
0.129375000000009 
0.08562500000000901 
0.086875000000009 
0.129375000000009 
0.128125000000009 
0.130625000000009 
0.06937500000000901 
0.128125000000009 
0.076875000000009 
0.100625000000009 
0.128125000000009 
0.13562500000000902 
0.08937500000000899 
0.128125000000009 
0.091875000000009 
0.095625000000009 
0.131875000000009 
0.128125000000009 
0.086875000000009 
0.129375000000009 
0.09187500000000899 
0.089375000000009 
0.090625000000009 
0.129375000000009 
0.131875000000009 
0.089375000000009 
0.084375000000009 
0.09062500000000899 
0.08687500000000901 
0.088125000000009 
0.089375000000009 
0.128125000000009 
0.129375000000009 
0.083125000000009 
0.14187500000000902 
0.13437500000000902 
0.09812500000000898 
0.128125000000009 
0.128125000000009 
0.088125000000009 
0.08812500000000899 
0.128125000000009 
0.104375000000009 
0.088125000000009 
0.128125000000009 
0.13437500000000902 
0.098125000000009 
0.128125000000009 
0.130625000000009 
0.129375000000009 
0.13437500000000902 
0.08562500000000897 
0.110625000000009 
0.09187500000000898 
0.086875000000009 
0.128125000000009 
0.08562500000000901 
0.129375000000009 
0.08812500000000899 
0.128125000000009 
0.10312500000000897 
0.10687500000000898 
0.090625000000009 
0.09812500000000898 
0.098125000000009 
0.13687500000000902 
0.089375000000009 
0.088125000000009 
0.13687500000000902 
0.12187500000000899 
0.086875000000009 
0.09187500000000899 
0.130625000000009 
0.066875000000009 
0.129375000000009 
0.090625000000009 
0.15062500000000903 
0.093125000000009 
0.129375000000009 
0.18187500000000906 
0.081875000000009 
0.100625000000009 
0.14437500000000902 
0.090625000000009 
0.079375000000009 
0.13437500000000902 
0.090625000000009 
0.128125000000009 
0.08937500000000899 
0.09312500000000899 
0.086875000000009 
0.128125000000009 
0.09312500000000899 
0.100625000000009 
0.11437500000000898 
0.128125000000009 
0.09812500000000898 
0.088125000000009 
0.13812500000000902 
0.089375000000009 
0.128125000000009 
0.090625000000009 
0.129375000000009 
0.096875000000009 
0.128125000000009 
0.10812500000000899 
0.073125000000009 
0.129375000000009 
0.089375000000009 
0.08812500000000899 
0.129375000000009 
0.093125000000009 
0.099375000000009 
0.128125000000009 
0.081875000000009 
0.10562500000000899 
0.128125000000009 
0.08687500000000901 
0.128125000000009 
0.066875000000009 
0.096875000000009 
0.128125000000009 
0.128125000000009 
0.081875000000009 
0.13812500000000902 
0.128125000000009 
0.093125000000009 
0.088125000000009 
0.088125000000009 
0.128125000000009 
0.128125000000009 
0.085625000000009 
0.128125000000009 
0.129375000000009 
0.14312500000000902 
0.094375000000009 
0.128125000000009 
0.098125000000009 
0.13937500000000902 
0.128125000000009 
0.128125000000009 
0.129375000000009 
0.128125000000009 
0.10437500000000899 
0.10937500000000898 
0.093125000000009 
0.13562500000000902 
0.10937500000000899 
0.129375000000009 
0.129375000000009 
0.131875000000009 
0.08937500000000899 
0.08562500000000899 
0.128125000000009 
0.105625000000009 
