0.11562500000000898 
0.11562500000000898 
0.09312500000000898 
0.099375000000009 
0.15312500000000903 
0.11312500000000898 
0.16937500000000905 
0.11812500000000899 
0.113125000000009 
0.118125000000009 
0.11562500000000898 
0.113125000000009 
0.11812500000000899 
0.16937500000000905 
0.14437500000000902 
0.10812500000000899 
0.16937500000000905 
0.118125000000009 
0.17062500000000905 
0.09062500000000899 
0.19062500000000906 
0.09187500000000899 
0.14187500000000902 
0.11437500000000898 
0.125625000000009 
0.09437500000000898 
0.12187500000000899 
0.10562500000000899 
0.08687500000000899 
0.113125000000009 
0.114375000000009 
0.09687500000000898 
0.125625000000009 
0.11687500000000899 
0.115625000000009 
0.114375000000009 
0.09312500000000898 
0.125625000000009 
0.08812500000000897 
0.12312500000000899 
0.114687500000009 
0.16937500000000905 
0.11687500000000899 
0.17062500000000905 
0.08562500000000899 
0.10187500000000897 
0.16937500000000905 
0.08937500000000899 
0.12312500000000899 
0.113125000000009 
0.17312500000000905 
0.16937500000000905 
0.114375000000009 
0.128125000000009 
0.16937500000000905 
0.16968750000000904 
0.12437500000000899 
0.11562500000000898 
0.10437500000000897 
0.17312500000000905 
0.11937500000000899 
0.15187500000000903 
0.09937500000000897 
0.16937500000000905 
0.09187500000000898 
0.11687500000000899 
0.17062500000000905 
0.19937500000000907 
0.12312500000000899 
0.17062500000000905 
0.11312500000000898 
0.11562500000000898 
0.10312500000000899 
0.17062500000000905 
0.16937500000000905 
0.128125000000009 
0.17062500000000905 
0.13937500000000902 
0.16312500000000904 
0.11562500000000898 
0.114375000000009 
0.12187500000000899 
0.16937500000000905 
0.17187500000000905 
0.09937500000000898 
0.10812500000000898 
0.126875000000009 
0.114375000000009 
0.09437500000000898 
0.131875000000009 
0.09687500000000898 
0.14812500000000903 
0.15437500000000903 
0.114375000000009 
0.09187500000000899 
0.12312500000000899 
0.12312500000000899 
0.128125000000009 
0.17562500000000905 
0.13562500000000902 
0.16968750000000904 
0.115625000000009 
0.088125000000009 
0.09187500000000898 
0.12437500000000899 
0.10062500000000899 
0.14687500000000903 
0.10937500000000899 
0.10187500000000897 
0.13937500000000902 
0.16937500000000905 
0.113125000000009 
0.10437500000000899 
0.09937500000000898 
0.090625000000009 
0.12312500000000899 
0.16937500000000905 
0.114375000000009 
0.15562500000000903 
0.113125000000009 
0.13937500000000902 
0.125625000000009 
0.16937500000000905 
0.114375000000009 
0.12062500000000899 
0.09562500000000898 
0.130625000000009 
0.11562500000000898 
0.11812500000000899 
0.10812500000000898 
0.129375000000009 
0.16937500000000905 
0.11437500000000898 
0.125625000000009 
0.114375000000009 
0.11312500000000898 
0.18187500000000906 
0.114375000000009 
0.103125000000009 
0.09062500000000899 
0.16937500000000905 
0.12187500000000899 
0.11437500000000898 
0.17437500000000905 
0.113125000000009 
0.09187500000000899 
0.114375000000009 
0.11437500000000898 
0.114375000000009 
0.16937500000000905 
0.113125000000009 
0.113125000000009 
0.16937500000000905 
0.12062500000000899 
0.131875000000009 
0.16937500000000905 
0.131875000000009 
0.113125000000009 
0.16937500000000905 
0.10437500000000899 
0.15312500000000903 
0.11562500000000898 
0.11687500000000899 
0.11562500000000898 
0.11812500000000899 
0.09062500000000899 
0.129375000000009 
0.10562500000000898 
0.13812500000000902 
0.11312500000000898 
0.11812500000000899 
0.16937500000000905 
0.11687500000000899 
0.14062500000000902 
0.10062500000000897 
0.16937500000000905 
0.13312500000000901 
0.17437500000000905 
0.17937500000000905 
0.19687500000000907 
0.14187500000000902 
0.11687500000000899 
0.12062500000000899 
0.18062500000000906 
0.09062500000000899 
0.114375000000009 
0.11437500000000898 
0.16937500000000905 
0.15937500000000904 
0.11562500000000898 
0.11562500000000898 
0.11687500000000899 
0.14437500000000902 
0.08937500000000899 
0.10062500000000899 
0.125625000000009 
0.113125000000009 
0.12312500000000899 
0.14937500000000903 
0.17187500000000905 
0.09062500000000899 
0.115625000000009 
0.11687500000000899 
0.2193750000000091 
0.13562500000000902 
0.114375000000009 
0.14062500000000902 
0.17187500000000905 
0.12062500000000899 
0.129375000000009 
0.10187500000000897 
0.13812500000000902 
0.16937500000000905 
0.13687500000000902 
0.125625000000009 
0.17062500000000905 
0.12312500000000899 
0.113125000000009 
0.15937500000000904 
0.17062500000000905 
0.09062500000000899 
0.12312500000000899 
0.11437500000000898 
0.14937500000000903 
0.100625000000009 
0.19437500000000907 
0.126875000000009 
0.11312500000000898 
0.14687500000000903 
0.09062500000000896 
0.10187500000000897 
0.115625000000009 
0.095625000000009 
0.11312500000000898 
0.11687500000000899 
0.10437500000000897 
0.12187500000000899 
0.11562500000000898 
0.11812500000000899 
0.16812500000000904 
0.10562500000000898 
0.16937500000000905 
0.10312500000000899 
0.11812500000000899 
0.126875000000009 
0.088125000000009 
0.115625000000009 
0.11812500000000899 
0.15937500000000904 
0.114375000000009 
