0.16937500000000905 
0.17312500000000905 
0.17312500000000905 
0.13437500000000902 
0.14687500000000903 
0.16812500000000904 
0.2518750000000091 
0.2518750000000091 
0.17312500000000905 
0.25562500000000915 
0.14062500000000902 
0.16937500000000905 
0.17187500000000905 
0.16812500000000904 
0.16812500000000904 
0.15562500000000903 
0.128125000000009 
0.104375000000009 
0.17562500000000905 
0.131875000000009 
0.131875000000009 
0.14687500000000903 
0.16812500000000904 
0.10687500000000899 
0.16843750000000904 
0.13687500000000902 
0.17187500000000905 
0.13812500000000902 
0.18062500000000906 
0.14312500000000902 
0.16812500000000904 
0.18312500000000906 
0.16812500000000904 
0.15312500000000903 
0.25218750000000917 
0.11562500000000898 
0.17812500000000905 
0.16937500000000905 
0.131875000000009 
0.21062500000000908 
0.16812500000000904 
0.2518750000000092 
0.128125000000009 
0.13687500000000902 
0.16062500000000904 
0.16968750000000904 
0.16937500000000905 
0.17812500000000905 
0.17062500000000905 
0.19218750000000906 
0.17187500000000905 
0.14187500000000902 
0.25312500000000915 
0.18093750000000905 
0.16843750000000904 
0.16812500000000904 
0.13437500000000902 
0.128125000000009 
0.14312500000000902 
0.2518750000000091 
0.126875000000009 
0.17187500000000905 
0.2518750000000091 
0.2231250000000091 
0.126875000000009 
0.25218750000000917 
0.2518750000000091 
0.13437500000000902 
0.16812500000000904 
0.17562500000000905 
0.16812500000000904 
0.18312500000000906 
0.2518750000000091 
0.16812500000000904 
0.17187500000000905 
0.16937500000000905 
0.16812500000000904 
0.2518750000000091 
0.16968750000000904 
0.25343750000000914 
0.11187500000000898 
0.13687500000000902 
0.16812500000000904 
0.19312500000000907 
0.125937500000009 
0.17937500000000905 
0.18937500000000906 
0.126875000000009 
0.16843750000000904 
0.16843750000000904 
0.10687500000000898 
0.13937500000000902 
0.13937500000000902 
0.130625000000009 
0.16812500000000904 
0.11687500000000899 
0.16937500000000905 
0.17562500000000905 
0.17812500000000905 
0.14687500000000903 
0.13312500000000901 
0.13437500000000902 
0.2168750000000091 
0.2393750000000091 
0.16812500000000904 
0.17187500000000905 
0.18062500000000906 
0.17062500000000905 
0.14937500000000903 
0.13437500000000902 
0.130625000000009 
0.16968750000000904 
0.17062500000000905 
0.16812500000000904 
0.17437500000000905 
0.16843750000000904 
0.16968750000000904 
0.11312500000000898 
0.20437500000000908 
0.25343750000000914 
0.20312500000000908 
0.16812500000000904 
0.16812500000000904 
0.131875000000009 
0.14937500000000903 
0.128125000000009 
0.16968750000000904 
0.14937500000000903 
0.16562500000000904 
0.16843750000000904 
0.2518750000000091 
0.27812500000000917 
0.25218750000000917 
0.17093750000000904 
0.17312500000000905 
0.16812500000000904 
0.16687500000000904 
0.17437500000000905 
0.13312500000000901 
0.17468750000000904 
0.128125000000009 
0.13812500000000902 
0.17562500000000905 
0.13312500000000901 
0.13437500000000902 
0.16937500000000905 
0.17468750000000904 
0.17812500000000905 
0.130625000000009 
0.18062500000000906 
0.130625000000009 
0.13562500000000902 
0.16812500000000904 
0.128125000000009 
0.10937500000000899 
0.18312500000000906 
0.17218750000000904 
0.17187500000000905 
0.16968750000000904 
0.16937500000000905 
0.11562500000000898 
0.25312500000000915 
0.19968750000000907 
0.15562500000000903 
0.16968750000000904 
0.14187500000000902 
0.25312500000000915 
0.17562500000000905 
0.10468750000000901 
0.13812500000000902 
0.25218750000000917 
0.17437500000000905 
0.2543750000000091 
0.126875000000009 
0.128125000000009 
0.130625000000009 
0.20937500000000908 
0.113125000000009 
0.16812500000000904 
0.10687500000000898 
0.13687500000000902 
0.20312500000000908 
0.16843750000000904 
0.13437500000000902 
0.13562500000000902 
0.16812500000000904 
0.14062500000000902 
0.13312500000000901 
0.16062500000000904 
0.18562500000000906 
0.17062500000000905 
0.16812500000000904 
0.27437500000000914 
0.17062500000000905 
0.126875000000009 
0.14437500000000902 
0.17187500000000905 
0.16812500000000904 
0.16937500000000905 
0.27687500000000925 
0.17187500000000905 
0.11312500000000898 
0.10687500000000898 
0.16843750000000904 
0.25312500000000915 
0.128125000000009 
0.20937500000000908 
0.2518750000000091 
0.2518750000000091 
0.2518750000000091 
0.25218750000000917 
0.16812500000000904 
0.126875000000009 
0.17437500000000905 
0.25562500000000915 
0.16843750000000904 
0.14312500000000902 
0.128125000000009 
0.13937500000000902 
0.129375000000009 
0.126875000000009 
0.21843750000000908 
0.129375000000009 
0.13562500000000902 
0.125937500000009 
0.2568750000000092 
0.17062500000000905 
0.17062500000000905 
0.2518750000000091 
0.125937500000009 
0.17812500000000905 
0.132187500000009 
0.13437500000000902 
0.130625000000009 
0.126875000000009 
0.113125000000009 
0.11312500000000898 
0.128125000000009 
0.127187500000009 
0.14312500000000902 
0.17187500000000905 
0.16812500000000904 
0.2518750000000091 
0.16812500000000904 
0.16812500000000904 
0.16812500000000904 
0.114375000000009 
0.17437500000000905 
0.25312500000000915 
0.101875000000009 
