0.08687500000000899 
0.114375000000009 
0.10562500000000898 
0.126875000000009 
0.07937500000000898 
0.094375000000009 
0.10437500000000899 
0.11937500000000899 
0.08937500000000898 
0.081875000000009 
0.08937500000000898 
0.10687500000000898 
0.10937500000000898 
0.10312500000000897 
0.08687500000000897 
0.071875000000009 
0.125625000000009 
0.094375000000009 
0.09187500000000898 
0.080625000000009 
0.10312500000000899 
0.11812500000000899 
0.089375000000009 
0.07687500000000899 
0.10812500000000898 
0.10562500000000899 
0.10562500000000899 
0.08937500000000898 
0.11062500000000898 
0.10687500000000898 
0.08687500000000897 
0.10062500000000897 
0.08562500000000899 
0.08437500000000898 
0.08562500000000897 
0.10562500000000899 
0.10687500000000898 
0.104375000000009 
0.12312500000000899 
0.08812500000000899 
0.11937500000000899 
0.10562500000000899 
0.11062500000000898 
0.07562500000000899 
0.09187500000000899 
0.09312500000000898 
0.10437500000000899 
0.074375000000009 
0.105625000000009 
0.080625000000009 
0.110625000000009 
0.076875000000009 
0.12062500000000899 
0.12312500000000899 
0.11312500000000898 
0.10562500000000899 
0.08437500000000898 
0.10812500000000899 
0.08562500000000899 
0.075625000000009 
0.11812500000000899 
0.13562500000000902 
0.12312500000000899 
0.09562500000000898 
0.081875000000009 
0.10812500000000899 
0.10437500000000897 
0.07812500000000899 
0.104375000000009 
0.08062500000000898 
0.113125000000009 
0.125625000000009 
0.11812500000000899 
0.10062500000000899 
0.09312500000000896 
0.10687500000000899 
0.08437500000000898 
0.10062500000000899 
0.10562500000000899 
0.110625000000009 
0.08437500000000898 
0.104375000000009 
0.130625000000009 
0.10437500000000897 
0.09937500000000897 
0.070625000000009 
0.07437500000000899 
0.10437500000000899 
0.09687500000000897 
0.10687500000000898 
0.089375000000009 
0.08187500000000898 
0.10937500000000899 
0.08937500000000899 
0.09562500000000897 
0.075625000000009 
0.10687500000000899 
0.09062500000000898 
0.08687500000000899 
0.094375000000009 
0.09812500000000897 
0.07562500000000899 
0.07687500000000899 
0.08937500000000899 
0.10687500000000899 
0.11937500000000899 
0.10312500000000897 
0.08937500000000898 
0.086875000000009 
0.08437500000000898 
0.14562500000000903 
0.08062500000000898 
0.076875000000009 
0.10937500000000898 
0.08437500000000898 
0.11187500000000898 
0.11312500000000898 
0.110625000000009 
0.08812500000000899 
0.10062500000000897 
0.08437500000000897 
0.10187500000000897 
0.08312500000000898 
0.08187500000000898 
0.09937500000000897 
0.09937500000000897 
0.10812500000000898 
0.11562500000000898 
0.10437500000000899 
0.07687500000000899 
0.08812500000000899 
0.07687500000000898 
0.10562500000000898 
0.10812500000000898 
0.10687500000000898 
0.129375000000009 
0.11562500000000898 
0.09312500000000898 
0.11437500000000898 
0.09437500000000898 
0.10687500000000898 
0.09562500000000897 
0.11062500000000898 
0.078125000000009 
0.11312500000000898 
0.08937500000000898 
0.08562500000000899 
0.10187500000000897 
0.10437500000000897 
0.07562500000000899 
0.11562500000000898 
0.114375000000009 
0.08437500000000898 
0.08687500000000897 
0.09562500000000897 
0.08437500000000898 
0.10437500000000897 
0.10062500000000899 
0.10562500000000899 
0.21187500000000908 
0.11062500000000898 
0.089375000000009 
0.110625000000009 
0.10437500000000897 
0.08812500000000899 
0.07687500000000899 
0.10687500000000898 
0.080625000000009 
0.066875000000009 
0.10437500000000899 
0.14312500000000902 
0.11312500000000898 
0.104375000000009 
0.08812500000000899 
0.070625000000009 
0.07937500000000898 
0.07812500000000899 
0.10812500000000898 
0.11812500000000899 
0.08062500000000898 
0.129375000000009 
0.105625000000009 
0.11062500000000898 
0.09312500000000899 
0.10812500000000898 
0.085625000000009 
0.10437500000000897 
0.09437500000000897 
0.10562500000000899 
0.09187500000000898 
0.11687500000000899 
0.08187500000000898 
0.10687500000000898 
0.10687500000000898 
0.078125000000009 
0.11437500000000898 
0.10562500000000899 
0.09812500000000897 
0.10437500000000899 
0.08562500000000899 
0.09562500000000898 
0.08937500000000898 
0.08687500000000899 
0.10812500000000899 
0.07687500000000899 
0.10937500000000898 
0.08062500000000898 
0.12437500000000899 
0.10812500000000899 
0.08437500000000898 
0.10562500000000899 
0.09562500000000897 
0.09062500000000898 
0.09062500000000898 
0.125625000000009 
0.068125000000009 
0.10562500000000899 
0.09937500000000898 
0.125625000000009 
0.08937500000000898 
0.10312500000000897 
0.11062500000000898 
0.110625000000009 
0.08812500000000897 
0.09812500000000897 
0.06312500000000901 
0.10687500000000899 
0.10437500000000899 
0.104375000000009 
0.07562500000000899 
0.125625000000009 
0.10187500000000897 
0.08937500000000899 
0.08812500000000899 
0.16437500000000904 
0.11687500000000899 
0.12437500000000899 
0.08937500000000898 
0.12062500000000899 
0.114375000000009 
0.08312500000000898 
0.10562500000000899 
0.10812500000000899 
0.10062500000000897 
0.10062500000000897 
0.10437500000000899 
0.10812500000000898 
0.08812500000000899 
0.10812500000000898 
0.10687500000000898 
