0.13312500000000901 
0.128125000000009 
0.13937500000000902 
0.17062500000000905 
0.128125000000009 
0.16843750000000904 
0.16812500000000904 
0.16812500000000904 
0.129375000000009 
0.16812500000000904 
0.128125000000009 
0.18187500000000906 
0.13437500000000902 
0.2518750000000091 
0.13312500000000901 
0.16968750000000904 
0.128125000000009 
0.16937500000000905 
0.18312500000000906 
0.2518750000000091 
0.13312500000000901 
0.130625000000009 
0.25562500000000915 
0.128437500000009 
0.11437500000000898 
0.14312500000000902 
0.17062500000000905 
0.16812500000000904 
0.17093750000000904 
0.20937500000000908 
0.126875000000009 
0.110625000000009 
0.127187500000009 
0.16937500000000905 
0.13812500000000902 
0.16937500000000905 
0.15937500000000904 
0.10812500000000898 
0.20812500000000908 
0.17687500000000905 
0.131875000000009 
0.17093750000000904 
0.126875000000009 
0.128125000000009 
0.125937500000009 
0.128125000000009 
0.17687500000000905 
0.17187500000000905 
0.2543750000000091 
0.2568750000000091 
0.129375000000009 
0.18187500000000906 
0.126875000000009 
0.128125000000009 
0.16937500000000905 
0.128125000000009 
0.127187500000009 
0.15062500000000903 
0.16812500000000904 
0.11312500000000898 
0.10437500000000897 
0.16968750000000904 
0.15812500000000904 
0.18187500000000906 
0.25562500000000915 
0.13812500000000902 
0.17937500000000905 
0.13562500000000902 
0.25343750000000914 
0.16812500000000904 
0.2543750000000091 
0.16937500000000905 
0.128125000000009 
0.17187500000000905 
0.2518750000000091 
0.13437500000000902 
0.18437500000000906 
0.16937500000000905 
0.17062500000000905 
0.17218750000000904 
0.3143750000000092 
0.16968750000000904 
0.129375000000009 
0.126875000000009 
0.18062500000000906 
0.16968750000000904 
0.17187500000000905 
0.20062500000000907 
0.17812500000000905 
0.2518750000000091 
0.13812500000000902 
0.17187500000000905 
0.16812500000000904 
0.16843750000000904 
0.14562500000000903 
0.17437500000000905 
0.16812500000000904 
0.17062500000000905 
0.2518750000000091 
0.15437500000000903 
0.17812500000000905 
0.14562500000000903 
0.17312500000000905 
0.17812500000000905 
0.2518750000000091 
0.13312500000000901 
0.10687500000000899 
0.14312500000000902 
0.126875000000009 
0.2518750000000091 
0.17062500000000905 
0.125937500000009 
0.13937500000000902 
0.17062500000000905 
0.16812500000000904 
0.16937500000000905 
0.18937500000000906 
0.127187500000009 
0.16843750000000904 
0.17312500000000905 
0.17062500000000905 
0.2518750000000091 
0.128125000000009 
0.2518750000000091 
0.14562500000000903 
0.17062500000000905 
0.14562500000000903 
0.17062500000000905 
0.17343750000000904 
0.16812500000000904 
0.17062500000000905 
0.25312500000000915 
0.17093750000000904 
0.17562500000000905 
0.125625000000009 
0.16812500000000904 
0.16843750000000904 
0.17062500000000905 
0.17937500000000905 
0.126875000000009 
0.17187500000000905 
0.17437500000000905 
0.17187500000000905 
0.16687500000000904 
0.13687500000000902 
0.17187500000000905 
0.17062500000000905 
0.2518750000000091 
0.16843750000000904 
0.129687500000009 
0.16843750000000904 
0.16968750000000904 
0.12062500000000899 
0.13312500000000901 
0.17312500000000905 
0.16937500000000905 
0.14562500000000903 
0.16812500000000904 
0.16937500000000905 
0.17062500000000905 
0.13562500000000902 
0.17687500000000905 
0.16937500000000905 
0.13312500000000901 
0.2518750000000091 
0.17468750000000904 
0.13312500000000901 
0.16937500000000905 
0.16812500000000904 
0.2168750000000091 
0.10812500000000898 
0.17687500000000905 
0.16812500000000904 
0.16812500000000904 
0.17562500000000905 
0.13687500000000902 
0.131875000000009 
0.131875000000009 
0.14062500000000902 
0.17312500000000905 
0.16843750000000904 
0.19937500000000907 
0.130625000000009 
0.17437500000000905 
0.128125000000009 
0.17718750000000905 
0.16843750000000904 
0.16843750000000904 
0.16187500000000904 
0.130937500000009 
0.16812500000000904 
0.16812500000000904 
0.16812500000000904 
0.2518750000000092 
0.25812500000000915 
0.16937500000000905 
0.130937500000009 
0.16937500000000905 
0.10562500000000899 
0.18062500000000906 
0.17812500000000905 
0.129375000000009 
0.16843750000000904 
0.17187500000000905 
0.17062500000000905 
0.16937500000000905 
0.17093750000000904 
0.130625000000009 
0.2518750000000091 
0.16812500000000904 
0.14687500000000903 
0.16937500000000905 
0.127187500000009 
0.18437500000000906 
0.13312500000000901 
0.16843750000000904 
0.128125000000009 
0.131875000000009 
0.11187500000000898 
0.126875000000009 
0.17062500000000905 
0.2518750000000091 
0.128125000000009 
0.13937500000000902 
0.16937500000000905 
0.16937500000000905 
0.126875000000009 
0.2543750000000091 
0.11687500000000899 
0.18187500000000906 
0.16843750000000904 
0.131875000000009 
0.2543750000000092 
0.13812500000000902 
0.102187500000009 
0.17062500000000905 
0.129375000000009 
0.14937500000000903 
0.16843750000000904 
0.16968750000000904 
0.13562500000000902 
0.16812500000000904 
0.129375000000009 
0.2518750000000091 
0.17312500000000905 
0.127187500000009 
0.14812500000000903 
0.11312500000000898 
0.16937500000000905 
0.18062500000000906 
