0.2518750000000091 
0.20187500000000907 
0.20468750000000907 
0.3368750000000092 
0.26093750000000915 
0.25343750000000914 
0.25093750000000914 
0.2518750000000091 
0.5009375000000094 
0.2518750000000091 
0.25812500000000915 
0.2156250000000091 
0.3356250000000092 
0.25812500000000915 
0.2156250000000091 
0.20437500000000908 
0.3393750000000092 
0.3356250000000092 
0.26812500000000916 
0.3423437500000092 
0.5006250000000094 
0.20187500000000907 
0.3360937500000092 
0.27343750000000916 
0.2548437500000091 
0.3368750000000092 
0.3343750000000092 
0.2518750000000091 
0.3484375000000092 
0.5009375000000094 
0.25812500000000915 
0.21187500000000908 
0.17062500000000905 
0.17968750000000905 
0.3346875000000092 
0.17218750000000904 
0.20562500000000908 
0.20109375000000906 
0.2521875000000091 
0.20718750000000907 
0.3343750000000092 
0.20812500000000908 
0.3346875000000092 
0.25343750000000914 
0.2543750000000091 
0.3343750000000092 
0.20187500000000907 
0.17062500000000905 
0.20484375000000907 
0.25562500000000915 
0.3396875000000092 
0.3384375000000092 
0.3343750000000092 
0.2568750000000091 
0.3368750000000092 
0.3381250000000092 
0.3385937500000092 
0.20187500000000907 
0.25843750000000915 
0.2560937500000091 
0.2693750000000092 
0.33734375000000916 
0.5006250000000094 
0.3346875000000092 
0.3343750000000092 
0.20718750000000907 
0.3343750000000092 
0.25843750000000915 
0.3343750000000092 
0.3368750000000092 
0.38562500000000927 
0.15437500000000903 
0.2518750000000091 
0.20312500000000908 
0.19812500000000907 
0.2518750000000091 
0.20843750000000907 
0.26437500000000913 
0.26062500000000915 
0.21343750000000908 
0.3381250000000092 
0.25312500000000915 
0.26843750000000915 
0.2521875000000091 
0.25593750000000914 
0.20218750000000907 
0.3384375000000092 
0.3368750000000092 
0.26062500000000915 
0.34718750000000925 
0.20562500000000908 
0.20687500000000908 
0.2181250000000091 
0.3393750000000092 
0.3343750000000092 
0.2256250000000091 
0.25312500000000915 
0.3368750000000092 
0.5043750000000093 
0.21312500000000908 
0.3746875000000093 
0.5006250000000094 
0.25062500000000915 
0.2518750000000091 
0.25312500000000915 
0.19062500000000906 
0.17593750000000904 
0.25093750000000914 
0.3368750000000092 
0.25843750000000915 
0.2518750000000091 
0.25734375000000914 
0.21468750000000908 
0.2181250000000091 
0.3373437500000092 
0.20218750000000907 
0.17687500000000905 
0.21218750000000908 
0.2518750000000091 
0.2535937500000091 
0.26187500000000913 
0.14484375000000901 
0.27093750000000916 
0.2543750000000091 
0.2243750000000091 
0.25343750000000914 
0.20343750000000907 
0.129375000000009 
0.3359375000000092 
0.27687500000000914 
0.15062500000000903 
0.25093750000000914 
0.3343750000000092 
0.2518750000000091 
0.20593750000000907 
0.5006250000000094 
0.33984375000000916 
0.2521875000000091 
0.2521875000000091 
0.5006250000000094 
0.2543750000000091 
0.17437500000000905 
0.25093750000000914 
0.20234375000000906 
0.3343750000000092 
0.20437500000000908 
0.3384375000000092 
0.2523437500000091 
0.2593750000000091 
0.3346875000000092 
0.3434375000000092 
0.2521875000000091 
0.3746875000000093 
0.3343750000000092 
0.5043750000000093 
0.36468750000000927 
0.20937500000000908 
0.3368750000000092 
0.3356250000000092 
0.20468750000000907 
0.20437500000000908 
0.16843750000000904 
0.3360937500000092 
0.3343750000000092 
0.26343750000000915 
0.20687500000000908 
0.25812500000000915 
0.3381250000000092 
0.3343750000000092 
0.20218750000000907 
0.3346875000000092 
0.21593750000000908 
0.26187500000000913 
0.25093750000000914 
0.21343750000000908 
0.25593750000000914 
0.25093750000000914 
0.20593750000000907 
0.3343750000000092 
0.20562500000000908 
0.2543750000000091 
0.15312500000000903 
0.3381250000000092 
0.2646875000000091 
0.27437500000000914 
0.5059375000000094 
0.25843750000000915 
0.25593750000000914 
0.3421875000000092 
0.3346875000000092 
0.20109375000000906 
0.21468750000000908 
0.37062500000000925 
0.3368750000000092 
0.3443750000000092 
0.2535937500000091 
0.26812500000000916 
0.25562500000000915 
0.17687500000000905 
0.15187500000000903 
0.2510937500000091 
0.20312500000000908 
0.14687500000000903 
0.25562500000000915 
0.25812500000000915 
0.5009375000000094 
0.3446875000000092 
0.21468750000000908 
0.25062500000000915 
0.2568750000000091 
0.34312500000000923 
0.5018750000000094 
0.21359375000000907 
0.2543750000000091 
0.17218750000000904 
0.20468750000000907 
0.20187500000000907 
0.20437500000000908 
0.20843750000000907 
0.2231250000000091 
0.25593750000000914 
0.25062500000000915 
0.3368750000000092 
0.16937500000000905 
0.20562500000000908 
0.20968750000000907 
0.25812500000000915 
0.25343750000000914 
0.2543750000000091 
0.5081250000000094 
0.2721875000000092 
0.20093750000000907 
0.3385937500000092 
0.21437500000000909 
0.3359375000000092 
0.3368750000000092 
0.3356250000000092 
0.20093750000000907 
0.2521875000000091 
0.3418750000000092 
0.5018750000000094 
0.25812500000000915 
0.25093750000000914 
0.25062500000000915 
0.20187500000000907 
0.27093750000000916 
0.5006250000000094 
0.2521875000000091 
0.2571875000000091 
0.2543750000000091 
