0.128125000000009 
0.11062500000000898 
0.084375000000009 
0.09562500000000897 
0.07812500000000899 
0.11437500000000898 
0.16812500000000904 
0.09187500000000899 
0.09437500000000897 
0.13312500000000901 
0.09812500000000898 
0.094375000000009 
0.131875000000009 
0.09937500000000897 
0.14562500000000903 
0.08687500000000899 
0.10437500000000899 
0.10687500000000898 
0.10312500000000899 
0.103125000000009 
0.076875000000009 
0.11062500000000898 
0.07812500000000899 
0.08812500000000899 
0.110625000000009 
0.11562500000000898 
0.11187500000000898 
0.10562500000000898 
0.11312500000000898 
0.10062500000000897 
0.12187500000000899 
0.09437500000000898 
0.12437500000000899 
0.08812500000000899 
0.11687500000000899 
0.10437500000000899 
0.126875000000009 
0.128125000000009 
0.10687500000000899 
0.10312500000000897 
0.104375000000009 
0.11562500000000898 
0.095625000000009 
0.10812500000000899 
0.085625000000009 
0.09437500000000897 
0.10937500000000898 
0.11437500000000898 
0.08812500000000897 
0.11062500000000898 
0.07812500000000899 
0.08812500000000897 
0.08937500000000898 
0.10937500000000898 
0.11812500000000899 
0.081875000000009 
0.09187500000000896 
0.10562500000000899 
0.08187500000000898 
0.10187500000000899 
0.10687500000000898 
0.08062500000000898 
0.10312500000000897 
0.08937500000000898 
0.075625000000009 
0.09437500000000898 
0.084375000000009 
0.10812500000000898 
0.10187500000000899 
0.10562500000000899 
0.084375000000009 
0.081875000000009 
0.088125000000009 
0.104375000000009 
0.08187500000000898 
0.12437500000000899 
0.13812500000000902 
0.14687500000000903 
0.08687500000000897 
0.079375000000009 
0.09937500000000897 
0.08937500000000899 
0.09062500000000898 
0.08937500000000899 
0.10687500000000899 
0.10062500000000897 
0.104375000000009 
0.08312500000000898 
0.09062500000000898 
0.09687500000000897 
0.09187500000000896 
0.071875000000009 
0.10437500000000899 
0.10812500000000899 
0.10562500000000899 
0.10687500000000898 
0.128125000000009 
0.104375000000009 
0.104375000000009 
0.08062500000000898 
0.08562500000000899 
0.11312500000000898 
0.10437500000000899 
0.11312500000000898 
0.10437500000000899 
0.128125000000009 
0.09187500000000898 
0.07562500000000899 
0.10562500000000899 
0.10687500000000899 
0.07812500000000899 
0.11437500000000898 
0.10187500000000897 
0.09812500000000897 
0.09062500000000896 
0.10812500000000899 
0.09062500000000898 
0.07312500000000899 
0.104375000000009 
0.10312500000000897 
0.10437500000000899 
0.104375000000009 
0.08937500000000896 
0.085625000000009 
0.10187500000000899 
0.10562500000000899 
0.11437500000000898 
0.073125000000009 
0.13812500000000902 
0.08187500000000898 
0.09187500000000896 
0.10062500000000897 
0.10437500000000897 
0.10062500000000897 
0.10562500000000899 
0.10937500000000898 
0.08812500000000899 
0.129375000000009 
0.08937500000000896 
0.10812500000000898 
0.08187500000000898 
0.07437500000000899 
0.12187500000000899 
0.105625000000009 
0.07687500000000899 
0.11062500000000898 
0.10562500000000898 
0.079375000000009 
0.07437500000000899 
0.09437500000000898 
0.10562500000000898 
0.08812500000000899 
0.07937500000000898 
0.09437500000000898 
0.08062500000000898 
0.06187500000000899 
0.10562500000000899 
0.104375000000009 
0.125625000000009 
0.08312500000000897 
0.080625000000009 
0.09437500000000897 
0.10812500000000899 
0.09062500000000898 
0.09937500000000897 
0.11937500000000899 
0.079375000000009 
0.09312500000000899 
0.07437500000000899 
0.08187500000000898 
0.07687500000000899 
0.09812500000000897 
0.10562500000000898 
0.09812500000000897 
0.129375000000009 
0.11187500000000898 
0.11437500000000898 
0.08687500000000899 
0.131875000000009 
0.08812500000000899 
0.09187500000000898 
0.17437500000000905 
0.08437500000000897 
0.10437500000000897 
0.10937500000000898 
0.07687500000000899 
0.09062500000000898 
0.075625000000009 
0.15312500000000903 
0.10437500000000899 
0.10687500000000899 
0.09437500000000898 
0.08562500000000899 
0.110625000000009 
0.10937500000000898 
0.11812500000000899 
0.10437500000000899 
0.074375000000009 
0.08437500000000898 
0.10937500000000898 
0.09687500000000897 
0.07687500000000899 
0.10687500000000898 
0.10562500000000899 
0.10562500000000899 
0.12312500000000899 
0.07937500000000898 
0.11187500000000898 
0.07937500000000898 
0.093125000000009 
0.11187500000000898 
0.11437500000000898 
0.08562500000000899 
0.10562500000000898 
0.10437500000000897 
0.09562500000000897 
0.08812500000000899 
0.104375000000009 
0.08937500000000898 
0.08437500000000898 
0.104375000000009 
0.104375000000009 
0.10437500000000899 
0.11062500000000898 
0.08562500000000897 
0.098125000000009 
0.11812500000000899 
0.104375000000009 
0.09812500000000898 
0.104375000000009 
0.126875000000009 
0.08937500000000899 
0.11812500000000899 
0.09187500000000898 
0.084375000000009 
0.09937500000000897 
0.16437500000000904 
0.10562500000000899 
0.09437500000000898 
0.10187500000000897 
0.11437500000000898 
0.11687500000000899 
0.09437500000000897 
0.10187500000000899 
0.07812500000000899 
0.10687500000000898 
0.08937500000000898 
0.13937500000000902 
0.130625000000009 
0.086875000000009 
