0.10812500000000899 
0.10812500000000898 
0.12062500000000899 
0.12062500000000899 
0.08937500000000899 
0.130625000000009 
0.104375000000009 
0.14312500000000902 
0.10312500000000897 
0.09937500000000897 
0.13437500000000902 
0.09437500000000897 
0.104375000000009 
0.10562500000000899 
0.095625000000009 
0.10437500000000897 
0.09312500000000898 
0.08312500000000898 
0.10687500000000898 
0.10312500000000897 
0.14437500000000902 
0.073125000000009 
0.10437500000000899 
0.104375000000009 
0.09562500000000898 
0.09937500000000897 
0.10562500000000899 
0.10062500000000897 
0.10562500000000899 
0.10937500000000899 
0.08812500000000899 
0.104375000000009 
0.09062500000000899 
0.10562500000000899 
0.095625000000009 
0.08812500000000899 
0.10312500000000897 
0.08312500000000898 
0.08312500000000898 
0.09437500000000898 
0.10437500000000897 
0.10562500000000898 
0.104375000000009 
0.09812500000000897 
0.089375000000009 
0.07812500000000898 
0.08562500000000899 
0.07937500000000898 
0.07562500000000899 
0.08812500000000897 
0.10187500000000897 
0.10437500000000899 
0.104375000000009 
0.10062500000000897 
0.084375000000009 
0.10062500000000897 
0.08687500000000899 
0.08687500000000899 
0.10312500000000897 
0.07437500000000899 
0.11062500000000898 
0.08687500000000896 
0.07687500000000899 
0.11937500000000899 
0.10562500000000899 
0.07687500000000899 
0.095625000000009 
0.080625000000009 
0.08937500000000898 
0.08687500000000897 
0.10562500000000899 
0.10687500000000899 
0.16062500000000904 
0.10562500000000899 
0.079375000000009 
0.10562500000000899 
0.10562500000000899 
0.08562500000000899 
0.07562500000000899 
0.19562500000000907 
0.071875000000009 
0.07437500000000899 
0.10687500000000899 
0.13437500000000902 
0.10437500000000897 
0.11812500000000899 
0.08937500000000899 
0.104375000000009 
0.10562500000000898 
0.07062500000000899 
0.10937500000000898 
0.11687500000000899 
0.10062500000000897 
0.11562500000000898 
0.08062500000000898 
0.10937500000000898 
0.09062500000000899 
0.10687500000000898 
0.12437500000000899 
0.08062500000000898 
0.10062500000000899 
0.08312500000000897 
0.08687500000000899 
0.10187500000000899 
0.07687500000000899 
0.08687500000000897 
0.10437500000000899 
0.07687500000000899 
0.081875000000009 
0.08312500000000898 
0.10562500000000899 
0.08312500000000898 
0.08062500000000898 
0.14062500000000902 
0.10437500000000899 
0.08687500000000899 
0.09062500000000898 
0.10937500000000899 
0.07812500000000899 
0.11937500000000899 
0.11187500000000898 
0.096875000000009 
0.07562500000000899 
0.08062500000000898 
0.083125000000009 
0.08437500000000898 
0.09562500000000897 
0.09312500000000898 
0.10937500000000899 
0.09937500000000897 
0.09312500000000896 
0.103125000000009 
0.10312500000000897 
0.08437500000000897 
0.080625000000009 
0.08812500000000897 
0.10437500000000899 
0.09062500000000899 
0.07562500000000899 
0.12312500000000899 
0.08937500000000898 
0.07937500000000901 
0.08562500000000897 
0.10812500000000898 
0.111875000000009 
0.12187500000000899 
0.09562500000000897 
0.07187500000000899 
0.10937500000000898 
0.10812500000000898 
0.10812500000000898 
0.10812500000000898 
0.080625000000009 
0.10937500000000898 
0.08687500000000899 
0.11312500000000898 
0.10937500000000898 
0.11812500000000899 
0.10812500000000899 
0.083125000000009 
0.09562500000000898 
0.08312500000000898 
0.08812500000000897 
0.11312500000000898 
0.10562500000000898 
0.08687500000000899 
0.10562500000000898 
0.09187500000000898 
0.09812500000000897 
0.10062500000000897 
0.08437500000000898 
0.10312500000000897 
0.10437500000000899 
0.10187500000000899 
0.111875000000009 
0.10562500000000899 
0.11937500000000899 
0.113125000000009 
0.11187500000000898 
0.110625000000009 
0.10437500000000897 
0.10562500000000898 
0.09312500000000896 
0.128125000000009 
0.11062500000000898 
0.074375000000009 
0.09562500000000898 
0.11437500000000898 
0.09187500000000899 
0.125625000000009 
0.10562500000000898 
0.11562500000000898 
0.094375000000009 
0.10812500000000898 
0.13312500000000901 
0.07687500000000899 
0.10562500000000898 
0.10812500000000899 
0.11187500000000898 
0.126875000000009 
0.104375000000009 
0.10937500000000898 
0.083125000000009 
0.10687500000000899 
0.09812500000000898 
0.10562500000000898 
0.130625000000009 
0.10687500000000898 
0.11187500000000898 
0.10562500000000899 
0.07312500000000899 
0.10562500000000898 
0.08187500000000898 
0.10687500000000898 
0.09187500000000896 
0.10437500000000897 
0.11937500000000899 
0.128125000000009 
0.09062500000000898 
0.10687500000000898 
0.11062500000000898 
0.08312500000000898 
0.10562500000000899 
0.10187500000000897 
0.09937500000000897 
0.08437500000000898 
0.09062500000000898 
0.083125000000009 
0.12062500000000899 
0.08937500000000899 
0.07687500000000899 
0.08187500000000898 
0.10437500000000899 
0.10687500000000899 
0.074375000000009 
0.08562500000000897 
0.10562500000000899 
0.10437500000000899 
0.11062500000000898 
0.07312500000000899 
0.08562500000000897 
0.104375000000009 
0.10187500000000897 
0.10312500000000897 
0.09937500000000897 
0.08812500000000897 
0.08812500000000897 
0.08687500000000897 
0.11437500000000898 
0.13312500000000901 
