0.21312500000000908 
0.3343750000000092 
0.3406250000000092 
0.15562500000000903 
0.21218750000000908 
0.15437500000000903 
0.113437500000009 
0.3343750000000092 
0.2546875000000091 
0.5006250000000094 
0.2518750000000091 
0.26093750000000915 
0.2510937500000091 
0.20843750000000907 
0.2518750000000091 
0.3371875000000092 
0.17687500000000905 
0.2523437500000091 
0.25093750000000914 
0.3343750000000092 
0.26937500000000913 
0.20562500000000908 
0.3368750000000092 
0.3343750000000092 
0.3381250000000092 
0.27812500000000917 
0.3343750000000092 
0.3381250000000092 
0.25093750000000914 
0.20468750000000907 
0.20218750000000907 
0.2231250000000091 
0.2543750000000091 
0.25562500000000915 
0.4218750000000093 
0.26187500000000913 
0.27062500000000916 
0.26937500000000913 
0.17937500000000905 
0.3371875000000092 
0.20562500000000908 
0.17343750000000904 
0.2568750000000091 
0.25312500000000915 
0.2546875000000091 
0.17937500000000905 
0.20234375000000906 
0.20109375000000906 
0.20234375000000906 
0.20234375000000906 
0.17062500000000905 
0.3343750000000092 
0.2518750000000091 
0.25562500000000915 
0.3381250000000092 
0.20093750000000907 
0.2543750000000091 
0.3343750000000092 
0.25093750000000914 
0.14468750000000902 
0.2543750000000091 
0.2510937500000091 
0.5009375000000094 
0.2518750000000091 
0.3343750000000092 
0.16718750000000904 
0.20093750000000907 
0.3381250000000092 
0.25093750000000914 
0.3385937500000092 
0.5096875000000094 
0.3346875000000092 
0.2768750000000092 
0.14468750000000902 
0.25093750000000914 
0.3343750000000092 
0.20812500000000908 
0.20062500000000907 
0.34812500000000923 
0.2510937500000091 
0.3343750000000092 
0.2546875000000091 
0.20218750000000907 
0.17187500000000905 
0.2560937500000091 
0.25812500000000915 
0.20187500000000907 
0.20468750000000907 
0.20687500000000908 
0.2181250000000091 
0.3343750000000092 
0.27187500000000914 
0.26343750000000915 
0.20187500000000907 
0.20437500000000908 
0.20312500000000908 
0.3398437500000092 
0.27812500000000917 
0.3393750000000092 
0.20312500000000908 
0.25812500000000915 
0.25593750000000914 
0.2543750000000091 
0.20843750000000907 
0.3346875000000092 
0.25343750000000914 
0.16812500000000904 
0.20093750000000907 
0.2546875000000091 
0.26968750000000913 
0.2543750000000091 
0.20093750000000907 
0.2521875000000091 
0.20062500000000907 
0.3371875000000092 
0.20093750000000907 
0.33484375000000915 
0.25312500000000915 
0.3356250000000092 
0.2543750000000091 
0.20187500000000907 
0.3396875000000092 
0.2521875000000091 
0.3384375000000092 
0.20968750000000907 
0.25843750000000915 
0.3418750000000092 
0.26687500000000913 
0.3368750000000092 
0.25343750000000914 
0.20484375000000907 
0.2218750000000091 
0.2518750000000091 
0.2593750000000091 
0.5006250000000094 
0.2518750000000091 
0.25312500000000915 
0.25093750000000914 
0.5009375000000094 
0.5009375000000094 
0.3484375000000092 
0.3346875000000092 
0.34312500000000923 
0.5009375000000094 
0.2518750000000091 
0.20437500000000908 
0.3356250000000092 
0.2518750000000091 
0.25343750000000914 
0.20968750000000907 
0.20468750000000907 
0.2593750000000091 
0.33734375000000916 
0.17218750000000904 
0.25343750000000914 
0.3406250000000092 
0.21218750000000908 
0.28343750000000917 
0.5060937500000094 
0.25062500000000915 
0.27843750000000916 
0.20187500000000907 
0.34812500000000923 
0.3418750000000092 
0.25343750000000914 
0.25562500000000915 
0.27343750000000916 
0.3406250000000092 
0.2568750000000091 
0.25312500000000915 
0.3468750000000092 
0.17718750000000905 
0.3368750000000092 
0.36343750000000924 
0.26093750000000915 
0.3393750000000092 
0.3356250000000092 
0.20312500000000908 
0.20187500000000907 
0.2543750000000091 
0.3356250000000092 
0.2268750000000091 
0.20093750000000907 
0.17812500000000905 
0.3346875000000092 
0.5006250000000094 
0.25062500000000915 
0.2418750000000091 
0.3368750000000092 
0.18312500000000906 
0.20093750000000907 
0.26593750000000915 
0.5109375000000094 
0.14468750000000902 
0.20218750000000907 
0.2535937500000091 
0.2568750000000091 
0.2518750000000091 
0.21968750000000908 
0.3409375000000092 
0.2543750000000091 
0.2518750000000091 
0.2181250000000091 
0.5018750000000094 
0.31437500000000923 
0.3368750000000092 
0.2518750000000091 
0.3356250000000092 
0.2968750000000092 
0.3343750000000092 
0.20968750000000907 
0.3368750000000092 
0.16984375000000904 
0.3346875000000092 
0.3368750000000092 
0.2768750000000092 
0.3381250000000092 
0.2646875000000091 
0.25312500000000915 
0.2518750000000091 
0.3348437500000092 
0.26312500000000916 
0.5106250000000094 
0.3356250000000092 
0.3356250000000092 
0.15687500000000903 
0.25312500000000915 
0.3371875000000092 
0.3359375000000092 
0.3393750000000092 
0.3360937500000092 
0.20687500000000908 
0.2518750000000091 
0.2546875000000091 
0.3368750000000092 
0.2546875000000091 
0.20437500000000908 
0.27187500000000914 
0.26312500000000916 
0.20468750000000907 
0.2571875000000091 
0.21343750000000908 
0.3396875000000092 
0.3468750000000092 
0.20718750000000907 
0.5006250000000094 
0.2518750000000091 
0.20187500000000907 
0.25062500000000915 
0.26312500000000916 
