0.17312500000000905 
0.3406250000000092 
0.3385937500000092 
0.3393750000000092 
0.27062500000000916 
0.3356250000000092 
0.3409375000000092 
0.5006250000000094 
0.25562500000000915 
0.39062500000000927 
0.3393750000000092 
0.3381250000000092 
0.36468750000000927 
0.25312500000000915 
0.3368750000000092 
0.3368750000000092 
0.2593750000000091 
0.2518750000000091 
0.3343750000000092 
0.2568750000000091 
0.20843750000000907 
0.35062500000000923 
0.5031250000000094 
0.14687500000000903 
0.3381250000000092 
0.27937500000000914 
0.25312500000000915 
0.20718750000000907 
0.26812500000000916 
0.20359375000000907 
0.20343750000000907 
0.25312500000000915 
0.3356250000000092 
0.5034375000000093 
0.17093750000000904 
0.20468750000000907 
0.3468750000000092 
0.25062500000000915 
0.2521875000000091 
0.20437500000000908 
0.27187500000000925 
0.2568750000000091 
0.3381250000000092 
0.3471875000000092 
0.20437500000000908 
0.2543750000000091 
0.3568750000000092 
0.2510937500000091 
0.3343750000000092 
0.2646875000000091 
0.5171875000000093 
0.20062500000000907 
0.20312500000000908 
0.20187500000000907 
0.3484375000000092 
0.3368750000000092 
0.2156250000000091 
0.20312500000000908 
0.14468750000000902 
0.3446875000000092 
0.16843750000000904 
0.3384375000000092 
0.20468750000000907 
0.2518750000000091 
0.20093750000000907 
0.20109375000000906 
0.20687500000000908 
0.26843750000000915 
0.25312500000000915 
0.3359375000000092 
0.20187500000000907 
0.2518750000000091 
0.20437500000000908 
0.3356250000000092 
0.2593750000000091 
0.5031250000000094 
0.3359375000000092 
0.20968750000000907 
0.20093750000000907 
0.25562500000000915 
0.2518750000000091 
0.36812500000000925 
0.2568750000000091 
0.3418750000000092 
0.27562500000000917 
0.25062500000000915 
0.26812500000000916 
0.3518750000000092 
0.25734375000000914 
0.3359375000000092 
0.2521875000000091 
0.20359375000000907 
0.26312500000000916 
0.26593750000000915 
0.3343750000000092 
0.3443750000000092 
0.20343750000000907 
0.2521875000000091 
0.26593750000000915 
0.25484375000000914 
0.25312500000000915 
0.25093750000000914 
0.2243750000000091 
0.36312500000000925 
0.2156250000000091 
0.2518750000000091 
0.36812500000000925 
0.20218750000000907 
0.20812500000000908 
0.5043750000000093 
0.2521875000000091 
0.3343750000000092 
0.25562500000000915 
0.34562500000000923 
0.2181250000000091 
0.5106250000000094 
0.21343750000000908 
0.3343750000000092 
0.20343750000000907 
0.17187500000000905 
0.26187500000000913 
0.2206250000000091 
0.2543750000000091 
0.3356250000000092 
0.3343750000000092 
0.2510937500000091 
0.17562500000000905 
0.3396875000000092 
0.3356250000000092 
0.3343750000000092 
0.16843750000000904 
0.3381250000000092 
0.2543750000000091 
0.20437500000000908 
0.3368750000000092 
0.2696875000000092 
0.20187500000000907 
0.3343750000000092 
0.5006250000000094 
0.26937500000000913 
0.21343750000000908 
0.35062500000000923 
0.25312500000000915 
0.28437500000000926 
0.20312500000000908 
0.2521875000000091 
0.20062500000000907 
0.3356250000000092 
0.26062500000000915 
0.3459375000000092 
0.2523437500000091 
0.3356250000000092 
0.25312500000000915 
0.3346875000000092 
0.26062500000000915 
0.25093750000000914 
0.17343750000000904 
0.20468750000000907 
0.2543750000000091 
0.5009375000000094 
0.3356250000000092 
0.20187500000000907 
0.26062500000000915 
0.20437500000000908 
0.16812500000000904 
0.2546875000000091 
0.3356250000000092 
0.17312500000000905 
0.34312500000000923 
0.25062500000000915 
0.3384375000000092 
0.33484375000000915 
0.33484375000000915 
0.25093750000000914 
0.2635937500000091 
0.5021875000000093 
0.20312500000000908 
0.3381250000000092 
0.5059375000000094 
0.2568750000000091 
0.17093750000000904 
0.16937500000000905 
0.5006250000000094 
0.20812500000000908 
0.25593750000000914 
0.25093750000000914 
0.3381250000000092 
0.25343750000000914 
0.2568750000000091 
0.20218750000000907 
0.20187500000000907 
0.3368750000000092 
0.25093750000000914 
0.2543750000000091 
0.5031250000000094 
0.3346875000000092 
0.3346875000000092 
0.3346875000000092 
0.3368750000000092 
0.3343750000000092 
0.2543750000000091 
0.3346875000000092 
0.2521875000000091 
0.2521875000000091 
0.13687500000000902 
0.2521875000000091 
0.25593750000000914 
0.20093750000000907 
0.3381250000000092 
0.35093750000000923 
0.5096875000000094 
0.20187500000000907 
0.20343750000000907 
0.3343750000000092 
0.5006250000000094 
0.2546875000000091 
0.27843750000000916 
0.26187500000000913 
0.2518750000000091 
0.20312500000000908 
0.21218750000000908 
0.21312500000000908 
0.5018750000000094 
0.26312500000000916 
0.20437500000000908 
0.3343750000000092 
0.2856250000000092 
0.3406250000000092 
0.5071875000000093 
0.15437500000000903 
0.3384375000000092 
0.3031250000000092 
0.20218750000000907 
0.5031250000000094 
0.3346875000000092 
0.2548437500000091 
0.20187500000000907 
0.25562500000000915 
0.2518750000000091 
0.20187500000000907 
0.3343750000000092 
0.2806250000000092 
0.21093750000000908 
0.20968750000000907 
0.18812500000000906 
0.17093750000000904 
0.25343750000000914 
0.3356250000000092 
0.20109375000000906 
0.5009375000000094 
