0.25562500000000915 
0.5006250000000094 
0.2384375000000091 
0.3343750000000092 
0.3368750000000092 
0.20687500000000908 
0.20343750000000907 
0.3356250000000092 
0.3343750000000092 
0.27093750000000916 
0.3368750000000092 
0.3396875000000092 
0.28593750000000917 
0.3346875000000092 
0.3056250000000092 
0.2906250000000092 
0.20312500000000908 
0.3493750000000092 
0.2168750000000091 
0.5031250000000094 
0.2568750000000091 
0.3368750000000092 
0.2568750000000092 
0.3568750000000092 
0.26937500000000913 
0.20812500000000908 
0.27562500000000917 
0.21843750000000908 
0.2243750000000091 
0.20562500000000908 
0.3356250000000092 
0.3368750000000092 
0.2168750000000091 
0.3356250000000092 
0.2518750000000091 
0.3406250000000092 
0.2956250000000092 
0.25218750000000917 
0.26343750000000915 
0.2593750000000091 
0.35062500000000923 
0.5056250000000094 
0.26062500000000915 
0.3356250000000092 
0.20359375000000907 
0.3346875000000092 
0.3343750000000092 
0.5018750000000094 
0.26062500000000915 
0.3359375000000092 
0.25593750000000914 
0.20968750000000907 
0.3346875000000092 
0.20312500000000908 
0.2618750000000092 
0.26437500000000913 
0.3771875000000092 
0.2318750000000091 
0.2618750000000092 
0.17687500000000905 
0.26062500000000915 
0.28437500000000915 
0.26562500000000916 
0.3360937500000092 
0.29468750000000915 
0.30687500000000917 
0.2421875000000091 
0.2523437500000091 
0.3406250000000092 
0.20812500000000908 
0.3396875000000092 
0.3568750000000092 
0.26187500000000913 
0.3384375000000092 
0.3356250000000092 
0.34562500000000923 
0.20718750000000907 
0.26437500000000913 
0.2981250000000092 
0.3484375000000092 
0.21187500000000908 
0.2156250000000091 
0.3346875000000092 
0.5096875000000094 
0.3381250000000092 
0.3393750000000092 
0.3571875000000092 
0.3343750000000092 
0.2771875000000092 
0.3484375000000092 
0.2543750000000091 
0.26062500000000915 
0.26312500000000916 
0.33484375000000915 
0.25593750000000914 
0.25062500000000915 
0.2568750000000091 
0.2306250000000091 
0.3360937500000092 
0.28437500000000915 
0.3368750000000092 
0.29437500000000916 
0.2518750000000091 
0.3396875000000092 
0.17937500000000905 
0.25593750000000914 
0.2256250000000091 
0.5060937500000094 
0.25062500000000915 
0.2535937500000091 
0.3368750000000092 
0.2543750000000091 
0.3360937500000092 
0.26437500000000913 
0.20812500000000908 
0.25593750000000914 
0.2771875000000092 
0.3396875000000092 
0.3356250000000092 
0.25062500000000915 
0.25093750000000914 
0.3371875000000092 
0.5009375000000094 
0.3996875000000093 
0.3406250000000092 
0.20437500000000908 
0.2984375000000092 
0.27687500000000914 
0.2518750000000091 
0.5046875000000093 
0.3343750000000092 
0.25343750000000914 
0.34562500000000923 
0.25312500000000915 
0.20843750000000907 
0.3360937500000092 
0.28093750000000917 
0.2456250000000091 
0.5009375000000094 
0.3393750000000092 
0.21187500000000908 
0.26312500000000916 
0.25312500000000915 
0.25812500000000915 
0.2593750000000091 
0.21343750000000908 
0.35062500000000923 
0.2596875000000091 
0.18937500000000906 
0.20468750000000907 
0.16843750000000904 
0.2346875000000091 
0.27968750000000914 
0.17437500000000905 
0.3384375000000092 
0.26343750000000915 
0.2546875000000091 
0.34562500000000923 
0.2568750000000091 
0.5043750000000093 
0.3381250000000092 
0.2593750000000091 
0.3618750000000092 
0.26687500000000913 
0.5006250000000094 
0.5098437500000095 
0.5009375000000094 
0.2596875000000091 
0.3621875000000092 
0.2568750000000091 
0.2523437500000091 
0.25593750000000914 
0.20437500000000908 
0.20062500000000907 
0.17187500000000905 
0.5018750000000094 
0.3381250000000092 
0.3343750000000092 
0.3343750000000092 
0.3106250000000092 
0.37062500000000925 
0.2518750000000091 
0.3384375000000092 
0.25062500000000915 
0.25562500000000915 
0.2518750000000091 
0.20234375000000906 
0.34312500000000923 
0.3434375000000092 
0.3331250000000092 
0.26062500000000915 
0.25812500000000915 
0.25093750000000914 
0.5171875000000093 
0.19562500000000907 
0.26062500000000915 
0.3346875000000092 
0.3409375000000092 
0.17343750000000904 
0.28312500000000923 
0.3406250000000092 
0.3093750000000092 
0.28218750000000914 
0.20562500000000908 
0.27593750000000916 
0.2881250000000092 
0.2693750000000092 
0.2409375000000091 
0.26093750000000915 
0.27812500000000917 
0.31562500000000954 
0.5018750000000094 
0.2593750000000091 
0.15187500000000903 
0.25218750000000917 
0.3381250000000092 
0.20718750000000907 
0.2546875000000091 
0.5009375000000094 
0.5018750000000094 
0.20687500000000908 
0.3343750000000092 
0.26562500000000916 
0.20593750000000907 
0.2331250000000091 
0.5106250000000094 
0.3343750000000092 
0.27812500000000917 
0.5021875000000093 
0.25343750000000914 
0.5043750000000093 
0.37562500000000926 
0.5071875000000093 
0.5031250000000094 
0.16437500000000904 
0.2668750000000092 
0.35312500000000924 
0.5009375000000094 
0.25562500000000915 
0.5009375000000094 
0.2535937500000091 
0.21062500000000908 
0.26312500000000916 
0.20187500000000907 
0.2668750000000092 
0.25562500000000915 
0.5006250000000094 
0.20312500000000908 
0.2331250000000091 
0.3409375000000092 
