0.27062500000000916 
0.26187500000000913 
0.25593750000000914 
0.5006250000000094 
0.2546875000000091 
0.2193750000000091 
0.3396875000000092 
0.34312500000000923 
0.3356250000000092 
0.28437500000000915 
0.2518750000000091 
0.3381250000000092 
0.2518750000000091 
0.3593750000000092 
0.13812500000000902 
0.3343750000000092 
0.3393750000000092 
0.2193750000000091 
0.3371875000000092 
0.17718750000000905 
0.20437500000000908 
0.25812500000000915 
0.20562500000000908 
0.21437500000000909 
0.25343750000000914 
0.2521875000000091 
0.2543750000000091 
0.25234375000000914 
0.25312500000000915 
0.5018750000000094 
0.3406250000000092 
0.2518750000000091 
0.2243750000000091 
0.28437500000000915 
0.17218750000000904 
0.20562500000000908 
0.3368750000000092 
0.27562500000000917 
0.2593750000000091 
0.5006250000000094 
0.5006250000000094 
0.25812500000000915 
0.2596875000000091 
0.21187500000000908 
0.3393750000000092 
0.21718750000000908 
0.3346875000000092 
0.2518750000000091 
0.2543750000000091 
0.25312500000000915 
0.2510937500000091 
0.27062500000000916 
0.35812500000000924 
0.3418750000000092 
0.2518750000000091 
0.17093750000000904 
0.30687500000000917 
0.3356250000000092 
0.2510937500000091 
0.21218750000000908 
0.20312500000000908 
0.2543750000000091 
0.3343750000000092 
0.2543750000000091 
0.25093750000000914 
0.2518750000000091 
0.26937500000000913 
0.26562500000000916 
0.27687500000000914 
0.36343750000000924 
0.3668750000000092 
0.19812500000000907 
0.25343750000000914 
0.25593750000000914 
0.25093750000000914 
0.26062500000000915 
0.25562500000000915 
0.20117187500000905 
0.25343750000000914 
0.34562500000000923 
0.17187500000000905 
0.21593750000000908 
0.2510937500000091 
0.17062500000000905 
0.16937500000000905 
0.20234375000000906 
0.20062500000000907 
0.2546875000000091 
0.25343750000000914 
0.25812500000000915 
0.14562500000000903 
0.2981250000000092 
0.27343750000000916 
0.18062500000000906 
0.3343750000000092 
0.3381250000000092 
0.3718750000000092 
0.3381250000000092 
0.26812500000000916 
0.2543750000000091 
0.3381250000000092 
0.3356250000000092 
0.17593750000000904 
0.5009375000000094 
0.21187500000000908 
0.20812500000000908 
0.5031250000000094 
0.2318750000000091 
0.3356250000000092 
0.2546875000000091 
0.3346875000000092 
0.25343750000000914 
0.20343750000000907 
0.5043750000000093 
0.3356250000000092 
0.3356250000000092 
0.2546875000000091 
0.17109375000000904 
0.2543750000000091 
0.26593750000000915 
0.5018750000000094 
0.20187500000000907 
0.2546875000000091 
0.5071875000000093 
0.3368750000000092 
0.3343750000000092 
0.2568750000000091 
0.20812500000000908 
0.25343750000000914 
0.2646875000000091 
0.25343750000000914 
0.2293750000000091 
0.20187500000000907 
0.2543750000000091 
0.5009375000000094 
0.34312500000000923 
0.5031250000000094 
0.35562500000000924 
0.2523437500000091 
0.14718750000000902 
0.20187500000000907 
0.2181250000000091 
0.16937500000000905 
0.21312500000000908 
0.3343750000000092 
0.3381250000000092 
0.20234375000000906 
0.3346875000000092 
0.126875000000009 
0.34234375000000916 
0.25343750000000914 
0.27593750000000916 
0.19187500000000907 
0.33484375000000915 
0.27062500000000916 
0.5068750000000094 
0.26937500000000913 
0.2518750000000091 
0.18062500000000906 
0.3393750000000092 
0.2518750000000091 
0.20437500000000908 
0.3335937500000092 
0.20437500000000908 
0.26062500000000915 
0.2906250000000092 
0.2518750000000091 
0.20218750000000907 
0.2548437500000091 
0.3346875000000092 
0.17562500000000905 
0.20937500000000908 
0.21312500000000908 
0.3418750000000092 
0.17218750000000904 
0.2356250000000091 
0.5031250000000094 
0.5006250000000094 
0.20218750000000907 
0.2518750000000091 
0.26562500000000916 
0.2568750000000091 
0.27093750000000916 
0.2281250000000091 
0.25093750000000914 
0.26562500000000916 
0.25312500000000915 
0.5059375000000094 
0.3406250000000092 
0.2418750000000091 
0.3346875000000092 
0.25562500000000915 
0.2518750000000091 
0.34312500000000923 
0.3360937500000092 
0.26687500000000913 
0.3421875000000092 
0.28562500000000923 
0.25312500000000915 
0.3346875000000092 
0.25812500000000915 
0.26093750000000915 
0.5021875000000093 
0.15062500000000903 
0.3343750000000092 
0.20187500000000907 
0.17562500000000905 
0.20593750000000907 
0.2896875000000092 
0.3356250000000092 
0.5006250000000094 
0.26312500000000916 
0.25593750000000914 
0.16937500000000905 
0.14937500000000903 
0.20187500000000907 
0.3434375000000092 
0.3381250000000092 
0.25312500000000915 
0.3393750000000092 
0.20062500000000907 
0.28093750000000917 
0.26687500000000913 
0.35562500000000924 
0.3343750000000092 
0.2535937500000091 
0.2181250000000091 
0.29187500000000915 
0.3371875000000092 
0.3393750000000092 
0.26062500000000915 
0.20093750000000907 
0.36062500000000924 
0.17437500000000905 
0.25093750000000914 
0.3398437500000092 
0.16437500000000904 
0.3359375000000092 
0.27187500000000914 
0.27687500000000914 
0.2543750000000091 
0.19468750000000906 
0.21093750000000908 
0.25062500000000915 
0.25093750000000914 
0.25812500000000915 
0.18468750000000905 
0.25312500000000915 
0.3346875000000092 
0.3406250000000092 
