0.18937500000000906 
0.131875000000009 
0.11812500000000899 
0.17812500000000905 
0.17812500000000905 
0.17187500000000905 
0.126875000000009 
0.2518750000000091 
0.130625000000009 
0.17062500000000905 
0.17062500000000905 
0.18812500000000906 
0.11812500000000899 
0.17062500000000905 
0.17312500000000905 
0.25093750000000914 
0.16937500000000905 
0.13812500000000902 
0.2593750000000091 
0.129375000000009 
0.10687500000000899 
0.128125000000009 
0.27937500000000925 
0.17062500000000905 
0.129375000000009 
0.16843750000000904 
0.2518750000000091 
0.16937500000000905 
0.130937500000009 
0.16843750000000904 
0.16937500000000905 
0.14437500000000902 
0.17062500000000905 
0.130937500000009 
0.17312500000000905 
0.129687500000009 
0.18812500000000906 
0.2518750000000091 
0.10937500000000898 
0.17562500000000905 
0.13312500000000901 
0.17937500000000905 
0.13937500000000902 
0.15562500000000903 
0.13312500000000901 
0.16937500000000905 
0.128125000000009 
0.16843750000000904 
0.17562500000000905 
0.10812500000000899 
0.17062500000000905 
0.17187500000000905 
0.17062500000000905 
0.130625000000009 
0.16812500000000904 
0.13687500000000902 
0.17437500000000905 
0.17218750000000904 
0.126875000000009 
0.17062500000000905 
0.2571875000000091 
0.17312500000000905 
0.16062500000000904 
0.17312500000000905 
0.2518750000000091 
0.14562500000000903 
0.13937500000000902 
0.127187500000009 
0.10812500000000898 
0.16812500000000904 
0.15437500000000903 
0.126875000000009 
0.2518750000000091 
0.129687500000009 
0.16937500000000905 
0.16937500000000905 
0.18562500000000906 
0.13437500000000902 
0.126875000000009 
0.16937500000000905 
0.13937500000000902 
0.16843750000000904 
0.126875000000009 
0.16968750000000904 
0.18687500000000906 
0.16968750000000904 
0.13437500000000902 
0.118125000000009 
0.26187500000000913 
0.19812500000000907 
0.126875000000009 
0.25562500000000915 
0.17218750000000904 
0.2518750000000091 
0.086875000000009 
0.17312500000000905 
0.14937500000000903 
0.16843750000000904 
0.14062500000000902 
0.13812500000000902 
0.130625000000009 
0.16062500000000904 
0.18437500000000906 
0.16812500000000904 
0.10687500000000898 
0.130937500000009 
0.129375000000009 
0.12187500000000899 
0.13687500000000902 
0.25593750000000914 
0.15437500000000903 
0.2906250000000092 
0.18687500000000906 
0.17312500000000905 
0.16843750000000904 
0.2518750000000091 
0.103125000000009 
0.131875000000009 
0.14218750000000902 
0.13812500000000902 
0.19812500000000907 
0.129375000000009 
0.25562500000000915 
0.129687500000009 
0.2193750000000091 
0.128125000000009 
0.25312500000000915 
0.16968750000000904 
0.12187500000000899 
0.126875000000009 
0.17312500000000905 
0.25093750000000914 
0.131875000000009 
0.20968750000000907 
0.127187500000009 
0.17562500000000905 
0.16812500000000904 
0.16812500000000904 
0.17093750000000904 
0.16812500000000904 
0.16812500000000904 
0.130625000000009 
0.17312500000000905 
0.13437500000000902 
0.14687500000000903 
0.18937500000000906 
0.2518750000000091 
0.25218750000000917 
0.13562500000000902 
0.11312500000000898 
0.2518750000000091 
0.16937500000000905 
0.16937500000000905 
0.17562500000000905 
0.14062500000000902 
0.25218750000000917 
0.16812500000000904 
0.11812500000000899 
0.17937500000000905 
0.16937500000000905 
0.20687500000000908 
0.16562500000000904 
0.128125000000009 
0.16812500000000904 
0.18187500000000906 
0.14437500000000902 
0.17812500000000905 
0.16812500000000904 
0.17218750000000904 
0.16937500000000905 
0.131875000000009 
0.2593750000000091 
0.15562500000000903 
0.17687500000000905 
0.16843750000000904 
0.17218750000000904 
0.17687500000000905 
0.18312500000000906 
0.111875000000009 
0.17718750000000905 
0.18312500000000906 
0.17312500000000905 
0.16843750000000904 
0.17187500000000905 
0.26187500000000913 
0.2543750000000091 
0.25312500000000915 
0.131875000000009 
0.17062500000000905 
0.2518750000000091 
0.2571875000000092 
0.16843750000000904 
0.2518750000000091 
0.16937500000000905 
0.16437500000000904 
0.25312500000000915 
0.20468750000000907 
0.116875000000009 
0.14312500000000902 
0.17062500000000905 
0.17468750000000904 
0.16812500000000904 
0.17062500000000905 
0.125937500000009 
0.17687500000000905 
0.18312500000000906 
0.18687500000000906 
0.13437500000000902 
0.126875000000009 
0.16812500000000904 
0.26062500000000915 
0.105625000000009 
0.16312500000000904 
0.126875000000009 
0.15062500000000903 
0.16843750000000904 
0.13687500000000902 
0.2518750000000091 
0.125937500000009 
0.13312500000000901 
0.17843750000000905 
0.17187500000000905 
0.2568750000000091 
0.16812500000000904 
0.11312500000000898 
0.16812500000000904 
0.17187500000000905 
0.129375000000009 
0.2518750000000091 
0.15437500000000903 
0.10812500000000898 
0.16437500000000904 
0.17312500000000905 
0.17062500000000905 
0.17437500000000905 
0.16812500000000904 
0.13437500000000902 
0.16843750000000904 
0.17093750000000904 
0.16312500000000904 
0.128437500000009 
0.17187500000000905 
0.16937500000000905 
0.16937500000000905 
0.16812500000000904 
0.18937500000000906 
0.17187500000000905 
0.11187500000000898 
0.25312500000000915 
0.17468750000000904 
