0.16937500000000905 
0.17187500000000905 
0.128125000000009 
0.2343750000000091 
0.13687500000000902 
0.15562500000000903 
0.129375000000009 
0.2831250000000092 
0.16937500000000905 
0.25312500000000915 
0.17718750000000905 
0.16812500000000904 
0.16937500000000905 
0.17062500000000905 
0.126875000000009 
0.2518750000000091 
0.16812500000000904 
0.130625000000009 
0.2543750000000092 
0.12437500000000899 
0.129375000000009 
0.20843750000000907 
0.19968750000000907 
0.16937500000000905 
0.126875000000009 
0.16843750000000904 
0.10468750000000901 
0.13562500000000902 
0.17437500000000905 
0.2543750000000091 
0.17312500000000905 
0.16843750000000904 
0.16937500000000905 
0.17187500000000905 
0.20687500000000908 
0.17062500000000905 
0.17062500000000905 
0.16937500000000905 
0.25343750000000914 
0.16812500000000904 
0.14312500000000902 
0.21062500000000908 
0.17312500000000905 
0.14687500000000903 
0.16812500000000904 
0.17562500000000905 
0.16843750000000904 
0.13937500000000902 
0.35312500000000924 
0.129687500000009 
0.17312500000000905 
0.127187500000009 
0.2518750000000091 
0.16812500000000904 
0.2518750000000091 
0.130625000000009 
0.2518750000000091 
0.17437500000000905 
0.16812500000000904 
0.129375000000009 
0.17218750000000904 
0.2518750000000091 
0.17062500000000905 
0.126875000000009 
0.15937500000000904 
0.2593750000000091 
0.21437500000000909 
0.129375000000009 
0.18312500000000906 
0.128125000000009 
0.17093750000000904 
0.18562500000000906 
0.128125000000009 
0.10687500000000898 
0.25343750000000914 
0.16937500000000905 
0.13937500000000902 
0.16812500000000904 
0.18062500000000906 
0.128125000000009 
0.19437500000000907 
0.2518750000000091 
0.16812500000000904 
0.25312500000000915 
0.128125000000009 
0.16812500000000904 
0.2518750000000091 
0.16812500000000904 
0.14062500000000902 
0.16937500000000905 
0.16937500000000905 
0.16812500000000904 
0.16937500000000905 
0.126875000000009 
0.16968750000000904 
0.16812500000000904 
0.102187500000009 
0.2518750000000091 
0.16937500000000905 
0.2518750000000091 
0.14937500000000903 
0.18187500000000906 
0.16937500000000905 
0.16937500000000905 
0.13312500000000901 
0.16937500000000905 
0.13437500000000902 
0.2518750000000091 
0.16812500000000904 
0.17187500000000905 
0.126875000000009 
0.116875000000009 
0.16843750000000904 
0.17812500000000905 
0.130625000000009 
0.17093750000000904 
0.17187500000000905 
0.130937500000009 
0.10812500000000898 
0.16812500000000904 
0.18562500000000906 
0.16843750000000904 
0.16937500000000905 
0.126093750000009 
0.13437500000000902 
0.16843750000000904 
0.16937500000000905 
0.2518750000000091 
0.126875000000009 
0.2518750000000091 
0.16812500000000904 
0.130625000000009 
0.20687500000000908 
0.2518750000000091 
0.16812500000000904 
0.16812500000000904 
0.14187500000000902 
0.19312500000000907 
0.16843750000000904 
0.129687500000009 
0.126875000000009 
0.2281250000000091 
0.17562500000000905 
0.17437500000000905 
0.25218750000000917 
0.10937500000000898 
0.14187500000000902 
0.17187500000000905 
0.16937500000000905 
0.129375000000009 
0.128593750000009 
0.16937500000000905 
0.2206250000000091 
0.17218750000000904 
0.25093750000000914 
0.25812500000000915 
0.127187500000009 
0.17062500000000905 
0.130625000000009 
0.16812500000000904 
0.16937500000000905 
0.2518750000000091 
0.17062500000000905 
0.11437500000000898 
0.16812500000000904 
0.2518750000000091 
0.2343750000000091 
0.129375000000009 
0.2518750000000091 
0.17062500000000905 
0.11687500000000899 
0.19062500000000906 
0.16968750000000904 
0.127187500000009 
0.2518750000000091 
0.128437500000009 
0.113125000000009 
0.16968750000000904 
0.15812500000000904 
0.14562500000000903 
0.17312500000000905 
0.16937500000000905 
0.16937500000000905 
0.16843750000000904 
0.17812500000000905 
0.16812500000000904 
0.15062500000000903 
0.2518750000000091 
0.2518750000000091 
0.126875000000009 
0.17343750000000904 
0.17062500000000905 
0.130625000000009 
0.25343750000000914 
0.17062500000000905 
0.17562500000000905 
0.125937500000009 
0.2518750000000091 
0.16937500000000905 
0.16937500000000905 
0.17062500000000905 
0.16937500000000905 
0.126875000000009 
0.111875000000009 
0.10468750000000901 
0.17312500000000905 
0.17437500000000905 
0.130625000000009 
0.17437500000000905 
0.15312500000000903 
0.128125000000009 
0.14937500000000903 
0.2593750000000091 
0.13312500000000901 
0.16937500000000905 
0.17187500000000905 
0.126875000000009 
0.14312500000000902 
0.2518750000000091 
0.129687500000009 
0.25312500000000915 
0.129687500000009 
0.17062500000000905 
0.17312500000000905 
0.13312500000000901 
0.19562500000000907 
0.130625000000009 
0.19937500000000907 
0.17593750000000904 
0.17062500000000905 
0.126875000000009 
0.17687500000000905 
0.11062500000000898 
0.16968750000000904 
0.17343750000000904 
0.130625000000009 
0.16937500000000905 
0.14968750000000902 
0.2518750000000091 
0.138437500000009 
0.17437500000000905 
0.13437500000000902 
0.13312500000000901 
0.2521875000000091 
0.2518750000000091 
0.131875000000009 
0.17312500000000905 
0.16843750000000904 
0.17187500000000905 
0.17187500000000905 
