0.07437500000000899 
0.07187500000000899 
0.08062500000000898 
0.058125000000009 
0.07062500000000899 
0.066875000000009 
0.08812500000000897 
0.08062500000000898 
0.09812500000000897 
0.10437500000000897 
0.08062500000000898 
0.07812500000000898 
0.06187500000000899 
0.06937500000000899 
0.09187500000000898 
0.063125000000009 
0.07687500000000898 
0.07562500000000898 
0.08562500000000897 
0.09312500000000896 
0.08937500000000896 
0.069375000000009 
0.09062500000000896 
0.10187500000000897 
0.07312500000000899 
0.08312500000000897 
0.06812500000000898 
0.056875000000009 
0.07562500000000899 
0.08312500000000898 
0.066875000000009 
0.07437500000000898 
0.07812500000000898 
0.066875000000009 
0.063125000000009 
0.08187500000000897 
0.08687500000000896 
0.063125000000009 
0.08562500000000897 
0.10312500000000897 
0.069375000000009 
0.08437500000000897 
0.08437500000000897 
0.06437500000000898 
0.08062500000000898 
0.08437500000000897 
0.07437500000000898 
0.07937500000000898 
0.068125000000009 
0.09687500000000897 
0.08312500000000897 
0.12187500000000899 
0.06562500000000898 
0.08437500000000898 
0.063125000000009 
0.08062500000000898 
0.06062500000000899 
0.07437500000000898 
0.07437500000000899 
0.11437500000000898 
0.06187500000000899 
0.06187500000000899 
0.064375000000009 
0.09062500000000898 
0.07437500000000898 
0.06562500000000898 
0.08812500000000897 
0.08312500000000897 
0.08812500000000897 
0.06937500000000899 
0.063125000000009 
0.064375000000009 
0.065625000000009 
0.06937500000000899 
0.07437500000000899 
0.07937500000000898 
0.10562500000000898 
0.06187500000000899 
0.07187500000000899 
0.07562500000000899 
0.07687500000000898 
0.08812500000000897 
0.126875000000009 
0.07187500000000899 
0.08437500000000897 
0.09437500000000897 
0.09312500000000896 
0.07312500000000899 
0.07687500000000898 
0.09062500000000896 
0.08437500000000897 
0.08562500000000896 
0.07437500000000898 
0.08187500000000898 
0.07187500000000899 
0.07937500000000898 
0.09437500000000897 
0.068125000000009 
0.06687500000000898 
0.06812500000000898 
0.068125000000009 
0.07687500000000899 
0.06812500000000898 
0.07812500000000899 
0.05937500000000899 
0.07687500000000898 
0.09437500000000897 
0.07062500000000899 
0.060625000000009005 
0.06812500000000898 
0.063125000000009 
0.07812500000000898 
0.09187500000000898 
0.09312500000000896 
0.07937500000000898 
0.07187500000000899 
0.05937500000000899 
0.08062500000000897 
0.059375000000009004 
0.07062500000000899 
0.08187500000000898 
0.08937500000000898 
0.061875000000009006 
0.08062500000000898 
0.07062500000000897 
0.07312500000000899 
0.10937500000000898 
0.07437500000000898 
0.11312500000000898 
0.07437500000000898 
0.09812500000000897 
0.08312500000000897 
0.064375000000009 
0.09437500000000897 
0.068125000000009 
0.08312500000000898 
0.09062500000000898 
0.07562500000000898 
0.065625000000009 
0.08187500000000898 
0.08312500000000897 
0.06937500000000899 
0.060625000000009005 
0.07062500000000899 
0.07937500000000898 
0.068125000000009 
0.10062500000000897 
0.07687500000000899 
0.07312500000000899 
0.06187500000000899 
0.08312500000000898 
0.058125000000009 
0.08562500000000897 
0.09687500000000897 
0.09062500000000898 
0.06437500000000898 
0.07312500000000899 
0.07437500000000899 
0.13687500000000902 
0.09187500000000898 
0.063125000000009 
0.07687500000000898 
0.066875000000009 
0.06812500000000898 
0.09437500000000897 
0.07812500000000898 
0.11062500000000898 
0.07437500000000898 
0.064375000000009 
0.09812500000000897 
0.125625000000009 
0.07312500000000899 
0.08062500000000898 
0.10687500000000898 
0.08187500000000897 
0.05937500000000899 
0.07437500000000898 
0.09437500000000897 
0.07937500000000898 
0.07312500000000899 
0.08687500000000897 
0.06437500000000898 
0.08687500000000897 
0.066875000000009 
0.10937500000000898 
0.07187500000000899 
0.07562500000000898 
0.066875000000009 
0.10812500000000898 
0.056875000000009 
0.05437500000000901 
0.06812500000000898 
0.08687500000000897 
0.07062500000000899 
0.07312500000000899 
0.08562500000000897 
0.07687500000000898 
0.07187500000000899 
0.09062500000000896 
0.07187500000000899 
0.068125000000009 
0.07812500000000898 
0.07687500000000896 
0.07562500000000899 
0.05687500000000899 
0.06937500000000899 
0.08312500000000897 
0.11437500000000898 
0.06187500000000899 
0.08062500000000898 
0.11062500000000898 
0.064375000000009 
0.07687500000000896 
0.06687500000000898 
0.06312500000000898 
0.07187500000000897 
0.08312500000000897 
0.07562500000000899 
0.09312500000000896 
0.07312500000000899 
0.063125000000009 
0.09562500000000897 
0.08312500000000898 
0.08437500000000897 
0.06687500000000898 
0.08062500000000898 
0.07437500000000899 
0.06937500000000899 
0.07437500000000898 
0.09812500000000897 
0.08937500000000898 
0.07437500000000898 
0.07437500000000899 
0.08312500000000897 
0.065625000000009 
0.07187500000000897 
0.07437500000000899 
0.07937500000000898 
0.071875000000009 
0.05312500000000901 
0.08687500000000897 
0.08812500000000896 
0.07687500000000899 
0.09312500000000896 
0.08437500000000897 
0.09437500000000897 
0.08312500000000898 
0.11687500000000899 
0.065625000000009 
0.09812500000000897 
