0.17312500000000905 
0.113125000000009 
0.16937500000000905 
0.09812500000000898 
0.11562500000000898 
0.11812500000000899 
0.114375000000009 
0.114375000000009 
0.11437500000000898 
0.14062500000000902 
0.16968750000000904 
0.11812500000000899 
0.12187500000000899 
0.16937500000000905 
0.12437500000000899 
0.16937500000000905 
0.10812500000000898 
0.09187500000000899 
0.11437500000000898 
0.114375000000009 
0.113125000000009 
0.14687500000000903 
0.11562500000000898 
0.10187500000000899 
0.11687500000000899 
0.11687500000000899 
0.11562500000000898 
0.19062500000000906 
0.14812500000000903 
0.10937500000000898 
0.114375000000009 
0.16937500000000905 
0.130625000000009 
0.113125000000009 
0.16937500000000905 
0.17812500000000905 
0.12437500000000899 
0.129375000000009 
0.11562500000000898 
0.17062500000000905 
0.10937500000000898 
0.126875000000009 
0.128125000000009 
0.17187500000000905 
0.113125000000009 
0.17062500000000905 
0.11437500000000898 
0.14687500000000903 
0.114687500000009 
0.114375000000009 
0.15687500000000903 
0.12062500000000899 
0.18187500000000906 
0.12062500000000899 
0.113125000000009 
0.123437500000009 
0.11062500000000898 
0.12187500000000899 
0.12312500000000899 
0.113125000000009 
0.11812500000000899 
0.12062500000000899 
0.118125000000009 
0.11687500000000899 
0.16937500000000905 
0.114375000000009 
0.14687500000000903 
0.094375000000009 
0.09312500000000898 
0.126875000000009 
0.11562500000000898 
0.11937500000000899 
0.114375000000009 
0.11687500000000899 
0.10187500000000897 
0.128125000000009 
0.09187500000000898 
0.113125000000009 
0.16937500000000905 
0.16937500000000905 
0.12312500000000899 
0.12187500000000899 
0.13937500000000902 
0.101875000000009 
0.12187500000000899 
0.113125000000009 
0.16937500000000905 
0.09437500000000897 
0.11562500000000898 
0.095625000000009 
0.126875000000009 
0.09687500000000898 
0.114375000000009 
0.113125000000009 
0.09562500000000897 
0.17062500000000905 
0.13687500000000902 
0.10562500000000898 
0.12312500000000899 
0.10187500000000897 
0.11562500000000898 
0.17187500000000905 
0.12187500000000899 
0.16937500000000905 
0.16937500000000905 
0.12187500000000899 
0.11812500000000899 
0.16937500000000905 
0.11812500000000899 
0.113125000000009 
0.11937500000000899 
0.11562500000000898 
0.12312500000000899 
0.16937500000000905 
0.126875000000009 
0.09562500000000898 
0.10562500000000899 
0.11687500000000899 
0.14687500000000903 
0.18312500000000906 
0.11687500000000899 
0.12062500000000899 
0.11437500000000898 
0.12187500000000899 
0.113125000000009 
0.16937500000000905 
0.111875000000009 
0.10687500000000898 
0.14187500000000902 
0.113125000000009 
0.13312500000000901 
0.09187500000000898 
0.10937500000000898 
0.114687500000009 
0.12437500000000899 
0.12062500000000899 
0.11437500000000898 
0.14937500000000903 
0.09062500000000898 
0.114375000000009 
0.130625000000009 
0.10187500000000897 
0.16937500000000905 
0.115625000000009 
0.113125000000009 
0.10937500000000898 
0.11562500000000898 
0.09687500000000898 
0.11562500000000898 
0.11937500000000899 
0.10687500000000899 
0.10687500000000898 
0.14687500000000903 
0.17687500000000905 
0.131875000000009 
0.17187500000000905 
0.16937500000000905 
0.13562500000000902 
0.08562500000000899 
0.11687500000000899 
0.14812500000000903 
0.17062500000000905 
0.09187500000000899 
0.11937500000000899 
0.17062500000000905 
0.11687500000000899 
0.12187500000000899 
0.114375000000009 
0.11562500000000898 
0.114375000000009 
0.12187500000000899 
0.11937500000000899 
0.10187500000000897 
0.125625000000009 
0.115625000000009 
0.11687500000000899 
0.16937500000000905 
0.14062500000000902 
0.11437500000000898 
0.12187500000000899 
0.13312500000000901 
0.17062500000000905 
0.09937500000000897 
0.14437500000000902 
0.09437500000000898 
0.12312500000000899 
0.08937500000000899 
0.114375000000009 
0.09937500000000898 
0.114375000000009 
0.16937500000000905 
0.131875000000009 
0.21187500000000908 
0.113125000000009 
0.11687500000000899 
0.11812500000000899 
0.16843750000000904 
0.15687500000000903 
0.11562500000000898 
0.126875000000009 
0.12312500000000899 
0.115625000000009 
0.08937500000000899 
0.10562500000000898 
0.125625000000009 
0.09062500000000898 
0.096875000000009 
0.128125000000009 
0.128125000000009 
0.115625000000009 
0.11687500000000899 
0.11812500000000899 
0.114375000000009 
0.17062500000000905 
0.17062500000000905 
0.11562500000000898 
0.16937500000000905 
0.09312500000000896 
0.11937500000000899 
0.17062500000000905 
0.13437500000000902 
0.09187500000000898 
0.16968750000000904 
0.11562500000000898 
0.11437500000000898 
0.114375000000009 
0.113125000000009 
0.13687500000000902 
0.11812500000000899 
0.16937500000000905 
0.14187500000000902 
0.11437500000000898 
0.115625000000009 
0.113125000000009 
0.11687500000000899 
0.15437500000000903 
0.10937500000000898 
0.14187500000000902 
0.17187500000000905 
0.17687500000000905 
0.09187500000000896 
0.13437500000000902 
0.11937500000000899 
0.10187500000000897 
0.16843750000000904 
0.11812500000000899 
0.11562500000000898 
0.086875000000009 
0.115625000000009 
0.128125000000009 
