57 11 32 
0.7784570312499999 
0.7579492187499998 
0.8259179687499999 
0.8376367187499998 
0.97064453125 
1.2559960937500003 
1.03861328125 
0.91322265625 
0.9214257812500001 
0.93373046875 
1.2477929687500002 
0.8071679687499999 
0.6688867187499998 
0.95775390625 
0.8839257812499999 
1.0081445312500001 
0.98060546875 
0.8657617187499999 
1.13529296875 
0.8809960937499998 
1.08958984375 
0.7345117187499998 
0.8780664062499998 
0.8259179687499999 
0.8944726562499998 
0.8470117187499998 
1.2665429687500003 
0.6882226562499998 
0.6940820312499998 
0.8927148437499999 
0.7181054687499998 
1.09544921875 
1.0239648437500002 
0.6554101562499998 
1.2753320312500003 
0.7386132812499998 
1.20501953125 
0.8616601562499998 
0.8112695312499999 
1.1124414062499999 
1.0743554687499999 
0.9026757812499999 
0.7538476562499998 
0.8071679687499999 
0.9952539062499999 
1.2477929687500002 
0.93607421875 
0.8792382812499998 
0.91966796875 
1.2477929687500002 
0.7450585937499998 
0.7632226562499999 
1.1651757812499999 
0.9149804687499999 
0.7145898437499999 
0.95833984375 
0.7186914062499998 
0.8722070312499999 
0.7597070312499998 
0.6630273437499998 
0.8634179687499999 
0.6343164062499999 
1.1405664062499998 
0.96009765625 
0.8821679687499998 
0.7497460937499998 
0.92435546875 
0.7567773437499998 
0.7749414062499999 
1.2360742187500002 
1.24720703125 
0.8364648437499999 
0.8739648437499998 
0.7181054687499998 
0.6395898437499999 
0.7673242187499998 
0.7884179687499999 
0.9390039062500001 
0.8897851562499998 
0.8229882812499999 
0.7192773437499999 
0.7602929687499999 
0.6987695312499999 
1.2565820312500002 
0.91673828125 
0.7186914062499998 
0.98177734375 
0.7690820312499999 
0.9020898437499999 
0.92728515625 
0.6970117187499998 
1.2319726562500002 
0.93255859375 
0.8393945312499999 
0.97650390625 
1.13119140625 
0.6835351562499998 
1.1763085937500002 
0.95716796875 
0.9524804687499999 
0.8417382812499998 
0.8669335937499999 
0.98060546875 
0.91966796875 
0.9993554687499997 
0.7907617187499999 
0.5739648437499999 
0.8850976562499998 
0.8827539062499998 
0.5997460937499999 
1.0427148437500002 
1.14349609375 
0.5815820312499999 
0.6718164062499998 
0.8270898437499999 
0.6477929687499998 
1.02162109375 
1.2220117187500001 
0.9683007812500001 
0.8317773437499999 
1.22025390625 
0.7005273437499998 
0.91322265625 
0.7169335937499999 
0.7860742187499998 
1.00345703125 
0.7550195312499999 
0.7690820312499999 
0.9958398437499999 
0.9149804687499999 
1.05677734375 
0.7749414062499999 
0.6694726562499999 
0.6061914062499999 
0.91322265625 
0.6847070312499999 
1.2173242187500002 
1.16751953125 
1.24486328125 
1.2173242187500002 
0.92787109375 
0.7643945312499999 
0.7907617187499999 
0.9548242187499999 
1.0052148437500001 
0.8229882812499999 
1.01283203125 
0.8429101562499998 
1.22083984375 
0.8423242187499997 
0.7796289062499999 
0.6683007812499999 
0.91556640625 
1.23431640625 
1.2349023437500002 
1.13236328125 
1.2331445312500002 
0.6114648437499999 
0.8622460937499998 
0.8388085937499998 
1.27650390625 
0.8147851562499998 
1.21791015625 
1.2688867187500004 
0.6636132812499999 
0.9501367187499999 
1.07845703125 
1.2495507812500002 
1.00228515625 
0.94662109375 
0.7784570312499999 
1.18041015625 
0.6261132812499999 
0.97240234375 
0.8282617187499999 
1.22083984375 
1.16576171875 
1.24427734375 
1.18919921875 
1.29642578125 
1.07259765625 
0.92083984375 
1.1997460937500002 
1.01634765625 
0.6372460937499999 
1.21556640625 
1.03978515625 
0.8306054687499999 
0.9683007812500001 
0.97064453125 
0.7362695312499998 
1.06087890625 
0.7749414062499999 
0.7550195312499999 
1.0257226562500001 
0.7034570312499998 
0.7602929687499999 
0.8727929687499998 
1.2524804687500002 
1.1294335937500002 
