63 11 26 
0.9085351562499998 
0.7304101562499997 
1.20560546875 
0.8382226562499998 
0.8065820312499998 
1.13060546875 
1.2501367187500003 
0.92904296875 
0.7702539062499999 
1.00287109375 
1.2331445312500002 
1.0591210937500002 
0.7737695312499999 
0.7485742187499997 
0.91029296875 
0.93490234375 
0.8417382812499998 
1.09076171875 
0.8458398437499999 
1.17982421875 
0.95365234375 
0.9893945312499999 
0.8768945312499998 
0.96712890625 
0.92728515625 
0.8429101562499998 
1.00873046875 
0.8013085937499999 
1.2671289062500002 
0.6231835937499999 
0.8593164062499998 
0.7643945312499999 
0.9888085937499999 
1.01927734375 
0.7122460937499998 
1.18685546875 
1.2542382812500001 
0.7251367187499997 
1.2554101562500002 
0.7134179687499999 
1.2126367187500002 
0.8335351562499999 
0.8165429687499999 
0.7579492187499998 
0.7222070312499999 
0.97416015625 
0.97416015625 
0.93373046875 
0.8886132812499998 
0.94310546875 
0.7573632812499999 
0.91146484375 
0.8071679687499999 
0.8850976562499998 
1.1282617187500001 
1.2630273437500001 
0.8950585937499999 
1.2876367187500002 
1.2606835937500003 
0.8065820312499998 
0.8727929687499998 
0.98119140625 
1.22494140625 
0.8440820312499998 
0.7866601562499999 
1.07259765625 
1.24369140625 
0.7667382812499999 
0.8804101562499997 
1.05736328125 
0.6097070312499999 
1.3069726562500001 
0.6606835937499999 
0.8235742187499998 
1.16341796875 
1.2712304687500002 
0.7309960937499997 
1.00697265625 
0.8481835937499999 
1.2231835937500002 
0.7977929687499998 
1.0591210937500002 
0.9395898437500001 
1.2378320312500002 
1.2366601562500001 
0.6759179687499999 
0.9009179687499999 
0.8130273437499999 
0.9032617187499998 
1.13177734375 
0.8692773437499999 
0.8294335937499999 
0.9056054687499998 
1.0186914062499999 
0.6970117187499998 
0.8306054687499999 
1.22083984375 
0.8522851562499998 
0.92376953125 
0.7052148437499999 
1.2278710937500001 
1.03626953125 
0.96771484375 
0.79017578125 
0.9302148437500001 
0.7239648437499998 
1.16458984375 
0.7280664062499997 
0.8329492187499998 
0.8903710937499998 
0.96888671875 
0.7210351562499998 
0.7966210937499999 
0.8546289062499999 
1.2495507812500002 
0.6589257812499999 
1.17689453125 
0.8792382812499998 
0.8112695312499999 
1.21966796875 
0.7579492187499998 
1.2143945312500002 
0.5763085937499999 
0.8188867187499999 
1.1417382812499999 
0.8206445312499999 
0.7632226562499999 
1.18626953125 
0.7093164062499998 
1.22376953125 
1.0263085937500003 
0.5891992187499998 
0.8206445312499999 
0.94310546875 
0.6858789062499998 
0.9735742187499999 
0.7737695312499999 
0.8411523437499998 
0.8388085937499998 
0.8839257812499999 
0.9899804687499998 
0.8347070312499999 
0.7872460937499999 
0.6308007812499999 
0.8575585937499999 
1.2835351562500001 
1.24310546875 
1.20150390625 
0.7040429687499998 
0.98294921875 
1.2331445312500002 
0.7515039062499999 
0.7831445312499999 
0.8171289062499999 
0.6483789062499998 
0.8071679687499999 
0.9401757812500001 
1.20208984375 
0.8095117187499998 
0.6659570312499998 
1.0702539062499998 
1.18392578125 
1.00169921875 
0.8997460937499998 
1.0544335937500002 
0.8364648437499999 
0.8792382812499998 
1.07845703125 
0.8376367187499998 
0.7479882812499998 
0.9009179687499999 
0.7854882812499999 
0.9852929687499998 
0.6272851562499998 
0.6565820312499998 
0.92787109375 
0.6630273437499998 
0.8921289062499999 
0.97474609375 
1.1124414062499999 
0.6958398437499999 
1.2489648437500003 
0.8774804687499997 
1.22083984375 
0.8886132812499998 
1.2753320312500003 
0.5704492187499999 
1.08548828125 
1.2630273437500001 
1.24017578125 
0.7163476562499999 
0.95716796875 
0.8950585937499999 
0.91087890625 
0.8440820312499998 
1.20794921875 
1.1651757812499999 
0.55580078125 
1.2102929687500001 
0.9015039062499999 
