70 11 19 
0.8552148437499999 
1.0263085937500003 
1.2231835937500002 
0.92435546875 
0.9952539062499999 
0.6343164062499999 
0.8388085937499998 
1.0186914062499999 
0.7157617187499998 
1.19447265625 
0.7093164062499998 
0.8265039062499999 
1.2489648437500003 
0.7520898437499999 
0.7737695312499999 
0.8640039062499999 
0.7515039062499999 
0.8733789062499998 
0.7145898437499999 
1.20267578125 
1.0345117187500001 
0.9026757812499999 
0.5722070312499999 
1.26361328125 
1.05619140625 
1.08841796875 
1.05091796875 
0.92962890625 
0.8212304687499998 
0.9501367187499999 
0.6571679687499998 
0.8886132812499998 
0.97298828125 
1.0491601562500001 
0.8159570312499999 
1.07904296875 
0.6454492187499998 
1.12591796875 
0.7819726562499999 
0.7550195312499999 
1.26478515625 
1.2595117187500002 
0.8763085937499998 
1.01751953125 
1.2220117187500001 
1.23431640625 
0.8481835937499999 
1.13646484375 
0.8540429687499999 
0.7860742187499998 
0.8282617187499999 
1.2477929687500002 
0.8757226562499998 
0.7386132812499998 
0.8991601562499998 
0.7292382812499998 
1.25892578125 
0.6794335937499999 
1.09603515625 
0.6899804687499997 
0.8317773437499999 
0.7046289062499999 
0.8891992187499997 
0.7696679687499999 
0.93783203125 
0.6237695312499999 
1.13177734375 
1.03216796875 
1.07904296875 
0.93431640625 
0.5804101562499998 
1.0122460937500002 
0.8886132812499998 
0.8563867187499998 
0.9923242187499998 
0.8622460937499998 
1.2782617187500003 
1.0550195312500001 
0.9302148437500001 
1.2454492187500001 
0.8739648437499998 
0.7907617187499999 
0.7972070312499999 
0.5921289062499999 
0.8241601562499998 
1.1253320312500001 
1.07083984375 
1.28236328125 
0.9401757812500001 
1.2477929687500002 
0.7304101562499997 
0.8915429687499998 
0.8177148437499999 
1.2419335937500002 
0.93490234375 
1.17865234375 
0.8897851562499998 
0.7796289062499999 
0.92845703125 
0.7755273437499999 
1.03626953125 
1.1188867187500002 
1.11361328125 
0.8581445312499999 
1.26185546875 
1.05970703125 
0.9864648437499999 
0.6442773437499999 
0.8798242187499997 
0.91908203125 
0.9554101562499999 
0.7989648437499999 
0.7591210937499998 
0.5704492187499999 
1.00052734375 
0.7186914062499998 
1.20736328125 
1.06966796875 
1.16107421875 
0.8153710937499998 
1.1200585937500003 
0.8909570312499998 
0.8804101562499997 
0.95775390625 
0.6108789062499999 
1.0813867187500001 
0.8528710937499998 
1.24603515625 
0.94544921875 
0.7579492187499998 
0.5745507812499999 
1.13353515625 
0.93841796875 
0.7063867187499998 
0.7163476562499999 
0.8979882812499999 
0.5845117187499999 
1.0063867187500002 
0.7433007812499999 
0.8891992187499997 
0.6665429687499999 
1.2360742187500002 
0.8030664062499998 
1.2173242187500002 
0.8270898437499999 
0.7509179687499998 
0.7720117187499999 
1.0186914062499999 
0.7356835937499998 
1.10365234375 
0.8224023437499999 
0.7339257812499999 
0.9308007812500001 
0.6958398437499999 
1.1763085937500002 
0.97181640625 
1.0309960937500002 
1.16107421875 
0.8089257812499999 
1.1874414062499998 
0.7438867187499998 
0.8733789062499998 
0.8024804687499998 
0.6659570312499998 
0.6559960937499998 
0.7843164062499999 
0.7186914062499998 
0.8534570312499998 
0.92787109375 
0.7948632812499999 
0.9425195312500001 
1.16693359375 
0.95072265625 
1.1417382812499999 
0.9067773437499999 
0.7052148437499999 
0.6929101562499997 
0.8370507812499999 
0.8915429687499998 
0.8024804687499998 
0.7116601562499998 
1.02455078125 
1.11009765625 
1.19037109375 
0.96537109375 
1.23548828125 
0.8306054687499999 
1.10951171875 
0.9559960937499999 
1.0286523437500001 
0.98412109375 
0.92552734375 
0.91380859375 
0.6612695312499999 
0.8329492187499998 
0.97650390625 
1.00052734375 
0.93490234375 
0.93431640625 
0.8839257812499999 
