84 11 5 
1.18978515625 
1.0456445312500002 
0.6624414062499998 
0.6577539062499999 
0.8200585937499999 
1.0415429687500002 
0.7233789062499998 
0.96771484375 
0.8235742187499998 
0.7386132812499998 
0.9735742187499999 
0.7491601562499998 
0.8815820312499998 
0.6847070312499999 
0.5827539062499999 
0.8886132812499998 
1.24369140625 
0.7643945312499999 
1.16576171875 
0.9085351562499998 
1.22728515625 
1.21205078125 
1.2173242187500002 
0.9940820312499998 
0.8704492187499998 
0.96537109375 
1.0063867187500002 
0.96361328125 
1.10423828125 
0.8692773437499999 
1.24310546875 
0.8692773437499999 
0.6395898437499999 
0.9395898437500001 
0.7175195312499999 
0.91205078125 
1.27650390625 
1.22435546875 
0.9923242187499998 
0.9559960937499999 
0.8604882812499999 
1.2782617187500003 
1.16048828125 
0.8722070312499999 
0.7233789062499998 
0.91966796875 
0.9079492187499998 
1.2524804687500002 
0.7825585937499999 
0.8153710937499998 
0.7526757812499999 
0.7433007812499999 
0.8933007812499999 
0.6384179687499999 
1.03685546875 
0.93373046875 
1.10072265625 
1.0286523437500001 
0.8417382812499998 
0.94955078125 
1.2290429687500002 
0.8757226562499998 
1.0186914062499999 
1.2378320312500002 
0.98412109375 
1.02337890625 
0.7585351562499998 
1.2495507812500002 
0.5821679687499999 
0.5997460937499999 
1.18802734375 
0.8575585937499999 
0.94369140625 
0.7081445312499999 
0.5927148437499999 
0.8511132812499999 
0.8341210937499999 
0.9020898437499999 
0.9032617187499998 
1.1499414062499997 
0.6612695312499999 
1.08666015625 
0.6196679687499999 
1.03216796875 
0.8212304687499998 
1.20150390625 
1.2466210937500002 
0.8587304687499998 
1.0081445312500001 
0.94603515625 
0.8095117187499998 
0.6360742187499998 
1.24134765625 
0.8979882812499999 
1.0063867187500002 
0.7972070312499999 
0.9946679687499999 
0.9735742187499999 
0.6782617187499999 
0.8868554687499998 
0.8247460937499999 
0.6290429687499999 
1.2114648437500002 
1.02220703125 
0.8845117187499998 
0.7972070312499999 
0.7972070312499999 
1.07083984375 
1.24720703125 
1.2454492187500001 
1.2583398437500002 
0.9501367187499999 
0.6706445312499999 
1.02748046875 
0.9061914062499998 
0.95423828125 
0.7673242187499998 
0.8376367187499998 
1.1253320312500001 
1.16283203125 
0.9958398437499999 
1.05150390625 
1.13529296875 
0.6981835937499998 
0.6624414062499998 
0.8833398437499999 
0.95130859375 
0.97943359375 
0.9044335937499999 
1.2554101562500002 
0.9911523437499998 
1.0749414062499998 
0.8604882812499999 
1.0427148437500002 
0.7749414062499999 
0.8259179687499999 
0.7561914062499998 
0.9870507812499999 
0.8200585937499999 
0.6425195312499999 
0.95365234375 
1.06029296875 
0.8095117187499998 
0.8458398437499999 
0.9770898437500001 
0.7626367187499998 
1.00873046875 
0.8710351562499998 
1.13001953125 
0.8499414062499998 
0.8552148437499999 
1.13177734375 
1.08490234375 
1.07259765625 
0.8880273437499998 
0.78080078125 
0.9683007812500001 
0.6899804687499997 
1.2595117187500002 
0.92201171875 
1.2302148437500002 
0.6729882812499999 
0.8200585937499999 
0.6835351562499998 
0.7280664062499997 
0.7714257812499999 
0.9683007812500001 
0.8528710937499998 
0.9085351562499998 
1.1106835937500001 
0.6518945312499999 
0.6202539062499999 
1.20794921875 
0.5979882812499999 
1.17337890625 
0.6038476562499999 
1.06439453125 
1.19330078125 
0.91146484375 
0.9026757812499999 
1.21556640625 
0.9032617187499998 
0.7433007812499999 
0.97533203125 
0.8675195312499999 
0.6776757812499999 
0.8704492187499998 
0.7913476562499999 
0.8270898437499999 
0.8265039062499999 
0.7280664062499997 
1.19681640625 
0.8634179687499999 
0.8874414062499998 
0.9501367187499999 
1.2419335937500002 
1.15990234375 
0.97298828125 
0.6395898437499999 
0.7403710937499998 
