20 12 68 
0.8259179687499999 
0.7679101562499998 
0.97064453125 
0.8335351562499999 
0.7854882812499999 
0.8681054687499998 
0.8669335937499999 
0.8024804687499998 
1.03685546875 
0.9266992187499999 
0.7216210937499998 
1.2671289062500002 
0.9061914062499998 
0.6472070312499999 
0.98119140625 
0.7362695312499998 
1.29408203125 
0.9015039062499999 
1.01810546875 
0.7104882812499999 
0.7087304687499998 
1.09837890625 
1.05619140625 
0.9735742187499999 
0.8388085937499998 
1.2061914062499999 
0.7321679687499998 
1.08548828125 
0.7679101562499998 
1.1341210937500001 
1.0485742187500002 
0.8569726562499999 
1.12767578125 
0.8100976562499999 
0.8212304687499998 
1.02103515625 
1.2220117187500001 
1.21966796875 
1.0520898437500001 
0.9618554687499999 
1.04095703125 
0.8985742187499998 
0.8768945312499998 
1.17455078125 
0.8974023437499998 
0.8317773437499999 
1.2864648437500001 
0.8745507812499999 
0.7011132812499998 
0.8054101562499998 
0.9858789062499999 
0.7239648437499998 
0.7462304687499998 
0.8487695312499999 
0.5727929687499999 
0.8364648437499999 
0.94720703125 
0.6659570312499998 
0.8224023437499999 
1.19447265625 
0.78958984375 
0.6120507812499999 
0.6993554687499998 
0.5100976562499999 
0.7702539062499999 
1.10423828125 
0.6677148437499999 
0.9893945312499999 
0.9395898437500001 
0.7942773437499999 
1.1499414062499997 
1.1358789062499999 
1.11009765625 
0.6554101562499998 
1.2606835937500003 
1.12708984375 
1.12708984375 
0.8979882812499999 
0.7673242187499998 
0.8434960937499998 
0.8979882812499999 
0.8581445312499999 
0.7321679687499998 
0.8024804687499998 
0.6999414062499998 
0.6231835937499999 
0.6061914062499999 
0.94662109375 
0.9419335937500001 
0.5927148437499999 
0.7245507812499998 
0.8657617187499999 
0.8329492187499998 
1.1499414062499997 
0.7714257812499999 
0.8224023437499999 
0.96244140625 
0.92845703125 
1.0169335937500001 
1.29466796875 
0.6583398437499999 
0.7362695312499998 
1.0315820312500001 
0.8968164062499998 
0.9419335937500001 
0.8757226562499998 
0.7526757812499999 
0.7520898437499999 
1.24486328125 
0.6724023437499999 
1.11419921875 
0.7696679687499999 
1.28587890625 
0.91146484375 
0.8528710937499998 
0.8891992187499997 
0.7198632812499999 
0.79017578125 
0.97123046875 
0.78958984375 
0.98470703125 
0.9940820312499998 
0.6595117187499998 
0.7696679687499999 
1.2571679687500001 
1.06791015625 
0.8891992187499997 
0.8933007812499999 
0.7304101562499997 
0.8054101562499998 
0.7274804687499997 
1.1013085937500002 
0.8604882812499999 
1.1282617187500001 
0.96888671875 
0.7052148437499999 
0.60208984375 
0.97591796875 
0.8950585937499999 
0.6765039062499999 
0.6958398437499999 
1.13822265625 
1.09017578125 
0.6929101562499997 
0.8927148437499999 
0.9964257812499999 
0.6724023437499999 
0.5757226562499999 
1.04095703125 
0.92904296875 
0.5745507812499999 
0.7140039062499999 
0.7919335937499999 
0.8991601562499998 
0.9923242187499998 
0.6589257812499999 
0.6466210937499999 
0.97943359375 
1.05150390625 
0.6536523437499998 
0.7983789062499999 
0.9091210937499998 
0.6829492187499998 
0.8130273437499999 
0.8288476562499999 
0.8675195312499999 
0.7169335937499999 
1.0936914062499998 
0.8610742187499998 
0.8815820312499998 
0.8868554687499998 
1.05619140625 
0.6946679687499998 
0.9097070312499999 
0.8968164062499998 
0.7532617187499998 
1.3268945312500002 
0.6946679687499998 
0.8376367187499998 
0.6577539062499999 
0.78958984375 
1.06498046875 
1.18216796875 
0.6671289062499999 
0.6237695312499999 
0.6349023437499999 
1.1358789062499999 
0.5487695312499999 
0.7438867187499998 
0.7784570312499999 
0.6472070312499999 
0.98177734375 
0.8558007812499999 
1.20794921875 
1.15287109375 
0.7550195312499999 
0.7309960937499997 
0.7538476562499998 
0.8616601562499998 
1.22962890625 
