34 12 54 
0.7433007812499999 
0.94544921875 
0.8792382812499998 
1.30287109375 
1.00873046875 
1.17982421875 
0.8347070312499999 
0.93548828125 
0.93607421875 
0.8165429687499999 
1.1018945312500001 
0.8845117187499998 
0.9056054687499998 
0.8095117187499998 
1.09837890625 
1.1452539062499998 
0.7251367187499997 
0.8640039062499999 
0.91439453125 
0.6308007812499999 
1.2934960937500002 
0.8962304687499998 
0.6179101562499998 
0.8352929687499998 
0.8569726562499999 
0.7632226562499999 
0.91087890625 
0.7766992187499998 
0.8505273437499998 
0.8886132812499998 
0.9401757812500001 
0.7866601562499999 
0.91556640625 
0.7204492187499998 
0.8194726562499999 
0.95072265625 
0.6331445312499999 
0.8827539062499998 
0.8487695312499999 
1.3403710937500002 
1.16107421875 
0.7591210937499998 
1.06029296875 
1.03802734375 
0.7573632812499999 
1.2847070312500002 
0.95072265625 
0.7802148437499999 
0.8651757812499999 
0.8704492187499998 
0.7866601562499999 
0.8388085937499998 
0.7725976562499999 
0.7884179687499999 
0.8265039062499999 
0.5470117187499999 
1.1405664062499998 
0.8481835937499999 
0.8188867187499999 
0.93431640625 
1.18978515625 
0.95130859375 
0.5575585937499999 
1.0356835937500002 
1.15638671875 
1.20736328125 
0.7063867187499998 
0.5546289062499999 
1.17572265625 
0.8768945312499998 
0.7122460937499998 
0.7766992187499998 
1.20033203125 
0.8862695312499999 
1.02748046875 
1.02162109375 
1.10423828125 
0.7667382812499999 
0.7233789062499998 
0.6899804687499997 
0.94720703125 
0.9097070312499999 
1.1827539062499999 
0.6993554687499998 
0.8370507812499999 
0.7860742187499998 
0.8335351562499999 
0.8364648437499999 
0.7831445312499999 
1.08197265625 
0.7784570312499999 
0.6056054687499999 
1.06322265625 
0.8792382812499998 
0.7989648437499999 
0.6489648437499999 
1.0186914062499999 
1.1593164062499999 
0.9214257812500001 
0.9911523437499998 
1.16751953125 
0.6548242187499997 
1.16634765625 
0.6454492187499998 
0.7802148437499999 
0.8862695312499999 
1.12181640625 
0.6630273437499998 
0.9970117187499998 
0.7186914062499998 
0.9026757812499999 
1.2184960937500002 
1.04212890625 
0.7087304687499998 
0.8352929687499998 
0.96361328125 
0.7526757812499999 
1.2776757812500001 
0.6155664062499998 
1.2466210937500002 
0.98177734375 
0.5979882812499999 
0.7819726562499999 
1.07787109375 
0.6741601562499998 
1.09662109375 
0.7479882812499998 
1.2319726562500002 
1.1651757812499999 
0.8634179687499999 
0.7532617187499998 
0.91146484375 
0.9893945312499999 
0.8136132812499999 
0.92728515625 
0.9554101562499999 
0.8804101562499997 
0.95775390625 
1.1575585937500001 
0.8944726562499998 
0.98412109375 
0.7034570312499998 
0.79017578125 
1.28587890625 
0.6806054687499998 
0.7655664062499998 
1.3684960937500001 
1.1247460937500002 
0.7561914062499998 
0.9395898437500001 
0.6624414062499998 
0.6636132812499999 
0.7222070312499999 
0.6595117187499998 
1.0122460937500002 
0.8329492187499998 
0.8059960937499998 
1.25306640625 
0.9266992187499999 
0.93548828125 
0.8188867187499999 
0.6817773437499999 
0.5686914062499999 
0.8540429687499999 
0.8475976562499998 
1.19095703125 
0.8417382812499998 
0.6548242187499997 
0.7684960937499998 
1.20033203125 
1.06849609375 
1.22376953125 
0.7655664062499998 
0.8593164062499998 
0.59330078125 
0.8897851562499998 
0.94837890625 
0.7960351562499999 
0.79251953125 
0.8147851562499998 
1.08666015625 
1.15990234375 
1.08841796875 
0.8434960937499998 
1.2806054687500001 
0.8218164062499999 
0.96712890625 
0.9501367187499999 
0.92787109375 
0.8763085937499998 
0.8505273437499998 
0.7608789062499999 
0.6589257812499999 
0.7661523437499999 
0.8229882812499999 
0.7790429687499999 
0.7274804687499997 
1.06966796875 
0.8821679687499998 
0.8927148437499999 
