43 12 45 
0.9940820312499998 
0.5622460937499999 
1.24369140625 
0.8833398437499999 
0.94662109375 
0.7796289062499999 
0.9940820312499998 
1.0444726562500002 
0.7462304687499998 
0.8106835937499999 
0.8792382812499998 
1.2378320312500002 
0.6852929687499998 
0.98353515625 
0.6313867187499999 
0.7860742187499998 
1.01283203125 
0.94720703125 
0.5997460937499999 
0.6108789062499999 
1.2677148437500003 
0.6806054687499998 
0.7784570312499999 
0.6934960937499998 
0.7145898437499999 
0.7128320312499998 
0.8218164062499999 
0.8974023437499998 
0.7591210937499998 
0.7438867187499998 
1.00990234375 
0.9401757812500001 
0.7966210937499999 
0.7608789062499999 
0.8370507812499999 
0.7157617187499998 
0.94603515625 
1.09779296875 
1.2278710937500001 
0.91146484375 
0.8259179687499999 
0.7602929687499999 
1.06791015625 
0.7784570312499999 
0.8388085937499998 
0.7755273437499999 
0.8651757812499999 
1.2231835937500002 
0.8675195312499999 
0.9683007812500001 
1.2231835937500002 
0.9975976562499999 
1.0427148437500002 
0.95130859375 
0.7333398437499998 
0.95892578125 
1.03978515625 
0.7532617187499998 
0.7274804687499997 
0.7626367187499998 
0.9038476562499999 
0.52591796875 
0.6999414062499998 
0.6214257812499999 
1.04095703125 
0.97298828125 
0.8938867187499998 
1.17689453125 
0.8018945312499999 
0.8968164062499998 
1.06263671875 
0.6659570312499998 
0.8540429687499999 
0.9050195312499999 
1.02923828125 
0.8147851562499998 
1.1493554687499998 
0.6788476562499999 
0.8915429687499998 
0.9548242187499999 
0.6372460937499999 
0.7696679687499999 
1.2102929687500001 
0.8809960937499998 
0.95775390625 
1.18978515625 
0.5634179687499999 
1.18626953125 
0.7362695312499998 
0.92611328125 
0.8212304687499998 
0.6190820312499998 
0.7667382812499999 
0.8288476562499999 
0.7538476562499998 
0.7679101562499998 
1.12708984375 
0.6407617187499999 
0.9964257812499999 
1.02806640625 
0.6999414062499998 
0.92259765625 
0.9987695312499999 
0.7884179687499999 
1.16107421875 
0.9893945312499999 
0.8692773437499999 
1.1950585937500002 
0.8194726562499999 
0.93138671875 
1.0239648437500002 
0.8815820312499998 
0.91615234375 
0.8429101562499998 
0.6677148437499999 
1.13998046875 
1.1927148437500001 
0.6518945312499999 
0.8171289062499999 
0.8505273437499998 
1.10072265625 
1.02044921875 
1.1194726562500001 
1.0761132812499998 
0.8159570312499999 
0.8880273437499998 
0.6888085937499998 
1.03685546875 
1.05150390625 
1.04798828125 
0.9425195312500001 
0.8206445312499999 
0.7714257812499999 
0.8780664062499998 
1.21673828125 
0.7684960937499998 
0.6659570312499998 
0.7479882812499998 
0.7350976562499998 
0.7931054687499999 
0.95716796875 
0.96009765625 
0.6864648437499998 
0.7438867187499998 
1.10072265625 
1.14818359375 
1.1018945312500001 
1.00462890625 
1.01341796875 
0.8393945312499999 
0.8628320312499999 
1.2630273437500001 
1.2220117187500001 
0.8106835937499999 
0.7661523437499999 
1.09603515625 
0.8013085937499999 
0.9149804687499999 
0.91380859375 
1.03626953125 
0.7649804687499998 
0.8880273437499998 
0.8938867187499998 
1.13236328125 
0.7069726562499998 
0.8095117187499998 
1.30873046875 
1.06908203125 
0.96771484375 
1.0063867187500002 
1.11712890625 
0.93783203125 
0.8335351562499999 
0.96302734375 
0.8516992187499998 
0.8083398437499999 
1.0890039062499999 
0.8130273437499999 
0.7667382812499999 
1.0063867187500002 
0.8604882812499999 
0.8786523437499998 
0.7813867187499999 
1.33861328125 
0.8089257812499999 
0.94134765625 
0.8311914062499999 
0.4614648437499999 
0.7198632812499999 
0.8270898437499999 
0.7843164062499999 
0.93138671875 
0.8440820312499998 
0.9003320312499998 
0.9993554687499997 
1.05384765625 
0.7233789062499998 
0.8048242187499998 
0.8722070312499999 
0.6530664062499998 
