53 12 35 
0.9647851562499999 
1.02748046875 
0.8100976562499999 
0.9641992187499999 
0.8552148437499999 
1.18392578125 
0.93373046875 
0.91673828125 
0.7456445312499999 
0.8112695312499999 
0.6179101562499998 
0.8997460937499998 
0.7649804687499998 
0.7778710937499999 
0.9923242187499998 
0.7063867187499998 
1.2835351562500001 
1.2847070312500002 
0.6595117187499998 
1.2999414062499999 
1.0011132812499999 
0.8030664062499998 
0.6395898437499999 
0.8634179687499999 
0.8827539062499998 
0.6817773437499999 
0.97533203125 
0.8376367187499998 
1.08373046875 
0.5141992187499999 
0.8669335937499999 
0.8909570312499998 
0.8552148437499999 
1.2718164062500001 
1.2888085937500002 
0.7790429687499999 
0.93666015625 
0.6583398437499999 
0.7468164062499998 
0.7550195312499999 
0.92318359375 
0.8013085937499999 
0.91908203125 
1.29525390625 
0.7186914062499998 
1.06439453125 
0.9946679687499999 
0.5604882812499999 
0.8124414062499998 
0.7561914062499998 
0.7210351562499998 
0.7427148437499999 
1.06439453125 
0.92787109375 
1.20970703125 
0.91029296875 
0.6911523437499998 
0.8593164062499998 
0.93373046875 
0.8147851562499998 
0.8739648437499998 
1.0433007812500001 
0.9020898437499999 
0.6495507812499999 
0.8968164062499998 
0.5833398437499999 
0.97064453125 
0.8159570312499999 
0.9999414062499997 
0.7427148437499999 
1.13060546875 
0.6964257812499999 
1.08197265625 
0.8405664062499998 
0.7028710937499998 
0.6331445312499999 
0.9852929687499998 
1.15287109375 
0.8798242187499997 
0.8446679687499998 
1.3251367187500003 
0.98353515625 
0.9425195312500001 
1.0268945312500002 
0.7011132812499998 
0.7380273437499998 
1.2419335937500002 
0.6067773437499999 
0.7515039062499999 
0.8727929687499998 
0.9266992187499999 
1.04681640625 
0.7327539062499998 
0.5077539062499999 
0.7479882812499998 
0.8417382812499998 
0.9929101562499998 
0.8622460937499998 
0.9214257812500001 
0.7649804687499998 
1.00052734375 
0.7649804687499998 
0.7268945312499998 
1.2290429687500002 
0.6882226562499998 
0.96712890625 
1.0532617187500002 
0.6577539062499999 
1.14583984375 
0.6905664062499998 
0.7186914062499998 
0.7778710937499999 
0.92962890625 
0.92025390625 
0.7890039062499999 
0.8141992187499998 
0.6272851562499998 
0.8423242187499997 
0.9401757812500001 
0.95775390625 
1.2653710937500002 
1.21087890625 
0.9530664062499999 
1.11419921875 
0.7890039062499999 
0.6958398437499999 
0.7802148437499999 
0.91615234375 
0.92259765625 
1.24427734375 
1.03392578125 
0.8774804687499997 
0.6173242187499998 
0.5358789062499999 
1.1511132812499998 
0.97240234375 
0.7450585937499998 
1.16927734375 
0.96302734375 
0.9958398437499999 
0.7585351562499998 
0.96302734375 
0.7345117187499998 
1.08783203125 
0.94134765625 
0.7538476562499998 
0.7679101562499998 
1.07259765625 
1.02220703125 
0.8253320312499999 
1.0544335937500002 
0.7444726562499998 
0.7251367187499997 
0.92259765625 
0.8065820312499998 
0.94603515625 
0.91439453125 
0.6800195312499999 
0.8071679687499999 
0.91380859375 
1.09427734375 
0.7567773437499998 
1.0169335937500001 
0.7579492187499998 
0.93666015625 
0.9964257812499999 
1.28529296875 
1.11830078125 
0.8247460937499999 
0.7831445312499999 
0.91380859375 
1.0544335937500002 
0.9073632812499999 
1.1809960937500001 
0.9905664062499998 
1.2583398437500002 
0.93841796875 
0.91673828125 
0.7919335937499999 
0.8768945312499998 
0.8839257812499999 
1.17044921875 
0.94837890625 
0.8229882812499999 
1.2114648437500002 
0.6987695312499999 
1.12650390625 
0.94603515625 
0.9061914062499998 
1.03978515625 
0.8071679687499999 
0.9073632812499999 
0.95775390625 
0.8915429687499998 
0.9026757812499999 
0.8282617187499999 
0.95833984375 
1.16048828125 
0.8850976562499998 
0.92494140625 
