54 12 34 
1.03216796875 
0.8065820312499998 
0.7661523437499999 
0.94837890625 
0.95658203125 
0.7638085937499999 
0.6155664062499998 
0.8358789062499998 
0.9214257812500001 
0.6753320312499999 
1.2173242187500002 
0.97826171875 
0.9331445312500001 
0.7661523437499999 
0.6876367187499998 
1.2724023437500003 
0.9003320312499998 
1.06966796875 
0.5335351562499999 
0.7772851562499998 
0.5153710937499999 
0.6817773437499999 
1.2349023437500002 
0.7227929687499998 
1.0063867187500002 
1.16166015625 
0.98294921875 
0.9390039062500001 
0.8153710937499998 
1.29408203125 
1.05853515625 
0.7526757812499999 
0.8100976562499999 
0.9179101562499999 
1.0532617187500002 
0.7661523437499999 
0.7661523437499999 
0.98412109375 
0.7626367187499998 
0.8522851562499998 
1.0491601562500001 
0.6296289062499999 
1.17689453125 
0.6413476562499999 
0.6735742187499998 
0.8845117187499998 
1.06263671875 
0.7016992187499997 
1.21966796875 
1.2800195312500002 
0.7099023437499998 
0.96126953125 
0.7573632812499999 
0.8048242187499998 
0.6765039062499999 
1.03861328125 
0.8130273437499999 
0.96595703125 
0.97591796875 
0.6061914062499999 
0.8141992187499998 
1.2536523437500002 
0.7333398437499998 
0.7778710937499999 
1.01458984375 
0.7433007812499999 
0.7772851562499998 
0.9929101562499998 
1.22083984375 
1.08373046875 
0.9870507812499999 
0.6067773437499999 
0.7268945312499998 
1.00228515625 
0.9026757812499999 
1.11185546875 
0.8880273437499998 
0.7268945312499998 
0.6448632812499999 
1.08021484375 
0.7140039062499999 
0.8042382812499999 
1.10951171875 
0.92962890625 
1.07669921875 
0.7784570312499999 
0.9401757812500001 
0.6823632812499999 
0.6085351562499999 
0.7796289062499999 
0.9173242187499999 
1.0714257812499999 
1.13060546875 
0.7268945312499998 
0.7462304687499998 
0.7450585937499998 
0.6706445312499999 
1.05150390625 
0.98470703125 
0.7509179687499998 
0.7977929687499998 
1.18919921875 
0.7110742187499998 
0.8306054687499999 
0.96302734375 
1.1001367187500002 
1.0309960937500002 
0.6559960937499998 
0.8575585937499999 
0.8552148437499999 
1.05267578125 
0.97474609375 
1.22845703125 
0.8253320312499999 
0.7526757812499999 
0.9015039062499999 
0.9020898437499999 
1.07845703125 
0.8827539062499998 
0.7251367187499997 
0.8634179687499999 
0.9501367187499999 
1.21791015625 
0.8880273437499998 
0.7591210937499998 
0.9079492187499998 
0.7866601562499999 
0.82767578125 
0.5434960937499999 
1.1224023437500001 
0.6489648437499999 
0.6472070312499999 
0.95658203125 
0.6143945312499999 
0.7356835937499998 
0.8821679687499998 
0.8329492187499998 
0.49427734374999993 
0.7099023437499998 
0.7198632812499999 
0.7327539062499998 
0.8300195312499999 
0.7415429687499998 
0.7960351562499999 
0.7725976562499999 
0.6823632812499999 
0.8692773437499999 
0.5798242187499998 
0.8716210937499999 
0.8446679687499998 
0.7983789062499999 
0.7620507812499999 
0.6507226562499998 
0.8938867187499998 
0.8698632812499999 
0.8194726562499999 
0.5587304687499999 
1.3333398437500001 
0.9981835937499999 
0.7157617187499998 
0.6161523437499998 
1.08548828125 
0.7942773437499999 
1.08958984375 
0.8505273437499998 
0.92552734375 
0.7626367187499998 
1.19681640625 
0.7227929687499998 
0.91087890625 
0.5968164062499999 
1.22494140625 
0.92435546875 
0.94955078125 
0.7995507812499999 
0.9073632812499999 
0.8657617187499999 
1.2184960937500002 
1.02337890625 
0.5833398437499999 
1.00697265625 
1.24720703125 
0.8224023437499999 
0.7110742187499998 
0.6917382812499998 
0.8347070312499999 
1.0309960937500002 
0.93666015625 
1.0989648437500001 
0.9548242187499999 
0.6653710937499998 
1.22494140625 
1.1651757812499999 
0.9735742187499999 
0.7673242187499998 
0.7368554687499997 
0.6097070312499999 
0.7532617187499998 
1.21498046875 
0.6407617187499999 
