62 12 26 
0.9776757812500001 
0.97005859375 
0.6724023437499999 
0.5534570312499999 
0.8622460937499998 
1.20853515625 
0.94134765625 
0.93607421875 
1.20384765625 
1.0268945312500002 
0.96009765625 
0.95716796875 
0.7573632812499999 
0.95130859375 
1.07904296875 
1.17396484375 
0.6905664062499998 
0.5282617187499999 
0.7257226562499998 
0.6700585937499999 
0.8862695312499999 
1.15462890625 
0.7011132812499998 
0.8018945312499999 
1.09017578125 
0.7450585937499998 
0.8434960937499998 
1.21966796875 
0.6852929687499998 
0.97826171875 
0.7884179687499999 
1.12708984375 
1.2548242187500003 
0.92318359375 
0.93255859375 
1.06966796875 
0.5909570312499999 
0.94779296875 
0.7204492187499998 
0.96595703125 
1.2747460937500004 
0.7567773437499998 
0.98060546875 
0.8165429687499999 
0.6390039062499999 
0.6255273437499999 
0.7403710937499998 
1.10951171875 
1.01048828125 
0.6419335937499999 
0.7983789062499999 
0.8259179687499999 
0.8300195312499999 
1.2466210937500002 
0.8634179687499999 
0.6272851562499998 
1.22611328125 
0.8364648437499999 
0.7702539062499999 
0.8897851562499998 
0.6149804687499998 
0.95423828125 
0.8352929687499998 
0.8470117187499998 
0.8253320312499999 
0.7374414062499998 
0.8933007812499999 
1.1188867187500002 
0.6290429687499999 
1.01986328125 
1.13470703125 
1.0491601562500001 
0.96771484375 
1.15521484375 
0.92494140625 
0.8774804687499997 
0.79017578125 
0.8311914062499999 
0.59330078125 
1.11361328125 
0.8054101562499998 
0.6800195312499999 
0.7427148437499999 
0.6958398437499999 
0.7058007812499999 
0.8112695312499999 
0.7602929687499999 
0.8253320312499999 
1.07669921875 
1.0749414062499998 
0.91322265625 
0.6173242187499998 
1.09017578125 
0.6595117187499998 
1.11009765625 
0.8757226562499998 
1.0298242187500002 
0.7585351562499998 
1.11185546875 
1.20501953125 
0.7538476562499998 
0.8288476562499999 
1.17572265625 
1.03919921875 
1.02337890625 
0.7761132812499999 
1.02748046875 
0.8874414062499998 
0.7632226562499999 
1.10833984375 
0.8095117187499998 
0.98060546875 
0.6261132812499999 
0.7216210937499998 
0.8165429687499999 
0.8206445312499999 
1.2548242187500003 
0.7761132812499999 
0.7485742187499997 
0.7280664062499997 
0.7690820312499999 
0.9618554687499999 
0.6753320312499999 
1.0403710937500001 
0.98060546875 
1.0169335937500001 
0.98412109375 
0.7567773437499998 
1.2483789062500001 
0.6794335937499999 
0.5804101562499998 
0.7022851562499998 
0.93373046875 
0.7679101562499998 
0.8681054687499998 
0.8241601562499998 
1.2190820312500001 
1.2132226562500001 
0.7755273437499999 
0.7368554687499997 
0.8921289062499999 
0.6899804687499997 
0.8434960937499998 
0.93197265625 
0.8165429687499999 
0.6975976562499998 
0.93783203125 
0.91615234375 
0.97474609375 
0.5997460937499999 
1.2184960937500002 
1.03802734375 
0.5897851562499998 
0.6489648437499999 
0.7831445312499999 
1.07259765625 
0.8329492187499998 
1.2325585937500003 
0.8962304687499998 
0.92845703125 
0.5798242187499998 
1.14115234375 
1.28529296875 
0.96654296875 
0.7046289062499999 
0.6630273437499998 
0.8968164062499998 
0.9554101562499999 
0.7497460937499998 
0.6841210937499999 
0.8399804687499998 
0.95365234375 
0.8991601562499998 
0.94955078125 
0.8891992187499997 
1.2554101562500002 
0.8809960937499998 
1.0063867187500002 
0.60208984375 
0.8733789062499998 
0.9987695312499999 
0.5757226562499999 
1.14115234375 
0.8393945312499999 
1.16751953125 
0.9448632812500001 
1.05736328125 
1.0497460937500003 
0.9735742187499999 
1.0268945312500002 
0.7966210937499999 
0.7479882812499998 
0.7151757812499999 
0.6325585937499999 
0.8798242187499997 
0.7058007812499999 
0.8686914062499999 
0.6495507812499999 
0.9683007812500001 
0.8733789062499998 
