69 12 19 
0.9524804687499999 
0.92259765625 
1.2706445312500003 
0.7579492187499998 
0.7497460937499998 
0.8933007812499999 
0.7140039062499999 
0.8352929687499998 
1.2419335937500002 
0.9683007812500001 
0.6513085937499998 
1.0315820312500001 
0.97416015625 
0.91029296875 
0.9876367187499998 
1.03744140625 
1.0544335937500002 
0.6841210937499999 
0.7702539062499999 
0.7556054687499998 
0.7368554687499997 
1.2683007812500002 
1.00228515625 
0.94076171875 
0.8452539062499999 
0.8604882812499999 
1.23841796875 
0.8880273437499998 
1.1177148437500002 
0.7696679687499999 
0.7192773437499999 
0.8716210937499999 
0.97474609375 
1.2102929687500001 
0.8171289062499999 
1.0169335937500001 
0.9770898437500001 
0.8335351562499999 
0.8341210937499999 
0.4895898437499999 
0.6970117187499998 
1.0063867187500002 
0.8124414062499998 
0.7556054687499998 
1.0743554687499999 
1.19095703125 
0.6624414062499998 
0.8499414062499998 
0.82767578125 
0.6858789062499998 
0.8897851562499998 
1.2712304687500002 
0.6454492187499998 
1.03333984375 
1.0052148437500001 
0.8546289062499999 
1.20501953125 
0.5224023437499999 
0.8774804687499997 
0.8071679687499999 
0.7438867187499998 
1.04212890625 
0.8212304687499998 
1.0532617187500002 
0.7251367187499997 
1.0239648437500002 
0.6759179687499999 
1.09193359375 
0.8757226562499998 
0.6472070312499999 
0.8938867187499998 
0.7315820312499998 
0.8897851562499998 
0.9647851562499999 
0.8382226562499998 
0.7479882812499998 
0.92201171875 
0.91966796875 
1.03744140625 
0.8979882812499999 
1.05970703125 
1.17865234375 
0.6261132812499999 
1.16048828125 
1.2425195312500001 
0.7515039062499999 
1.21556640625 
0.8886132812499998 
0.7298242187499997 
0.8540429687499999 
0.7181054687499998 
0.8095117187499998 
1.2184960937500002 
0.7878320312499999 
1.2835351562500001 
0.6864648437499998 
1.19154296875 
1.03919921875 
1.22376953125 
0.7022851562499998 
0.8634179687499999 
1.1710351562499999 
1.07376953125 
0.92611328125 
0.8147851562499998 
1.12591796875 
0.8434960937499998 
0.8763085937499998 
0.7673242187499998 
1.0936914062499998 
0.8698632812499999 
0.7099023437499998 
0.7737695312499999 
0.8722070312499999 
1.19095703125 
1.08490234375 
0.6905664062499998 
0.7450585937499998 
0.7755273437499999 
1.01283203125 
0.8188867187499999 
0.7679101562499998 
0.8997460937499998 
1.10775390625 
1.2612695312500002 
0.7556054687499998 
1.00404296875 
0.8552148437499999 
0.6794335937499999 
0.9554101562499999 
0.8317773437499999 
0.91615234375 
0.7175195312499999 
1.13939453125 
0.92552734375 
1.13060546875 
0.8065820312499998 
0.7491601562499998 
1.09603515625 
0.79017578125 
0.8974023437499998 
0.7866601562499999 
1.1013085937500002 
0.78080078125 
0.7620507812499999 
0.8991601562499998 
0.6964257812499999 
1.14818359375 
0.6999414062499998 
1.17162109375 
0.9149804687499999 
0.7796289062499999 
0.7421289062499998 
0.8147851562499998 
0.6882226562499998 
1.0227929687500001 
0.8317773437499999 
0.78080078125 
0.8077539062499999 
0.7321679687499998 
0.7538476562499998 
0.9050195312499999 
0.8224023437499999 
0.7104882812499999 
0.8516992187499998 
1.24310546875 
0.94896484375 
0.8552148437499999 
0.8552148437499999 
0.6841210937499999 
1.2518945312500003 
0.96244140625 
0.7907617187499999 
0.8282617187499999 
0.6934960937499998 
0.95365234375 
0.94896484375 
0.6911523437499998 
0.7766992187499998 
0.8839257812499999 
0.91146484375 
0.8757226562499998 
0.7058007812499999 
1.0497460937500003 
0.8774804687499997 
0.7696679687499999 
0.8065820312499998 
0.8100976562499999 
0.7245507812499998 
0.8792382812499998 
0.79251953125 
1.2683007812500002 
0.97826171875 
0.7450585937499998 
1.04798828125 
1.2513085937500004 
0.8481835937499999 
0.7772851562499998 
0.6308007812499999 
0.7058007812499999 
