77 12 11 
0.97123046875 
0.6970117187499998 
1.1235742187500002 
1.25775390625 
0.5997460937499999 
0.9911523437499998 
1.2595117187500002 
0.6097070312499999 
0.8475976562499998 
0.9964257812499999 
1.1464257812499998 
0.9852929687499998 
1.23431640625 
0.7292382812499998 
1.2102929687500001 
0.9964257812499999 
0.7696679687499999 
0.8768945312499998 
0.8780664062499998 
0.7444726562499998 
0.6524804687499998 
0.8147851562499998 
0.7415429687499998 
0.7520898437499999 
0.5716210937499999 
0.5663476562499999 
0.7638085937499999 
1.01517578125 
1.05853515625 
1.00345703125 
1.03861328125 
0.8095117187499998 
0.8856835937499998 
0.7585351562499998 
0.97416015625 
0.8897851562499998 
0.7198632812499999 
1.06439453125 
0.9331445312500001 
0.7163476562499999 
0.7538476562499998 
1.22025390625 
0.8616601562499998 
0.8938867187499998 
0.95951171875 
0.8745507812499999 
1.2132226562500001 
0.8938867187499998 
1.0011132812499999 
0.92435546875 
1.05619140625 
1.13177734375 
0.82767578125 
1.18451171875 
0.56751953125 
1.1235742187500002 
0.6395898437499999 
1.22025390625 
0.9097070312499999 
0.6999414062499998 
0.6647851562499998 
0.6202539062499999 
1.2653710937500002 
0.8100976562499999 
0.98470703125 
0.9554101562499999 
0.92376953125 
1.24603515625 
0.7016992187499997 
1.2325585937500003 
0.5856835937499999 
0.8505273437499998 
0.6647851562499998 
1.25775390625 
0.6419335937499999 
0.7843164062499999 
1.01341796875 
1.00345703125 
0.8218164062499999 
1.0403710937500001 
1.2536523437500002 
0.8704492187499998 
0.8528710937499998 
0.8124414062499998 
0.7163476562499999 
1.0474023437500002 
0.8030664062499998 
0.7497460937499998 
0.6565820312499998 
0.6618554687499998 
0.7632226562499999 
0.6015039062499999 
0.7022851562499998 
0.9559960937499999 
0.5774804687499998 
0.7175195312499999 
0.7058007812499999 
1.01810546875 
0.8780664062499998 
1.23548828125 
0.7597070312499998 
1.2407617187500002 
1.09310546875 
0.6319726562499999 
0.7854882812499999 
0.7837304687499999 
0.8376367187499998 
0.8282617187499999 
0.8716210937499999 
0.7620507812499999 
0.6343164062499999 
0.8147851562499998 
1.0890039062499999 
0.8141992187499998 
1.2419335937500002 
0.6483789062499998 
0.8376367187499998 
1.07376953125 
1.21087890625 
0.9085351562499998 
0.7913476562499999 
0.8247460937499999 
0.7028710937499998 
0.9929101562499998 
0.91673828125 
0.7491601562499998 
0.96537109375 
0.8628320312499999 
0.8118554687499998 
1.15462890625 
1.1206445312500002 
1.2114648437500002 
0.6056054687499999 
0.9448632812500001 
1.18158203125 
0.6530664062499998 
0.8118554687499998 
1.26478515625 
1.12416015625 
0.7263085937499998 
0.7421289062499998 
0.8136132812499999 
0.5979882812499999 
1.2665429687500003 
0.8886132812499998 
0.6061914062499999 
0.96888671875 
0.8534570312499998 
1.2302148437500002 
0.7649804687499998 
1.18041015625 
0.79017578125 
1.07083984375 
1.0268945312500002 
0.7778710937499999 
0.8804101562499997 
0.7725976562499999 
1.13880859375 
1.0081445312500001 
0.7679101562499998 
0.7872460937499999 
0.8809960937499998 
1.06439453125 
1.0456445312500002 
0.8745507812499999 
0.95892578125 
0.6337304687499998 
0.7421289062499998 
0.91087890625 
0.7907617187499999 
0.8534570312499998 
1.21087890625 
1.18041015625 
0.8739648437499998 
0.8288476562499999 
0.7204492187499998 
1.30052734375 
0.7491601562499998 
1.02162109375 
1.08666015625 
0.93666015625 
0.9020898437499999 
1.0550195312500001 
1.09193359375 
0.6337304687499998 
0.6712304687499998 
0.7802148437499999 
0.7169335937499999 
0.8411523437499998 
0.8294335937499999 
0.7983789062499999 
0.8323632812499999 
1.08490234375 
0.8628320312499999 
0.8259179687499999 
0.6747460937499998 
0.9179101562499999 
0.9050195312499999 
1.01341796875 
0.7046289062499999 
