80 12 8 
0.8259179687499999 
0.8212304687499998 
1.24427734375 
1.14408203125 
1.09955078125 
0.7913476562499999 
0.9425195312500001 
0.8341210937499999 
0.8968164062499998 
0.6343164062499999 
0.8171289062499999 
0.7515039062499999 
1.0948632812499999 
0.91322265625 
0.7591210937499998 
0.95833984375 
0.97533203125 
0.7977929687499998 
0.7667382812499999 
0.9067773437499999 
0.9917382812499999 
1.2829492187500002 
0.8253320312499999 
0.7761132812499999 
0.7714257812499999 
0.6548242187499997 
0.7825585937499999 
1.07787109375 
1.16283203125 
0.6161523437499998 
0.94955078125 
1.05619140625 
0.9958398437499999 
0.6360742187499998 
0.8692773437499999 
0.8516992187499998 
0.92083984375 
1.15638671875 
0.7620507812499999 
1.1405664062499998 
0.9929101562499998 
1.10541015625 
0.92552734375 
0.6870507812499999 
1.19916015625 
0.7087304687499998 
0.5604882812499999 
0.8206445312499999 
1.00052734375 
1.0638085937500001 
0.91556640625 
0.98294921875 
0.8886132812499998 
1.0872460937500001 
1.0532617187500002 
0.7104882812499999 
0.95130859375 
0.7585351562499998 
1.01576171875 
1.09955078125 
1.2278710937500001 
0.96009765625 
0.8423242187499997 
0.7257226562499998 
0.8710351562499998 
0.95775390625 
0.8991601562499998 
0.7515039062499999 
0.9993554687499997 
0.95189453125 
1.20736328125 
0.8235742187499998 
0.6811914062499999 
0.7614648437499999 
0.8763085937499998 
0.7989648437499999 
0.7620507812499999 
0.6899804687499997 
0.7427148437499999 
0.9419335937500001 
0.7151757812499999 
1.20091796875 
1.15169921875 
1.23900390625 
0.8247460937499999 
1.02455078125 
0.8669335937499999 
0.96068359375 
0.7134179687499999 
0.8001367187499998 
0.8704492187499998 
0.8434960937499998 
0.9056054687499998 
0.97298828125 
1.07962890625 
0.7585351562499998 
0.92083984375 
0.7391992187499997 
1.2612695312500002 
0.6343164062499999 
0.7380273437499998 
1.16634765625 
0.7087304687499998 
0.8809960937499998 
1.0948632812499999 
0.8024804687499998 
0.8106835937499999 
1.15404296875 
1.0714257812499999 
0.7280664062499997 
1.23841796875 
1.2231835937500002 
0.8112695312499999 
0.8874414062499998 
0.6360742187499998 
0.8692773437499999 
0.8593164062499998 
0.91849609375 
0.7720117187499999 
0.8464257812499999 
1.0345117187500001 
0.7034570312499998 
0.7532617187499998 
0.9401757812500001 
1.2126367187500002 
0.8933007812499999 
1.2454492187500001 
0.7157617187499998 
0.8727929687499998 
0.92904296875 
0.6876367187499998 
1.2231835937500002 
0.9038476562499999 
0.7526757812499999 
0.8921289062499999 
0.7825585937499999 
0.9401757812500001 
0.8440820312499998 
0.8868554687499998 
0.6700585937499999 
0.7819726562499999 
1.2513085937500004 
1.16693359375 
1.00990234375 
0.6436914062499999 
1.19623046875 
0.8634179687499999 
0.8083398437499999 
0.8786523437499998 
0.8100976562499999 
0.82767578125 
0.96244140625 
0.8335351562499999 
1.08783203125 
0.7286523437499998 
0.7427148437499999 
0.8809960937499998 
0.8968164062499998 
0.6923242187499997 
0.7977929687499998 
1.0415429687500002 
1.00287109375 
1.24427734375 
1.03626953125 
0.93255859375 
0.8622460937499998 
0.94779296875 
0.91556640625 
0.7456445312499999 
0.92025390625 
1.26361328125 
0.8528710937499998 
0.8516992187499998 
0.5798242187499998 
0.7919335937499999 
0.6284570312499999 
0.94427734375 
0.8429101562499998 
0.7667382812499999 
0.7345117187499998 
0.8206445312499999 
1.06205078125 
0.8253320312499999 
0.6987695312499999 
0.92962890625 
0.96537109375 
0.8698632812499999 
0.7186914062499998 
0.92611328125 
0.8763085937499998 
0.94896484375 
1.16048828125 
1.21791015625 
0.8288476562499999 
1.11361328125 
0.7561914062499998 
1.0227929687500001 
0.56751953125 
0.7638085937499999 
0.7181054687499998 
