87 12 1 
1.07083984375 
0.6495507812499999 
1.02044921875 
0.7380273437499998 
0.6794335937499999 
0.7315820312499998 
0.9618554687499999 
0.6958398437499999 
0.7362695312499998 
1.22669921875 
0.7597070312499998 
1.30052734375 
0.94076171875 
0.9554101562499999 
0.8663476562499999 
0.7386132812499998 
0.6893945312499998 
1.1710351562499999 
1.1446679687499999 
0.6308007812499999 
0.9923242187499998 
0.7210351562499998 
0.6091210937499999 
0.7175195312499999 
0.95951171875 
1.06673828125 
0.7942773437499999 
0.8265039062499999 
1.12181640625 
0.8405664062499998 
0.91849609375 
0.7849023437499999 
1.07259765625 
0.93373046875 
0.7175195312499999 
0.95189453125 
0.8194726562499999 
1.1247460937500002 
0.7081445312499999 
0.8059960937499998 
0.7890039062499999 
0.8493554687499998 
0.7995507812499999 
1.2571679687500001 
0.97884765625 
0.6911523437499998 
0.7356835937499998 
0.8411523437499998 
1.11419921875 
0.5804101562499998 
0.7433007812499999 
0.7626367187499998 
1.20091796875 
0.7878320312499999 
0.8897851562499998 
0.6108789062499999 
0.6624414062499998 
0.8944726562499998 
1.23841796875 
0.5979882812499999 
1.01341796875 
0.8663476562499999 
1.22962890625 
0.6952539062499998 
0.9073632812499999 
0.9548242187499999 
0.6847070312499999 
0.7538476562499998 
1.2495507812500002 
1.22552734375 
0.7849023437499999 
0.8183007812499999 
0.9073632812499999 
1.06908203125 
0.6940820312499998 
0.5599023437499999 
0.7128320312499998 
1.1206445312500002 
0.8974023437499998 
0.8270898437499999 
0.7597070312499998 
0.93373046875 
1.28236328125 
0.92962890625 
0.6800195312499999 
1.22259765625 
0.6735742187499998 
0.9647851562499999 
0.7216210937499998 
0.7831445312499999 
0.7280664062499997 
0.7626367187499998 
0.7532617187499998 
0.8077539062499999 
0.7222070312499999 
0.8183007812499999 
1.20033203125 
0.8417382812499998 
1.2489648437500003 
0.94779296875 
0.95951171875 
0.9015039062499999 
0.6489648437499999 
0.7772851562499998 
1.0638085937500001 
0.7520898437499999 
0.7274804687499997 
0.97005859375 
1.0239648437500002 
1.01458984375 
0.6618554687499998 
0.9073632812499999 
0.7263085937499998 
0.9987695312499999 
0.8640039062499999 
1.09544921875 
1.0309960937500002 
0.9026757812499999 
1.12123046875 
0.7362695312499998 
0.9917382812499999 
0.8376367187499998 
0.6331445312499999 
0.6794335937499999 
0.9091210937499998 
0.7263085937499998 
1.04095703125 
1.18802734375 
1.12181640625 
0.8886132812499998 
0.8188867187499999 
0.7145898437499999 
0.6835351562499998 
0.8352929687499998 
0.7175195312499999 
0.8388085937499998 
0.6712304687499998 
0.7942773437499999 
0.8839257812499999 
0.91673828125 
0.94837890625 
1.18626953125 
0.9899804687499998 
0.6759179687499999 
0.97181640625 
0.8903710937499998 
1.00873046875 
0.6847070312499999 
1.0638085937500001 
0.8745507812499999 
0.8499414062499998 
0.78080078125 
1.2308007812500001 
0.7110742187499998 
0.91966796875 
0.6958398437499999 
0.8247460937499999 
1.20501953125 
1.18802734375 
1.0655664062499999 
1.1417382812499999 
1.0309960937500002 
1.0298242187500002 
0.9056054687499998 
0.8722070312499999 
1.06205078125 
0.8493554687499998 
0.8692773437499999 
0.6255273437499999 
0.9981835937499999 
0.97650390625 
0.8229882812499999 
1.07904296875 
1.17396484375 
1.2308007812500001 
0.9524804687499999 
0.6712304687499998 
0.7474023437499998 
1.2378320312500002 
0.9032617187499998 
0.7063867187499998 
1.17572265625 
0.93255859375 
0.7468164062499998 
0.8048242187499998 
0.6354882812499999 
0.8645898437499999 
0.6893945312499998 
0.92787109375 
0.91556640625 
0.6466210937499999 
0.8065820312499998 
0.94369140625 
1.2425195312500001 
0.96595703125 
0.8915429687499998 
0.8253320312499999 
0.8985742187499998 
1.0239648437500002 
1.2231835937500002 
