88 12 0 
0.8423242187499997 
1.13119140625 
1.22845703125 
1.17806640625 
0.94369140625 
1.14583984375 
0.8153710937499998 
0.8405664062499998 
0.7327539062499998 
0.8792382812499998 
1.2513085937500004 
0.8382226562499998 
1.2378320312500002 
0.8024804687499998 
1.0532617187500002 
0.9964257812499999 
0.91263671875 
0.7802148437499999 
0.6448632812499999 
0.8493554687499998 
1.22611328125 
0.6765039062499999 
0.8130273437499999 
0.93373046875 
0.6284570312499999 
0.7046289062499999 
1.06205078125 
1.1194726562500001 
1.25306640625 
0.7415429687499998 
0.6102929687499998 
1.12708984375 
0.94896484375 
1.0497460937500003 
0.6290429687499999 
1.0415429687500002 
0.7638085937499999 
0.6595117187499998 
0.8669335937499999 
0.6712304687499998 
0.92083984375 
0.8153710937499998 
0.6741601562499998 
0.7309960937499997 
0.8493554687499998 
0.7497460937499998 
0.7655664062499998 
1.22142578125 
0.6483789062499998 
0.8253320312499999 
0.91322265625 
0.7157617187499998 
0.7034570312499998 
0.9308007812500001 
0.8165429687499999 
0.8030664062499998 
1.2759179687500002 
0.7638085937499999 
0.8100976562499999 
0.7608789062499999 
0.79017578125 
0.8100976562499999 
1.09837890625 
1.2565820312500002 
0.6507226562499998 
1.13939453125 
1.1247460937500002 
1.10072265625 
1.2319726562500002 
0.8622460937499998 
1.0544335937500002 
0.7403710937499998 
0.7186914062499998 
0.7116601562499998 
0.7977929687499998 
0.8610742187499998 
0.92962890625 
0.7391992187499997 
0.8481835937499999 
1.24486328125 
0.7638085937499999 
0.8429101562499998 
0.7227929687499998 
1.1710351562499999 
0.97591796875 
0.9770898437500001 
1.02162109375 
0.8059960937499998 
0.7474023437499998 
0.9970117187499998 
0.8218164062499999 
1.2454492187500001 
0.95833984375 
0.7011132812499998 
1.05970703125 
0.6495507812499999 
0.6255273437499999 
1.2138085937500003 
0.8528710937499998 
0.5247460937499999 
0.9776757812500001 
0.6712304687499998 
1.0532617187500002 
0.93666015625 
0.6577539062499999 
1.0063867187500002 
0.8921289062499999 
0.93783203125 
0.7977929687499998 
0.9934960937499998 
0.6964257812499999 
1.07376953125 
0.98353515625 
0.8751367187499998 
0.8915429687499998 
0.94837890625 
0.6917382812499998 
0.91439453125 
0.7315820312499998 
0.8563867187499998 
0.6870507812499999 
0.7474023437499998 
0.7245507812499998 
0.5499414062499999 
0.98177734375 
1.2571679687500001 
0.6600976562499998 
1.13177734375 
0.94662109375 
0.92201171875 
0.9097070312499999 
0.7960351562499999 
1.2407617187500002 
0.8030664062499998 
1.22669921875 
0.6085351562499999 
1.18216796875 
0.92201171875 
0.6700585937499999 
0.8499414062499998 
0.9776757812500001 
1.0743554687499999 
0.9524804687499999 
0.6009179687499999 
1.2641992187500002 
0.8147851562499998 
0.6337304687499998 
0.91849609375 
1.0813867187500001 
1.14876953125 
0.9009179687499999 
0.7515039062499999 
0.8581445312499999 
0.94955078125 
0.6606835937499999 
1.05853515625 
0.8938867187499998 
0.8622460937499998 
0.6155664062499998 
1.1493554687499998 
0.6688867187499998 
0.91615234375 
0.7977929687499998 
0.7708398437499999 
0.6542382812499998 
0.8171289062499999 
1.08666015625 
0.7843164062499999 
0.98236328125 
0.7333398437499998 
0.5763085937499999 
0.78080078125 
0.8640039062499999 
0.7802148437499999 
0.8997460937499998 
0.8475976562499998 
0.96771484375 
0.91615234375 
0.6184960937499998 
0.8798242187499997 
0.7954492187499999 
0.8282617187499999 
0.6975976562499998 
0.7854882812499999 
1.06146484375 
0.92728515625 
0.8716210937499999 
0.97650390625 
1.2806054687500001 
1.1493554687499998 
1.0655664062499999 
0.5944726562499999 
0.6231835937499999 
0.8886132812499998 
1.18802734375 
0.7561914062499998 
0.6964257812499999 
0.9911523437499998 
0.7778710937499999 
1.13646484375 
