2 13 85 
1.36966796875 
1.37669921875 
1.40833984375 
1.2806054687500001 
1.2794335937500003 
1.29701171875 
1.3245507812500001 
1.47220703125 
1.29935546875 
1.3567773437500001 
1.3860742187500001 
1.39427734375 
1.3099023437500001 
1.2483789062500001 
1.3479882812500001 
1.21498046875 
1.31927734375 
1.23548828125 
1.35267578125 
1.3362695312500001 
1.29876953125 
1.30228515625 
1.2782617187500003 
1.30111328125 
1.2630273437500001 
1.3391992187500001 
1.41126953125 
1.37669921875 
1.2759179687500002 
1.2489648437500003 
1.3110742187500002 
1.38841796875 
1.29408203125 
1.37669921875 
1.30287109375 
1.3157617187500001 
1.43939453125 
1.3450585937500004 
1.3081445312500002 
1.36498046875 
1.29876953125 
1.29408203125 
1.43763671875 
1.29466796875 
1.38841796875 
1.36498046875 
1.2753320312500003 
1.29876953125 
1.32103515625 
1.34095703125 
1.35736328125 
1.2477929687500002 
1.32044921875 
1.29466796875 
1.30052734375 
1.4522851562499999 
1.2729882812500002 
1.33978515625 
1.29115234375 
1.2454492187500001 
1.3081445312500002 
1.38197265625 
1.31048828125 
1.32337890625 
1.31458984375 
1.51556640625 
1.36615234375 
1.3298242187500002 
1.25892578125 
1.36615234375 
1.3081445312500002 
1.3081445312500002 
1.29935546875 
1.5378320312500002 
1.2542382812500001 
1.31634765625 
1.3063867187500002 
1.3597070312500001 
1.2981835937500001 
1.2829492187500002 
1.37904296875 
1.4183007812500001 
1.34095703125 
1.21791015625 
1.41126953125 
1.2776757812500001 
1.3989648437500002 
1.29291015625 
1.39076171875 
1.36556640625 
1.28822265625 
1.3638085937500002 
1.25892578125 
1.2700585937500004 
1.3081445312500002 
1.37259765625 
1.3040429687500001 
1.28529296875 
1.37435546875 
1.30111328125 
1.38431640625 
1.30580078125 
1.28236328125 
1.48978515625 
1.2893945312500001 
1.43236328125 
1.2847070312500002 
1.3040429687500001 
1.32923828125 
1.29642578125 
1.36673828125 
1.3591210937500002 
1.3761132812499999 
1.2841210937500003 
1.2888085937500002 
1.4183007812500001 
1.4018945312500002 
1.3052148437500002 
1.34095703125 
1.32806640625 
1.3509179687500001 
1.27650390625 
1.29759765625 
1.3485742187500003 
1.30228515625 
1.2683007812500002 
1.29642578125 
1.39310546875 
1.37376953125 
1.37845703125 
1.2817773437500002 
1.3227929687500002 
1.29701171875 
1.2536523437500002 
1.2864648437500001 
1.3702539062499999 
1.3356835937500002 
1.3474023437500002 
1.2606835937500003 
1.2677148437500003 
1.2600976562500001 
1.42650390625 
1.39427734375 
1.2641992187500002 
1.32220703125 
1.35853515625 
1.29583984375 
1.28236328125 
1.3216210937500001 
1.29291015625 
1.3520898437500002 
1.40716796875 
1.35853515625 
1.3544335937500003 
1.35619140625 
1.33509765625 
1.3257226562500002 
1.2677148437500003 
1.36322265625 
1.37962890625 
1.44291015625 
1.31166015625 
1.29525390625 
1.24427734375 
1.37376953125 
1.3099023437500001 
1.29466796875 
1.29701171875 
1.2817773437500002 
1.3304101562500001 
1.29173828125 
1.29583984375 
1.37787109375 
1.35736328125 
1.3550195312500002 
1.2876367187500002 
1.35267578125 
1.3626367187500001 
1.2788476562500002 
1.31048828125 
1.30052734375 
1.2835351562500001 
1.31927734375 
1.37201171875 
1.2542382812500001 
1.25775390625 
1.3474023437500002 
1.31869140625 
1.30228515625 
1.2776757812500001 
1.2665429687500003 
1.37728515625 
1.30345703125 
1.3309960937500003 
1.3122460937500002 
1.3128320312500001 
1.29759765625 
1.29291015625 
1.3227929687500002 
1.31341796875 
