3 13 84 
1.2536523437500002 
1.25892578125 
1.21556640625 
1.30580078125 
1.32220703125 
1.2313867187500003 
1.2864648437500001 
1.15404296875 
1.2495507812500002 
1.16341796875 
1.29466796875 
1.20912109375 
1.2319726562500002 
1.28705078125 
1.2724023437500003 
1.28705078125 
1.16927734375 
1.22494140625 
1.3444726562500002 
0.4690820312499999 
1.22552734375 
1.12298828125 
1.2712304687500002 
1.2308007812500001 
1.2513085937500004 
1.24310546875 
1.2665429687500003 
1.25892578125 
1.31810546875 
1.30169921875 
1.2425195312500001 
1.30228515625 
1.2548242187500003 
1.22435546875 
1.29291015625 
1.3245507812500001 
1.2331445312500002 
1.2729882812500002 
1.20384765625 
1.2770898437500002 
1.19681640625 
1.2513085937500004 
1.2724023437500003 
1.22494140625 
1.2372460937500003 
1.3567773437500001 
1.10833984375 
1.3216210937500001 
1.3075585937500003 
1.2659570312500001 
1.26478515625 
1.2278710937500001 
1.22552734375 
1.2688867187500004 
1.33861328125 
1.2395898437500001 
1.15287109375 
1.2231835937500002 
1.2536523437500002 
1.29408203125 
1.33392578125 
1.2735742187500003 
1.26244140625 
1.2565820312500002 
1.2729882812500002 
0.8768945312499998 
1.3099023437500001 
1.20853515625 
1.32103515625 
1.2817773437500002 
1.2466210937500002 
1.24134765625 
1.30052734375 
1.3052148437500002 
1.3304101562500001 
1.08197265625 
1.20033203125 
1.2325585937500003 
1.3110742187500002 
1.2923242187500001 
1.2366601562500001 
1.2518945312500003 
1.29173828125 
1.2290429687500002 
1.2325585937500003 
1.22552734375 
1.2419335937500002 
1.28236328125 
1.26185546875 
1.2606835937500003 
1.4059960937500002 
1.19330078125 
1.29701171875 
1.3286523437500002 
1.4153710937500001 
1.30287109375 
1.2600976562500001 
1.2612695312500002 
1.2501367187500003 
1.28529296875 
1.29291015625 
1.2349023437500002 
1.2583398437500002 
1.3157617187500001 
1.35560546875 
1.37376953125 
1.2630273437500001 
1.2841210937500003 
1.2688867187500004 
1.18451171875 
1.2776757812500001 
1.2724023437500003 
1.1188867187500002 
1.24720703125 
1.12884765625 
1.24603515625 
1.2677148437500003 
1.1593164062499999 
1.2835351562500001 
1.2934960937500002 
1.25306640625 
1.2612695312500002 
1.31634765625 
1.32103515625 
1.30462890625 
1.23841796875 
1.21498046875 
1.18978515625 
1.2934960937500002 
1.2173242187500002 
1.3491601562500002 
1.4194726562500002 
1.2337304687500001 
1.2747460937500004 
1.24134765625 
1.24369140625 
1.3597070312500001 
1.30873046875 
1.2653710937500002 
1.28998046875 
1.2501367187500003 
1.2630273437500001 
1.29701171875 
1.24427734375 
1.2114648437500002 
1.24017578125 
1.2706445312500003 
1.2477929687500002 
1.2759179687500002 
1.09544921875 
1.2600976562500001 
1.29056640625 
1.40423828125 
1.2278710937500001 
1.2841210937500003 
0.7573632812499999 
1.20150390625 
1.2782617187500003 
1.30873046875 
1.10365234375 
1.31458984375 
1.28587890625 
1.3063867187500002 
1.25775390625 
1.1927148437500001 
1.33744140625 
1.1827539062499999 
1.21966796875 
1.3503320312500002 
1.17044921875 
1.2595117187500002 
1.2595117187500002 
1.2325585937500003 
1.19330078125 
1.2770898437500002 
1.33275390625 
1.2548242187500003 
1.08197265625 
1.4106835937500002 
1.3567773437500001 
1.2800195312500002 
1.30052734375 
1.29876953125 
1.2190820312500001 
1.3544335937500003 
1.12650390625 
0.9044335937499999 
1.16283203125 
1.2800195312500002 
1.2782617187500003 
1.28529296875 
1.2483789062500001 
1.16751953125 
0.59330078125 
1.2548242187500003 
1.2231835937500002 
1.2735742187500003 
1.2835351562500001 
1.38197265625 
1.0491601562500001 
