20 13 67 
1.29525390625 
1.3075585937500003 
0.7772851562499998 
1.07962890625 
0.6302148437499999 
0.93431640625 
0.6618554687499998 
0.8798242187499997 
0.96947265625 
0.6934960937499998 
1.0063867187500002 
0.8388085937499998 
0.7233789062499998 
0.96009765625 
1.02220703125 
0.7509179687499998 
1.01576171875 
0.9530664062499999 
0.93431640625 
0.8440820312499998 
0.7040429687499998 
0.8891992187499997 
0.8522851562499998 
0.7755273437499999 
1.06498046875 
0.7556054687499998 
0.8306054687499999 
0.6489648437499999 
0.9009179687499999 
1.24310546875 
0.9009179687499999 
0.7456445312499999 
0.9308007812500001 
0.5950585937499999 
0.7679101562499998 
0.5821679687499999 
0.8036523437499998 
0.7667382812499999 
0.9776757812500001 
1.32806640625 
0.8874414062499998 
0.6864648437499998 
0.6712304687499998 
0.8956445312499999 
1.39134765625 
0.7210351562499998 
0.8171289062499999 
0.5610742187499999 
1.01166015625 
0.9870507812499999 
0.7843164062499999 
0.8329492187499998 
0.8686914062499999 
0.6102929687499998 
1.1874414062499998 
1.20794921875 
0.53470703125 
0.5974023437499999 
0.8382226562499998 
0.97416015625 
0.8335351562499999 
0.6155664062499998 
0.9882226562499998 
0.7667382812499999 
0.8722070312499999 
0.7409570312499998 
0.8487695312499999 
0.8663476562499999 
0.98470703125 
0.6794335937499999 
0.97474609375 
0.8997460937499998 
0.5938867187499999 
0.7743554687499998 
0.8997460937499998 
0.8897851562499998 
0.7942773437499999 
0.8511132812499999 
0.9091210937499998 
1.06439453125 
0.8575585937499999 
0.91673828125 
0.8886132812499998 
0.7819726562499999 
0.6196679687499999 
0.9876367187499998 
0.91205078125 
1.1282617187500001 
0.79251953125 
0.6448632812499999 
0.93431640625 
1.00169921875 
0.8692773437499999 
1.2349023437500002 
0.5036523437499999 
0.97943359375 
0.6847070312499999 
0.6600976562499998 
0.5516992187499998 
0.6044335937499999 
1.2220117187500001 
0.97943359375 
0.6559960937499998 
1.00697265625 
0.7620507812499999 
0.9009179687499999 
0.8282617187499999 
0.95658203125 
0.94427734375 
0.6179101562499998 
0.6038476562499999 
0.8106835937499999 
0.8710351562499998 
0.7942773437499999 
0.5493554687499999 
0.9173242187499999 
0.94310546875 
1.0268945312500002 
0.92845703125 
0.7608789062499999 
0.8270898437499999 
0.96771484375 
0.5405664062499999 
0.6565820312499998 
1.12650390625 
0.8845117187499998 
0.7614648437499999 
0.5282617187499999 
0.5487695312499999 
0.91322265625 
0.8774804687499997 
0.98294921875 
0.7567773437499998 
1.13060546875 
1.06673828125 
1.1235742187500002 
0.7673242187499998 
1.00873046875 
0.98470703125 
0.8493554687499998 
0.8270898437499999 
1.1686914062499998 
0.8352929687499998 
1.16283203125 
0.7731835937499999 
0.5938867187499999 
0.8229882812499999 
0.9735742187499999 
0.7919335937499999 
0.5874414062499999 
0.6366601562499998 
1.00169921875 
0.8727929687499998 
1.0075585937500002 
0.7778710937499999 
0.5827539062499999 
0.8985742187499998 
1.09193359375 
0.8845117187499998 
0.7556054687499998 
0.96712890625 
0.94310546875 
1.32103515625 
0.8464257812499999 
0.7163476562499999 
1.1522851562499998 
0.7485742187499997 
0.8335351562499999 
1.09603515625 
0.7977929687499998 
0.79251953125 
0.97474609375 
0.95072265625 
0.6999414062499998 
0.6770898437499999 
0.6864648437499998 
0.9044335937499999 
0.9923242187499998 
0.9038476562499999 
0.8095117187499998 
1.2694726562500003 
0.8059960937499998 
0.7280664062499997 
0.6958398437499999 
0.9647851562499999 
0.7345117187499998 
0.8686914062499999 
0.7907617187499999 
1.03509765625 
1.11830078125 
0.96947265625 
0.7579492187499998 
0.7497460937499998 
0.8897851562499998 
0.91263671875 
0.92728515625 
1.18392578125 
1.00345703125 
0.8042382812499999 
0.7438867187499998 
