25 13 62 
0.8505273437499998 
0.9970117187499998 
0.7936914062499999 
0.8868554687499998 
0.7597070312499998 
0.9331445312500001 
0.8891992187499997 
0.6817773437499999 
0.8106835937499999 
1.0081445312500001 
0.7134179687499999 
0.8347070312499999 
0.8675195312499999 
0.7602929687499999 
0.8235742187499998 
0.8622460937499998 
0.8329492187499998 
0.7661523437499999 
0.7233789062499998 
0.8311914062499999 
0.9882226562499998 
0.97298828125 
0.7175195312499999 
0.7087304687499998 
1.17396484375 
0.6970117187499998 
1.1253320312500001 
1.2565820312500002 
0.7204492187499998 
0.8229882812499999 
0.7561914062499998 
0.8751367187499998 
0.9179101562499999 
0.41634765625 
0.9056054687499998 
1.1001367187500002 
0.47845703124999994 
0.8616601562499998 
0.95775390625 
0.7667382812499999 
0.8071679687499999 
1.05384765625 
0.8968164062499998 
0.7714257812499999 
0.96537109375 
0.8048242187499998 
0.7380273437499998 
0.6266992187499998 
0.8212304687499998 
1.20267578125 
0.6126367187499998 
0.6056054687499999 
0.7005273437499998 
0.9266992187499999 
0.7257226562499998 
0.7755273437499999 
0.6530664062499998 
0.5891992187499998 
0.7274804687499997 
0.8985742187499998 
1.15990234375 
0.9683007812500001 
0.9073632812499999 
0.91556640625 
1.08548828125 
0.6308007812499999 
0.7263085937499998 
1.18919921875 
0.7819726562499999 
0.8487695312499999 
1.08666015625 
0.97181640625 
0.8886132812499998 
0.7046289062499999 
0.6454492187499998 
0.9331445312500001 
0.8727929687499998 
0.8007226562499998 
0.91849609375 
0.6724023437499999 
0.7620507812499999 
0.8124414062499998 
0.8804101562499997 
1.22845703125 
0.8376367187499998 
0.95423828125 
0.6829492187499998 
0.8317773437499999 
0.8886132812499998 
0.7907617187499999 
1.3391992187500001 
0.8130273437499999 
1.18509765625 
1.1001367187500002 
0.5692773437499999 
0.7608789062499999 
0.7632226562499999 
0.7977929687499998 
1.05677734375 
0.7515039062499999 
0.9079492187499998 
0.8716210937499999 
0.6765039062499999 
1.1165429687500001 
0.7983789062499999 
1.1534570312499999 
0.7110742187499998 
0.7204492187499998 
0.8809960937499998 
1.06087890625 
0.9683007812500001 
0.7602929687499999 
0.7556054687499998 
0.7046289062499999 
0.8991601562499998 
0.7474023437499998 
1.0503320312500002 
0.8757226562499998 
0.7679101562499998 
0.6612695312499999 
0.8886132812499998 
0.8681054687499998 
0.8007226562499998 
1.0714257812499999 
0.5352929687499999 
0.5546289062499999 
0.95951171875 
0.6489648437499999 
0.8024804687499998 
0.96126953125 
0.9647851562499999 
1.0345117187500001 
1.06087890625 
0.6952539062499998 
0.9390039062500001 
0.9448632812500001 
0.7011132812499998 
0.8253320312499999 
1.3216210937500001 
0.6132226562499998 
0.8200585937499999 
0.8962304687499998 
0.7462304687499998 
0.7128320312499998 
0.6782617187499999 
0.6003320312499999 
0.8323632812499999 
1.33509765625 
0.9308007812500001 
1.24310546875 
0.6571679687499998 
0.9958398437499999 
0.8370507812499999 
0.8071679687499999 
0.7972070312499999 
0.8147851562499998 
1.06966796875 
0.8095117187499998 
1.13294921875 
0.6079492187499999 
1.23841796875 
0.9554101562499999 
0.5897851562499998 
0.91908203125 
1.2583398437500002 
0.7561914062499998 
0.8159570312499999 
0.8054101562499998 
0.8628320312499999 
0.9149804687499999 
0.8569726562499999 
0.96712890625 
0.7825585937499999 
0.46673828124999994 
0.92962890625 
0.8710351562499998 
0.94369140625 
0.94896484375 
0.9061914062499998 
0.7368554687499997 
0.94544921875 
0.7614648437499999 
0.8434960937499998 
0.7790429687499999 
0.8399804687499998 
0.6618554687499998 
1.09955078125 
0.79251953125 
0.8048242187499998 
1.20677734375 
0.9641992187499999 
0.97416015625 
0.5282617187499999 
0.8792382812499998 
0.8323632812499999 
0.94427734375 
0.44916015624999994 
0.6946679687499998 
0.94603515625 
0.8200585937499999 
