28 13 59 
0.6641992187499998 
0.8704492187499998 
0.6102929687499998 
1.08841796875 
0.7075585937499999 
0.9056054687499998 
0.98412109375 
0.5013085937499999 
0.9940820312499998 
0.9032617187499998 
0.8640039062499999 
1.0239648437500002 
0.92376953125 
1.08431640625 
0.91849609375 
0.7362695312499998 
0.6313867187499999 
0.8733789062499998 
0.6893945312499998 
0.79017578125 
0.7333398437499998 
0.5030664062499999 
0.95951171875 
0.5722070312499999 
0.92259765625 
0.6431054687499999 
1.1417382812499999 
0.6882226562499998 
0.6735742187499998 
0.8763085937499998 
0.8136132812499999 
0.9501367187499999 
0.60267578125 
0.93783203125 
0.7274804687499997 
0.6811914062499999 
0.7684960937499998 
1.13529296875 
0.97416015625 
1.1475976562499999 
0.97005859375 
0.94955078125 
1.0263085937500003 
0.7854882812499999 
0.7251367187499997 
0.7632226562499999 
1.2161523437500001 
0.98412109375 
0.7450585937499998 
0.8306054687499999 
0.95951171875 
0.7321679687499998 
1.1950585937500002 
0.6530664062499998 
1.09544921875 
0.8159570312499999 
1.3333398437500001 
0.98470703125 
0.92376953125 
0.92904296875 
1.09134765625 
1.2349023437500002 
0.8534570312499998 
0.7192773437499999 
1.18158203125 
1.10306640625 
0.8171289062499999 
0.7960351562499999 
0.7474023437499998 
0.7690820312499999 
0.8311914062499999 
0.5938867187499999 
0.7292382812499998 
0.7509179687499998 
0.6899804687499997 
0.8089257812499999 
0.95130859375 
0.7192773437499999 
0.6589257812499999 
0.8511132812499999 
0.6870507812499999 
0.7140039062499999 
0.64017578125 
0.8382226562499998 
0.8968164062499998 
1.00345703125 
0.8616601562499998 
0.6905664062499998 
0.9559960937499999 
0.7251367187499997 
1.13177734375 
0.8540429687499999 
1.2184960937500002 
0.94779296875 
0.6606835937499999 
1.19154296875 
0.94369140625 
0.8493554687499998 
0.6143945312499999 
1.1827539062499999 
0.6882226562499998 
0.6589257812499999 
0.6659570312499998 
0.6724023437499999 
0.7157617187499998 
1.21087890625 
0.8681054687499998 
0.6870507812499999 
0.8130273437499999 
1.12767578125 
0.5739648437499999 
0.8270898437499999 
0.7321679687499998 
1.0520898437500001 
0.43216796874999996 
0.7690820312499999 
1.12181640625 
0.6208398437499999 
0.7802148437499999 
0.9934960937499998 
1.0415429687500002 
0.91322265625 
0.8171289062499999 
0.7374414062499998 
0.6483789062499998 
0.7919335937499999 
0.7227929687499998 
0.91556640625 
1.07787109375 
0.7655664062499998 
1.15462890625 
0.6442773437499999 
1.1048242187500001 
0.7755273437499999 
1.00052734375 
0.9993554687499997 
0.8423242187499997 
0.5991601562499999 
1.1575585937500001 
0.7386132812499998 
0.97826171875 
0.9044335937499999 
1.1505273437499999 
1.0456445312500002 
0.7567773437499998 
0.7890039062499999 
0.8540429687499999 
0.7784570312499999 
0.8558007812499999 
0.6917382812499998 
1.03333984375 
1.1106835937500001 
0.8675195312499999 
0.79251953125 
0.8036523437499998 
0.6571679687499998 
0.8083398437499999 
0.7286523437499998 
0.8950585937499999 
0.6179101562499998 
0.8095117187499998 
0.8335351562499999 
0.7479882812499998 
0.7456445312499999 
0.8505273437499998 
0.8727929687499998 
0.97884765625 
0.8311914062499999 
0.7257226562499998 
0.6683007812499999 
1.0743554687499999 
0.7948632812499999 
0.8440820312499998 
0.60267578125 
1.2466210937500002 
1.0579492187500001 
0.8118554687499998 
1.07083984375 
1.18978515625 
0.95775390625 
0.9888085937499999 
1.07845703125 
0.6970117187499998 
0.98236328125 
1.16927734375 
0.7854882812499999 
0.7643945312499999 
0.6278710937499998 
0.9899804687499998 
0.8042382812499999 
0.9302148437500001 
0.8259179687499999 
0.8968164062499998 
1.13294921875 
1.01283203125 
0.6483789062499998 
0.8722070312499999 
1.0462304687500001 
1.0450585937500003 
0.8470117187499998 
