32 13 55 
0.9618554687499999 
0.7755273437499999 
0.8013085937499999 
0.9958398437499999 
1.0579492187500001 
0.6823632812499999 
1.08314453125 
0.96654296875 
0.7550195312499999 
0.5516992187499998 
0.8657617187499999 
0.8206445312499999 
1.0268945312500002 
0.78080078125 
0.7907617187499999 
0.5534570312499999 
1.3391992187500001 
1.2061914062499999 
0.8364648437499999 
0.7913476562499999 
1.22728515625 
0.8833398437499999 
0.6477929687499998 
1.00404296875 
0.8933007812499999 
1.24134765625 
0.8722070312499999 
0.91556640625 
0.6712304687499998 
0.6231835937499999 
0.95716796875 
0.8153710937499998 
0.8446679687499998 
0.6753320312499999 
0.9149804687499999 
0.8106835937499999 
0.9524804687499999 
0.9331445312500001 
0.9061914062499998 
0.8698632812499999 
0.7028710937499998 
0.6436914062499999 
1.22845703125 
0.7708398437499999 
0.8798242187499997 
0.8241601562499998 
0.9050195312499999 
1.15462890625 
0.98236328125 
0.6970117187499998 
0.9073632812499999 
0.6823632812499999 
0.6858789062499998 
0.5763085937499999 
0.52708984375 
1.16693359375 
0.8915429687499998 
0.7849023437499999 
0.8212304687499998 
0.8763085937499998 
1.0110742187500001 
0.8915429687499998 
1.0813867187500001 
0.7520898437499999 
0.9647851562499999 
0.9302148437500001 
1.0169335937500001 
0.7696679687499999 
0.93138671875 
0.9923242187499998 
0.8470117187499998 
0.8686914062499999 
0.7362695312499998 
0.91380859375 
0.6870507812499999 
0.7872460937499999 
0.5493554687499999 
1.15287109375 
0.9061914062499998 
1.3052148437500002 
0.8024804687499998 
0.8434960937499998 
0.8804101562499997 
1.2419335937500002 
0.8733789062499998 
1.03919921875 
0.8487695312499999 
0.7550195312499999 
1.0438867187500003 
0.7872460937499999 
0.7866601562499999 
0.6489648437499999 
1.1698632812499998 
0.7016992187499997 
1.13880859375 
0.7837304687499999 
0.6600976562499998 
0.8804101562499997 
0.92904296875 
0.9419335937500001 
0.6184960937499998 
0.7474023437499998 
0.79251953125 
0.8370507812499999 
0.6325585937499999 
0.8347070312499999 
0.8487695312499999 
0.9999414062499997 
0.6477929687499998 
0.8259179687499999 
1.3474023437500002 
0.7936914062499999 
0.8587304687499998 
0.5622460937499999 
0.7210351562499998 
0.7860742187499998 
0.7772851562499998 
0.7181054687499998 
0.7251367187499997 
1.10423828125 
1.2231835937500002 
0.7151757812499999 
0.9852929687499998 
0.8423242187499997 
0.8405664062499998 
0.9987695312499999 
0.8991601562499998 
0.8323632812499999 
0.9530664062499999 
0.6577539062499999 
0.8089257812499999 
0.6472070312499999 
0.6776757812499999 
0.94955078125 
0.6237695312499999 
1.12767578125 
0.7239648437499998 
0.6923242187499997 
1.30580078125 
0.94544921875 
1.1534570312499999 
0.7350976562499998 
0.6688867187499998 
0.8569726562499999 
0.8030664062499998 
0.97005859375 
0.7268945312499998 
0.7843164062499999 
1.24310546875 
1.09310546875 
0.8323632812499999 
0.9876367187499998 
0.8259179687499999 
0.9999414062499997 
0.7761132812499999 
0.7538476562499998 
0.5130273437499999 
0.78080078125 
0.8546289062499999 
0.8405664062499998 
0.96361328125 
0.7556054687499998 
0.91908203125 
1.08958984375 
0.7878320312499999 
0.7942773437499999 
0.8247460937499999 
0.8265039062499999 
1.11009765625 
0.6987695312499999 
0.7233789062499998 
0.8727929687499998 
0.8475976562499998 
0.7526757812499999 
0.6395898437499999 
0.7796289062499999 
1.24134765625 
0.6747460937499998 
0.7421289062499998 
0.6694726562499999 
1.08548828125 
0.7386132812499998 
0.7679101562499998 
0.9073632812499999 
0.6659570312499998 
0.7163476562499999 
1.14291015625 
0.7216210937499998 
0.9776757812500001 
0.7561914062499998 
0.91205078125 
1.06908203125 
1.13177734375 
0.95365234375 
1.00873046875 
0.7198632812499999 
1.06029296875 
0.8229882812499999 
1.1247460937500002 
1.20033203125 
