18 2 80 
1.2454492187500001 
1.3427148437500003 
1.3110742187500002 
1.42884765625 
1.4640039062499999 
1.4001367187500002 
1.2747460937500004 
1.36732421875 
1.32103515625 
1.2776757812500001 
1.3497460937500003 
1.36791015625 
1.35736328125 
1.2829492187500002 
1.2923242187500001 
1.3169335937500002 
1.3579492187500002 
1.3298242187500002 
1.2483789062500001 
1.29759765625 
1.29701171875 
1.39720703125 
1.3626367187500001 
1.28236328125 
1.2934960937500002 
1.4065820312500001 
1.45052734375 
1.31634765625 
1.39310546875 
1.3052148437500002 
1.31751953125 
1.43470703125 
1.2583398437500002 
1.2753320312500003 
1.32220703125 
1.30287109375 
1.2706445312500003 
1.4282617187500002 
1.3309960937500003 
1.3304101562500001 
1.40248046875 
1.29056640625 
1.31458984375 
1.3825585937500002 
1.2981835937500001 
1.3309960937500003 
1.30169921875 
1.4329492187500001 
1.31927734375 
1.41712890625 
1.34095703125 
1.2835351562500001 
1.2893945312500001 
1.29701171875 
1.3485742187500003 
1.42884765625 
1.3075585937500003 
1.3356835937500002 
1.33275390625 
1.36732421875 
1.46927734375 
1.32806640625 
1.2653710937500002 
1.2876367187500002 
1.3421289062500001 
1.2800195312500002 
1.3274804687500001 
1.3438867187500003 
1.3532617187500002 
1.46107421875 
1.39017578125 
1.38841796875 
1.43939453125 
1.2641992187500002 
1.2782617187500003 
1.3532617187500002 
1.47220703125 
1.2923242187500001 
1.3081445312500002 
1.3813867187500002 
1.2741601562500002 
1.3251367187500003 
1.45814453125 
1.3520898437500002 
1.3040429687500001 
1.31166015625 
1.30462890625 
1.28119140625 
1.31400390625 
1.34681640625 
1.30287109375 
1.4177148437500002 
1.36791015625 
1.3749414062499998 
1.3286523437500002 
1.36322265625 
1.36029296875 
1.2425195312500001 
1.3474023437500002 
1.38783203125 
1.2888085937500002 
1.2835351562500001 
1.2835351562500001 
1.31400390625 
1.29642578125 
1.28529296875 
1.3333398437500001 
1.2753320312500003 
1.3444726562500002 
1.2806054687500001 
1.37845703125 
1.36498046875 
1.2782617187500003 
1.2847070312500002 
1.37669921875 
1.29876953125 
1.29642578125 
1.3497460937500003 
1.46458984375 
1.3356835937500002 
1.36029296875 
1.3550195312500002 
1.35853515625 
1.39310546875 
1.3550195312500002 
1.2893945312500001 
1.36615234375 
1.2800195312500002 
1.31751953125 
1.3040429687500001 
1.3538476562500001 
1.41302734375 
1.28587890625 
1.3936914062499999 
1.3989648437500002 
1.4018945312500002 
1.3063867187500002 
1.3040429687500001 
1.3069726562500001 
1.2794335937500003 
1.31341796875 
1.3099023437500001 
1.2782617187500003 
1.38548828125 
1.3298242187500002 
1.39076171875 
1.29115234375 
1.3298242187500002 
1.33744140625 
1.3427148437500003 
1.3813867187500002 
1.43353515625 
1.36029296875 
1.31458984375 
1.33802734375 
1.29642578125 
1.2583398437500002 
1.3298242187500002 
1.36205078125 
1.36908203125 
1.3485742187500003 
1.3304101562500001 
1.37904296875 
1.2630273437500001 
1.43587890625 
1.38666015625 
1.30111328125 
1.29466796875 
1.3520898437500002 
1.3684960937500001 
1.36205078125 
1.3239648437500002 
1.36087890625 
1.3491601562500002 
1.29525390625 
1.29876953125 
1.3444726562500002 
1.3063867187500002 
1.3433007812500002 
1.43587890625 
1.3485742187500003 
1.3749414062499998 
1.30462890625 
1.37142578125 
1.3813867187500002 
1.3063867187500002 
1.40541015625 
1.37435546875 
1.3860742187500001 
1.28236328125 
1.3550195312500002 
1.3128320312500001 
1.5003320312500001 
1.30228515625 
1.33509765625 
1.3503320312500002 
1.38431640625 
1.37552734375 
1.3919335937500001 
1.3128320312500001 
