50 13 37 
0.93197265625 
0.96947265625 
1.06087890625 
0.92552734375 
0.8850976562499998 
0.7638085937499999 
0.8224023437499999 
0.98353515625 
0.6911523437499998 
0.7274804687499997 
1.0591210937500002 
0.8593164062499998 
0.6665429687499999 
1.2477929687500002 
0.9056054687499998 
0.8809960937499998 
0.7737695312499999 
1.0438867187500003 
0.9776757812500001 
0.7116601562499998 
0.8692773437499999 
0.97474609375 
0.8141992187499998 
0.5710351562499999 
0.6929101562499997 
0.8311914062499999 
0.8171289062499999 
0.91615234375 
0.91615234375 
0.7948632812499999 
1.1651757812499999 
0.8915429687499998 
0.9149804687499999 
0.9050195312499999 
0.7907617187499999 
0.8306054687499999 
0.8792382812499998 
0.6677148437499999 
0.93431640625 
0.6302148437499999 
1.07259765625 
0.9999414062499997 
1.2319726562500002 
0.8265039062499999 
0.8645898437499999 
0.7415429687499998 
0.8106835937499999 
1.09427734375 
1.23841796875 
0.8833398437499999 
0.9032617187499998 
1.0257226562500001 
0.8604882812499999 
0.6858789062499998 
0.7796289062499999 
0.91966796875 
0.91146484375 
0.94134765625 
1.29291015625 
1.05853515625 
0.7415429687499998 
0.8891992187499997 
0.8475976562499998 
1.0591210937500002 
0.9858789062499999 
0.7556054687499998 
1.17337890625 
0.94544921875 
0.8956445312499999 
0.94134765625 
0.91146484375 
0.7485742187499997 
0.6132226562499998 
0.6554101562499998 
0.7011132812499998 
0.7673242187499998 
1.0268945312500002 
0.7058007812499999 
0.8440820312499998 
0.9056054687499998 
0.8505273437499998 
0.8382226562499998 
0.5733789062499999 
0.82767578125 
0.7749414062499999 
0.7825585937499999 
1.09544921875 
0.8657617187499999 
0.8464257812499999 
0.6858789062499998 
0.6864648437499998 
0.8300195312499999 
0.7684960937499998 
0.98119140625 
0.9548242187499999 
0.5153710937499999 
0.8974023437499998 
0.9091210937499998 
1.21087890625 
1.2641992187500002 
0.9038476562499999 
0.7034570312499998 
0.98294921875 
0.7058007812499999 
0.8657617187499999 
0.8792382812499998 
1.08431640625 
0.95130859375 
1.08490234375 
1.1886132812499999 
0.8897851562499998 
0.8352929687499998 
0.9302148437500001 
0.95775390625 
0.8974023437499998 
0.8341210937499999 
1.10833984375 
1.1499414062499997 
0.8434960937499998 
0.6852929687499998 
0.8499414062499998 
0.8481835937499999 
1.00931640625 
0.6999414062499998 
0.7714257812499999 
0.6653710937499998 
0.91849609375 
1.06791015625 
0.8229882812499999 
1.30052734375 
0.9618554687499999 
0.8382226562499998 
0.9548242187499999 
0.9038476562499999 
0.93607421875 
0.7796289062499999 
1.10833984375 
0.8727929687499998 
1.17162109375 
0.7643945312499999 
0.6149804687499998 
0.8540429687499999 
0.94427734375 
0.93841796875 
0.8042382812499999 
0.6407617187499999 
1.2641992187500002 
0.6712304687499998 
1.31634765625 
1.01283203125 
1.04798828125 
1.07552734375 
0.7831445312499999 
0.9641992187499999 
0.8897851562499998 
0.9425195312500001 
0.95892578125 
1.09603515625 
0.7468164062499998 
0.8048242187499998 
1.1886132812499999 
1.22376953125 
0.7175195312499999 
0.5282617187499999 
0.7983789062499999 
1.20853515625 
0.8516992187499998 
0.7309960937499997 
1.2641992187500002 
0.8909570312499998 
0.7831445312499999 
0.94662109375 
0.6431054687499999 
0.8927148437499999 
0.9864648437499999 
1.2735742187500003 
0.8933007812499999 
0.7884179687499999 
0.8071679687499999 
0.6934960937499998 
0.8341210937499999 
0.6114648437499999 
1.0579492187500001 
0.8018945312499999 
0.92845703125 
0.9020898437499999 
0.78958984375 
0.8897851562499998 
0.7210351562499998 
0.7649804687499998 
0.6677148437499999 
1.03978515625 
0.7315820312499998 
0.6987695312499999 
0.7204492187499998 
1.0075585937500002 
0.8452539062499999 
1.2876367187500002 
1.08841796875 
0.6501367187499998 
