51 13 36 
0.9448632812500001 
1.2694726562500003 
1.2753320312500003 
0.7966210937499999 
0.6823632812499999 
0.96712890625 
0.8440820312499998 
0.7485742187499997 
0.8177148437499999 
0.8065820312499998 
0.8675195312499999 
0.91087890625 
1.0052148437500001 
0.7884179687499999 
0.9864648437499999 
0.6143945312499999 
1.00462890625 
0.7040429687499998 
0.7122460937499998 
1.1452539062499998 
1.09837890625 
1.17455078125 
0.7573632812499999 
0.9559960937499999 
0.7491601562499998 
0.8786523437499998 
0.8329492187499998 
0.7772851562499998 
0.9888085937499999 
0.9952539062499999 
1.07552734375 
0.7362695312499998 
0.8212304687499998 
0.9934960937499998 
1.00287109375 
0.94720703125 
0.7163476562499999 
0.7796289062499999 
0.9917382812499999 
0.6214257812499999 
1.01400390625 
0.5979882812499999 
0.7345117187499998 
0.8944726562499998 
0.7696679687499999 
0.9308007812500001 
0.8979882812499999 
0.6091210937499999 
0.7409570312499998 
1.12708984375 
0.5991601562499999 
1.1165429687500001 
0.9929101562499998 
0.8153710937499998 
0.7333398437499998 
0.8516992187499998 
1.2671289062500002 
1.2677148437500003 
0.94369140625 
0.7145898437499999 
0.7350976562499998 
0.91673828125 
1.28705078125 
1.0497460937500003 
0.7796289062499999 
1.1224023437500001 
0.7802148437499999 
1.07904296875 
0.8100976562499999 
0.7684960937499998 
0.6390039062499999 
0.8440820312499998 
0.7966210937499999 
1.2741601562500002 
0.7591210937499998 
1.02455078125 
0.7239648437499998 
0.91263671875 
0.8850976562499998 
1.0286523437500001 
0.8563867187499998 
0.8224023437499999 
0.6501367187499998 
0.92962890625 
0.7784570312499999 
0.7626367187499998 
0.7872460937499999 
0.9776757812500001 
1.23548828125 
0.98294921875 
1.1282617187500001 
0.7796289062499999 
0.6835351562499998 
0.7268945312499998 
0.96712890625 
0.7374414062499998 
0.91380859375 
0.8522851562499998 
0.8083398437499999 
0.8815820312499998 
0.7977929687499998 
0.78080078125 
0.6489648437499999 
0.8991601562499998 
0.7005273437499998 
0.7386132812499998 
1.1177148437500002 
0.6671289062499999 
0.6636132812499999 
1.18626953125 
0.8370507812499999 
1.07552734375 
0.6003320312499999 
0.93666015625 
1.1511132812499998 
0.7679101562499998 
0.8581445312499999 
0.8575585937499999 
1.0702539062499998 
1.06439453125 
0.7731835937499999 
0.8516992187499998 
1.25892578125 
0.6120507812499999 
0.7274804687499997 
1.12416015625 
0.5845117187499999 
0.93548828125 
0.6583398437499999 
0.8382226562499998 
1.19740234375 
0.8698632812499999 
0.8393945312499999 
0.6671289062499999 
0.8563867187499998 
0.8587304687499998 
0.8013085937499999 
0.8581445312499999 
1.10306640625 
1.1827539062499999 
0.96771484375 
0.9940820312499998 
0.8974023437499998 
0.5118554687499999 
0.7643945312499999 
0.8112695312499999 
1.13763671875 
1.24427734375 
0.91556640625 
1.10072265625 
0.9149804687499999 
1.05970703125 
0.7386132812499998 
0.96947265625 
1.0749414062499998 
1.00345703125 
0.93138671875 
1.0520898437500001 
0.6870507812499999 
0.8212304687499998 
0.9308007812500001 
0.96126953125 
0.8593164062499998 
0.7169335937499999 
1.1985742187500001 
0.8610742187499998 
0.6712304687499998 
0.8675195312499999 
0.7374414062499998 
0.6495507812499999 
0.8311914062499999 
1.04095703125 
0.94603515625 
0.8429101562499998 
0.8897851562499998 
0.9097070312499999 
0.8862695312499999 
1.22962890625 
0.7468164062499998 
0.7022851562499998 
1.07201171875 
0.7597070312499998 
0.7122460937499998 
0.8323632812499999 
0.9683007812500001 
0.7995507812499999 
0.5827539062499999 
0.6958398437499999 
0.8733789062499998 
0.7380273437499998 
1.00052734375 
0.9852929687499998 
0.7210351562499998 
0.8352929687499998 
1.1018945312500001 
0.8944726562499998 
1.05267578125 
0.6952539062499998 
1.11537109375 
0.7538476562499998 
