74 13 13 
0.94779296875 
0.8692773437499999 
0.8634179687499999 
0.7450585937499998 
0.60208984375 
0.8938867187499998 
1.20736328125 
0.6472070312499999 
0.6688867187499998 
0.8059960937499998 
0.92904296875 
1.17455078125 
0.7573632812499999 
0.5733789062499999 
1.1938867187500002 
0.7679101562499998 
1.3075585937500003 
1.19154296875 
0.8206445312499999 
0.59330078125 
0.5827539062499999 
0.7286523437499998 
0.8487695312499999 
0.8335351562499999 
0.8452539062499999 
0.7397851562499997 
1.0503320312500002 
0.8341210937499999 
0.7725976562499999 
0.9149804687499999 
0.9390039062500001 
0.6659570312499998 
0.6067773437499999 
0.7579492187499998 
0.8153710937499998 
0.8698632812499999 
0.8505273437499998 
0.7450585937499998 
0.9032617187499998 
0.8235742187499998 
0.7755273437499999 
1.16927734375 
0.93607421875 
0.8628320312499999 
0.97005859375 
0.7280664062499997 
0.9870507812499999 
0.6395898437499999 
0.8382226562499998 
1.22669921875 
0.7169335937499999 
0.7708398437499999 
0.6507226562499998 
0.7626367187499998 
0.8944726562499998 
1.20150390625 
0.8100976562499999 
0.8968164062499998 
0.6618554687499998 
1.2688867187500004 
0.7561914062499998 
0.6483789062499998 
0.7684960937499998 
0.98412109375 
0.8059960937499998 
1.2290429687500002 
0.6536523437499998 
0.94134765625 
0.91615234375 
0.6671289062499999 
0.8786523437499998 
0.7186914062499998 
1.10248046875 
1.1013085937500002 
0.7866601562499999 
0.7837304687499999 
0.95365234375 
0.8610742187499998 
0.8136132812499999 
0.6653710937499998 
0.7140039062499999 
1.1997460937500002 
1.20970703125 
0.8991601562499998 
0.9852929687499998 
1.1493554687499998 
0.6595117187499998 
1.02044921875 
0.6864648437499998 
0.8470117187499998 
0.8388085937499998 
0.8909570312499998 
0.92494140625 
0.5997460937499999 
0.7843164062499999 
1.06673828125 
0.8171289062499999 
0.8335351562499999 
0.7673242187499998 
0.7966210937499999 
1.2671289062500002 
0.92845703125 
1.05150390625 
0.97474609375 
0.6296289062499999 
0.92376953125 
1.22962890625 
0.92845703125 
0.97064453125 
0.8733789062499998 
0.9554101562499999 
0.6102929687499998 
0.8265039062499999 
0.7579492187499998 
0.6899804687499997 
0.93783203125 
0.93197265625 
0.8288476562499999 
0.5845117187499999 
0.6472070312499999 
0.7796289062499999 
0.8323632812499999 
0.7216210937499998 
0.9097070312499999 
0.7573632812499999 
0.9390039062500001 
0.7977929687499998 
0.6366601562499998 
0.9085351562499998 
1.06029296875 
0.7872460937499999 
1.2231835937500002 
0.5974023437499999 
0.7942773437499999 
1.18451171875 
0.92611328125 
0.98119140625 
0.8470117187499998 
0.8640039062499999 
0.9923242187499998 
0.7942773437499999 
0.8270898437499999 
0.7755273437499999 
0.7679101562499998 
0.5944726562499999 
1.03275390625 
0.7292382812499998 
0.8915429687499998 
0.9061914062499998 
0.8364648437499999 
0.8247460937499999 
0.8897851562499998 
0.6823632812499999 
0.8862695312499999 
1.20970703125 
1.22025390625 
1.0579492187500001 
0.8763085937499998 
0.6184960937499998 
1.2641992187500002 
1.08431640625 
0.8493554687499998 
0.8446679687499998 
0.7860742187499998 
0.6542382812499998 
0.7532617187499998 
0.9548242187499999 
0.8786523437499998 
0.6308007812499999 
0.9524804687499999 
0.9852929687499998 
0.8552148437499999 
0.92376953125 
0.5704492187499999 
0.6823632812499999 
1.01048828125 
1.28119140625 
1.2753320312500003 
0.5710351562499999 
0.8651757812499999 
0.8868554687499998 
0.8575585937499999 
0.9524804687499999 
0.9987695312499999 
0.6466210937499999 
0.8399804687499998 
0.6618554687499998 
0.6366601562499998 
0.6835351562499998 
0.94955078125 
0.7052148437499999 
1.22083984375 
0.5962304687499999 
0.5534570312499999 
0.8974023437499998 
0.7591210937499998 
0.55521484375 
0.6425195312499999 
0.7532617187499998 
0.96068359375 
