83 13 4 
1.08548828125 
0.8493554687499998 
0.92728515625 
1.0813867187500001 
0.9331445312500001 
0.7597070312499998 
0.7415429687499998 
0.8083398437499999 
0.8294335937499999 
1.1522851562499998 
0.7714257812499999 
1.0356835937500002 
0.8874414062499998 
0.93197265625 
0.9061914062499998 
0.7679101562499998 
0.7556054687499998 
0.8095117187499998 
0.92201171875 
1.09134765625 
0.5487695312499999 
1.1956445312500001 
1.24369140625 
0.93783203125 
1.04681640625 
0.7673242187499998 
0.94310546875 
0.6518945312499999 
0.93490234375 
0.8288476562499999 
0.92494140625 
1.01283203125 
0.9067773437499999 
1.2829492187500002 
0.9946679687499999 
1.03392578125 
0.93255859375 
0.5241601562499999 
1.15404296875 
0.8177148437499999 
1.1253320312500001 
0.8042382812499999 
0.95658203125 
0.6747460937499998 
0.8118554687499998 
1.2143945312500002 
1.15697265625 
1.20208984375 
0.8686914062499999 
0.8938867187499998 
0.95892578125 
0.8686914062499999 
0.95658203125 
0.6360742187499998 
0.7567773437499998 
0.60208984375 
1.10541015625 
0.6102929687499998 
0.8352929687499998 
0.7304101562499997 
0.6337304687499998 
0.9946679687499999 
0.7626367187499998 
1.20560546875 
0.7907617187499999 
0.5944726562499999 
1.05150390625 
1.06439453125 
0.6319726562499999 
0.91087890625 
0.5997460937499999 
0.8018945312499999 
0.6507226562499998 
0.8757226562499998 
0.97123046875 
1.12708984375 
0.6395898437499999 
1.0813867187500001 
0.7087304687499998 
0.6190820312499998 
0.8739648437499998 
0.8042382812499999 
0.7362695312499998 
0.7966210937499999 
0.91556640625 
0.7140039062499999 
0.7081445312499999 
0.8581445312499999 
0.8288476562499999 
0.8698632812499999 
1.2612695312500002 
0.9395898437500001 
0.8323632812499999 
0.7327539062499998 
0.9425195312500001 
0.9917382812499999 
0.6266992187499998 
0.8030664062499998 
0.9020898437499999 
1.01458984375 
0.7995507812499999 
0.6044335937499999 
1.2700585937500004 
0.94603515625 
0.94896484375 
0.94837890625 
0.8511132812499999 
0.9390039062500001 
0.8575585937499999 
0.8499414062499998 
0.8956445312499999 
0.9173242187499999 
1.05677734375 
0.8522851562499998 
1.00404296875 
0.6841210937499999 
0.6108789062499999 
1.3216210937500001 
1.0532617187500002 
0.7790429687499999 
1.20267578125 
0.7614648437499999 
0.9905664062499998 
0.6196679687499999 
0.9929101562499998 
1.10775390625 
1.1681054687499999 
1.11595703125 
1.0345117187500001 
0.64017578125 
0.8417382812499998 
0.6565820312499998 
0.8727929687499998 
0.8868554687499998 
0.8599023437499999 
0.8429101562499998 
0.8815820312499998 
0.97826171875 
0.8927148437499999 
0.7386132812499998 
0.8036523437499998 
0.7257226562499998 
0.8177148437499999 
0.7684960937499998 
0.95423828125 
1.02044921875 
0.6683007812499999 
0.6179101562499998 
0.6313867187499999 
0.97416015625 
0.5938867187499999 
1.20970703125 
0.7409570312499998 
0.8030664062499998 
0.92435546875 
0.92318359375 
0.7913476562499999 
0.8950585937499999 
0.6038476562499999 
0.7597070312499998 
0.6600976562499998 
0.6454492187499998 
1.19681640625 
0.9085351562499998 
0.7872460937499999 
1.0433007812500001 
1.02162109375 
0.92962890625 
0.7374414062499998 
0.7766992187499998 
0.96244140625 
0.6067773437499999 
0.7485742187499997 
0.9999414062499997 
0.8036523437499998 
0.6612695312499999 
1.23841796875 
0.6618554687499998 
0.6911523437499998 
0.5657617187499999 
1.0550195312500001 
1.1827539062499999 
0.6641992187499998 
0.93255859375 
1.09720703125 
0.91673828125 
1.22435546875 
1.07552734375 
0.9999414062499997 
0.7304101562499997 
1.00931640625 
0.6565820312499998 
0.8118554687499998 
0.9905664062499998 
1.2571679687500001 
0.6143945312499999 
0.6677148437499999 
0.6724023437499999 
0.94544921875 
0.8247460937499999 
