9 14 77 
1.33744140625 
1.2325585937500003 
1.16576171875 
0.6624414062499998 
1.1417382812499999 
1.20794921875 
0.92435546875 
0.7515039062499999 
1.19916015625 
1.0052148437500001 
1.01634765625 
1.2231835937500002 
1.05677734375 
0.8640039062499999 
0.7058007812499999 
0.8270898437499999 
1.04798828125 
0.7052148437499999 
0.8270898437499999 
0.8962304687499998 
0.9079492187499998 
1.13001953125 
0.6688867187499998 
1.22845703125 
1.03626953125 
0.6770898437499999 
1.3263085937500003 
0.91205078125 
0.6308007812499999 
0.91087890625 
1.28822265625 
0.6794335937499999 
1.20384765625 
1.2641992187500002 
0.38529296874999996 
1.06498046875 
1.24603515625 
1.22962890625 
0.7298242187499997 
0.8622460937499998 
0.8968164062499998 
0.8429101562499998 
1.0315820312500001 
0.7040429687499998 
0.8159570312499999 
1.20384765625 
1.0052148437500001 
0.7093164062499998 
1.1358789062499999 
0.95072265625 
1.2319726562500002 
1.19916015625 
1.05853515625 
0.7163476562499999 
1.2888085937500002 
1.1710351562499999 
0.7784570312499999 
0.97533203125 
1.1522851562499998 
0.5575585937499999 
1.2741601562500002 
0.8270898437499999 
0.92552734375 
0.9026757812499999 
1.03041015625 
0.8399804687499998 
1.3239648437500002 
0.91615234375 
0.8171289062499999 
1.2782617187500003 
1.16048828125 
1.0415429687500002 
1.1253320312500001 
1.05384765625 
0.97005859375 
0.7005273437499998 
1.00169921875 
0.6296289062499999 
0.6091210937499999 
1.2934960937500002 
0.9149804687499999 
1.2495507812500002 
0.8511132812499999 
0.6600976562499998 
0.8891992187499997 
0.9079492187499998 
0.8704492187499998 
0.6343164062499999 
0.7292382812499998 
0.6595117187499998 
0.94310546875 
0.7140039062499999 
1.11712890625 
1.10833984375 
0.8534570312499998 
0.6911523437499998 
1.2800195312500002 
1.0761132812499998 
0.93431640625 
0.9214257812500001 
1.2864648437500001 
0.9015039062499999 
0.6999414062499998 
0.98177734375 
1.13939453125 
0.7983789062499999 
0.6284570312499999 
1.38080078125 
0.7192773437499999 
0.8399804687499998 
1.06673828125 
1.1886132812499999 
0.7749414062499999 
0.7462304687499998 
1.1188867187500002 
0.8528710937499998 
0.5839257812499999 
0.8716210937499999 
0.8411523437499998 
0.8335351562499999 
1.2466210937500002 
1.10365234375 
0.98353515625 
0.8616601562499998 
0.8323632812499999 
0.7280664062499997 
0.7626367187499998 
0.6811914062499999 
0.5903710937499999 
0.78080078125 
1.2835351562500001 
0.8663476562499999 
0.96244140625 
0.7837304687499999 
0.9893945312499999 
1.13060546875 
0.9923242187499998 
0.6987695312499999 
1.31400390625 
1.13998046875 
0.9964257812499999 
1.02103515625 
0.91263671875 
1.19154296875 
0.9091210937499998 
1.26185546875 
0.7468164062499998 
0.91263671875 
1.2817773437500002 
0.8317773437499999 
1.10775390625 
0.7380273437499998 
1.13236328125 
1.25306640625 
1.3362695312500001 
1.0122460937500002 
1.03041015625 
0.91380859375 
1.13822265625 
0.7403710937499998 
0.7052148437499999 
0.7122460937499998 
0.8499414062499998 
1.03216796875 
1.2800195312500002 
1.1452539062499998 
0.98470703125 
0.9548242187499999 
1.2143945312500002 
1.2360742187500002 
1.1710351562499999 
1.1446679687499999 
0.7614648437499999 
0.9893945312499999 
0.7561914062499998 
1.29408203125 
0.7614648437499999 
0.9032617187499998 
1.2231835937500002 
0.8669335937499999 
1.09720703125 
1.24720703125 
0.6056054687499999 
0.7468164062499998 
1.08197265625 
1.09955078125 
1.12884765625 
1.23431640625 
0.6390039062499999 
0.95658203125 
0.7186914062499998 
1.01166015625 
0.9419335937500001 
0.8317773437499999 
1.13236328125 
1.45345703125 
1.16048828125 
0.91263671875 
0.8651757812499999 
1.45873046875 
