11 14 75 
0.8388085937499998 
0.8675195312499999 
0.7790429687499999 
1.28705078125 
0.6899804687499997 
0.7327539062499998 
0.7005273437499998 
0.92962890625 
1.1763085937500002 
1.06791015625 
0.8558007812499999 
1.33744140625 
0.7690820312499999 
0.7849023437499999 
0.8071679687499999 
0.8499414062499998 
1.2477929687500002 
0.9050195312499999 
0.7362695312499998 
1.09017578125 
1.3169335937500002 
1.09720703125 
0.9882226562499998 
0.8909570312499998 
0.91849609375 
1.1253320312500001 
0.9554101562499999 
0.8106835937499999 
1.02337890625 
0.6278710937499998 
1.24486328125 
0.8452539062499999 
0.8874414062499998 
1.2395898437500001 
0.7872460937499999 
0.9003320312499998 
0.8839257812499999 
0.7550195312499999 
1.1341210937500001 
0.7134179687499999 
1.30111328125 
0.9893945312499999 
0.96888671875 
1.29525390625 
1.09955078125 
0.7931054687499999 
0.7222070312499999 
1.41419921875 
1.06439453125 
0.93841796875 
0.8499414062499998 
1.2893945312500001 
0.8722070312499999 
0.98119140625 
0.8669335937499999 
0.9173242187499999 
0.8516992187499998 
0.8850976562499998 
0.7181054687499998 
0.8546289062499999 
0.93373046875 
0.6882226562499998 
1.14115234375 
0.7556054687499998 
0.9999414062499997 
1.00931640625 
1.11302734375 
1.0591210937500002 
0.9067773437499999 
1.3304101562500001 
1.22083984375 
0.8997460937499998 
0.8722070312499999 
0.7292382812499998 
0.7403710937499998 
0.8640039062499999 
0.94720703125 
0.92083984375 
0.9905664062499998 
0.7544335937499999 
0.8716210937499999 
0.97650390625 
0.6641992187499998 
0.9858789062499999 
1.18802734375 
0.93783203125 
1.07845703125 
0.8886132812499998 
0.7380273437499998 
0.6724023437499999 
0.7550195312499999 
0.6436914062499999 
0.4632226562499999 
0.8622460937499998 
0.8704492187499998 
0.6302148437499999 
0.9530664062499999 
1.11302734375 
1.2718164062500001 
0.6659570312499998 
1.0257226562500001 
0.7292382812499998 
0.8341210937499999 
1.07318359375 
1.2513085937500004 
0.7825585937499999 
1.23431640625 
1.30287109375 
1.13119140625 
1.13939453125 
1.29115234375 
0.8733789062499998 
0.97884765625 
0.8194726562499999 
0.8247460937499999 
1.06029296875 
0.8294335937499999 
1.1048242187500001 
1.09837890625 
0.8042382812499999 
1.2513085937500004 
0.7983789062499999 
0.6337304687499998 
0.8306054687499999 
1.18216796875 
1.17279296875 
1.3263085937500003 
0.7556054687499998 
0.91439453125 
0.94955078125 
1.07787109375 
0.6073632812499999 
0.9266992187499999 
1.14701171875 
0.8792382812499998 
0.7761132812499999 
0.5774804687499998 
0.7708398437499999 
0.5804101562499998 
0.8768945312499998 
0.9214257812500001 
1.2173242187500002 
0.8645898437499999 
0.8194726562499999 
1.2923242187500001 
0.6841210937499999 
1.12650390625 
1.2718164062500001 
1.0345117187500001 
0.7761132812499999 
1.19798828125 
1.29466796875 
1.1593164062499999 
0.8546289062499999 
0.6888085937499998 
1.02162109375 
1.37845703125 
0.8704492187499998 
0.7286523437499998 
0.91380859375 
0.92201171875 
0.7474023437499998 
0.6161523437499998 
0.54642578125 
1.10833984375 
1.13353515625 
0.64017578125 
1.07318359375 
0.9067773437499999 
0.7866601562499999 
0.7163476562499999 
0.8130273437499999 
1.07376953125 
0.5891992187499998 
0.8054101562499998 
0.9331445312500001 
0.8745507812499999 
0.8311914062499999 
1.08314453125 
0.8628320312499999 
0.47259765624999994 
0.91146484375 
0.7304101562499997 
1.18978515625 
1.11185546875 
0.8880273437499998 
1.01927734375 
1.05560546875 
0.8247460937499999 
1.4177148437500002 
0.7790429687499999 
0.56751953125 
0.8563867187499998 
0.9800195312500001 
0.93724609375 
0.92904296875 
1.1235742187500002 
0.8839257812499999 
0.7268945312499998 
0.8036523437499998 
