13 14 73 
0.60208984375 
0.9401757812500001 
1.2114648437500002 
1.1522851562499998 
0.7977929687499998 
0.8587304687499998 
0.5868554687499998 
1.14349609375 
0.6970117187499998 
0.8722070312499999 
1.0485742187500002 
1.01810546875 
0.9800195312500001 
0.7485742187499997 
0.7515039062499999 
0.7972070312499999 
0.8294335937499999 
1.0052148437500001 
0.8475976562499998 
0.92494140625 
1.02748046875 
1.0825585937500002 
0.92962890625 
1.29408203125 
0.8581445312499999 
1.12884765625 
0.7667382812499999 
1.05267578125 
0.8968164062499998 
0.9559960937499999 
0.95833984375 
0.6641992187499998 
0.82767578125 
0.7304101562499997 
0.7233789062499998 
0.8968164062499998 
0.91615234375 
1.07552734375 
0.8874414062499998 
1.1985742187500001 
1.15287109375 
0.9003320312499998 
0.9214257812500001 
0.8962304687499998 
0.8569726562499999 
0.8124414062499998 
1.0286523437500001 
0.8218164062499999 
0.9073632812499999 
1.2671289062500002 
0.7163476562499999 
0.7579492187499998 
1.1827539062499999 
0.8077539062499999 
0.93197265625 
0.8991601562499998 
0.8206445312499999 
0.93255859375 
1.0263085937500003 
1.05267578125 
0.9097070312499999 
0.7151757812499999 
0.7503320312499998 
0.95189453125 
1.0714257812499999 
0.94896484375 
0.8288476562499999 
0.9091210937499998 
1.2483789062500001 
0.9952539062499999 
0.8077539062499999 
1.2302148437500002 
0.8786523437499998 
1.2220117187500001 
1.09134765625 
1.2999414062499999 
0.98236328125 
0.7643945312499999 
0.7321679687499998 
0.8440820312499998 
0.8804101562499997 
0.97650390625 
0.93197265625 
0.5979882812499999 
0.7866601562499999 
0.9097070312499999 
0.7186914062499998 
0.8733789062499998 
0.8780664062499998 
0.97240234375 
0.6659570312499998 
1.11712890625 
0.6085351562499999 
1.18802734375 
1.21556640625 
0.7222070312499999 
1.0427148437500002 
0.7181054687499998 
0.7438867187499998 
0.8288476562499999 
1.1985742187500001 
0.6507226562499998 
0.82767578125 
0.8792382812499998 
0.97064453125 
0.6009179687499999 
0.7145898437499999 
0.7966210937499999 
1.12708984375 
0.6934960937499998 
0.95189453125 
0.95072265625 
1.03392578125 
1.13470703125 
0.9425195312500001 
0.7075585937499999 
0.8212304687499998 
0.6864648437499998 
0.7913476562499999 
0.8587304687499998 
1.2606835937500003 
0.91908203125 
1.2513085937500004 
0.96244140625 
0.8751367187499998 
0.8827539062499998 
0.7251367187499997 
1.04212890625 
0.8850976562499998 
0.6700585937499999 
0.7181054687499998 
1.18568359375 
1.2360742187500002 
1.1247460937500002 
0.96654296875 
0.9020898437499999 
0.8458398437499999 
0.4643945312499999 
0.8095117187499998 
0.94603515625 
0.8780664062499998 
0.8317773437499999 
0.6325585937499999 
0.8323632812499999 
0.9888085937499999 
0.8874414062499998 
0.7356835937499998 
1.0427148437500002 
0.97884765625 
0.8809960937499998 
0.45208984374999994 
0.9302148437500001 
0.7585351562499998 
0.8370507812499999 
0.94603515625 
0.97943359375 
1.1188867187500002 
0.98236328125 
0.7263085937499998 
1.3579492187500002 
0.8030664062499998 
0.5722070312499999 
0.93548828125 
0.8030664062499998 
1.16341796875 
1.12123046875 
1.0825585937500002 
1.2571679687500001 
0.5405664062499999 
0.8100976562499999 
1.1177148437500002 
1.31634765625 
1.09779296875 
0.7843164062499999 
1.10072265625 
0.94662109375 
0.8147851562499998 
0.8663476562499999 
0.8938867187499998 
0.79017578125 
1.06205078125 
1.00697265625 
0.8288476562499999 
0.9214257812500001 
0.7972070312499999 
0.6384179687499999 
0.8991601562499998 
0.8382226562499998 
0.9020898437499999 
0.94720703125 
1.17279296875 
1.18392578125 
0.8516992187499998 
0.9308007812500001 
1.11478515625 
1.10541015625 
0.9864648437499999 
1.29876953125 
0.49310546874999994 
0.93841796875 
