14 14 72 
0.8669335937499999 
1.1206445312500002 
0.6753320312499999 
1.22962890625 
0.9554101562499999 
1.14115234375 
0.8388085937499998 
0.8048242187499998 
0.5733789062499999 
0.8827539062499998 
0.7444726562499998 
0.7737695312499999 
0.8335351562499999 
0.8593164062499998 
0.8886132812499998 
0.5722070312499999 
0.91439453125 
0.97005859375 
1.1253320312500001 
0.5768945312499999 
0.8569726562499999 
0.6964257812499999 
0.95775390625 
0.7849023437499999 
0.7550195312499999 
0.8212304687499998 
0.9917382812499999 
0.7339257812499999 
0.8282617187499999 
0.97884765625 
1.01517578125 
0.92259765625 
0.98236328125 
0.6940820312499998 
1.10658203125 
0.7110742187499998 
1.0485742187500002 
0.7849023437499999 
0.6665429687499999 
0.7503320312499998 
1.1124414062499999 
0.5833398437499999 
1.11361328125 
0.79017578125 
1.20970703125 
0.7491601562499998 
0.7222070312499999 
0.94427734375 
1.1177148437500002 
0.7561914062499998 
0.9964257812499999 
0.8979882812499999 
0.9970117187499998 
0.8370507812499999 
1.0638085937500001 
0.92259765625 
0.8411523437499998 
1.1206445312500002 
1.09076171875 
0.8200585937499999 
0.7479882812499998 
0.7550195312499999 
0.91263671875 
0.8868554687499998 
0.6044335937499999 
0.6565820312499998 
0.5827539062499999 
0.6712304687499998 
0.8610742187499998 
0.6700585937499999 
1.2923242187500001 
1.20033203125 
0.7878320312499999 
0.6917382812499998 
0.8938867187499998 
0.5604882812499999 
0.96537109375 
0.8856835937499998 
0.7673242187499998 
0.8100976562499999 
0.6659570312499998 
0.5370507812499999 
0.7948632812499999 
0.98294921875 
1.08490234375 
1.2524804687500002 
0.8440820312499998 
1.13001953125 
0.93783203125 
0.7866601562499999 
0.8399804687499998 
0.8059960937499998 
0.6747460937499998 
0.7714257812499999 
0.7175195312499999 
0.5153710937499999 
1.00990234375 
0.9097070312499999 
0.7790429687499999 
0.96361328125 
0.6923242187499997 
1.11361328125 
0.6981835937499998 
1.16048828125 
0.9923242187499998 
0.8891992187499997 
0.6835351562499998 
0.91380859375 
0.96888671875 
0.6501367187499998 
0.7450585937499998 
0.8323632812499999 
0.8839257812499999 
0.8933007812499999 
0.7509179687499998 
0.5616601562499999 
0.7573632812499999 
1.17982421875 
0.8540429687499999 
0.91673828125 
0.82767578125 
0.92787109375 
0.7626367187499998 
0.6659570312499998 
1.01751953125 
0.9999414062499997 
0.7099023437499998 
1.14408203125 
0.8294335937499999 
0.9003320312499998 
1.2184960937500002 
1.10248046875 
0.9876367187499998 
0.9647851562499999 
0.95072265625 
0.8874414062499998 
1.0456445312500002 
0.6571679687499998 
0.8546289062499999 
0.8194726562499999 
0.9038476562499999 
0.5757226562499999 
0.8522851562499998 
0.8751367187499998 
0.92962890625 
0.6958398437499999 
0.95423828125 
0.6753320312499999 
0.6782617187499999 
0.91146484375 
0.8300195312499999 
0.8218164062499999 
0.60501953125 
0.7409570312499998 
0.79251953125 
0.6888085937499998 
1.13880859375 
1.02044921875 
0.8862695312499999 
0.7872460937499999 
0.6044335937499999 
0.6917382812499998 
0.93138671875 
0.8036523437499998 
0.7725976562499999 
0.8218164062499999 
0.96537109375 
0.9864648437499999 
0.7954492187499999 
1.1194726562500001 
0.9934960937499998 
0.9009179687499999 
0.8528710937499998 
0.7819726562499999 
1.05736328125 
0.7802148437499999 
0.6987695312499999 
1.16341796875 
0.60501953125 
1.11009765625 
0.9641992187499999 
0.7192773437499999 
0.8347070312499999 
0.5804101562499998 
0.9038476562499999 
0.8669335937499999 
0.6061914062499999 
1.1985742187500001 
1.2349023437500002 
0.5815820312499999 
0.8739648437499998 
0.93841796875 
0.8300195312499999 
0.9003320312499998 
0.8124414062499998 
1.12591796875 
0.7474023437499998 
0.7462304687499998 
0.9911523437499998 
0.8282617187499999 
