21 14 65 
0.8399804687499998 
0.96244140625 
0.7485742187499997 
0.8095117187499998 
0.8640039062499999 
0.6431054687499999 
0.6143945312499999 
0.8048242187499998 
0.7333398437499998 
0.8253320312499999 
0.9448632812500001 
0.8306054687499999 
0.8341210937499999 
0.9559960937499999 
1.18978515625 
0.8475976562499998 
1.20853515625 
0.6407617187499999 
0.91322265625 
0.8259179687499999 
1.02162109375 
0.8136132812499999 
0.7725976562499999 
0.7016992187499997 
0.8739648437499998 
0.92552734375 
0.8218164062499999 
0.92552734375 
0.8686914062499999 
0.7327539062499998 
0.6325585937499999 
0.7257226562499998 
0.7626367187499998 
0.8645898437499999 
0.8288476562499999 
0.7825585937499999 
0.7474023437499998 
0.9548242187499999 
0.9425195312500001 
0.8464257812499999 
0.96595703125 
0.7391992187499997 
0.8270898437499999 
0.8528710937499998 
0.7251367187499997 
0.94837890625 
0.9091210937499998 
1.28587890625 
0.9050195312499999 
0.98119140625 
0.8804101562499997 
1.2513085937500004 
0.6061914062499999 
1.36087890625 
0.8083398437499999 
0.9061914062499998 
1.10423828125 
0.7819726562499999 
0.7907617187499999 
0.94076171875 
1.2319726562500002 
1.00287109375 
1.13529296875 
0.6325585937499999 
0.8147851562499998 
0.7526757812499999 
0.7368554687499997 
0.8100976562499999 
1.2138085937500003 
0.6536523437499998 
0.96009765625 
0.6249414062499998 
0.8429101562499998 
0.7673242187499998 
0.8458398437499999 
1.10248046875 
0.6964257812499999 
0.93724609375 
0.6688867187499998 
0.60208984375 
0.8364648437499999 
0.8575585937499999 
0.7415429687499998 
0.6946679687499998 
0.8405664062499998 
0.6683007812499999 
0.8059960937499998 
0.8962304687499998 
0.8880273437499998 
1.18919921875 
0.91849609375 
0.6811914062499999 
0.8018945312499999 
0.8429101562499998 
0.8423242187499997 
1.0257226562500001 
0.9302148437500001 
0.7766992187499998 
0.7602929687499999 
0.7474023437499998 
0.8434960937499998 
1.03333984375 
1.1710351562499999 
1.17806640625 
0.7538476562499998 
0.7093164062499998 
0.91908203125 
0.7573632812499999 
0.60501953125 
1.0714257812499999 
0.47669921874999993 
0.95892578125 
0.6530664062499998 
0.8446679687499998 
0.5903710937499999 
1.07201171875 
0.7960351562499999 
0.8323632812499999 
0.6964257812499999 
0.6647851562499998 
0.8013085937499999 
0.8423242187499997 
0.8136132812499999 
0.7491601562499998 
1.10541015625 
1.12708984375 
0.8183007812499999 
0.8452539062499999 
0.7315820312499998 
0.9085351562499998 
0.9020898437499999 
0.6419335937499999 
1.12884765625 
0.8013085937499999 
0.9026757812499999 
0.8897851562499998 
0.7116601562499998 
0.8001367187499998 
1.11712890625 
0.5616601562499999 
0.8599023437499999 
0.6641992187499998 
1.18158203125 
1.22083984375 
0.8235742187499998 
0.6618554687499998 
1.1018945312500001 
0.97064453125 
1.29056640625 
1.00169921875 
0.7638085937499999 
0.8604882812499999 
0.91263671875 
0.8921289062499999 
0.8007226562499998 
0.7263085937499998 
1.1640039062499998 
1.0122460937500002 
0.6847070312499999 
0.7058007812499999 
0.92259765625 
0.9061914062499998 
0.8095117187499998 
1.00228515625 
0.8727929687499998 
0.78080078125 
0.6876367187499998 
0.6155664062499998 
0.7075585937499999 
0.92083984375 
0.7585351562499998 
1.18216796875 
0.8464257812499999 
0.8030664062499998 
0.6606835937499999 
0.7333398437499998 
0.9026757812499999 
0.9061914062499998 
0.5821679687499999 
1.17923828125 
0.7520898437499999 
0.8183007812499999 
0.8710351562499998 
0.96712890625 
0.7942773437499999 
1.00580078125 
1.05970703125 
1.06087890625 
0.8001367187499998 
0.6835351562499998 
1.06498046875 
0.9020898437499999 
0.8036523437499998 
0.8200585937499999 
0.6765039062499999 
1.01166015625 
0.8927148437499999 
0.5798242187499998 
1.13705078125 
0.8974023437499998 
