24 14 62 
0.7157617187499998 
1.00169921875 
0.7667382812499999 
0.8405664062499998 
0.8036523437499998 
0.7936914062499999 
0.6495507812499999 
0.6548242187499997 
0.47845703124999994 
1.18333984375 
0.9999414062499997 
0.6571679687499998 
0.8282617187499999 
0.9091210937499998 
0.7819726562499999 
0.7397851562499997 
0.7597070312499998 
0.4778710937499999 
0.8552148437499999 
0.8511132812499999 
0.7948632812499999 
1.18802734375 
0.7075585937499999 
0.92494140625 
1.11419921875 
0.7409570312499998 
0.7708398437499999 
0.7720117187499999 
0.7485742187499997 
0.6044335937499999 
0.8593164062499998 
0.7942773437499999 
1.06205078125 
0.7602929687499999 
1.11537109375 
0.8177148437499999 
1.2782617187500003 
0.8300195312499999 
1.03626953125 
0.92083984375 
1.01634765625 
0.6349023437499999 
0.97240234375 
0.6636132812499999 
0.6243554687499998 
0.7743554687499998 
0.6806054687499998 
0.8065820312499998 
0.97943359375 
1.15873046875 
0.8147851562499998 
0.7890039062499999 
0.8294335937499999 
0.8171289062499999 
0.6624414062499998 
0.7058007812499999 
0.95775390625 
1.01341796875 
0.9073632812499999 
0.91556640625 
0.6864648437499998 
0.7708398437499999 
1.0761132812499998 
0.7591210937499998 
0.96537109375 
0.6548242187499997 
0.8599023437499999 
0.6636132812499999 
0.7690820312499999 
1.2934960937500002 
0.97005859375 
1.0890039062499999 
0.55521484375 
0.6507226562499998 
0.8306054687499999 
0.8065820312499998 
0.6776757812499999 
0.8622460937499998 
1.1686914062499998 
0.94896484375 
0.94603515625 
0.7444726562499998 
1.05853515625 
0.8927148437499999 
0.8886132812499998 
0.8681054687499998 
0.8300195312499999 
1.15169921875 
1.12767578125 
0.7309960937499997 
0.8388085937499998 
0.91205078125 
0.9770898437500001 
0.8780664062499998 
0.8827539062499998 
0.6085351562499999 
0.7919335937499999 
0.6261132812499999 
0.7515039062499999 
1.0890039062499999 
0.8358789062499998 
0.8130273437499999 
0.7362695312499998 
0.6911523437499998 
0.5710351562499999 
0.59330078125 
0.7274804687499997 
0.5329492187499999 
0.8364648437499999 
1.1505273437499999 
0.8147851562499998 
0.7977929687499998 
0.97826171875 
0.6372460937499999 
0.7890039062499999 
0.6524804687499998 
0.7755273437499999 
1.0948632812499999 
0.7075585937499999 
0.96595703125 
0.98060546875 
0.7532617187499998 
1.09662109375 
0.6079492187499999 
1.2876367187500002 
0.98060546875 
0.98236328125 
0.94896484375 
0.8270898437499999 
0.48900390624999995 
0.6524804687499998 
0.9020898437499999 
1.04681640625 
0.8229882812499999 
0.5751367187499998 
0.93841796875 
0.79017578125 
0.8815820312499998 
0.9390039062500001 
0.7227929687499998 
0.8095117187499998 
0.8183007812499999 
0.8130273437499999 
0.7058007812499999 
0.9003320312499998 
0.6489648437499999 
1.0772851562499999 
0.7720117187499999 
0.7450585937499998 
1.1235742187500002 
0.7837304687499999 
1.24017578125 
0.7778710937499999 
0.8891992187499997 
0.94662109375 
0.7538476562499998 
0.96654296875 
0.93197265625 
0.9149804687499999 
0.9079492187499998 
0.7075585937499999 
0.8405664062499998 
0.9061914062499998 
0.8522851562499998 
0.4983789062499999 
0.7550195312499999 
1.09017578125 
0.7016992187499997 
0.8657617187499999 
0.8364648437499999 
0.6395898437499999 
0.6413476562499999 
0.6618554687499998 
0.91556640625 
0.8036523437499998 
0.6665429687499999 
0.94369140625 
0.96771484375 
0.7913476562499999 
1.3503320312500002 
0.5903710937499999 
0.9079492187499998 
0.8329492187499998 
1.06146484375 
0.6841210937499999 
0.94310546875 
0.9302148437500001 
0.6138085937499999 
0.8376367187499998 
0.8675195312499999 
0.6009179687499999 
0.6835351562499998 
0.8352929687499998 
0.6032617187499999 
0.7884179687499999 
0.7989648437499999 
0.6015039062499999 
1.15580078125 
0.6296289062499999 
0.7515039062499999 
