26 2 72 
1.3462304687500002 
1.3872460937500002 
1.3479882812500001 
1.40541015625 
1.3274804687500001 
1.3245507812500001 
1.2864648437500001 
1.2729882812500002 
1.3684960937500001 
1.30462890625 
1.2477929687500002 
1.3532617187500002 
1.3456445312500003 
1.3638085937500002 
1.27650390625 
1.3333398437500001 
1.38841796875 
1.3579492187500002 
1.36029296875 
1.41712890625 
1.2841210937500003 
1.42884765625 
1.2507226562500002 
1.2712304687500002 
1.3274804687500001 
1.33685546875 
1.3099023437500001 
1.42767578125 
1.3538476562500001 
1.30287109375 
1.3345117187500002 
1.31166015625 
1.2981835937500001 
1.36322265625 
1.3128320312500001 
1.28119140625 
1.3122460937500002 
1.2753320312500003 
1.47572265625 
1.36029296875 
1.31341796875 
1.2864648437500001 
1.29583984375 
1.33861328125 
1.3128320312500001 
1.31927734375 
1.31751953125 
1.2888085937500002 
1.3503320312500002 
1.39955078125 
1.3069726562500001 
1.3251367187500003 
1.29056640625 
1.30345703125 
1.3919335937500001 
1.3286523437500002 
1.30169921875 
1.2741601562500002 
1.3304101562500001 
1.4200585937500003 
1.28529296875 
1.32044921875 
1.40423828125 
1.2806054687500001 
1.31869140625 
1.3309960937500003 
1.3456445312500003 
1.38548828125 
1.4048242187500002 
1.36908203125 
1.2659570312500001 
1.3503320312500002 
1.31634765625 
1.2138085937500003 
1.4048242187500002 
1.2788476562500002 
1.36146484375 
1.36029296875 
1.3433007812500002 
1.37142578125 
1.37142578125 
1.31986328125 
1.27650390625 
1.29701171875 
1.2800195312500002 
1.29642578125 
1.3509179687500001 
1.3749414062499998 
1.33861328125 
1.3099023437500001 
1.3257226562500002 
1.29056640625 
1.3274804687500001 
1.36029296875 
1.3444726562500002 
1.4001367187500002 
1.3122460937500002 
1.2888085937500002 
1.30462890625 
1.30052734375 
1.36966796875 
1.3427148437500003 
1.2835351562500001 
1.3702539062499999 
1.29583984375 
1.3813867187500002 
1.3345117187500002 
1.30169921875 
1.29291015625 
1.3638085937500002 
1.4563867187500001 
1.3438867187500003 
1.44759765625 
1.28822265625 
1.31986328125 
1.3438867187500003 
1.33861328125 
1.3304101562500001 
1.30111328125 
1.3497460937500003 
1.48509765625 
1.33509765625 
1.32220703125 
1.2776757812500001 
1.3251367187500003 
1.42884765625 
1.4212304687500001 
1.2876367187500002 
1.35619140625 
1.33744140625 
1.39076171875 
1.2981835937500001 
1.29583984375 
1.44466796875 
1.3128320312500001 
1.23900390625 
1.3538476562500001 
1.4247460937500003 
1.37142578125 
1.30228515625 
1.3128320312500001 
1.34095703125 
1.4511132812499998 
1.3415429687500002 
1.3684960937500001 
1.35736328125 
1.3157617187500001 
1.2934960937500002 
1.3567773437500001 
1.3304101562500001 
1.31869140625 
1.27650390625 
1.2806054687500001 
1.32044921875 
1.3638085937500002 
1.29701171875 
1.3749414062499998 
1.29701171875 
1.4165429687500002 
1.3403710937500002 
1.31458984375 
1.3438867187500003 
1.37083984375 
1.30052734375 
1.38783203125 
1.37904296875 
1.3802148437500001 
1.36498046875 
1.39076171875 
1.3977929687500001 
1.3497460937500003 
1.3509179687500001 
1.37904296875 
1.3257226562500002 
1.32044921875 
1.3362695312500001 
1.38958984375 
1.36791015625 
1.2724023437500003 
1.2712304687500002 
1.4036523437500001 
1.30580078125 
1.3362695312500001 
1.29466796875 
1.2683007812500002 
1.33509765625 
1.43998046875 
1.30931640625 
1.41478515625 
1.38431640625 
1.29759765625 
1.22845703125 
1.36205078125 
1.3438867187500003 
1.37962890625 
1.3309960937500003 
1.2776757812500001 
1.32923828125 
1.30873046875 
1.20150390625 
