28 2 70 
1.44583984375 
1.28529296875 
1.39427734375 
1.39017578125 
1.3509179687500001 
1.3391992187500001 
1.42767578125 
1.38841796875 
1.37259765625 
1.33744140625 
1.31048828125 
1.43060546875 
1.39251953125 
1.38841796875 
1.22611328125 
1.28705078125 
1.3304101562500001 
1.31048828125 
1.3485742187500003 
1.39662109375 
1.38900390625 
1.3579492187500002 
1.3485742187500003 
1.33275390625 
1.3362695312500001 
1.30580078125 
1.29876953125 
1.2683007812500002 
1.3919335937500001 
1.2888085937500002 
1.2724023437500003 
1.2981835937500001 
1.39955078125 
1.3503320312500002 
1.3749414062499998 
1.39427734375 
1.3450585937500004 
1.2999414062499999 
1.3421289062500001 
1.2817773437500002 
1.33802734375 
1.29056640625 
1.3110742187500002 
1.37552734375 
1.30873046875 
1.2923242187500001 
1.36029296875 
1.31341796875 
1.29056640625 
1.36966796875 
1.2847070312500002 
1.33861328125 
1.3538476562500001 
1.3591210937500002 
1.3497460937500003 
1.28587890625 
1.3075585937500003 
1.3052148437500002 
1.28119140625 
1.2864648437500001 
1.35560546875 
1.33978515625 
1.37728515625 
1.35267578125 
1.28236328125 
1.40716796875 
1.3304101562500001 
1.30052734375 
1.38490234375 
1.4206445312500002 
1.3761132812499999 
1.2753320312500003 
1.31927734375 
1.2671289062500002 
1.36791015625 
1.2806054687500001 
1.2776757812500001 
1.22376953125 
1.39544921875 
1.36439453125 
1.2999414062499999 
1.31810546875 
1.3538476562500001 
1.4200585937500003 
1.31869140625 
1.3239648437500002 
1.2847070312500002 
1.3063867187500002 
1.31751953125 
1.2659570312500001 
1.3251367187500003 
1.3497460937500003 
1.28998046875 
1.42298828125 
1.3304101562500001 
1.32806640625 
1.30580078125 
1.29173828125 
1.4206445312500002 
1.30052734375 
1.31927734375 
1.3919335937500001 
1.31927734375 
1.3069726562500001 
1.3052148437500002 
1.30462890625 
1.36205078125 
1.3550195312500002 
1.3421289062500001 
1.31048828125 
1.32220703125 
1.3544335937500003 
1.37728515625 
1.31400390625 
1.40248046875 
1.36439453125 
1.2841210937500003 
1.34681640625 
1.3626367187500001 
1.32220703125 
1.30345703125 
1.39720703125 
1.36029296875 
1.32806640625 
1.3591210937500002 
1.3684960937500001 
1.41361328125 
1.4247460937500003 
1.3110742187500002 
1.38900390625 
1.2700585937500004 
1.33744140625 
1.29642578125 
1.3040429687500001 
1.2934960937500002 
1.3333398437500001 
1.3274804687500001 
1.3268945312500002 
1.2934960937500002 
1.35736328125 
1.33685546875 
1.29173828125 
1.2893945312500001 
1.2817773437500002 
1.32044921875 
1.36029296875 
1.30111328125 
1.3362695312500001 
1.39251953125 
1.4106835937500002 
1.38197265625 
1.3813867187500002 
1.3813867187500002 
1.3052148437500002 
1.3485742187500003 
1.26185546875 
1.31400390625 
1.2741601562500002 
1.41126953125 
1.3052148437500002 
1.33216796875 
1.31869140625 
1.43119140625 
1.40306640625 
1.29525390625 
1.3509179687500001 
1.3520898437500002 
1.30873046875 
1.37787109375 
1.3438867187500003 
1.3257226562500002 
1.29056640625 
1.3761132812499999 
1.29291015625 
1.2360742187500002 
1.40423828125 
1.3040429687500001 
1.29583984375 
1.3391992187500001 
1.36556640625 
1.36966796875 
1.3304101562500001 
1.43646484375 
1.38900390625 
1.36966796875 
1.35736328125 
1.33509765625 
1.28822265625 
1.35736328125 
1.2770898437500002 
1.2735742187500003 
1.4013085937500003 
1.36029296875 
1.3444726562500002 
1.2934960937500002 
1.28587890625 
1.30287109375 
1.22552734375 
1.32806640625 
1.29525390625 
