65 14 21 
0.7878320312499999 
0.96068359375 
0.96361328125 
0.8792382812499998 
0.6266992187499998 
0.92259765625 
0.5780664062499998 
0.8563867187499998 
0.6817773437499999 
0.8622460937499998 
0.7034570312499998 
0.7462304687499998 
0.7485742187499997 
0.8511132812499999 
0.8288476562499999 
0.5991601562499999 
0.7186914062499998 
1.23900390625 
0.7468164062499998 
0.8411523437499998 
0.8751367187499998 
0.7954492187499999 
0.7667382812499999 
0.96537109375 
0.6606835937499999 
1.15462890625 
0.7368554687499997 
1.14115234375 
1.06439453125 
0.5821679687499999 
0.98177734375 
0.8511132812499999 
0.9401757812500001 
1.2483789062500001 
0.6231835937499999 
0.8481835937499999 
0.93607421875 
0.8434960937499998 
0.95892578125 
0.8716210937499999 
1.2735742187500003 
0.9425195312500001 
1.0052148437500001 
0.8118554687499998 
0.9056054687499998 
0.8727929687499998 
0.7661523437499999 
1.0356835937500002 
0.6595117187499998 
0.7620507812499999 
0.94134765625 
0.8704492187499998 
0.8546289062499999 
0.7075585937499999 
0.6999414062499998 
0.6934960937499998 
0.7843164062499999 
0.7058007812499999 
0.8681054687499998 
0.5780664062499998 
0.6073632812499999 
0.8546289062499999 
0.7942773437499999 
0.7884179687499999 
0.91263671875 
0.7837304687499999 
0.9946679687499999 
0.6378320312499999 
0.8300195312499999 
1.1534570312499999 
1.0345117187500001 
0.7298242187499997 
0.7632226562499999 
0.8018945312499999 
0.7222070312499999 
0.7368554687499997 
0.96302734375 
1.0075585937500002 
0.7321679687499998 
0.6179101562499998 
0.6624414062499998 
0.82767578125 
0.7104882812499999 
0.8856835937499998 
0.93548828125 
0.8891992187499997 
0.91029296875 
0.8382226562499998 
0.7673242187499998 
0.8130273437499999 
0.8270898437499999 
1.21791015625 
0.6196679687499999 
0.8716210937499999 
0.6384179687499999 
0.96654296875 
0.8809960937499998 
1.20208984375 
0.6600976562499998 
0.8188867187499999 
0.9448632812500001 
0.96302734375 
0.91966796875 
0.8036523437499998 
0.95130859375 
0.8147851562499998 
0.8997460937499998 
0.9149804687499999 
0.8786523437499998 
0.6893945312499998 
0.91087890625 
0.8722070312499999 
0.8294335937499999 
0.6167382812499999 
0.7638085937499999 
1.04212890625 
0.97650390625 
1.16634765625 
0.8979882812499999 
0.7720117187499999 
0.9425195312500001 
0.6806054687499998 
0.7597070312499998 
0.5944726562499999 
0.78080078125 
0.7567773437499998 
0.9056054687499998 
0.7397851562499997 
0.6179101562499998 
0.7725976562499999 
0.8552148437499999 
0.6442773437499999 
1.19095703125 
1.1106835937500001 
0.8030664062499998 
0.7620507812499999 
0.6905664062499998 
0.7263085937499998 
0.7345117187499998 
0.97474609375 
1.1464257812499998 
0.4866601562499999 
0.6929101562499997 
0.9958398437499999 
0.6852929687499998 
0.7860742187499998 
1.07259765625 
0.53470703125 
0.6905664062499998 
0.8933007812499999 
0.8440820312499998 
0.6934960937499998 
0.7995507812499999 
0.6776757812499999 
0.7075585937499999 
0.9987695312499999 
0.8903710937499998 
0.96009765625 
0.8423242187499997 
0.8780664062499998 
0.8528710937499998 
0.8059960937499998 
0.5897851562499998 
0.7479882812499998 
0.8159570312499999 
0.6518945312499999 
0.6724023437499999 
0.95716796875 
0.8007226562499998 
0.7878320312499999 
1.23841796875 
1.2126367187500002 
0.7181054687499998 
1.02162109375 
0.6530664062499998 
0.7626367187499998 
0.8558007812499999 
0.7919335937499999 
0.8112695312499999 
0.7415429687499998 
0.8780664062499998 
1.1194726562500001 
0.6905664062499998 
0.8311914062499999 
0.9214257812500001 
0.8446679687499998 
0.7632226562499999 
0.8804101562499997 
0.6425195312499999 
0.7515039062499999 
0.9390039062500001 
1.02455078125 
0.7087304687499998 
0.8757226562499998 
0.7192773437499999 
0.8604882812499999 
0.7585351562499998 
0.5974023437499999 
0.9923242187499998 
0.7327539062499998 
