76 14 10 
0.6683007812499999 
0.91087890625 
0.7825585937499999 
0.8997460937499998 
1.22962890625 
0.7837304687499999 
1.1950585937500002 
0.7280664062499997 
0.98177734375 
0.6835351562499998 
0.8399804687499998 
0.94779296875 
0.8587304687499998 
0.7339257812499999 
0.8206445312499999 
0.7245507812499998 
0.7942773437499999 
0.6929101562499997 
0.9390039062500001 
1.13939453125 
0.7608789062499999 
0.8528710937499998 
0.6817773437499999 
0.7339257812499999 
0.7268945312499998 
0.7872460937499999 
0.8915429687499998 
0.8352929687499998 
1.06498046875 
0.7421289062499998 
0.8440820312499998 
0.5845117187499999 
0.7298242187499997 
0.7731835937499999 
0.7854882812499999 
0.97240234375 
0.94720703125 
1.22142578125 
0.6237695312499999 
0.7274804687499997 
0.6571679687499998 
0.8856835937499998 
0.8106835937499999 
0.6882226562499998 
0.7298242187499997 
1.03041015625 
0.8493554687499998 
0.56517578125 
0.6964257812499999 
0.7380273437499998 
1.0444726562500002 
0.8616601562499998 
0.6677148437499999 
0.7532617187499998 
0.8850976562499998 
0.6249414062499998 
0.8165429687499999 
1.2747460937500004 
0.92728515625 
0.8188867187499999 
0.6477929687499998 
0.6659570312499998 
0.94310546875 
0.9020898437499999 
0.7052148437499999 
0.8136132812499999 
0.7591210937499998 
1.01927734375 
0.6641992187499998 
0.93138671875 
1.2331445312500002 
0.7520898437499999 
0.7292382812499998 
0.5985742187499998 
0.8768945312499998 
0.8423242187499997 
0.7421289062499998 
0.9050195312499999 
0.9097070312499999 
0.7485742187499997 
0.9530664062499999 
0.8423242187499997 
0.7427148437499999 
1.2548242187500003 
0.92611328125 
0.93373046875 
1.20150390625 
0.6571679687499998 
0.6847070312499999 
1.0485742187500002 
1.02220703125 
0.95951171875 
0.6882226562499998 
0.8323632812499999 
0.8645898437499999 
0.95892578125 
0.97650390625 
0.6718164062499998 
0.6495507812499999 
0.7333398437499998 
0.6870507812499999 
0.6647851562499998 
1.0415429687500002 
0.6559960937499998 
0.8768945312499998 
1.0433007812500001 
0.7497460937499998 
0.8938867187499998 
0.8241601562499998 
0.5458398437499999 
1.1698632812499998 
0.9735742187499999 
0.6600976562499998 
0.8927148437499999 
0.6395898437499999 
0.6753320312499999 
1.09603515625 
0.8563867187499998 
0.8628320312499999 
0.6272851562499998 
0.8974023437499998 
0.7620507812499999 
1.08548828125 
0.9214257812500001 
0.6272851562499998 
0.8341210937499999 
0.6934960937499998 
0.7954492187499999 
0.7526757812499999 
1.00990234375 
0.7989648437499999 
0.7081445312499999 
0.8569726562499999 
0.8440820312499998 
0.8610742187499998 
0.8481835937499999 
0.6724023437499999 
0.7034570312499998 
0.7837304687499999 
1.0444726562500002 
0.7597070312499998 
0.8780664062499998 
0.8329492187499998 
0.8329492187499998 
0.8429101562499998 
0.6800195312499999 
0.93666015625 
0.95423828125 
0.6671289062499999 
0.6841210937499999 
1.14291015625 
0.7966210937499999 
0.8739648437499998 
1.2466210937500002 
0.6073632812499999 
0.9097070312499999 
0.8434960937499998 
0.8891992187499997 
1.10248046875 
1.10541015625 
0.8599023437499999 
0.7655664062499998 
0.7391992187499997 
0.5821679687499999 
0.9425195312500001 
1.1341210937500001 
1.02748046875 
0.7890039062499999 
1.06966796875 
0.95658203125 
0.9056054687499998 
0.9032617187499998 
0.92611328125 
0.6888085937499998 
0.91615234375 
0.8909570312499998 
0.7468164062499998 
0.6747460937499998 
0.7761132812499999 
0.6202539062499999 
0.7714257812499999 
0.7421289062499998 
1.2313867187500003 
0.6477929687499998 
0.8499414062499998 
0.8036523437499998 
0.6436914062499999 
0.8569726562499999 
0.96009765625 
0.8880273437499998 
0.8071679687499999 
1.03216796875 
0.7005273437499998 
0.5839257812499999 
0.7538476562499998 
0.94779296875 
0.97181640625 
0.9530664062499999 
0.7374414062499998 
1.07669921875 
