78 14 8 
0.7643945312499999 
0.8511132812499999 
0.8265039062499999 
0.6753320312499999 
0.8229882812499999 
1.0268945312500002 
0.7210351562499998 
0.7005273437499998 
0.8417382812499998 
0.78080078125 
0.8921289062499999 
0.7081445312499999 
1.17748046875 
0.6349023437499999 
0.7450585937499998 
1.05267578125 
1.1686914062499998 
0.9067773437499999 
0.93255859375 
0.6782617187499999 
0.7298242187499997 
1.08666015625 
0.6747460937499998 
0.7579492187499998 
0.7280664062499997 
0.8768945312499998 
0.7790429687499999 
0.7954492187499999 
0.7479882812499998 
0.6729882812499999 
0.7263085937499998 
0.7643945312499999 
0.8364648437499999 
1.2694726562500003 
1.1282617187500001 
0.96595703125 
0.9032617187499998 
1.18041015625 
0.9308007812500001 
0.6700585937499999 
1.0544335937500002 
0.9735742187499999 
0.6442773437499999 
0.6589257812499999 
0.6952539062499998 
0.7122460937499998 
0.9308007812500001 
0.6184960937499998 
1.1013085937500002 
0.6589257812499999 
0.8347070312499999 
0.8200585937499999 
0.93373046875 
0.6811914062499999 
0.93431640625 
1.03919921875 
0.8956445312499999 
0.8100976562499999 
0.8874414062499998 
0.7192773437499999 
0.7550195312499999 
0.8868554687499998 
0.7931054687499999 
0.8206445312499999 
0.7556054687499998 
0.8311914062499999 
0.7274804687499997 
0.5891992187499998 
0.91439453125 
1.03216796875 
0.5821679687499999 
0.9800195312500001 
1.20677734375 
1.2841210937500003 
0.9419335937500001 
0.7274804687499997 
0.8001367187499998 
0.8651757812499999 
0.5587304687499999 
0.6612695312499999 
0.5710351562499999 
0.7526757812499999 
0.6266992187499998 
0.8335351562499999 
1.18568359375 
1.05267578125 
0.91908203125 
0.8815820312499998 
1.06205078125 
0.7690820312499999 
0.8944726562499998 
1.1938867187500002 
0.7890039062499999 
0.7292382812499998 
0.94544921875 
1.0268945312500002 
1.25306640625 
1.1452539062499998 
0.6530664062499998 
0.7755273437499999 
0.6759179687499999 
0.7491601562499998 
1.09017578125 
0.9800195312500001 
0.8575585937499999 
0.7995507812499999 
0.8552148437499999 
1.0497460937500003 
1.00462890625 
0.6460351562499999 
0.8792382812499998 
0.8546289062499999 
0.6565820312499998 
0.7872460937499999 
0.8200585937499999 
0.6647851562499998 
1.24017578125 
0.8171289062499999 
0.7362695312499998 
0.8200585937499999 
1.2677148437500003 
0.91087890625 
0.9214257812500001 
0.9020898437499999 
0.7907617187499999 
0.6196679687499999 
0.8323632812499999 
1.1446679687499999 
1.08021484375 
0.8722070312499999 
0.6753320312499999 
0.7520898437499999 
0.91322265625 
0.6653710937499998 
0.7620507812499999 
0.7315820312499998 
0.7075585937499999 
0.7233789062499998 
1.10248046875 
0.6571679687499998 
1.16166015625 
0.9735742187499999 
0.8686914062499999 
0.7731835937499999 
0.8218164062499999 
1.07904296875 
0.6583398437499999 
0.7778710937499999 
0.7503320312499998 
0.8417382812499998 
0.7532617187499998 
0.6835351562499998 
0.6677148437499999 
0.7345117187499998 
0.7720117187499999 
0.6688867187499998 
0.8458398437499999 
0.96712890625 
0.7878320312499999 
0.8804101562499997 
0.92962890625 
0.9917382812499999 
0.7134179687499999 
0.8886132812499998 
0.9091210937499998 
0.7632226562499999 
0.7016992187499997 
0.7497460937499998 
0.7684960937499998 
0.8569726562499999 
0.8616601562499998 
0.7474023437499998 
0.8159570312499999 
0.6067773437499999 
0.9929101562499998 
0.8393945312499999 
1.08373046875 
0.96126953125 
0.7831445312499999 
0.91966796875 
0.9097070312499999 
0.7140039062499999 
0.97005859375 
1.24603515625 
0.64017578125 
0.7813867187499999 
0.8950585937499999 
0.7679101562499998 
0.94779296875 
1.10951171875 
0.8124414062499998 
0.7907617187499999 
0.8100976562499999 
0.6905664062499998 
0.6975976562499998 
0.7016992187499997 
1.2138085937500003 
0.8335351562499999 
1.11830078125 
0.7561914062499998 
