84 14 2 
0.7690820312499999 
0.6870507812499999 
0.9390039062500001 
1.0239648437500002 
0.6272851562499998 
0.8716210937499999 
0.8856835937499998 
0.8423242187499997 
0.7509179687499998 
0.8780664062499998 
0.6542382812499998 
1.19447265625 
0.7456445312499999 
0.91322265625 
0.8007226562499998 
0.7409570312499998 
0.8393945312499999 
0.98294921875 
0.8475976562499998 
0.7602929687499999 
0.9020898437499999 
0.7063867187499998 
1.0591210937500002 
0.7948632812499999 
0.5522851562499999 
0.7837304687499999 
0.7198632812499999 
0.7954492187499999 
1.2278710937500001 
0.97943359375 
0.92318359375 
0.8370507812499999 
0.6823632812499999 
0.6097070312499999 
0.7638085937499999 
0.6032617187499999 
0.8001367187499998 
0.8071679687499999 
1.19154296875 
0.7438867187499998 
0.92494140625 
1.1253320312500001 
0.9893945312499999 
1.1177148437500002 
0.8071679687499999 
0.6448632812499999 
0.5634179687499999 
0.7233789062499998 
0.8640039062499999 
1.05677734375 
0.8692773437499999 
0.6952539062499998 
0.7626367187499998 
0.7614648437499999 
0.6331445312499999 
1.11537109375 
0.5686914062499999 
0.7134179687499999 
0.5727929687499999 
0.7866601562499999 
1.0239648437500002 
0.8329492187499998 
0.7245507812499998 
0.6173242187499998 
0.9870507812499999 
0.6917382812499998 
0.8950585937499999 
0.92787109375 
0.7913476562499999 
0.94720703125 
0.6782617187499999 
1.2507226562500002 
0.8886132812499998 
0.8118554687499998 
0.8018945312499999 
0.7556054687499998 
0.8710351562499998 
0.7468164062499998 
0.9056054687499998 
0.7608789062499999 
0.5329492187499999 
0.7936914062499999 
0.98236328125 
0.7315820312499998 
0.92494140625 
0.8804101562499997 
0.8018945312499999 
0.8645898437499999 
1.21087890625 
0.8997460937499998 
0.8347070312499999 
0.8780664062499998 
1.08314453125 
0.7304101562499997 
0.7948632812499999 
0.7614648437499999 
0.8159570312499999 
0.9864648437499999 
0.6993554687499998 
1.07845703125 
1.22552734375 
1.2653710937500002 
0.8874414062499998 
1.10716796875 
0.7058007812499999 
0.7684960937499998 
0.8516992187499998 
0.8985742187499998 
0.91908203125 
0.95775390625 
0.6372460937499999 
0.7913476562499999 
0.6770898437499999 
0.6196679687499999 
1.01048828125 
1.0415429687500002 
0.7421289062499998 
0.6472070312499999 
0.9987695312499999 
0.5903710937499999 
0.93255859375 
0.7515039062499999 
0.9905664062499998 
0.7597070312499998 
0.95189453125 
0.7679101562499998 
0.9173242187499999 
0.78080078125 
0.6700585937499999 
0.8733789062499998 
0.7837304687499999 
0.92494140625 
0.6929101562499997 
1.2302148437500002 
1.2501367187500003 
1.12181640625 
0.7778710937499999 
0.5452539062499999 
1.14408203125 
0.7210351562499998 
1.01810546875 
0.95951171875 
0.7063867187499998 
1.11126953125 
0.78958984375 
0.7474023437499998 
0.8159570312499999 
0.7222070312499999 
0.7755273437499999 
0.8798242187499997 
0.8774804687499997 
0.7608789062499999 
0.7145898437499999 
0.8183007812499999 
0.8370507812499999 
0.8792382812499998 
0.6847070312499999 
0.6337304687499998 
0.7538476562499998 
0.82767578125 
0.6225976562499999 
0.8780664062499998 
0.8950585937499999 
0.7866601562499999 
0.9395898437500001 
0.9015039062499999 
0.8089257812499999 
0.91380859375 
1.07962890625 
0.6706445312499999 
1.07904296875 
1.07845703125 
0.6366601562499998 
1.0011132812499999 
0.8388085937499998 
0.9044335937499999 
0.7327539062499998 
0.7684960937499998 
0.7544335937499999 
1.0825585937500002 
0.6290429687499999 
0.6882226562499998 
0.8475976562499998 
0.8558007812499999 
0.9097070312499999 
0.8224023437499999 
1.0356835937500002 
0.96361328125 
0.8599023437499999 
1.0503320312500002 
1.00345703125 
0.6659570312499998 
1.0011132812499999 
0.6225976562499999 
0.8599023437499999 
1.0989648437500001 
0.6870507812499999 
0.6390039062499999 
0.93197265625 
0.7069726562499998 
