10 15 75 
1.03041015625 
0.7227929687499998 
0.91908203125 
0.8569726562499999 
1.1499414062499997 
0.5845117187499999 
0.7386132812499998 
0.7936914062499999 
0.5891992187499998 
1.24720703125 
1.2378320312500002 
1.29173828125 
0.8933007812499999 
1.15814453125 
0.9061914062499998 
0.7995507812499999 
0.7661523437499999 
0.6718164062499998 
0.9067773437499999 
1.06322265625 
0.97533203125 
0.8007226562499998 
0.8153710937499998 
0.8757226562499998 
0.7532617187499998 
0.8153710937499998 
0.7362695312499998 
0.7561914062499998 
0.8780664062499998 
0.7227929687499998 
0.8405664062499998 
1.03333984375 
1.06615234375 
0.6589257812499999 
0.8505273437499998 
0.9501367187499999 
0.8692773437499999 
1.22669921875 
0.6384179687499999 
0.8470117187499998 
0.9085351562499998 
0.9097070312499999 
1.29759765625 
1.00228515625 
1.13529296875 
1.0186914062499999 
1.0890039062499999 
1.14818359375 
1.2665429687500003 
0.79251953125 
0.91146484375 
0.94896484375 
0.6097070312499999 
0.8218164062499999 
1.0772851562499999 
0.8862695312499999 
0.8499414062499998 
0.93841796875 
1.28822265625 
0.7772851562499998 
0.93373046875 
0.7239648437499998 
1.03216796875 
0.7286523437499998 
0.9009179687499999 
1.03509765625 
0.7761132812499999 
0.8083398437499999 
0.7427148437499999 
0.94837890625 
1.07787109375 
1.0315820312500001 
0.53177734375 
0.5944726562499999 
1.1575585937500001 
1.13060546875 
0.94603515625 
0.6284570312499999 
1.29056640625 
0.7614648437499999 
1.1956445312500001 
0.8446679687499998 
0.8388085937499998 
0.9085351562499998 
0.97650390625 
1.3245507812500001 
0.6811914062499999 
0.9395898437500001 
1.3391992187500001 
0.7802148437499999 
1.13294921875 
0.91556640625 
0.7386132812499998 
0.6501367187499998 
0.7960351562499999 
1.2360742187500002 
1.1405664062499998 
0.93431640625 
0.7292382812499998 
0.7315820312499998 
1.3081445312500002 
0.9964257812499999 
0.7690820312499999 
0.6753320312499999 
1.2741601562500002 
1.06908203125 
1.0345117187500001 
0.60267578125 
0.8604882812499999 
0.7878320312499999 
1.31810546875 
0.8886132812499998 
1.16166015625 
0.7602929687499999 
1.0433007812500001 
0.9091210937499998 
0.8364648437499999 
1.25306640625 
0.7597070312499998 
0.9056054687499998 
1.02923828125 
1.0491601562500001 
1.09193359375 
1.00287109375 
0.5470117187499999 
0.7866601562499999 
1.1499414062499997 
0.7731835937499999 
0.6630273437499998 
0.7766992187499998 
0.7585351562499998 
0.95892578125 
1.0268945312500002 
0.94720703125 
1.16458984375 
0.8587304687499998 
1.00169921875 
1.06322265625 
0.9003320312499998 
0.8997460937499998 
0.8862695312499999 
1.05267578125 
0.7526757812499999 
0.7655664062499998 
0.95833984375 
0.9735742187499999 
0.95130859375 
1.0872460937500001 
0.91849609375 
0.9683007812500001 
1.2788476562500002 
0.8985742187499998 
0.9952539062499999 
0.5616601562499999 
0.94955078125 
0.9085351562499998 
0.8663476562499999 
1.07201171875 
0.93724609375 
1.22611328125 
1.01400390625 
0.92259765625 
0.8423242187499997 
0.7450585937499998 
0.7356835937499998 
0.43041015624999995 
0.9038476562499999 
0.7696679687499999 
1.2776757812500001 
1.03509765625 
1.20736328125 
0.5247460937499999 
0.9390039062500001 
1.0474023437500002 
1.03919921875 
0.93783203125 
0.8921289062499999 
0.7128320312499998 
0.8141992187499998 
1.0503320312500002 
0.8862695312499999 
1.31810546875 
0.7321679687499998 
0.9647851562499999 
0.7175195312499999 
0.8440820312499998 
0.8798242187499997 
1.2829492187500002 
0.9067773437499999 
0.96595703125 
1.2612695312500002 
0.7983789062499999 
1.0462304687500001 
0.8259179687499999 
0.9524804687499999 
1.2190820312500001 
0.8241601562499998 
0.8335351562499999 
0.94134765625 
1.1282617187500001 
