12 15 73 
0.92435546875 
1.0427148437500002 
0.8997460937499998 
0.9056054687499998 
0.7444726562499998 
0.8563867187499998 
0.8270898437499999 
0.7374414062499998 
0.7854882812499999 
1.02806640625 
1.10365234375 
0.8247460937499999 
0.6776757812499999 
0.95189453125 
0.8376367187499998 
0.7837304687499999 
0.6618554687499998 
0.8903710937499998 
0.8089257812499999 
0.95833984375 
0.7298242187499997 
0.7415429687499998 
1.06087890625 
1.15169921875 
0.6091210937499999 
0.6337304687499998 
0.7907617187499999 
1.01927734375 
0.9559960937499999 
0.8493554687499998 
0.8921289062499999 
0.7022851562499998 
0.95775390625 
0.9038476562499999 
0.9940820312499998 
0.9870507812499999 
0.8768945312499998 
1.04681640625 
0.9893945312499999 
0.5938867187499999 
0.8282617187499999 
0.93607421875 
0.9548242187499999 
0.91615234375 
0.97123046875 
0.7163476562499999 
1.16634765625 
1.1452539062499998 
0.8628320312499999 
0.7890039062499999 
0.8452539062499999 
1.2407617187500002 
0.94837890625 
1.01341796875 
0.93841796875 
0.94662109375 
0.7561914062499998 
0.6589257812499999 
0.7620507812499999 
0.6800195312499999 
0.6811914062499999 
0.91908203125 
1.20677734375 
0.97591796875 
1.2694726562500003 
0.8663476562499999 
1.31400390625 
1.12767578125 
1.19623046875 
1.11830078125 
0.91849609375 
0.8024804687499998 
1.22552734375 
1.1282617187500001 
1.0122460937500002 
0.9067773437499999 
0.7772851562499998 
1.03216796875 
1.0462304687500001 
0.8757226562499998 
1.3268945312500002 
0.8610742187499998 
1.10775390625 
1.03509765625 
0.7872460937499999 
1.0591210937500002 
1.02748046875 
0.6354882812499999 
0.7450585937499998 
1.16634765625 
0.96009765625 
1.0122460937500002 
1.1194726562500001 
0.9149804687499999 
0.7702539062499999 
0.96126953125 
0.96654296875 
0.8475976562499998 
0.97884765625 
0.92201171875 
0.8774804687499997 
0.7561914062499998 
0.8335351562499999 
0.8657617187499999 
0.92845703125 
0.8018945312499999 
0.8001367187499998 
1.00052734375 
0.98177734375 
1.2061914062499999 
1.24427734375 
1.1886132812499999 
0.8616601562499998 
0.8669335937499999 
1.3052148437500002 
0.91263671875 
1.3479882812500001 
1.07787109375 
0.91966796875 
0.8317773437499999 
1.13529296875 
0.8194726562499999 
1.0948632812499999 
0.7257226562499998 
0.8581445312499999 
0.6600976562499998 
0.7597070312499998 
0.7433007812499999 
0.46556640624999995 
1.0638085937500001 
1.05853515625 
0.6167382812499999 
0.79017578125 
0.8850976562499998 
1.20150390625 
0.95365234375 
0.8059960937499998 
1.2841210937500003 
1.29466796875 
0.8329492187499998 
0.8552148437499999 
1.11595703125 
0.7766992187499998 
0.8323632812499999 
0.9056054687499998 
1.01517578125 
0.6354882812499999 
0.7034570312499998 
0.6618554687499998 
0.6331445312499999 
0.8950585937499999 
0.79251953125 
0.91322265625 
0.8903710937499998 
1.01048828125 
0.8575585937499999 
0.91849609375 
0.6483789062499998 
0.92259765625 
1.0075585937500002 
1.03275390625 
1.2477929687500002 
0.8903710937499998 
0.8839257812499999 
0.9559960937499999 
0.8007226562499998 
0.92201171875 
0.8616601562499998 
1.1938867187500002 
0.93783203125 
1.22083984375 
1.04798828125 
0.7104882812499999 
0.8071679687499999 
0.9559960937499999 
0.6876367187499998 
0.7778710937499999 
1.2554101562500002 
1.09837890625 
1.18216796875 
0.8622460937499998 
1.1927148437500001 
0.79017578125 
0.8323632812499999 
1.14876953125 
0.9641992187499999 
0.9554101562499999 
0.7069726562499998 
0.8821679687499998 
0.7661523437499999 
0.6448632812499999 
1.27650390625 
1.2788476562500002 
0.7684960937499998 
1.0550195312500001 
0.8042382812499999 
0.6952539062499998 
0.7626367187499998 
0.8241601562499998 
0.8751367187499998 
