15 15 70 
0.7163476562499999 
0.8059960937499998 
0.91439453125 
0.95892578125 
0.8552148437499999 
0.8563867187499998 
0.94720703125 
1.03919921875 
0.8229882812499999 
0.5915429687499999 
0.8839257812499999 
0.59330078125 
0.8393945312499999 
0.9032617187499998 
0.52650390625 
1.0936914062499998 
0.8628320312499999 
1.16634765625 
1.0263085937500003 
0.7854882812499999 
0.6302148437499999 
1.2876367187500002 
0.92025390625 
0.9899804687499998 
0.6981835937499998 
0.8933007812499999 
0.7954492187499999 
1.01400390625 
0.91029296875 
0.7421289062499998 
0.7315820312499998 
0.7075585937499999 
1.07376953125 
1.1452539062499998 
0.7520898437499999 
1.00404296875 
0.8821679687499998 
0.7204492187499998 
1.2126367187500002 
0.9149804687499999 
0.6911523437499998 
0.4860742187499999 
0.6483789062499998 
0.7778710937499999 
1.2143945312500002 
0.8095117187499998 
0.7602929687499999 
0.8821679687499998 
1.2536523437500002 
0.7936914062499999 
1.2132226562500001 
1.2290429687500002 
0.7081445312499999 
0.6782617187499999 
0.5569726562499999 
0.9530664062499999 
1.20912109375 
0.7040429687499998 
1.06673828125 
1.2126367187500002 
1.1188867187500002 
0.6196679687499999 
0.8241601562499998 
0.91556640625 
0.8944726562499998 
0.8868554687499998 
1.11185546875 
0.7579492187499998 
0.9044335937499999 
0.7292382812499998 
0.96244140625 
0.8628320312499999 
0.93607421875 
0.8833398437499999 
1.02806640625 
0.7602929687499999 
0.7620507812499999 
1.2688867187500004 
0.6202539062499999 
0.7204492187499998 
0.7257226562499998 
0.8757226562499998 
0.7140039062499999 
0.8821679687499998 
0.7386132812499998 
0.5663476562499999 
0.8856835937499998 
0.8065820312499998 
0.9993554687499997 
0.7790429687499999 
1.0257226562500001 
0.8036523437499998 
1.11478515625 
1.06146484375 
0.7544335937499999 
0.92787109375 
0.9770898437500001 
1.2138085937500003 
1.2606835937500003 
0.8534570312499998 
0.8897851562499998 
1.09251953125 
0.8552148437499999 
0.7069726562499998 
0.7186914062499998 
1.07083984375 
0.8886132812499998 
0.8727929687499998 
0.6366601562499998 
1.25775390625 
0.98353515625 
1.00990234375 
0.6548242187499997 
1.11595703125 
0.7157617187499998 
0.6981835937499998 
0.9683007812500001 
1.03626953125 
0.6056054687499999 
0.7474023437499998 
0.7186914062499998 
0.8247460937499999 
0.8030664062499998 
0.8511132812499999 
0.98236328125 
0.94720703125 
0.8317773437499999 
0.91849609375 
0.9864648437499999 
0.7421289062499998 
0.7860742187499998 
0.8347070312499999 
0.8622460937499998 
0.9266992187499999 
0.6993554687499998 
0.98470703125 
0.8358789062499998 
0.7509179687499998 
1.10775390625 
0.6097070312499999 
0.7790429687499999 
1.2184960937500002 
0.6466210937499999 
1.15990234375 
0.8183007812499999 
0.94544921875 
0.9554101562499999 
0.9331445312500001 
0.6173242187499998 
0.6718164062499998 
0.8733789062499998 
0.7673242187499998 
0.8933007812499999 
0.7421289062499998 
0.7714257812499999 
0.93666015625 
1.09193359375 
1.2425195312500001 
0.8886132812499998 
0.8100976562499999 
0.8341210937499999 
0.8569726562499999 
0.7298242187499997 
0.7913476562499999 
0.8253320312499999 
1.03685546875 
0.95658203125 
0.8692773437499999 
0.8575585937499999 
0.7567773437499998 
0.94076171875 
1.38900390625 
1.06146484375 
0.6372460937499999 
0.8306054687499999 
0.8622460937499998 
1.0702539062499998 
0.8311914062499999 
0.5845117187499999 
0.94427734375 
0.8376367187499998 
0.9179101562499999 
0.5657617187499999 
1.2513085937500004 
1.3456445312500003 
1.15404296875 
0.7608789062499999 
0.8393945312499999 
1.2319726562500002 
0.6460351562499999 
0.92376953125 
1.13939453125 
0.9923242187499998 
0.8106835937499999 
0.9852929687499998 
0.97005859375 
1.19623046875 
0.8681054687499998 
0.9149804687499999 
0.8716210937499999 
