19 15 66 
0.6448632812499999 
1.01400390625 
0.6653710937499998 
0.8856835937499998 
1.2044335937500001 
0.92025390625 
1.05677734375 
0.7140039062499999 
1.01341796875 
1.1206445312500002 
0.8358789062499998 
0.6964257812499999 
0.98177734375 
0.5686914062499999 
0.93724609375 
0.7421289062499998 
0.7977929687499998 
0.8136132812499999 
0.7104882812499999 
0.9009179687499999 
0.6899804687499997 
0.7696679687499999 
0.7720117187499999 
1.0438867187500003 
1.1224023437500001 
0.93255859375 
1.06966796875 
0.8194726562499999 
0.9003320312499998 
1.0315820312500001 
0.9952539062499999 
0.8341210937499999 
0.6759179687499999 
0.8722070312499999 
0.9073632812499999 
0.6970117187499998 
0.8909570312499998 
0.6835351562499998 
0.8417382812499998 
0.6923242187499997 
0.8259179687499999 
0.95892578125 
0.7110742187499998 
0.8704492187499998 
0.8921289062499999 
0.7977929687499998 
0.5599023437499999 
0.8200585937499999 
0.8183007812499999 
0.8786523437499998 
1.21205078125 
1.00228515625 
0.7380273437499998 
0.6349023437499999 
1.11537109375 
0.6747460937499998 
0.8112695312499999 
0.9999414062499997 
0.8593164062499998 
0.91087890625 
0.8487695312499999 
0.95423828125 
1.09310546875 
0.8528710937499998 
1.1927148437500001 
1.14408203125 
1.1106835937500001 
0.8540429687499999 
0.7696679687499999 
0.95658203125 
0.7942773437499999 
0.7825585937499999 
1.06498046875 
1.0485742187500002 
0.95072265625 
0.7239648437499998 
0.7890039062499999 
0.94310546875 
0.7028710937499998 
0.6811914062499999 
0.7766992187499998 
0.9548242187499999 
0.7093164062499998 
1.13294921875 
0.8265039062499999 
0.6700585937499999 
0.7643945312499999 
1.33392578125 
1.09603515625 
0.6108789062499999 
1.21966796875 
0.91673828125 
0.5974023437499999 
0.8306054687499999 
0.93783203125 
0.6923242187499997 
0.8270898437499999 
0.6929101562499997 
0.59330078125 
0.6079492187499999 
0.6636132812499999 
1.0532617187500002 
0.7151757812499999 
0.8341210937499999 
0.7766992187499998 
0.8979882812499999 
0.9970117187499998 
0.7462304687499998 
0.5622460937499999 
0.6923242187499997 
0.8933007812499999 
0.8511132812499999 
0.8042382812499999 
0.8710351562499998 
0.7497460937499998 
0.8850976562499998 
0.94134765625 
0.8581445312499999 
0.8141992187499998 
0.9032617187499998 
0.9050195312499999 
0.7556054687499998 
0.91439453125 
0.7796289062499999 
0.8675195312499999 
1.03392578125 
0.9032617187499998 
0.7790429687499999 
0.7643945312499999 
0.9308007812500001 
0.8194726562499999 
0.94544921875 
1.03861328125 
0.9647851562499999 
1.1106835937500001 
0.91087890625 
0.7995507812499999 
0.9929101562499998 
0.8768945312499998 
0.96361328125 
0.93490234375 
1.2565820312500002 
0.7438867187499998 
0.95658203125 
0.7128320312499998 
0.7233789062499998 
0.97591796875 
0.6003320312499999 
1.09193359375 
0.98412109375 
0.7087304687499998 
0.79017578125 
0.6067773437499999 
0.8546289062499999 
0.8036523437499998 
0.6225976562499999 
1.02455078125 
0.7960351562499999 
0.8692773437499999 
1.1200585937500003 
0.7860742187499998 
0.8452539062499999 
0.8270898437499999 
1.0638085937500001 
0.6864648437499998 
1.3315820312500002 
0.8839257812499999 
0.8429101562499998 
1.02103515625 
0.53001953125 
1.15287109375 
0.6776757812499999 
0.8891992187499997 
0.6811914062499999 
0.8528710937499998 
0.5845117187499999 
0.6870507812499999 
1.0450585937500003 
0.8604882812499999 
0.8106835937499999 
0.7831445312499999 
0.7380273437499998 
0.8253320312499999 
0.8446679687499998 
1.0474023437500002 
0.8247460937499999 
0.8188867187499999 
1.07318359375 
0.9067773437499999 
0.6202539062499999 
0.7989648437499999 
0.60501953125 
0.8669335937499999 
1.0081445312500001 
0.8587304687499998 
0.6155664062499998 
0.8452539062499999 
0.7263085937499998 
0.49134765624999993 
0.6378320312499999 
