24 15 61 
0.5880273437499999 
0.6044335937499999 
0.8147851562499998 
0.8938867187499998 
0.6653710937499998 
1.2143945312500002 
0.92904296875 
0.6735742187499998 
0.8399804687499998 
0.92787109375 
0.8434960937499998 
1.08958984375 
0.7058007812499999 
0.8358789062499998 
1.0011132812499999 
0.52005859375 
0.7602929687499999 
0.9917382812499999 
0.7257226562499998 
0.8347070312499999 
0.8440820312499998 
1.06966796875 
0.6384179687499999 
1.2138085937500003 
0.7608789062499999 
0.8704492187499998 
0.51771484375 
0.6436914062499999 
0.8505273437499998 
0.7415429687499998 
0.9911523437499998 
1.09310546875 
0.6870507812499999 
0.5997460937499999 
0.8036523437499998 
0.94955078125 
0.8540429687499999 
1.07259765625 
0.6659570312499998 
0.7503320312499998 
0.97533203125 
0.93548828125 
0.5897851562499998 
1.01927734375 
0.7919335937499999 
0.7468164062499998 
0.7087304687499998 
0.8388085937499998 
0.8089257812499999 
1.08197265625 
0.94603515625 
1.30228515625 
0.9929101562499998 
1.06322265625 
0.7374414062499998 
0.7679101562499998 
0.7397851562499997 
0.8575585937499999 
0.9331445312500001 
1.08607421875 
0.8522851562499998 
0.8241601562499998 
0.8388085937499998 
0.7227929687499998 
0.8136132812499999 
0.7954492187499999 
0.9559960937499999 
1.17337890625 
0.5393945312499999 
0.8370507812499999 
0.92083984375 
1.00287109375 
0.8780664062499998 
0.6929101562499997 
0.4731835937499999 
0.93431640625 
0.6794335937499999 
1.07376953125 
0.8897851562499998 
0.7058007812499999 
0.94779296875 
0.5727929687499999 
0.6958398437499999 
0.8616601562499998 
0.7597070312499998 
0.7380273437499998 
0.8827539062499998 
0.7468164062499998 
0.9981835937499999 
0.7181054687499998 
0.7837304687499999 
0.6970117187499998 
0.7022851562499998 
0.8739648437499998 
0.9302148437500001 
0.8903710937499998 
0.6548242187499997 
0.7368554687499997 
0.8270898437499999 
0.7515039062499999 
0.7192773437499999 
0.6688867187499998 
0.8042382812499999 
0.7204492187499998 
0.6911523437499998 
0.8997460937499998 
0.7626367187499998 
0.7304101562499997 
1.11595703125 
0.7157617187499998 
0.7696679687499999 
0.8235742187499998 
0.6220117187499998 
0.9179101562499999 
0.7268945312499998 
0.6419335937499999 
0.8915429687499998 
0.8546289062499999 
0.9026757812499999 
0.7274804687499997 
0.95658203125 
0.5921289062499999 
0.8007226562499998 
0.7397851562499997 
1.1475976562499999 
0.6970117187499998 
0.5856835937499999 
0.92435546875 
0.6888085937499998 
0.9073632812499999 
0.6811914062499999 
0.7058007812499999 
0.8663476562499999 
1.00404296875 
1.1358789062499999 
0.7708398437499999 
1.0444726562500002 
1.0075585937500002 
0.7380273437499998 
0.8833398437499999 
0.8563867187499998 
0.8329492187499998 
0.8552148437499999 
0.6612695312499999 
1.02337890625 
0.8774804687499997 
0.8733789062499998 
0.9425195312500001 
0.9061914062499998 
0.55814453125 
0.7608789062499999 
0.6753320312499999 
0.8200585937499999 
0.93607421875 
0.7960351562499999 
0.6149804687499998 
1.0345117187500001 
0.8323632812499999 
0.97943359375 
0.91029296875 
0.7714257812499999 
0.98294921875 
0.8686914062499999 
0.56986328125 
0.8974023437499998 
0.6765039062499999 
0.8177148437499999 
0.8048242187499998 
0.43919921874999995 
0.8710351562499998 
1.11361328125 
1.0544335937500002 
1.32044921875 
0.8393945312499999 
0.8306054687499999 
0.60208984375 
0.9395898437500001 
0.97943359375 
0.7550195312499999 
0.8997460937499998 
0.8716210937499999 
0.6489648437499999 
1.33216796875 
0.8663476562499999 
0.6472070312499999 
1.31634765625 
0.8183007812499999 
0.96126953125 
0.8130273437499999 
0.8921289062499999 
0.60208984375 
0.7708398437499999 
0.8593164062499998 
0.8604882812499999 
0.7509179687499998 
0.79251953125 
0.8751367187499998 
1.0075585937500002 
0.8300195312499999 
0.92435546875 
