33 15 52 
0.7843164062499999 
0.6102929687499998 
0.8540429687499999 
0.6835351562499998 
0.7638085937499999 
0.7403710937499998 
0.4907617187499999 
0.9050195312499999 
0.7503320312499998 
0.8106835937499999 
0.7315820312499998 
0.9061914062499998 
0.8522851562499998 
0.7128320312499998 
0.8095117187499998 
0.6706445312499999 
0.78080078125 
0.5868554687499998 
0.8663476562499999 
0.97826171875 
0.52005859375 
1.18626953125 
0.6249414062499998 
1.0075585937500002 
0.8112695312499999 
0.5962304687499999 
0.9302148437500001 
0.8200585937499999 
0.5798242187499998 
0.7884179687499999 
0.6917382812499998 
0.6911523437499998 
0.8716210937499999 
1.23548828125 
0.5481835937499999 
0.6395898437499999 
0.8651757812499999 
1.03685546875 
0.6735742187499998 
0.6595117187499998 
1.0257226562500001 
0.8452539062499999 
0.6806054687499998 
0.8979882812499999 
0.8727929687499998 
0.93431640625 
0.9776757812500001 
0.7573632812499999 
0.6530664062499998 
0.8399804687499998 
1.20501953125 
0.7192773437499999 
0.7679101562499998 
0.9993554687499997 
0.7556054687499998 
0.96712890625 
0.7919335937499999 
0.8686914062499999 
0.8499414062499998 
0.5130273437499999 
0.7456445312499999 
0.7198632812499999 
0.6929101562499997 
1.00873046875 
0.6694726562499999 
1.3263085937500003 
0.8540429687499999 
0.5956445312499999 
0.78080078125 
0.6495507812499999 
0.7919335937499999 
0.9776757812500001 
0.7485742187499997 
0.5440820312499999 
1.1475976562499999 
0.6647851562499998 
0.8563867187499998 
0.6952539062499998 
0.96009765625 
0.7058007812499999 
1.1018945312500001 
0.7175195312499999 
0.8716210937499999 
0.8862695312499999 
0.7772851562499998 
0.8593164062499998 
0.8880273437499998 
0.8575585937499999 
0.7684960937499998 
1.2161523437500001 
0.5886132812499999 
0.91849609375 
0.6870507812499999 
0.8024804687499998 
0.8059960937499998 
0.7075585937499999 
0.9079492187499998 
0.8347070312499999 
0.97064453125 
0.6466210937499999 
0.8475976562499998 
1.22142578125 
0.7796289062499999 
0.7620507812499999 
0.8593164062499998 
0.6079492187499999 
1.18919921875 
0.6495507812499999 
1.22728515625 
0.9530664062499999 
0.8804101562499997 
0.5311914062499999 
0.8944726562499998 
0.7403710937499998 
0.9179101562499999 
0.9266992187499999 
0.8985742187499998 
0.6841210937499999 
0.7591210937499998 
0.6747460937499998 
0.6718164062499998 
0.7620507812499999 
0.7380273437499998 
0.6700585937499999 
0.7538476562499998 
1.0520898437500001 
0.97123046875 
0.7438867187499998 
1.00052734375 
0.94076171875 
0.8417382812499998 
0.6278710937499998 
0.8727929687499998 
0.7210351562499998 
1.3069726562500001 
0.8845117187499998 
1.12181640625 
1.06673828125 
1.17748046875 
0.7907617187499999 
0.7339257812499999 
0.6747460937499998 
0.6003320312499999 
0.7181054687499998 
0.7485742187499997 
0.8095117187499998 
0.8282617187499999 
0.64017578125 
0.97123046875 
0.93783203125 
0.5388085937499999 
0.6718164062499998 
0.8927148437499999 
0.6278710937499998 
0.6747460937499998 
0.7667382812499999 
0.6706445312499999 
0.6788476562499999 
0.6038476562499999 
1.3239648437500002 
0.5528710937499999 
0.9530664062499999 
1.01517578125 
1.05677734375 
0.6354882812499999 
0.92083984375 
1.08197265625 
1.0052148437500001 
0.7626367187499998 
0.8141992187499998 
0.7778710937499999 
0.48900390624999995 
0.92962890625 
0.92904296875 
0.8880273437499998 
0.8382226562499998 
1.34095703125 
0.6419335937499999 
0.8446679687499998 
0.6214257812499999 
0.8558007812499999 
0.8030664062499998 
0.8440820312499998 
0.7837304687499999 
0.7983789062499999 
0.96126953125 
0.8446679687499998 
0.6776757812499999 
0.7585351562499998 
0.8768945312499998 
0.8171289062499999 
0.6940820312499998 
0.9858789062499999 
0.8458398437499999 
0.7942773437499999 
0.6284570312499999 
0.6641992187499998 
0.9020898437499999 
1.0638085937500001 
0.6231835937499999 
