34 15 51 
0.60501953125 
0.6665429687499999 
0.8458398437499999 
0.7913476562499999 
0.7362695312499998 
0.8147851562499998 
0.97826171875 
1.12181640625 
0.9899804687499998 
0.5141992187499999 
0.8546289062499999 
0.7602929687499999 
0.9009179687499999 
0.5798242187499998 
0.8183007812499999 
0.6038476562499999 
0.9266992187499999 
0.6354882812499999 
1.04681640625 
0.52884765625 
0.7210351562499998 
0.6788476562499999 
0.7632226562499999 
1.1522851562499998 
0.9641992187499999 
0.8464257812499999 
0.8681054687499998 
0.9079492187499998 
1.0450585937500003 
0.8329492187499998 
0.7368554687499997 
0.8054101562499998 
0.92728515625 
0.9067773437499999 
0.8405664062499998 
0.5985742187499998 
0.91966796875 
0.7573632812499999 
0.8546289062499999 
0.7315820312499998 
0.8352929687499998 
0.95189453125 
0.8833398437499999 
0.6589257812499999 
0.9003320312499998 
0.7825585937499999 
0.7989648437499999 
0.8042382812499999 
0.96537109375 
0.6841210937499999 
0.8850976562499998 
0.6255273437499999 
0.7819726562499999 
0.7772851562499998 
0.5546289062499999 
0.6823632812499999 
0.8358789062499998 
0.92904296875 
0.7052148437499999 
0.8030664062499998 
0.5997460937499999 
0.8247460937499999 
0.8030664062499998 
0.6970117187499998 
0.8645898437499999 
0.8704492187499998 
0.8382226562499998 
0.60208984375 
0.5282617187499999 
0.8821679687499998 
0.9056054687499998 
0.7620507812499999 
0.7151757812499999 
0.6888085937499998 
1.2308007812500001 
1.18802734375 
0.6653710937499998 
0.6636132812499999 
1.00404296875 
0.8095117187499998 
0.6097070312499999 
0.6765039062499999 
0.7380273437499998 
0.6835351562499998 
0.92494140625 
0.7632226562499999 
0.7544335937499999 
1.1188867187500002 
0.8329492187499998 
0.9032617187499998 
0.6571679687499998 
0.6009179687499999 
1.16751953125 
0.5136132812499999 
0.7690820312499999 
0.9917382812499999 
0.8100976562499999 
0.7860742187499998 
0.96771484375 
0.6343164062499999 
0.94955078125 
0.7638085937499999 
1.13001953125 
0.6987695312499999 
0.8944726562499998 
0.7151757812499999 
1.13470703125 
0.7286523437499998 
0.9905664062499998 
0.7620507812499999 
0.9641992187499999 
0.6794335937499999 
0.7737695312499999 
0.8604882812499999 
0.5282617187499999 
0.6630273437499998 
0.7614648437499999 
0.6460351562499999 
0.6173242187499998 
0.8645898437499999 
1.0052148437500001 
0.7960351562499999 
0.8194726562499999 
1.10248046875 
0.5897851562499998 
0.5991601562499999 
0.7263085937499998 
0.8663476562499999 
0.6343164062499999 
0.7597070312499998 
0.6231835937499999 
0.8657617187499999 
1.1698632812499998 
0.8370507812499999 
0.7772851562499998 
0.92083984375 
1.01400390625 
0.7274804687499997 
1.15169921875 
0.8440820312499998 
0.7550195312499999 
0.9026757812499999 
0.7028710937499998 
0.8306054687499999 
0.6970117187499998 
0.6993554687499998 
0.7714257812499999 
0.7397851562499997 
0.6208398437499999 
0.8200585937499999 
0.8376367187499998 
0.7591210937499998 
0.8938867187499998 
0.6659570312499998 
0.7427148437499999 
0.8241601562499998 
0.7362695312499998 
0.8118554687499998 
0.8130273437499999 
0.91029296875 
0.6600976562499998 
0.7684960937499998 
0.7561914062499998 
0.8493554687499998 
0.8909570312499998 
1.01927734375 
0.8487695312499999 
0.8499414062499998 
0.7790429687499999 
0.9009179687499999 
0.6261132812499999 
0.8165429687499999 
0.6460351562499999 
0.7936914062499999 
1.21966796875 
0.6413476562499999 
0.94837890625 
0.8768945312499998 
0.7919335937499999 
0.8089257812499999 
0.7995507812499999 
0.93548828125 
0.98119140625 
0.94134765625 
0.8757226562499998 
1.05853515625 
0.9735742187499999 
0.7479882812499998 
0.7022851562499998 
1.07376953125 
0.9975976562499999 
0.93490234375 
0.7790429687499999 
0.9097070312499999 
0.7649804687499998 
0.6946679687499998 
0.52064453125 
0.96302734375 
0.8745507812499999 
0.92611328125 
