42 15 43 
0.7556054687499998 
1.0491601562500001 
0.7720117187499999 
0.7192773437499999 
0.8640039062499999 
0.7462304687499998 
1.03509765625 
0.7128320312499998 
1.1059960937500002 
0.8991601562499998 
0.8429101562499998 
0.7561914062499998 
0.6038476562499999 
0.8183007812499999 
0.8399804687499998 
0.6987695312499999 
0.78080078125 
0.7163476562499999 
0.7515039062499999 
0.7989648437499999 
0.78080078125 
0.6559960937499998 
0.7638085937499999 
0.97650390625 
0.7556054687499998 
0.7884179687499999 
0.6472070312499999 
0.8317773437499999 
1.25775390625 
0.8493554687499998 
0.97650390625 
0.6888085937499998 
0.9026757812499999 
0.7538476562499998 
0.8493554687499998 
0.7843164062499999 
0.8411523437499998 
0.6097070312499999 
0.6044335937499999 
1.06439453125 
0.8329492187499998 
1.17923828125 
0.8089257812499999 
1.04095703125 
0.7175195312499999 
0.7585351562499998 
0.92845703125 
0.7339257812499999 
0.93197265625 
0.8247460937499999 
0.6061914062499999 
0.7427148437499999 
0.7151757812499999 
0.7526757812499999 
0.5886132812499999 
0.9056054687499998 
0.6091210937499999 
0.7860742187499998 
0.6600976562499998 
1.11009765625 
1.16693359375 
0.7157617187499998 
0.6817773437499999 
0.8405664062499998 
0.8991601562499998 
1.0257226562500001 
0.6190820312499998 
0.6876367187499998 
0.7046289062499999 
0.5839257812499999 
0.92962890625 
0.7040429687499998 
0.8505273437499998 
0.7983789062499999 
0.93666015625 
1.18685546875 
0.6999414062499998 
0.4825585937499999 
0.6290429687499999 
0.8294335937499999 
0.7304101562499997 
0.6313867187499999 
0.8868554687499998 
0.8487695312499999 
0.8018945312499999 
0.8007226562499998 
0.92552734375 
0.8874414062499998 
0.6993554687499998 
0.7122460937499998 
0.8417382812499998 
0.8171289062499999 
0.8018945312499999 
0.98353515625 
0.95189453125 
0.9425195312500001 
0.6395898437499999 
0.6296289062499999 
0.7620507812499999 
0.8118554687499998 
0.6360742187499998 
1.30111328125 
0.8253320312499999 
0.7075585937499999 
0.6296289062499999 
0.9056054687499998 
0.9085351562499998 
0.6518945312499999 
0.9893945312499999 
0.5815820312499999 
0.8329492187499998 
0.9999414062499997 
0.7585351562499998 
0.92611328125 
0.8165429687499999 
0.8241601562499998 
0.7843164062499999 
0.7708398437499999 
0.94662109375 
0.8171289062499999 
0.5962304687499999 
0.8481835937499999 
0.8727929687499998 
1.13001953125 
0.8798242187499997 
1.02455078125 
0.5780664062499998 
1.28705078125 
0.7309960937499997 
0.6554101562499998 
1.06615234375 
0.7579492187499998 
1.02103515625 
0.7386132812499998 
1.15814453125 
0.8716210937499999 
1.08666015625 
0.8018945312499999 
0.8487695312499999 
0.7831445312499999 
0.6266992187499998 
0.95892578125 
0.60501953125 
0.6946679687499998 
0.6495507812499999 
0.8177148437499999 
0.56986328125 
0.7907617187499999 
0.92494140625 
0.8622460937499998 
0.7263085937499998 
0.8569726562499999 
0.91673828125 
0.7714257812499999 
1.0052148437500001 
0.92787109375 
0.94662109375 
0.6940820312499998 
0.6290429687499999 
0.6448632812499999 
1.17689453125 
0.8780664062499998 
0.7227929687499998 
0.6841210937499999 
0.6981835937499998 
0.8610742187499998 
0.98177734375 
1.1018945312500001 
0.6659570312499998 
0.6964257812499999 
0.8376367187499998 
0.7538476562499998 
0.5850976562499999 
0.78080078125 
0.7040429687499998 
0.5938867187499999 
0.9097070312499999 
1.04212890625 
0.91087890625 
0.6419335937499999 
0.8423242187499997 
0.8763085937499998 
0.7884179687499999 
0.95775390625 
0.6237695312499999 
1.10716796875 
1.2378320312500002 
0.8604882812499999 
0.8487695312499999 
0.6489648437499999 
0.7374414062499998 
0.8054101562499998 
1.01634765625 
0.5909570312499999 
1.01517578125 
0.9020898437499999 
0.7784570312499999 
0.56693359375 
0.9448632812500001 
0.7790429687499999 
