53 15 32 
0.8183007812499999 
0.9173242187499999 
0.7591210937499998 
0.8575585937499999 
1.02044921875 
0.7257226562499998 
0.7890039062499999 
0.91908203125 
0.96888671875 
0.6940820312499998 
0.98294921875 
0.8938867187499998 
0.6747460937499998 
0.9964257812499999 
0.7825585937499999 
0.8850976562499998 
0.7286523437499998 
0.7942773437499999 
0.7128320312499998 
0.7890039062499999 
0.8692773437499999 
0.6735742187499998 
0.8470117187499998 
1.1827539062499999 
1.07083984375 
0.9073632812499999 
0.6319726562499999 
0.9647851562499999 
0.6706445312499999 
0.5429101562499998 
0.8546289062499999 
0.8054101562499998 
0.8358789062499998 
0.7251367187499997 
0.6044335937499999 
0.60501953125 
0.8130273437499999 
0.9999414062499997 
0.8897851562499998 
0.5124414062499999 
0.7796289062499999 
0.9073632812499999 
0.6448632812499999 
0.94662109375 
0.8751367187499998 
0.94427734375 
0.7919335937499999 
0.8704492187499998 
0.6202539062499999 
0.5722070312499999 
0.8007226562499998 
0.6806054687499998 
0.8780664062499998 
0.94369140625 
1.1224023437500001 
0.6759179687499999 
0.7292382812499998 
0.6612695312499999 
1.2372460937500003 
1.0257226562500001 
0.9401757812500001 
0.7157617187499998 
0.6003320312499999 
0.7309960937499997 
0.9073632812499999 
0.7157617187499998 
0.6975976562499998 
0.8880273437499998 
1.22962890625 
0.6378320312499999 
0.6349023437499999 
0.7298242187499997 
1.0989648437500001 
0.8950585937499999 
0.8886132812499998 
0.6513085937499998 
0.6132226562499998 
1.09779296875 
1.10072265625 
0.7567773437499998 
0.7403710937499998 
0.5780664062499998 
0.7474023437499998 
1.2495507812500002 
0.97416015625 
0.5979882812499999 
0.7761132812499999 
0.7491601562499998 
1.17689453125 
0.7186914062499998 
0.9934960937499998 
1.0544335937500002 
0.7626367187499998 
1.19623046875 
0.78958984375 
0.9085351562499998 
1.1106835937500001 
0.6647851562499998 
0.7362695312499998 
0.7210351562499998 
0.7532617187499998 
0.7140039062499999 
0.6102929687499998 
0.6776757812499999 
0.8030664062499998 
0.8540429687499999 
0.95892578125 
0.6975976562499998 
0.8974023437499998 
0.41517578125 
0.8100976562499999 
0.8915429687499998 
0.7350976562499998 
0.7790429687499999 
0.8845117187499998 
0.91146484375 
0.7620507812499999 
0.6724023437499999 
0.7503320312499998 
0.8124414062499998 
0.7309960937499997 
0.8399804687499998 
0.6395898437499999 
0.93666015625 
0.6788476562499999 
0.6472070312499999 
0.97181640625 
0.9085351562499998 
0.6724023437499999 
0.92962890625 
1.01341796875 
0.6167382812499999 
0.7063867187499998 
0.6208398437499999 
0.6272851562499998 
0.8610742187499998 
0.82767578125 
1.16341796875 
0.8183007812499999 
0.6712304687499998 
0.8634179687499999 
0.8042382812499999 
0.7181054687499998 
0.7427148437499999 
0.7005273437499998 
0.8311914062499999 
0.8634179687499999 
0.9876367187499998 
0.8622460937499998 
0.6167382812499999 
0.6993554687499998 
0.8798242187499997 
1.10541015625 
1.2706445312500003 
0.6800195312499999 
0.7456445312499999 
0.8710351562499998 
0.6032617187499999 
1.0749414062499998 
0.8352929687499998 
0.94076171875 
0.5921289062499999 
0.6472070312499999 
0.7720117187499999 
0.6653710937499998 
1.05736328125 
0.7890039062499999 
0.7796289062499999 
0.8177148437499999 
0.6319726562499999 
0.8071679687499999 
0.9993554687499997 
0.7415429687499998 
0.8188867187499999 
1.16927734375 
0.94896484375 
0.9776757812500001 
0.8112695312499999 
0.47611328124999996 
0.7778710937499999 
0.8651757812499999 
0.8528710937499998 
0.93373046875 
0.7591210937499998 
0.9524804687499999 
0.7462304687499998 
0.5856835937499999 
0.8393945312499999 
0.7696679687499999 
0.7972070312499999 
1.09076171875 
0.8376367187499998 
0.5903710937499999 
0.7163476562499999 
0.9015039062499999 
0.8862695312499999 
1.19681640625 
0.6712304687499998 
0.6987695312499999 
0.7679101562499998 
