64 15 21 
0.6559960937499998 
0.7058007812499999 
1.30931640625 
0.94955078125 
1.0579492187500001 
0.7954492187499999 
0.8640039062499999 
0.64017578125 
0.7849023437499999 
0.6044335937499999 
0.8985742187499998 
0.5979882812499999 
0.6694726562499999 
0.8921289062499999 
1.02220703125 
0.8282617187499999 
0.7731835937499999 
0.6015039062499999 
0.9302148437500001 
0.8411523437499998 
0.7954492187499999 
1.06791015625 
1.17044921875 
0.7743554687499998 
0.8891992187499997 
0.7509179687499998 
0.7731835937499999 
0.7040429687499998 
0.9308007812500001 
0.91380859375 
0.8505273437499998 
0.7040429687499998 
1.02748046875 
0.8493554687499998 
0.8985742187499998 
0.7233789062499998 
0.9864648437499999 
0.9173242187499999 
0.7210351562499998 
0.6419335937499999 
0.7913476562499999 
0.7725976562499999 
0.6179101562499998 
0.5007226562499999 
0.6952539062499998 
1.02220703125 
0.7175195312499999 
0.7005273437499998 
0.7673242187499998 
0.7362695312499998 
0.8288476562499999 
0.7204492187499998 
0.6653710937499998 
0.6987695312499999 
0.93724609375 
0.7556054687499998 
0.6407617187499999 
0.56986328125 
0.6518945312499999 
0.6143945312499999 
0.7444726562499998 
0.6536523437499998 
0.8370507812499999 
1.0298242187500002 
0.8352929687499998 
0.7058007812499999 
0.7515039062499999 
1.10658203125 
0.8540429687499999 
0.8634179687499999 
0.7597070312499998 
0.7819726562499999 
0.7907617187499999 
0.48841796874999993 
0.6788476562499999 
0.7784570312499999 
0.7345117187499998 
1.19798828125 
1.2231835937500002 
0.7761132812499999 
1.0309960937500002 
0.6964257812499999 
0.7409570312499998 
1.14291015625 
1.17806640625 
0.8798242187499997 
0.7409570312499998 
0.8722070312499999 
0.7216210937499998 
0.7878320312499999 
0.7474023437499998 
1.15287109375 
0.96537109375 
1.0251367187500002 
1.1294335937500002 
0.7983789062499999 
0.7421289062499998 
0.6413476562499999 
0.6425195312499999 
0.5804101562499998 
0.7409570312499998 
1.2788476562500002 
0.96595703125 
0.8077539062499999 
0.5886132812499999 
1.06205078125 
0.9683007812500001 
0.5505273437499999 
0.8013085937499999 
1.02748046875 
0.7063867187499998 
0.7415429687499998 
0.97005859375 
0.96009765625 
0.7538476562499998 
0.8054101562499998 
0.6917382812499998 
0.7022851562499998 
0.7684960937499998 
0.6741601562499998 
0.7714257812499999 
1.06029296875 
0.7931054687499999 
0.8352929687499998 
0.7690820312499999 
0.7298242187499997 
0.7450585937499998 
0.8645898437499999 
0.5991601562499999 
1.2190820312500001 
0.7099023437499998 
0.9173242187499999 
0.6712304687499998 
0.7977929687499998 
0.9149804687499999 
0.6776757812499999 
0.6155664062499998 
0.6448632812499999 
0.7626367187499998 
0.7087304687499998 
0.9964257812499999 
0.6993554687499998 
0.7831445312499999 
0.6378320312499999 
0.7766992187499998 
1.01400390625 
0.5013085937499999 
0.7391992187499997 
1.03802734375 
0.93724609375 
0.9308007812500001 
0.7485742187499997 
0.8054101562499998 
0.5862695312499999 
0.7995507812499999 
0.8306054687499999 
0.7567773437499998 
1.01576171875 
0.91439453125 
0.7872460937499999 
1.07083984375 
0.6630273437499998 
1.0110742187500001 
0.8704492187499998 
0.7977929687499998 
0.5956445312499999 
0.7972070312499999 
0.8036523437499998 
0.6718164062499998 
1.1235742187500002 
0.7872460937499999 
0.5780664062499998 
0.8499414062499998 
0.8440820312499998 
0.8681054687499998 
0.7907617187499999 
0.6911523437499998 
0.6571679687499998 
0.7643945312499999 
0.8938867187499998 
0.8188867187499999 
0.93373046875 
0.9940820312499998 
0.7022851562499998 
0.6770898437499999 
0.7280664062499997 
0.7468164062499998 
0.9026757812499999 
0.7819726562499999 
0.7151757812499999 
0.6009179687499999 
1.22142578125 
0.9015039062499999 
1.03626953125 
0.8288476562499999 
0.9266992187499999 
0.6893945312499998 
0.92318359375 
0.6759179687499999 
0.8827539062499998 
