71 15 14 
0.7391992187499997 
0.7567773437499998 
1.1809960937500001 
0.8013085937499999 
0.7936914062499999 
1.2466210937500002 
0.9923242187499998 
0.7655664062499998 
1.2495507812500002 
1.28998046875 
0.91615234375 
0.8774804687499997 
0.8581445312499999 
0.5540429687499999 
0.6132226562499998 
0.7907617187499999 
0.7643945312499999 
0.93255859375 
0.6870507812499999 
0.9067773437499999 
1.09779296875 
0.8821679687499998 
1.22494140625 
0.93197265625 
0.8880273437499998 
0.6970117187499998 
0.7356835937499998 
0.6243554687499998 
0.5979882812499999 
0.8147851562499998 
0.9331445312500001 
0.8247460937499999 
1.12591796875 
0.8587304687499998 
0.6706445312499999 
1.03041015625 
0.8886132812499998 
0.8663476562499999 
0.7397851562499997 
0.7309960937499997 
0.6835351562499998 
0.6009179687499999 
0.78958984375 
0.9149804687499999 
0.97884765625 
0.8757226562499998 
0.6683007812499999 
0.6073632812499999 
0.6067773437499999 
0.7122460937499998 
0.8944726562499998 
1.10892578125 
0.8604882812499999 
0.97123046875 
1.1710351562499999 
0.8376367187499998 
0.5833398437499999 
0.9173242187499999 
0.7579492187499998 
0.7597070312499998 
0.97650390625 
0.8511132812499999 
0.7907617187499999 
0.91439453125 
0.9085351562499998 
0.6360742187499998 
0.93783203125 
1.10951171875 
0.6056054687499999 
0.8118554687499998 
0.7104882812499999 
1.10951171875 
0.6202539062499999 
0.91087890625 
0.7016992187499997 
0.7374414062499998 
0.94955078125 
0.7831445312499999 
0.8018945312499999 
0.6923242187499997 
0.7397851562499997 
0.8833398437499999 
0.6419335937499999 
0.6741601562499998 
0.8962304687499998 
0.9003320312499998 
0.7696679687499999 
0.6032617187499999 
0.94310546875 
0.8024804687499998 
0.7263085937499998 
0.8751367187499998 
0.96771484375 
0.7140039062499999 
0.6302148437499999 
0.91908203125 
0.6559960937499998 
0.97474609375 
0.7257226562499998 
0.9993554687499997 
0.5856835937499999 
0.8558007812499999 
0.8628320312499999 
0.6190820312499998 
0.8950585937499999 
0.6436914062499999 
0.7005273437499998 
0.6483789062499998 
0.8692773437499999 
0.6167382812499999 
0.6015039062499999 
0.8411523437499998 
0.6507226562499998 
0.8651757812499999 
0.8979882812499999 
1.11185546875 
0.8739648437499998 
0.8300195312499999 
0.6999414062499998 
0.7122460937499998 
0.7210351562499998 
0.8856835937499998 
0.5710351562499999 
0.7643945312499999 
0.98353515625 
0.8241601562499998 
0.7263085937499998 
0.9149804687499999 
0.8675195312499999 
0.8405664062499998 
1.01458984375 
0.6759179687499999 
0.6677148437499999 
1.1575585937500001 
0.9085351562499998 
1.00873046875 
0.6964257812499999 
0.7444726562499998 
0.8499414062499998 
1.0520898437500001 
0.8323632812499999 
0.6841210937499999 
0.7597070312499998 
0.7696679687499999 
0.6325585937499999 
0.6518945312499999 
0.8206445312499999 
0.7620507812499999 
0.5815820312499999 
0.8452539062499999 
0.8815820312499998 
0.8991601562499998 
0.91322265625 
0.47669921874999993 
1.03744140625 
0.6559960937499998 
0.8475976562499998 
0.5446679687499999 
0.8089257812499999 
0.6536523437499998 
1.29759765625 
0.7784570312499999 
0.8956445312499999 
0.6829492187499998 
0.7983789062499999 
1.2143945312500002 
0.7960351562499999 
0.7802148437499999 
1.0485742187500002 
0.7022851562499998 
0.6847070312499999 
1.2308007812500001 
1.1358789062499999 
0.7216210937499998 
0.8956445312499999 
0.92435546875 
1.09779296875 
0.8036523437499998 
0.7087304687499998 
0.5827539062499999 
0.8974023437499998 
0.7515039062499999 
0.95130859375 
0.6864648437499998 
0.8903710937499998 
0.7661523437499999 
0.7614648437499999 
0.8850976562499998 
0.7198632812499999 
0.7796289062499999 
0.6770898437499999 
0.9179101562499999 
1.02748046875 
0.8599023437499999 
0.7743554687499998 
1.10892578125 
0.6360742187499998 
0.8546289062499999 
0.7391992187499997 
0.9899804687499998 
