75 15 10 
0.7784570312499999 
0.8821679687499998 
0.8270898437499999 
0.7022851562499998 
1.10306640625 
0.7380273437499998 
0.5194726562499999 
0.8733789062499998 
0.6595117187499998 
0.7140039062499999 
0.7233789062499998 
0.8839257812499999 
0.8212304687499998 
0.8013085937499999 
0.8540429687499999 
0.7544335937499999 
0.7544335937499999 
0.9097070312499999 
0.6776757812499999 
0.7356835937499998 
0.8388085937499998 
0.5804101562499998 
0.8669335937499999 
0.8962304687499998 
0.7327539062499998 
0.6161523437499998 
0.8997460937499998 
1.1235742187500002 
0.7151757812499999 
0.6765039062499999 
0.7796289062499999 
0.7597070312499998 
0.93724609375 
1.03509765625 
0.7309960937499997 
0.5710351562499999 
0.9882226562499998 
0.7415429687499998 
0.8710351562499998 
0.7561914062499998 
0.8165429687499999 
1.01986328125 
0.7702539062499999 
0.8335351562499999 
0.7544335937499999 
0.7755273437499999 
0.6325585937499999 
0.7374414062499998 
0.8259179687499999 
0.7116601562499998 
1.1997460937500002 
0.9308007812500001 
0.91966796875 
0.6641992187499998 
0.8083398437499999 
0.8083398437499999 
0.7485742187499997 
0.92728515625 
0.7778710937499999 
0.7538476562499998 
0.7866601562499999 
0.9876367187499998 
1.0702539062499998 
0.8786523437499998 
0.8118554687499998 
1.0122460937500002 
0.6319726562499999 
0.6237695312499999 
0.8763085937499998 
0.8827539062499998 
0.7274804687499997 
0.6800195312499999 
1.01810546875 
0.7556054687499998 
0.97240234375 
0.8528710937499998 
0.8382226562499998 
0.7755273437499999 
1.1575585937500001 
0.9085351562499998 
0.52650390625 
0.7749414062499999 
0.7409570312499998 
0.7028710937499998 
0.8809960937499998 
0.7532617187499998 
0.8739648437499998 
0.6431054687499999 
0.7134179687499999 
0.7503320312499998 
0.8341210937499999 
0.8423242187499997 
0.7778710937499999 
0.8347070312499999 
0.7520898437499999 
0.7186914062499998 
0.7772851562499998 
0.91615234375 
0.7995507812499999 
0.8663476562499999 
0.7931054687499999 
0.7989648437499999 
0.7245507812499998 
0.7954492187499999 
0.7913476562499999 
0.7186914062499998 
0.7298242187499997 
0.4966210937499999 
0.92611328125 
0.95130859375 
0.7649804687499998 
0.8933007812499999 
0.8663476562499999 
0.6770898437499999 
0.8745507812499999 
0.6138085937499999 
0.8722070312499999 
0.7186914062499998 
0.78958984375 
0.7251367187499997 
0.97591796875 
0.53470703125 
0.93431640625 
0.8593164062499998 
0.96009765625 
0.6477929687499998 
0.7058007812499999 
0.8862695312499999 
0.59330078125 
0.8048242187499998 
0.8839257812499999 
0.7526757812499999 
0.6378320312499999 
0.8434960937499998 
0.9015039062499999 
0.92201171875 
0.7761132812499999 
1.06498046875 
0.8393945312499999 
0.7825585937499999 
1.1341210937500001 
1.20853515625 
1.0491601562500001 
0.8897851562499998 
0.8464257812499999 
0.6688867187499998 
0.9179101562499999 
0.6097070312499999 
0.6806054687499998 
1.0315820312500001 
0.8171289062499999 
0.95423828125 
0.8558007812499999 
0.7673242187499998 
0.7632226562499999 
1.15169921875 
0.92435546875 
1.09076171875 
1.00169921875 
0.7849023437499999 
0.7356835937499998 
1.0438867187500003 
0.6600976562499998 
0.93607421875 
0.8897851562499998 
0.9390039062500001 
0.7368554687499997 
0.7374414062499998 
0.6999414062499998 
0.8270898437499999 
0.8933007812499999 
0.6876367187499998 
0.8241601562499998 
1.08841796875 
0.79251953125 
0.5364648437499999 
0.7099023437499998 
0.9770898437500001 
0.8358789062499998 
0.7790429687499999 
1.08431640625 
1.12767578125 
0.6313867187499999 
1.1464257812499998 
0.9061914062499998 
0.6876367187499998 
0.97123046875 
0.8065820312499998 
0.6882226562499998 
0.9618554687499999 
0.7298242187499997 
0.92904296875 
0.92083984375 
0.5915429687499999 
0.8786523437499998 
0.7304101562499997 
0.8897851562499998 
0.7632226562499999 
0.7825585937499999 
0.6038476562499999 
