77 15 8 
0.8909570312499998 
0.8962304687499998 
0.9425195312500001 
0.8042382812499999 
0.8475976562499998 
1.07552734375 
0.9683007812500001 
0.8634179687499999 
0.8171289062499999 
0.8909570312499998 
0.8212304687499998 
0.8095117187499998 
0.6612695312499999 
0.8845117187499998 
0.7462304687499998 
0.6454492187499998 
0.7339257812499999 
1.06146484375 
0.8886132812499998 
1.2747460937500004 
0.93548828125 
1.00990234375 
0.8716210937499999 
0.7456445312499999 
0.7333398437499998 
0.82767578125 
0.8323632812499999 
0.7550195312499999 
0.8516992187499998 
0.5306054687499999 
0.6184960937499998 
0.9401757812500001 
1.02220703125 
0.6700585937499999 
0.6114648437499999 
0.7063867187499998 
0.47962890624999993 
0.6811914062499999 
0.7462304687499998 
1.2735742187500003 
0.7720117187499999 
0.9079492187499998 
0.7696679687499999 
0.5364648437499999 
1.13705078125 
0.7134179687499999 
0.91146484375 
0.6811914062499999 
1.1499414062499997 
1.0890039062499999 
0.7345117187499998 
0.7942773437499999 
0.7386132812499998 
0.7520898437499999 
0.6911523437499998 
0.6765039062499999 
0.8511132812499999 
0.8388085937499998 
0.7550195312499999 
0.5886132812499999 
0.7749414062499999 
0.8915429687499998 
0.6782617187499999 
0.7116601562499998 
0.7538476562499998 
0.8604882812499999 
0.7286523437499998 
0.8593164062499998 
0.7649804687499998 
0.8001367187499998 
0.6108789062499999 
0.8850976562499998 
0.8024804687499998 
0.8311914062499999 
1.15814453125 
0.7778710937499999 
0.8651757812499999 
0.6905664062499998 
0.8645898437499999 
0.8247460937499999 
0.8540429687499999 
0.5763085937499999 
1.0438867187500003 
0.8065820312499998 
0.8083398437499999 
0.8733789062499998 
0.8563867187499998 
0.8487695312499999 
1.02162109375 
0.95365234375 
0.7503320312499998 
0.7386132812499998 
0.96126953125 
0.8985742187499998 
0.6759179687499999 
0.5686914062499999 
0.8733789062499998 
0.5681054687499999 
0.7280664062499997 
1.22962890625 
0.6905664062499998 
0.7456445312499999 
0.93373046875 
0.7339257812499999 
0.8546289062499999 
0.6559960937499998 
0.7661523437499999 
0.8100976562499999 
1.20150390625 
0.97943359375 
0.7550195312499999 
0.7145898437499999 
0.7239648437499998 
0.9882226562499998 
0.5897851562499998 
0.5985742187499998 
0.7052148437499999 
0.91556640625 
0.8581445312499999 
0.8692773437499999 
0.6184960937499998 
0.8212304687499998 
0.5968164062499999 
0.95130859375 
0.6694726562499999 
0.7866601562499999 
0.98119140625 
1.2138085937500003 
0.7772851562499998 
0.95951171875 
0.4831445312499999 
0.7643945312499999 
0.7989648437499999 
0.96244140625 
0.7977929687499998 
0.8470117187499998 
0.96947265625 
0.8452539062499999 
1.06439453125 
0.8698632812499999 
0.8206445312499999 
0.6571679687499998 
1.03509765625 
0.7813867187499999 
0.7028710937499998 
0.7063867187499998 
1.20150390625 
0.6272851562499998 
1.2366601562500001 
1.04095703125 
0.7339257812499999 
0.98294921875 
0.8165429687499999 
1.18451171875 
0.6419335937499999 
0.7433007812499999 
0.8095117187499998 
0.5329492187499999 
0.7251367187499997 
0.6173242187499998 
0.6530664062499998 
0.7011132812499998 
0.7632226562499999 
1.3052148437500002 
0.8481835937499999 
0.8024804687499998 
0.5534570312499999 
0.8030664062499998 
0.6653710937499998 
1.20736328125 
0.7538476562499998 
0.7632226562499999 
0.7040429687499998 
1.1505273437499999 
0.7778710937499999 
0.9929101562499998 
0.7655664062499998 
0.9952539062499999 
0.8294335937499999 
0.6665429687499999 
0.7356835937499998 
0.7403710937499998 
0.7966210937499999 
0.9970117187499998 
0.7520898437499999 
0.8593164062499998 
0.7181054687499998 
0.82767578125 
0.6811914062499999 
0.7304101562499997 
0.7104882812499999 
0.6507226562499998 
1.11419921875 
1.1505273437499999 
0.7093164062499998 
1.0186914062499999 
0.8265039062499999 
1.0239648437500002 
0.8253320312499999 
1.0948632812499999 
