39 2 59 
1.29935546875 
1.3081445312500002 
1.33275390625 
1.3479882812500001 
1.33392578125 
1.4007226562500001 
1.3550195312500002 
1.37376953125 
1.36908203125 
1.35150390625 
1.2753320312500003 
1.33744140625 
1.36732421875 
1.40306640625 
1.36087890625 
1.35853515625 
1.2876367187500002 
1.3257226562500002 
1.4200585937500003 
1.3497460937500003 
1.3872460937500002 
1.3702539062499999 
1.4300195312500001 
1.43646484375 
1.3438867187500003 
1.3813867187500002 
1.29701171875 
1.29759765625 
1.38373046875 
1.3345117187500002 
1.31927734375 
1.3761132812499999 
1.3872460937500002 
1.3169335937500002 
1.43822265625 
1.38783203125 
1.37201171875 
1.3479882812500001 
1.30287109375 
1.2483789062500001 
1.41478515625 
1.32044921875 
1.37083984375 
1.29115234375 
1.2934960937500002 
1.31810546875 
1.35736328125 
1.35619140625 
1.29408203125 
1.31927734375 
1.39486328125 
1.3860742187500001 
1.32220703125 
1.42884765625 
1.3638085937500002 
1.37083984375 
1.30228515625 
1.3825585937500002 
1.29056640625 
1.2741601562500002 
1.33861328125 
1.3479882812500001 
1.29583984375 
1.39134765625 
1.3309960937500003 
1.4200585937500003 
1.29056640625 
1.3415429687500002 
1.3403710937500002 
1.33861328125 
1.31400390625 
1.3550195312500002 
1.37845703125 
1.2923242187500001 
1.45697265625 
1.4177148437500002 
1.4206445312500002 
1.3579492187500002 
1.3415429687500002 
1.32806640625 
1.23431640625 
1.29173828125 
1.44466796875 
1.2325585937500003 
1.3286523437500002 
1.37259765625 
1.30462890625 
1.38490234375 
1.36556640625 
1.32044921875 
1.3749414062499998 
1.37083984375 
1.3491601562500002 
1.37962890625 
1.2829492187500002 
1.29173828125 
1.3356835937500002 
1.3216210937500001 
1.29876953125 
1.31986328125 
1.38958984375 
1.4018945312500002 
1.3456445312500003 
1.3497460937500003 
1.37962890625 
1.3749414062499998 
1.3450585937500004 
1.31458984375 
1.36087890625 
1.4247460937500003 
1.29525390625 
1.31517578125 
1.38197265625 
1.31517578125 
1.36556640625 
1.31458984375 
1.4493554687499999 
1.36498046875 
1.3345117187500002 
1.29466796875 
1.2518945312500003 
1.33861328125 
1.3532617187500002 
1.38666015625 
1.2841210937500003 
1.3813867187500002 
1.3438867187500003 
1.37845703125 
1.3438867187500003 
1.3263085937500003 
1.36908203125 
1.41595703125 
1.3227929687500002 
1.28529296875 
1.33216796875 
1.32044921875 
1.3538476562500001 
1.4212304687500001 
1.38841796875 
1.3251367187500003 
1.3251367187500003 
1.3626367187500001 
1.2923242187500001 
1.38490234375 
1.3415429687500002 
1.36732421875 
1.36498046875 
1.24427734375 
1.40248046875 
1.38783203125 
1.3110742187500002 
1.3286523437500002 
1.2753320312500003 
1.3802148437500001 
1.39427734375 
1.3831445312500001 
1.2776757812500001 
1.30931640625 
1.29466796875 
1.3362695312500001 
1.28822265625 
1.3099023437500001 
1.3544335937500003 
1.3444726562500002 
1.2981835937500001 
1.3345117187500002 
1.29759765625 
1.3403710937500002 
1.23900390625 
1.3315820312500002 
1.3802148437500001 
1.30169921875 
1.30873046875 
1.3503320312500002 
1.29583984375 
1.29115234375 
1.3503320312500002 
1.4212304687500001 
1.3749414062499998 
1.38197265625 
1.39427734375 
1.29291015625 
1.4001367187500002 
1.32923828125 
1.28998046875 
1.41009765625 
1.3433007812500002 
1.31400390625 
1.3761132812499999 
1.26478515625 
1.30111328125 
1.4253320312500002 
1.29115234375 
1.29056640625 
1.3216210937500001 
1.31810546875 
1.3433007812500002 
1.41302734375 
1.3403710937500002 
1.3362695312500001 
