4 16 80 
1.2981835937500001 
1.24427734375 
1.4048242187500002 
1.43529296875 
1.30287109375 
1.3567773437500001 
1.20501953125 
1.29408203125 
1.11361328125 
1.37435546875 
1.18451171875 
1.3286523437500002 
1.19798828125 
1.2794335937500003 
1.29701171875 
0.7462304687499998 
1.23548828125 
0.9940820312499998 
1.06849609375 
1.19095703125 
0.6161523437499998 
1.2753320312500003 
1.3761132812499999 
1.2419335937500002 
1.2934960937500002 
1.25775390625 
1.2331445312500002 
1.24017578125 
1.08021484375 
1.2231835937500002 
1.2776757812500001 
1.1341210937500001 
1.2184960937500002 
1.2548242187500003 
1.2770898437500002 
1.2102929687500001 
0.7573632812499999 
1.38080078125 
1.2565820312500002 
1.2360742187500002 
1.3579492187500002 
1.20267578125 
1.1985742187500001 
0.94310546875 
1.2806054687500001 
1.24134765625 
1.31751953125 
1.25306640625 
1.2583398437500002 
1.29759765625 
1.24720703125 
1.2724023437500003 
1.24720703125 
1.14291015625 
1.24310546875 
1.21791015625 
1.24310546875 
1.2653710937500002 
1.18919921875 
1.20736328125 
1.19330078125 
1.13294921875 
1.2507226562500002 
1.20912109375 
1.2513085937500004 
1.2794335937500003 
1.2425195312500001 
1.0403710937500001 
1.26244140625 
1.25892578125 
1.1640039062499998 
1.09251953125 
1.2466210937500002 
1.23548828125 
0.8558007812499999 
1.2513085937500004 
1.0761132812499998 
1.2372460937500003 
1.2554101562500002 
1.15169921875 
1.33685546875 
1.09544921875 
0.9899804687499998 
1.2735742187500003 
1.0550195312500001 
1.19212890625 
0.8376367187499998 
1.40775390625 
1.35560546875 
1.2466210937500002 
1.2712304687500002 
1.39603515625 
0.79251953125 
1.22494140625 
1.22962890625 
1.2671289062500002 
1.2313867187500003 
1.06087890625 
1.22728515625 
1.22611328125 
1.19154296875 
1.24017578125 
1.2659570312500001 
0.8710351562499998 
1.29408203125 
1.2302148437500002 
1.30462890625 
0.6934960937499998 
1.12708984375 
1.2454492187500001 
1.2595117187500002 
1.37787109375 
1.08314453125 
1.2770898437500002 
1.23900390625 
1.2138085937500003 
1.2524804687500002 
1.30345703125 
1.15462890625 
1.3509179687500001 
1.2161523437500001 
1.2536523437500002 
1.24310546875 
0.8253320312499999 
1.23900390625 
0.5962304687499999 
1.2671289062500002 
1.06732421875 
1.29056640625 
1.2542382812500001 
1.20677734375 
1.2524804687500002 
1.2518945312500003 
1.20326171875 
1.2372460937500003 
1.24720703125 
1.1985742187500001 
1.18568359375 
1.18509765625 
1.2741601562500002 
0.8259179687499999 
1.3052148437500002 
1.06908203125 
1.3462304687500002 
1.3157617187500001 
0.95072265625 
1.23431640625 
1.3497460937500003 
1.2612695312500002 
1.4065820312500001 
1.07259765625 
0.8991601562499998 
1.0186914062499999 
1.24134765625 
1.2518945312500003 
1.3069726562500001 
1.22728515625 
1.24486328125 
1.32103515625 
1.2518945312500003 
1.39076171875 
1.15814453125 
1.33685546875 
1.0890039062499999 
1.29701171875 
1.2325585937500003 
1.2477929687500002 
1.20326171875 
1.03744140625 
1.26185546875 
1.2495507812500002 
1.0251367187500002 
1.2507226562500002 
1.1985742187500001 
1.2220117187500001 
1.12591796875 
0.8886132812499998 
1.01166015625 
1.2190820312500001 
1.43236328125 
1.04212890625 
1.22494140625 
1.2548242187500003 
1.1874414062499998 
1.25306640625 
1.2102929687500001 
1.2489648437500003 
1.2630273437500001 
1.2407617187500002 
1.3075585937500003 
1.1505273437499999 
0.8071679687499999 
1.00404296875 
1.24310546875 
1.2600976562500001 
1.21556640625 
1.1938867187500002 
1.1001367187500002 
1.23841796875 
1.2829492187500002 
