5 16 79 
1.0550195312500001 
0.98119140625 
1.2600976562500001 
1.26244140625 
1.2161523437500001 
0.93197265625 
1.24486328125 
1.2706445312500003 
1.30345703125 
1.09955078125 
0.6835351562499998 
1.2507226562500002 
1.3479882812500001 
1.22669921875 
1.26185546875 
0.7796289062499999 
1.26478515625 
1.12181640625 
0.9970117187499998 
1.2536523437500002 
1.37669921875 
1.0638085937500001 
1.1018945312500001 
1.22494140625 
1.10716796875 
1.35560546875 
1.2829492187500002 
1.22435546875 
1.23900390625 
1.18216796875 
1.18158203125 
1.29408203125 
1.30111328125 
1.3567773437500001 
1.22025390625 
1.2278710937500001 
0.9923242187499998 
0.7684960937499998 
0.96126953125 
1.17396484375 
1.16751953125 
0.8815820312499998 
0.6225976562499999 
0.8241601562499998 
1.2806054687500001 
1.30462890625 
0.96947265625 
1.28587890625 
1.2366601562500001 
1.32806640625 
0.7708398437499999 
0.9067773437499999 
1.14408203125 
1.2372460937500003 
1.24486328125 
1.30052734375 
1.2829492187500002 
1.2536523437500002 
1.04798828125 
1.18451171875 
0.96947265625 
0.7227929687499998 
1.2847070312500002 
1.2536523437500002 
1.2536523437500002 
1.20033203125 
0.8716210937499999 
1.13294921875 
1.2835351562500001 
1.29701171875 
1.11361328125 
1.1985742187500001 
1.18978515625 
1.18978515625 
1.03978515625 
1.12298828125 
1.18041015625 
1.22142578125 
1.0761132812499998 
1.1048242187500001 
1.2044335937500001 
0.7643945312499999 
1.24486328125 
1.22728515625 
1.2331445312500002 
1.3485742187500003 
1.21966796875 
1.01458984375 
1.2507226562500002 
0.91205078125 
1.28529296875 
0.8698632812499999 
1.0702539062499998 
1.22494140625 
1.18041015625 
1.2190820312500001 
1.24720703125 
1.20501953125 
1.2419335937500002 
1.21556640625 
1.06732421875 
1.07318359375 
1.2143945312500002 
1.2495507812500002 
1.15521484375 
1.2794335937500003 
1.33509765625 
1.13294921875 
1.18685546875 
1.2641992187500002 
1.2220117187500001 
1.19740234375 
1.2712304687500002 
0.91556640625 
1.0520898437500001 
1.00873046875 
1.2518945312500003 
0.8229882812499999 
1.1505273437499999 
0.8692773437499999 
0.9097070312499999 
1.22083984375 
1.31166015625 
0.94427734375 
0.97474609375 
1.38666015625 
1.19212890625 
1.2495507812500002 
0.94720703125 
1.00228515625 
1.2378320312500002 
1.3462304687500002 
1.1206445312500002 
1.2313867187500003 
1.13119140625 
1.2507226562500002 
1.0550195312500001 
1.20560546875 
1.2507226562500002 
1.21966796875 
1.2671289062500002 
1.24134765625 
1.2114648437500002 
1.24310546875 
1.17396484375 
1.06673828125 
1.2501367187500003 
1.0186914062499999 
0.6477929687499998 
1.25775390625 
1.2571679687500001 
1.20853515625 
1.2835351562500001 
0.9390039062500001 
0.95658203125 
1.1710351562499999 
1.2366601562500001 
0.96126953125 
1.17982421875 
1.06205078125 
0.8745507812499999 
1.20736328125 
1.2278710937500001 
0.7655664062499998 
1.10248046875 
1.1886132812499999 
1.0890039062499999 
1.17337890625 
0.8786523437499998 
1.05970703125 
1.2583398437500002 
1.2372460937500003 
1.2788476562500002 
1.04212890625 
1.0263085937500003 
1.3567773437500001 
0.7409570312499998 
1.00345703125 
1.2753320312500003 
1.1710351562499999 
0.8997460937499998 
1.13060546875 
1.2161523437500001 
1.26478515625 
1.19037109375 
0.7427148437499999 
1.3099023437500001 
1.2419335937500002 
1.20267578125 
1.2800195312500002 
1.24603515625 
0.6724023437499999 
0.5786523437499999 
1.08490234375 
0.7561914062499998 
0.95892578125 
1.2700585937500004 
1.2477929687500002 
1.1001367187500002 
1.3286523437500002 
