15 16 69 
1.03392578125 
0.7608789062499999 
0.8224023437499999 
0.8036523437499998 
0.93373046875 
1.03509765625 
0.6718164062499998 
0.92435546875 
0.7878320312499999 
0.78958984375 
0.5833398437499999 
0.9876367187499998 
1.05384765625 
1.11361328125 
1.22669921875 
0.9067773437499999 
0.8968164062499998 
0.9061914062499998 
1.0263085937500003 
1.00052734375 
0.7474023437499998 
0.8358789062499998 
1.0474023437500002 
0.4602929687499999 
0.91673828125 
0.7749414062499999 
0.6835351562499998 
0.7860742187499998 
0.7233789062499998 
0.7350976562499998 
0.7690820312499999 
0.8018945312499999 
0.8675195312499999 
0.6882226562499998 
0.7731835937499999 
0.9864648437499999 
0.8229882812499999 
0.8405664062499998 
0.7866601562499999 
0.6718164062499998 
0.92611328125 
0.8335351562499999 
1.1698632812499998 
0.8927148437499999 
0.9770898437500001 
0.91029296875 
0.6893945312499998 
0.94837890625 
1.06029296875 
0.8370507812499999 
0.5077539062499999 
0.56458984375 
0.7503320312499998 
0.8382226562499998 
0.6061914062499999 
0.8147851562499998 
0.8265039062499999 
0.92435546875 
0.79017578125 
0.9097070312499999 
0.7725976562499999 
1.11537109375 
0.8382226562499998 
0.7544335937499999 
0.7731835937499999 
0.8153710937499998 
0.97884765625 
0.60208984375 
0.7936914062499999 
0.6454492187499998 
0.8007226562499998 
0.94369140625 
0.7866601562499999 
0.8921289062499999 
0.8933007812499999 
0.6278710937499998 
0.9554101562499999 
0.7474023437499998 
0.8792382812499998 
1.0052148437500001 
0.8253320312499999 
0.8136132812499999 
1.0450585937500003 
1.0655664062499999 
1.16283203125 
0.8253320312499999 
0.93373046875 
0.7638085937499999 
1.21673828125 
0.8522851562499998 
0.9554101562499999 
0.7690820312499999 
1.0761132812499998 
0.6431054687499999 
0.7163476562499999 
0.8499414062499998 
1.06791015625 
0.7772851562499998 
0.96244140625 
0.7972070312499999 
0.94837890625 
0.8997460937499998 
1.11126953125 
0.8235742187499998 
0.7104882812499999 
0.7005273437499998 
0.8288476562499999 
0.8311914062499999 
1.11478515625 
0.6378320312499999 
0.7737695312499999 
0.8001367187499998 
0.8452539062499999 
0.94427734375 
0.7567773437499998 
1.07787109375 
0.6290429687499999 
0.6501367187499998 
0.8686914062499999 
1.00462890625 
0.7538476562499998 
0.8909570312499998 
0.7796289062499999 
0.7515039062499999 
0.6518945312499999 
0.9917382812499999 
1.1640039062499998 
0.97123046875 
0.7761132812499999 
0.8558007812499999 
0.5991601562499999 
0.95833984375 
0.9009179687499999 
0.8481835937499999 
0.94896484375 
1.17572265625 
0.6724023437499999 
0.7837304687499999 
0.8235742187499998 
0.9214257812500001 
0.8563867187499998 
0.6776757812499999 
0.8897851562499998 
1.2747460937500004 
0.7837304687499999 
0.9067773437499999 
0.9085351562499998 
1.2483789062500001 
0.7233789062499998 
0.94662109375 
0.7989648437499999 
0.7239648437499998 
0.7063867187499998 
1.11830078125 
0.96947265625 
1.1124414062499999 
1.0532617187500002 
0.6788476562499999 
0.91146484375 
1.0122460937500002 
0.91087890625 
0.97416015625 
0.7702539062499999 
0.7761132812499999 
1.11009765625 
0.7690820312499999 
0.6729882812499999 
1.1247460937500002 
0.97533203125 
0.93548828125 
1.15990234375 
0.8358789062499998 
0.7427148437499999 
0.9079492187499998 
0.9085351562499998 
0.91322265625 
0.8528710937499998 
0.8405664062499998 
0.8757226562499998 
0.5575585937499999 
0.8452539062499999 
0.8862695312499999 
0.5903710937499999 
1.1224023437500001 
0.6882226562499998 
1.01927734375 
0.6893945312499998 
0.6091210937499999 
0.9097070312499999 
0.96888671875 
0.8903710937499998 
1.10775390625 
0.95189453125 
0.5938867187499999 
0.6325585937499999 
0.7954492187499999 
0.7989648437499999 
0.8434960937499998 
0.6970117187499998 
0.6266992187499998 
