17 16 67 
0.8833398437499999 
0.96654296875 
0.7298242187499997 
0.8909570312499998 
0.93373046875 
1.03333984375 
0.98294921875 
0.8739648437499998 
0.7772851562499998 
1.1282617187500001 
0.8358789062499998 
0.8704492187499998 
0.8224023437499999 
0.8212304687499998 
0.7520898437499999 
0.8136132812499999 
0.97884765625 
0.94955078125 
0.7620507812499999 
1.11361328125 
0.7052148437499999 
0.9641992187499999 
0.8575585937499999 
0.7907617187499999 
1.04681640625 
0.8499414062499998 
1.0356835937500002 
0.7063867187499998 
0.45736328125 
0.92376953125 
0.8317773437499999 
0.8229882812499999 
1.17220703125 
1.1177148437500002 
0.9858789062499999 
0.6940820312499998 
0.7005273437499998 
0.7790429687499999 
0.5013085937499999 
0.91205078125 
0.8833398437499999 
0.7866601562499999 
1.11712890625 
1.2489648437500003 
0.8194726562499999 
0.5798242187499998 
0.8997460937499998 
0.7854882812499999 
0.8434960937499998 
0.93666015625 
0.7983789062499999 
0.8259179687499999 
0.98294921875 
0.8364648437499999 
0.51771484375 
0.93255859375 
0.9940820312499998 
0.8663476562499999 
0.9067773437499999 
0.8136132812499999 
0.8651757812499999 
0.52591796875 
0.8681054687499998 
0.8335351562499999 
0.9020898437499999 
0.7403710937499998 
0.8071679687499999 
0.8188867187499999 
0.8013085937499999 
1.14583984375 
0.7831445312499999 
0.5874414062499999 
1.06908203125 
0.7638085937499999 
1.1534570312499999 
0.6009179687499999 
0.7567773437499998 
0.8335351562499999 
0.92787109375 
0.7251367187499997 
0.8212304687499998 
0.8229882812499999 
0.7591210937499998 
0.93255859375 
1.07083984375 
0.9331445312500001 
1.22376953125 
0.91380859375 
0.7339257812499999 
1.04681640625 
0.8739648437499998 
1.2729882812500002 
0.97416015625 
1.14408203125 
1.00990234375 
0.8347070312499999 
0.7573632812499999 
0.7011132812499998 
1.21791015625 
1.24134765625 
0.6712304687499998 
0.92025390625 
1.06205078125 
0.7831445312499999 
0.6940820312499998 
0.8317773437499999 
0.9999414062499997 
0.95892578125 
0.6946679687499998 
0.52005859375 
1.06029296875 
0.8540429687499999 
0.8458398437499999 
0.7450585937499998 
1.1927148437500001 
0.6225976562499999 
0.6829492187499998 
1.11537109375 
0.5452539062499999 
0.8710351562499998 
0.9302148437500001 
0.6009179687499999 
0.8288476562499999 
0.8493554687499998 
0.9091210937499998 
0.7239648437499998 
1.06673828125 
0.6173242187499998 
0.94662109375 
1.34681640625 
0.94720703125 
0.7245507812499998 
1.12181640625 
0.7884179687499999 
0.9003320312499998 
0.7151757812499999 
1.1124414062499999 
1.0638085937500001 
0.8341210937499999 
0.8534570312499998 
0.7573632812499999 
0.47083984374999993 
0.8083398437499999 
0.8599023437499999 
0.8575585937499999 
0.91966796875 
0.8388085937499998 
0.8933007812499999 
0.9524804687499999 
0.5897851562499998 
0.8159570312499999 
0.7386132812499998 
0.8048242187499998 
0.6173242187499998 
0.8640039062499999 
0.8259179687499999 
0.8065820312499998 
0.96302734375 
0.8481835937499999 
0.8270898437499999 
0.8522851562499998 
0.7585351562499998 
0.7362695312499998 
0.7766992187499998 
0.6225976562499999 
0.6003320312499999 
0.96302734375 
0.8880273437499998 
0.7509179687499998 
0.9214257812500001 
0.6753320312499999 
0.8177148437499999 
0.6138085937499999 
0.6993554687499998 
0.9858789062499999 
1.0503320312500002 
0.4427148437499999 
0.9987695312499999 
0.7913476562499999 
0.95716796875 
0.8850976562499998 
0.7433007812499999 
0.6290429687499999 
0.8177148437499999 
0.8546289062499999 
0.7597070312499998 
0.8048242187499998 
0.7427148437499999 
0.7849023437499999 
1.1575585937500001 
0.7597070312499998 
1.16576171875 
0.7884179687499999 
1.28236328125 
1.00931640625 
0.6097070312499999 
0.79017578125 
1.06498046875 
0.9917382812499999 
0.8558007812499999 
