21 16 63 
1.06849609375 
0.8036523437499998 
0.5499414062499999 
0.8516992187499998 
0.6864648437499998 
1.0239648437500002 
0.8118554687499998 
0.6073632812499999 
0.8968164062499998 
0.7456445312499999 
0.7450585937499998 
1.09017578125 
0.9559960937499999 
0.7175195312499999 
1.11361328125 
0.6958398437499999 
0.7632226562499999 
0.9401757812500001 
0.91966796875 
0.9149804687499999 
0.8516992187499998 
1.3433007812500002 
0.7737695312499999 
0.6237695312499999 
1.0286523437500001 
0.91263671875 
0.5599023437499999 
0.8909570312499998 
0.8891992187499997 
1.0772851562499999 
0.94720703125 
0.8862695312499999 
0.7597070312499998 
0.6003320312499999 
0.8095117187499998 
0.6571679687499998 
0.6782617187499999 
0.92201171875 
0.8317773437499999 
1.2554101562500002 
0.5974023437499999 
0.8112695312499999 
1.10306640625 
0.7520898437499999 
1.13646484375 
0.8106835937499999 
0.9524804687499999 
0.8558007812499999 
0.8716210937499999 
0.93197265625 
0.8716210937499999 
0.7515039062499999 
0.7491601562499998 
0.8265039062499999 
0.6653710937499998 
0.8188867187499999 
0.8434960937499998 
0.6395898437499999 
0.95775390625 
1.03509765625 
1.01634765625 
0.8247460937499999 
1.03744140625 
0.7491601562499998 
0.7327539062499998 
1.07083984375 
0.9501367187499999 
0.97064453125 
0.6975976562499998 
0.7022851562499998 
0.92259765625 
0.7872460937499999 
0.6794335937499999 
1.08021484375 
0.7954492187499999 
0.7186914062499998 
0.8686914062499999 
0.6302148437499999 
1.11009765625 
0.7005273437499998 
0.7679101562499998 
0.9870507812499999 
0.8809960937499998 
0.7087304687499998 
0.8558007812499999 
0.7497460937499998 
0.95189453125 
0.7714257812499999 
0.6647851562499998 
0.8077539062499999 
0.8376367187499998 
1.09837890625 
1.10072265625 
0.8774804687499997 
0.7257226562499998 
0.9079492187499998 
0.8388085937499998 
0.8505273437499998 
0.94369140625 
0.6600976562499998 
0.8751367187499998 
0.9911523437499998 
0.8546289062499999 
0.96068359375 
0.6536523437499998 
0.91087890625 
0.7860742187499998 
0.6940820312499998 
0.5751367187499998 
0.7638085937499999 
1.1059960937500002 
0.9923242187499998 
0.8722070312499999 
0.8640039062499999 
0.9015039062499999 
0.6378320312499999 
1.2114648437500002 
0.95130859375 
0.7737695312499999 
0.7233789062499998 
0.5499414062499999 
0.8247460937499999 
0.7081445312499999 
0.6841210937499999 
0.9038476562499999 
0.6841210937499999 
0.7585351562499998 
0.7702539062499999 
0.8739648437499998 
0.98060546875 
0.8850976562499998 
0.8599023437499999 
0.8001367187499998 
0.8259179687499999 
0.7538476562499998 
1.18041015625 
0.7063867187499998 
0.6917382812499998 
0.7597070312499998 
0.8112695312499999 
0.6331445312499999 
0.9079492187499998 
0.6442773437499999 
0.7280664062499997 
0.5563867187499999 
1.0714257812499999 
1.00169921875 
0.7614648437499999 
0.8347070312499999 
0.92552734375 
0.6184960937499998 
0.8821679687499998 
0.8856835937499998 
0.6419335937499999 
0.5118554687499999 
0.98470703125 
0.8265039062499999 
0.8352929687499998 
0.8288476562499999 
1.19154296875 
0.5968164062499999 
0.8751367187499998 
0.7298242187499997 
0.6513085937499998 
0.9003320312499998 
0.7104882812499999 
0.6073632812499999 
0.7802148437499999 
0.6929101562499997 
1.11830078125 
0.7649804687499998 
0.9917382812499999 
1.03333984375 
0.8147851562499998 
0.8751367187499998 
0.7591210937499998 
0.7714257812499999 
0.97416015625 
0.7778710937499999 
0.7679101562499998 
1.1751367187500001 
0.8780664062499998 
1.00052734375 
0.97240234375 
0.7661523437499999 
0.6841210937499999 
1.03802734375 
0.9026757812499999 
0.6225976562499999 
0.8224023437499999 
0.7825585937499999 
0.6653710937499998 
0.7614648437499999 
0.8282617187499999 
0.8018945312499999 
0.7433007812499999 
1.06087890625 
0.8663476562499999 
0.6741601562499998 
0.7567773437499998 
