31 16 53 
0.6659570312499998 
0.8540429687499999 
0.8159570312499999 
0.6331445312499999 
0.93197265625 
0.95189453125 
1.16927734375 
0.91029296875 
1.13646484375 
0.6565820312499998 
0.5974023437499999 
0.97005859375 
0.9026757812499999 
0.6770898437499999 
1.0433007812500001 
0.8581445312499999 
0.6524804687499998 
0.8915429687499998 
1.0122460937500002 
0.7942773437499999 
0.6893945312499998 
0.6003320312499999 
0.9923242187499998 
0.7274804687499997 
0.7837304687499999 
1.22494140625 
0.7479882812499998 
0.7251367187499997 
0.94955078125 
0.6202539062499999 
0.6841210937499999 
1.05970703125 
0.7456445312499999 
0.6108789062499999 
0.7391992187499997 
1.10423828125 
0.9917382812499999 
0.7942773437499999 
0.7977929687499998 
0.9401757812500001 
0.6489648437499999 
0.93724609375 
0.6841210937499999 
0.78958984375 
0.6829492187499998 
0.97416015625 
0.6747460937499998 
0.9448632812500001 
0.8294335937499999 
0.8903710937499998 
0.7198632812499999 
1.2542382812500001 
0.8675195312499999 
0.5763085937499999 
0.8071679687499999 
0.8733789062499998 
0.8968164062499998 
0.8968164062499998 
1.17279296875 
0.8036523437499998 
0.7843164062499999 
0.5710351562499999 
1.0169335937500001 
0.8282617187499999 
0.5804101562499998 
0.7585351562499998 
0.8827539062499998 
0.8850976562499998 
0.7298242187499997 
0.7462304687499998 
0.7380273437499998 
0.7626367187499998 
0.8171289062499999 
0.7386132812499998 
0.6624414062499998 
0.7913476562499999 
0.7046289062499999 
0.7110742187499998 
0.7878320312499999 
1.08841796875 
0.56400390625 
0.7327539062499998 
0.8698632812499999 
1.0591210937500002 
0.5833398437499999 
0.8300195312499999 
0.8411523437499998 
0.8868554687499998 
0.8048242187499998 
0.7960351562499999 
0.8821679687499998 
0.6612695312499999 
0.8733789062499998 
0.60501953125 
0.7397851562499997 
0.79251953125 
0.8657617187499999 
1.0063867187500002 
0.7268945312499998 
0.8183007812499999 
0.7784570312499999 
0.60501953125 
0.6993554687499998 
0.91439453125 
0.8927148437499999 
1.2360742187500002 
1.09837890625 
0.6571679687499998 
0.6788476562499999 
0.7556054687499998 
0.8048242187499998 
1.00228515625 
0.91146484375 
0.6624414062499998 
0.6097070312499999 
1.07962890625 
0.8575585937499999 
0.96947265625 
0.9003320312499998 
0.7315820312499998 
0.5962304687499999 
0.98119140625 
0.8024804687499998 
0.8311914062499999 
0.8141992187499998 
1.2800195312500002 
0.7315820312499998 
0.7450585937499998 
0.5247460937499999 
0.7731835937499999 
1.19212890625 
0.6595117187499998 
0.7725976562499999 
0.5850976562499999 
0.7755273437499999 
1.06966796875 
0.7538476562499998 
0.7725976562499999 
0.7257226562499998 
0.7632226562499999 
0.5757226562499999 
0.7731835937499999 
0.6278710937499998 
0.7714257812499999 
0.97064453125 
0.8124414062499998 
1.06263671875 
1.09193359375 
0.7573632812499999 
1.16634765625 
1.34681640625 
0.9020898437499999 
0.7292382812499998 
0.8399804687499998 
0.7462304687499998 
0.7415429687499998 
0.8640039062499999 
0.7602929687499999 
1.01400390625 
0.8897851562499998 
0.6184960937499998 
0.5950585937499999 
0.98294921875 
0.7309960937499997 
0.6079492187499999 
0.8839257812499999 
0.7667382812499999 
0.6958398437499999 
0.7526757812499999 
0.7063867187499998 
0.6061914062499999 
0.79017578125 
0.7849023437499999 
0.7755273437499999 
0.8657617187499999 
0.8270898437499999 
0.9899804687499998 
0.7778710937499999 
0.94427734375 
0.6425195312499999 
0.5481835937499999 
0.7819726562499999 
1.3122460937500002 
0.7884179687499999 
0.7931054687499999 
1.3069726562500001 
0.7702539062499999 
0.7415429687499998 
0.6847070312499999 
0.6899804687499997 
0.9618554687499999 
0.6554101562499998 
0.7655664062499998 
0.78080078125 
0.8153710937499998 
0.8938867187499998 
0.9401757812500001 
0.7854882812499999 
0.7819726562499999 
1.11830078125 
