40 16 44 
0.7028710937499998 
0.95716796875 
0.5499414062499999 
0.6800195312499999 
0.7720117187499999 
0.7468164062499998 
0.7989648437499999 
0.8991601562499998 
0.6641992187499998 
0.6811914062499999 
0.6864648437499998 
0.7843164062499999 
0.6858789062499998 
0.8511132812499999 
1.13646484375 
0.6606835937499999 
0.6641992187499998 
0.6688867187499998 
0.96712890625 
0.6794335937499999 
0.60267578125 
0.92201171875 
0.8036523437499998 
0.9858789062499999 
0.6899804687499997 
0.8757226562499998 
0.8106835937499999 
0.6073632812499999 
0.7544335937499999 
0.7438867187499998 
1.0890039062499999 
0.8903710937499998 
0.7093164062499998 
0.7169335937499999 
0.8411523437499998 
0.5956445312499999 
1.01634765625 
0.9032617187499998 
0.7456445312499999 
1.1417382812499999 
0.5030664062499999 
0.7345117187499998 
0.9940820312499998 
0.5733789062499999 
1.0110742187500001 
0.8686914062499999 
0.7350976562499998 
0.8745507812499999 
0.5968164062499999 
0.9173242187499999 
0.8018945312499999 
0.45326171874999993 
0.8323632812499999 
1.07845703125 
0.96361328125 
0.5716210937499999 
0.9050195312499999 
0.91380859375 
0.7169335937499999 
0.7579492187499998 
0.8663476562499999 
0.8341210937499999 
0.8071679687499999 
0.7515039062499999 
0.9987695312499999 
0.96361328125 
0.6565820312499998 
0.6823632812499999 
0.7819726562499999 
0.78958984375 
0.6694726562499999 
0.91673828125 
0.9864648437499999 
0.7954492187499999 
0.6436914062499999 
0.9032617187499998 
0.97123046875 
0.8962304687499998 
0.93490234375 
0.8323632812499999 
1.10658203125 
0.7796289062499999 
0.6800195312499999 
0.6009179687499999 
0.95189453125 
0.8821679687499998 
0.5001367187499999 
0.8733789062499998 
0.8405664062499998 
0.5821679687499999 
0.8733789062499998 
0.6513085937499998 
0.7239648437499998 
0.6624414062499998 
0.7866601562499999 
0.8821679687499998 
0.7673242187499998 
0.7784570312499999 
0.94837890625 
0.4819726562499999 
0.6325585937499999 
0.8440820312499998 
0.7163476562499999 
1.06732421875 
0.8681054687499998 
0.96595703125 
0.8141992187499998 
0.8874414062499998 
1.09251953125 
0.8546289062499999 
0.6923242187499997 
0.7239648437499998 
0.7474023437499998 
0.7157617187499998 
0.8698632812499999 
0.5528710937499999 
0.6507226562499998 
0.8499414062499998 
0.8106835937499999 
0.7046289062499999 
0.5991601562499999 
1.0063867187500002 
0.6952539062499998 
1.06732421875 
0.8657617187499999 
0.8604882812499999 
0.96537109375 
0.91205078125 
0.8212304687499998 
0.9876367187499998 
0.7802148437499999 
0.8188867187499999 
0.7813867187499999 
0.7222070312499999 
0.6606835937499999 
0.7163476562499999 
0.9524804687499999 
0.8634179687499999 
0.8130273437499999 
0.6858789062499998 
0.7936914062499999 
0.95775390625 
0.6694726562499999 
0.6671289062499999 
0.8645898437499999 
0.7397851562499997 
0.8042382812499999 
0.7268945312499998 
0.8288476562499999 
0.94662109375 
0.7005273437499998 
0.8382226562499998 
0.8259179687499999 
0.7415429687499998 
0.7075585937499999 
0.6384179687499999 
0.7280664062499997 
0.8429101562499998 
0.8710351562499998 
0.6835351562499998 
0.7321679687499998 
0.9026757812499999 
0.6700585937499999 
1.2677148437500003 
0.8692773437499999 
1.01576171875 
1.08490234375 
0.8739648437499998 
0.8739648437499998 
0.7063867187499998 
1.1640039062499998 
1.2729882812500002 
0.8100976562499999 
0.8774804687499997 
0.8546289062499999 
0.8827539062499998 
0.7843164062499999 
0.7936914062499999 
0.5657617187499999 
0.5903710937499999 
0.8024804687499998 
0.7186914062499998 
0.8282617187499999 
0.8001367187499998 
0.78080078125 
0.7690820312499999 
0.6940820312499998 
0.8933007812499999 
0.8569726562499999 
0.7515039062499999 
0.6483789062499998 
0.6782617187499999 
1.20091796875 
1.1927148437500001 
0.8341210937499999 
0.7192773437499999 
0.7427148437499999 
1.1464257812499998 
0.9061914062499998 
0.9009179687499999 
