42 16 42 
0.6454492187499998 
1.01283203125 
0.9091210937499998 
0.7655664062499998 
0.6876367187499998 
0.92376953125 
0.7556054687499998 
0.7843164062499999 
0.7591210937499998 
0.8194726562499999 
0.7866601562499999 
0.6524804687499998 
0.6788476562499999 
0.6079492187499999 
0.6724023437499999 
0.78080078125 
1.03392578125 
0.8540429687499999 
0.6419335937499999 
1.17162109375 
0.78958984375 
0.9179101562499999 
0.7198632812499999 
0.6665429687499999 
0.7520898437499999 
0.7198632812499999 
0.6852929687499998 
0.7784570312499999 
0.91849609375 
0.6630273437499998 
0.92025390625 
0.91146484375 
0.52767578125 
0.7667382812499999 
0.7509179687499998 
0.7280664062499997 
0.8329492187499998 
0.8604882812499999 
1.2665429687500003 
0.6970117187499998 
0.8511132812499999 
1.26244140625 
0.6518945312499999 
0.8423242187499997 
0.7239648437499998 
0.8909570312499998 
0.94779296875 
0.7573632812499999 
0.56986328125 
0.7720117187499999 
0.93373046875 
0.6636132812499999 
0.8487695312499999 
0.8224023437499999 
0.7075585937499999 
0.8786523437499998 
1.17455078125 
0.92904296875 
0.7708398437499999 
0.7690820312499999 
0.98353515625 
0.7655664062499998 
1.0702539062499998 
1.31810546875 
0.7526757812499999 
0.6360742187499998 
1.15638671875 
0.6079492187499999 
0.6325585937499999 
1.01810546875 
0.5868554687499998 
0.95365234375 
0.92494140625 
0.8645898437499999 
0.8153710937499998 
0.7198632812499999 
0.96771484375 
0.6184960937499998 
0.7468164062499998 
0.5868554687499998 
0.7509179687499998 
0.8886132812499998 
0.6999414062499998 
0.8265039062499999 
0.4954492187499999 
0.8259179687499999 
1.03392578125 
0.8106835937499999 
1.18392578125 
0.93138671875 
0.8528710937499998 
0.8745507812499999 
0.91966796875 
0.5763085937499999 
0.8692773437499999 
0.9401757812500001 
0.5516992187499998 
0.6225976562499999 
0.7257226562499998 
0.9735742187499999 
0.6524804687499998 
0.6149804687499998 
0.9501367187499999 
1.2788476562500002 
0.6331445312499999 
0.94427734375 
0.8393945312499999 
0.7649804687499998 
0.8475976562499998 
0.8933007812499999 
1.03978515625 
1.09017578125 
0.6806054687499998 
0.8165429687499999 
0.64017578125 
0.9091210937499998 
0.6331445312499999 
0.5938867187499999 
0.8962304687499998 
0.8833398437499999 
0.6806054687499998 
0.6290429687499999 
0.5657617187499999 
0.9179101562499999 
0.7350976562499998 
0.7573632812499999 
0.5446679687499999 
0.45677734374999995 
0.52650390625 
0.5616601562499999 
0.6630273437499998 
0.8481835937499999 
0.8124414062499998 
0.94779296875 
0.8710351562499998 
0.8511132812499999 
0.8575585937499999 
0.6114648437499999 
0.7966210937499999 
0.6999414062499998 
0.7919335937499999 
0.7878320312499999 
0.92435546875 
0.8891992187499997 
0.7942773437499999 
0.7632226562499999 
0.8839257812499999 
0.8235742187499998 
0.91849609375 
1.17220703125 
0.6349023437499999 
0.7708398437499999 
0.9003320312499998 
0.9800195312500001 
1.00404296875 
0.8089257812499999 
0.6794335937499999 
0.8352929687499998 
0.9858789062499999 
0.7931054687499999 
0.9308007812500001 
0.8956445312499999 
0.6788476562499999 
0.95423828125 
0.7977929687499998 
0.7667382812499999 
0.5716210937499999 
0.8575585937499999 
0.8417382812499998 
0.6975976562499998 
0.8575585937499999 
0.6612695312499999 
0.7479882812499998 
0.8938867187499998 
0.7028710937499998 
0.6677148437499999 
0.7948632812499999 
0.8862695312499999 
1.03919921875 
0.7913476562499999 
0.8511132812499999 
1.09837890625 
0.6847070312499999 
0.95951171875 
0.8124414062499998 
0.7515039062499999 
0.7503320312499998 
1.10892578125 
0.9097070312499999 
0.8581445312499999 
0.8083398437499999 
0.7081445312499999 
0.5622460937499999 
0.7362695312499998 
0.7913476562499999 
0.7110742187499998 
0.7509179687499998 
0.6073632812499999 
0.93607421875 
0.9056054687499998 
