51 16 33 
0.7643945312499999 
0.6149804687499998 
0.7860742187499998 
0.8018945312499999 
0.9419335937500001 
0.7052148437499999 
0.8505273437499998 
0.7790429687499999 
0.91849609375 
0.8534570312499998 
0.8839257812499999 
0.8042382812499999 
0.6495507812499999 
0.8382226562499998 
0.8540429687499999 
0.7151757812499999 
0.8657617187499999 
0.5921289062499999 
0.7087304687499998 
0.6899804687499997 
0.6700585937499999 
0.8997460937499998 
0.7831445312499999 
0.91908203125 
0.8704492187499998 
1.2061914062499999 
0.6448632812499999 
0.8206445312499999 
0.8651757812499999 
0.92494140625 
0.8950585937499999 
1.1534570312499999 
0.7860742187499998 
0.60267578125 
0.8423242187499997 
1.04681640625 
0.7708398437499999 
0.8727929687499998 
0.7350976562499998 
0.6882226562499998 
0.92728515625 
0.7972070312499999 
1.2782617187500003 
0.7977929687499998 
0.6372460937499999 
1.06205078125 
0.6507226562499998 
0.7239648437499998 
0.8335351562499999 
0.6202539062499999 
0.92494140625 
0.8329492187499998 
0.6091210937499999 
0.7802148437499999 
1.06673828125 
0.93666015625 
0.8640039062499999 
0.8722070312499999 
0.8358789062499998 
0.5147851562499999 
1.00462890625 
1.22376953125 
0.6390039062499999 
0.6706445312499999 
0.5745507812499999 
0.6934960937499998 
0.6460351562499999 
0.7028710937499998 
0.7567773437499998 
0.7714257812499999 
0.7556054687499998 
0.93841796875 
0.9864648437499999 
0.7069726562499998 
0.6278710937499998 
0.7104882812499999 
0.7509179687499998 
1.0438867187500003 
0.91439453125 
0.7766992187499998 
0.7878320312499999 
0.78958984375 
0.6448632812499999 
0.92728515625 
0.5722070312499999 
1.06029296875 
0.7784570312499999 
0.9419335937500001 
0.6202539062499999 
0.9308007812500001 
0.8270898437499999 
0.6419335937499999 
0.8364648437499999 
0.8288476562499999 
0.6507226562499998 
0.5311914062499999 
1.17279296875 
0.8599023437499999 
0.7813867187499999 
0.92787109375 
0.9559960937499999 
0.7145898437499999 
0.8470117187499998 
0.9501367187499999 
0.8071679687499999 
0.7391992187499997 
1.10423828125 
0.9097070312499999 
0.6559960937499998 
0.6220117187499998 
0.6630273437499998 
0.9917382812499999 
0.7954492187499999 
0.6852929687499998 
0.7673242187499998 
1.2495507812500002 
0.7304101562499997 
1.29408203125 
1.01986328125 
0.6407617187499999 
1.00462890625 
0.8042382812499999 
0.9524804687499999 
0.7444726562499998 
0.94603515625 
0.7163476562499999 
0.7239648437499998 
0.7222070312499999 
0.7134179687499999 
0.8013085937499999 
0.8891992187499997 
0.6876367187499998 
0.6893945312499998 
0.8511132812499999 
0.7643945312499999 
0.78958984375 
1.03626953125 
0.8640039062499999 
0.7239648437499998 
0.9888085937499999 
0.7433007812499999 
0.9073632812499999 
0.97240234375 
0.93666015625 
1.02455078125 
0.9419335937500001 
0.7374414062499998 
0.56400390625 
0.8212304687499998 
0.8300195312499999 
0.8540429687499999 
0.5897851562499998 
0.7298242187499997 
0.7157617187499998 
0.78958984375 
0.6683007812499999 
0.7099023437499998 
0.8563867187499998 
0.7766992187499998 
0.7116601562499998 
0.7186914062499998 
0.6354882812499999 
0.8136132812499999 
0.6085351562499999 
0.92787109375 
0.8423242187499997 
0.7362695312499998 
0.7474023437499998 
0.8540429687499999 
1.0520898437500001 
0.6278710937499998 
1.2876367187500002 
0.6641992187499998 
1.06673828125 
0.7169335937499999 
0.7919335937499999 
0.7186914062499998 
0.8516992187499998 
0.7983789062499999 
1.34095703125 
0.8487695312499999 
0.8282617187499999 
0.8171289062499999 
0.7778710937499999 
0.9864648437499999 
0.6975976562499998 
0.7456445312499999 
0.79251953125 
0.7643945312499999 
0.8212304687499998 
0.8727929687499998 
0.79251953125 
0.7403710937499998 
0.7409570312499998 
0.40404296874999995 
0.7210351562499998 
0.6952539062499998 
0.9899804687499998 
0.7034570312499998 
0.8657617187499999 
