52 16 32 
1.0772851562499999 
1.09662109375 
0.7415429687499998 
0.8288476562499999 
1.25775390625 
0.7198632812499999 
1.16048828125 
0.7684960937499998 
0.6349023437499999 
0.7831445312499999 
0.8698632812499999 
0.7444726562499998 
0.8042382812499999 
0.7280664062499997 
0.6448632812499999 
0.6776757812499999 
0.7315820312499998 
0.8194726562499999 
0.7309960937499997 
0.7778710937499999 
0.64017578125 
0.8177148437499999 
0.6548242187499997 
0.6536523437499998 
0.7579492187499998 
0.6612695312499999 
0.8839257812499999 
0.6700585937499999 
0.91322265625 
0.6079492187499999 
0.7620507812499999 
0.8247460937499999 
0.7890039062499999 
0.7960351562499999 
0.7093164062499998 
1.01283203125 
0.8317773437499999 
0.9641992187499999 
0.8563867187499998 
0.8159570312499999 
0.9331445312500001 
0.7087304687499998 
0.8288476562499999 
0.8921289062499999 
0.6893945312499998 
0.7936914062499999 
0.8622460937499998 
0.9067773437499999 
0.7169335937499999 
0.6272851562499998 
0.6600976562499998 
0.8897851562499998 
0.94896484375 
0.7790429687499999 
0.8891992187499997 
0.7983789062499999 
0.7960351562499999 
0.6261132812499999 
0.7134179687499999 
0.7204492187499998 
0.5663476562499999 
0.7186914062499998 
0.7315820312499998 
0.6354882812499999 
0.7913476562499999 
0.93607421875 
0.9683007812500001 
0.7456445312499999 
0.8434960937499998 
1.00052734375 
0.7784570312499999 
0.7714257812499999 
0.7831445312499999 
0.9266992187499999 
0.97826171875 
0.97005859375 
0.7831445312499999 
0.5938867187499999 
0.6940820312499998 
1.02162109375 
0.7456445312499999 
0.91380859375 
0.9647851562499999 
0.6647851562499998 
0.53470703125 
1.2495507812500002 
0.6442773437499999 
0.8265039062499999 
0.8692773437499999 
0.5681054687499999 
0.6893945312499998 
0.6554101562499998 
0.7690820312499999 
0.6009179687499999 
0.7104882812499999 
0.7995507812499999 
0.7222070312499999 
0.7116601562499998 
0.6524804687499998 
0.7104882812499999 
1.11126953125 
1.06673828125 
1.00990234375 
0.8944726562499998 
0.7292382812499998 
0.9091210937499998 
1.17044921875 
1.2454492187500001 
0.7989648437499999 
0.7784570312499999 
0.92376953125 
0.7878320312499999 
0.8757226562499998 
0.93783203125 
0.6067773437499999 
0.6460351562499999 
0.5944726562499999 
0.79251953125 
0.6448632812499999 
0.7966210937499999 
0.8698632812499999 
0.7433007812499999 
0.7350976562499998 
0.6436914062499999 
0.8974023437499998 
0.6929101562499997 
0.94662109375 
0.7890039062499999 
0.5827539062499999 
0.8001367187499998 
0.5798242187499998 
0.93607421875 
0.8663476562499999 
1.20970703125 
0.91556640625 
1.1106835937500001 
0.8640039062499999 
0.8352929687499998 
0.7011132812499998 
0.7725976562499999 
0.7087304687499998 
0.92728515625 
0.7567773437499998 
0.8757226562499998 
0.7503320312499998 
1.22728515625 
0.8727929687499998 
0.6249414062499998 
0.7040429687499998 
0.8645898437499999 
0.9331445312500001 
0.8317773437499999 
0.94662109375 
0.8985742187499998 
0.8516992187499998 
1.03216796875 
0.7093164062499998 
0.8493554687499998 
0.6624414062499998 
0.6313867187499999 
0.7175195312499999 
0.8903710937499998 
1.2864648437500001 
0.8792382812499998 
0.7227929687499998 
0.8880273437499998 
0.9179101562499999 
0.8804101562499997 
0.7837304687499999 
0.8581445312499999 
0.5850976562499999 
0.7813867187499999 
0.8171289062499999 
0.8429101562499998 
0.7655664062499998 
0.9776757812500001 
0.7140039062499999 
0.8317773437499999 
0.8563867187499998 
0.8622460937499998 
0.8675195312499999 
0.6765039062499999 
0.7011132812499998 
0.6091210937499999 
0.7374414062499998 
0.8827539062499998 
0.6507226562499998 
1.06087890625 
0.7784570312499999 
1.10423828125 
0.7052148437499999 
0.8956445312499999 
0.9934960937499998 
0.8259179687499999 
0.6940820312499998 
0.8452539062499999 
1.04681640625 
0.6155664062499998 
0.6788476562499999 
0.7591210937499998 
