60 16 24 
1.03041015625 
0.7579492187499998 
0.8581445312499999 
0.9173242187499999 
0.6852929687499998 
0.7058007812499999 
0.93255859375 
0.8792382812499998 
0.7063867187499998 
0.7274804687499997 
0.7585351562499998 
0.94134765625 
0.7708398437499999 
1.01458984375 
0.7186914062499998 
1.2278710937500001 
0.8499414062499998 
0.6606835937499999 
0.8001367187499998 
1.21556640625 
0.8183007812499999 
0.7081445312499999 
0.6395898437499999 
1.1177148437500002 
0.6987695312499999 
0.8124414062499998 
0.92318359375 
0.6284570312499999 
0.7151757812499999 
0.6595117187499998 
0.8458398437499999 
0.8235742187499998 
0.8593164062499998 
0.7544335937499999 
0.8458398437499999 
1.0403710937500001 
1.01166015625 
0.7520898437499999 
0.97123046875 
0.8059960937499998 
0.9776757812500001 
0.7233789062499998 
0.7538476562499998 
0.8727929687499998 
1.2501367187500003 
0.7602929687499999 
0.6067773437499999 
1.0433007812500001 
0.6964257812499999 
0.8745507812499999 
0.6073632812499999 
1.06966796875 
0.4907617187499999 
0.7251367187499997 
1.0251367187500002 
0.6220117187499998 
0.9085351562499998 
0.96302734375 
0.7210351562499998 
0.97884765625 
0.7766992187499998 
0.5059960937499999 
0.8798242187499997 
0.4731835937499999 
0.7011132812499998 
0.97064453125 
0.9554101562499999 
0.6606835937499999 
0.6934960937499998 
1.00404296875 
0.9530664062499999 
0.95716796875 
0.8059960937499998 
0.8815820312499998 
0.9085351562499998 
0.7145898437499999 
0.7280664062499997 
0.6436914062499999 
0.52650390625 
0.54642578125 
1.05736328125 
0.6073632812499999 
0.7198632812499999 
1.10716796875 
0.91087890625 
0.9056054687499998 
0.8311914062499999 
0.5341210937499999 
0.9003320312499998 
0.8651757812499999 
0.8311914062499999 
0.7104882812499999 
0.7216210937499998 
1.05091796875 
0.7725976562499999 
0.94662109375 
0.7743554687499998 
0.7649804687499998 
0.6143945312499999 
0.8622460937499998 
0.7198632812499999 
0.8024804687499998 
0.6952539062499998 
0.7749414062499999 
0.91615234375 
0.7526757812499999 
0.98294921875 
0.60208984375 
0.7638085937499999 
0.7579492187499998 
1.26361328125 
0.6513085937499998 
0.7315820312499998 
0.6612695312499999 
0.6313867187499999 
0.94134765625 
0.94837890625 
0.6975976562499998 
0.6079492187499999 
0.7591210937499998 
0.6366601562499998 
0.8071679687499999 
0.7520898437499999 
0.8018945312499999 
0.6753320312499999 
0.9958398437499999 
0.91849609375 
0.9079492187499998 
0.92787109375 
0.7069726562499998 
0.8880273437499998 
0.8317773437499999 
0.8634179687499999 
0.8048242187499998 
0.97533203125 
0.5903710937499999 
0.7602929687499999 
0.6466210937499999 
0.6729882812499999 
1.06732421875 
0.8645898437499999 
1.1224023437500001 
0.6179101562499998 
1.06146484375 
0.7972070312499999 
0.7274804687499997 
0.7058007812499999 
0.8475976562499998 
0.9032617187499998 
0.7415429687499998 
0.8130273437499999 
0.7503320312499998 
0.7526757812499999 
0.8921289062499999 
0.8528710937499998 
0.7198632812499999 
0.7333398437499998 
0.60208984375 
0.8710351562499998 
0.8065820312499998 
0.7339257812499999 
0.7063867187499998 
0.5956445312499999 
0.8136132812499999 
0.8903710937499998 
0.7954492187499999 
0.7690820312499999 
0.7772851562499998 
0.7386132812499998 
0.8013085937499999 
0.8475976562499998 
0.9993554687499997 
0.5944726562499999 
0.8241601562499998 
0.8974023437499998 
0.6583398437499999 
0.7298242187499997 
0.8317773437499999 
0.8739648437499998 
0.7456445312499999 
0.6038476562499999 
0.7632226562499999 
0.4995507812499999 
0.5880273437499999 
0.8259179687499999 
0.7093164062499998 
0.9401757812500001 
0.7761132812499999 
0.8440820312499998 
1.01166015625 
0.7696679687499999 
0.7620507812499999 
0.8306054687499999 
1.14349609375 
0.7134179687499999 
0.7052148437499999 
0.6565820312499998 
0.78958984375 
0.5247460937499999 
0.6220117187499998 
