76 16 8 
0.8558007812499999 
0.7737695312499999 
0.7725976562499999 
1.0444726562500002 
0.7163476562499999 
0.8704492187499998 
0.6167382812499999 
0.5622460937499999 
0.6302148437499999 
0.7479882812499998 
0.8651757812499999 
0.7972070312499999 
0.8681054687499998 
0.8516992187499998 
0.6618554687499998 
0.7145898437499999 
0.7011132812499998 
0.8048242187499998 
0.93431640625 
1.02103515625 
0.8997460937499998 
1.03041015625 
0.8206445312499999 
0.9091210937499998 
1.1048242187500001 
0.6800195312499999 
0.6237695312499999 
0.7638085937499999 
0.7099023437499998 
0.6905664062499998 
0.7954492187499999 
0.60501953125 
0.7286523437499998 
0.79017578125 
0.9993554687499997 
0.8429101562499998 
0.7538476562499998 
0.49369140624999996 
0.8991601562499998 
0.8071679687499999 
0.8979882812499999 
0.93724609375 
0.96595703125 
0.8382226562499998 
0.92552734375 
0.93490234375 
0.6993554687499998 
0.94896484375 
0.7661523437499999 
0.6266992187499998 
0.6665429687499999 
0.7819726562499999 
0.9085351562499998 
0.7737695312499999 
0.7046289062499999 
0.7790429687499999 
0.7474023437499998 
0.5974023437499999 
0.7157617187499998 
1.2483789062500001 
0.8095117187499998 
0.8599023437499999 
0.6694726562499999 
1.10423828125 
1.0227929687500001 
0.78958984375 
0.6770898437499999 
0.8792382812499998 
0.6489648437499999 
1.06263671875 
0.8727929687499998 
0.4544335937499999 
0.8950585937499999 
1.30580078125 
0.6390039062499999 
0.5944726562499999 
1.06439453125 
0.6788476562499999 
0.6776757812499999 
0.7731835937499999 
1.0948632812499999 
0.92259765625 
0.8259179687499999 
0.7632226562499999 
0.7239648437499998 
0.6794335937499999 
0.8446679687499998 
0.6378320312499999 
0.8376367187499998 
0.6460351562499999 
0.5903710937499999 
0.91556640625 
0.7690820312499999 
0.9073632812499999 
0.5786523437499999 
1.21791015625 
0.7227929687499998 
0.82767578125 
0.9554101562499999 
0.7837304687499999 
0.92259765625 
0.6817773437499999 
0.5546289062499999 
0.7468164062499998 
0.7485742187499997 
0.8077539062499999 
1.0063867187500002 
0.7614648437499999 
1.1013085937500002 
0.7907617187499999 
0.5429101562499998 
0.7813867187499999 
0.7268945312499998 
1.1341210937500001 
0.7573632812499999 
0.9173242187499999 
0.5036523437499999 
0.7720117187499999 
0.8434960937499998 
0.7005273437499998 
0.8077539062499999 
0.6724023437499999 
0.7321679687499998 
0.6313867187499999 
0.8552148437499999 
0.6847070312499999 
0.8452539062499999 
0.5768945312499999 
0.6542382812499998 
0.7245507812499998 
0.8809960937499998 
0.6835351562499998 
0.6835351562499998 
0.7391992187499997 
0.6530664062499998 
1.2290429687500002 
0.7579492187499998 
0.8962304687499998 
0.93841796875 
0.8048242187499998 
0.8938867187499998 
0.7087304687499998 
0.8247460937499999 
0.7720117187499999 
0.6958398437499999 
0.9923242187499998 
0.8927148437499999 
1.17396484375 
0.6946679687499998 
0.8106835937499999 
0.8622460937499998 
0.7731835937499999 
0.7016992187499997 
1.13939453125 
0.6788476562499999 
1.07201171875 
1.02044921875 
0.6659570312499998 
0.8698632812499999 
0.9097070312499999 
0.8821679687499998 
0.6425195312499999 
0.92025390625 
1.2143945312500002 
0.8229882812499999 
0.6741601562499998 
0.6852929687499998 
0.8897851562499998 
0.92904296875 
0.7386132812499998 
0.97826171875 
0.6600976562499998 
0.51830078125 
0.7837304687499999 
1.14232421875 
0.7608789062499999 
0.8768945312499998 
0.7192773437499999 
0.93548828125 
0.7016992187499997 
0.8833398437499999 
1.0403710937500001 
0.7462304687499998 
0.8909570312499998 
0.8593164062499998 
0.6806054687499998 
0.8188867187499999 
1.16283203125 
0.7778710937499999 
1.01986328125 
0.6876367187499998 
0.8950585937499999 
0.8809960937499998 
0.9401757812500001 
1.21556640625 
0.6577539062499999 
0.8604882812499999 
0.95365234375 
0.7368554687499997 
0.8218164062499999 
