16 17 67 
0.8130273437499999 
0.7725976562499999 
0.7063867187499998 
0.8136132812499999 
0.9683007812500001 
0.7016992187499997 
0.7561914062499998 
0.95658203125 
0.9940820312499998 
0.5839257812499999 
0.8136132812499999 
1.2290429687500002 
0.7772851562499998 
0.7602929687499999 
0.8165429687499999 
0.8815820312499998 
0.9214257812500001 
0.6700585937499999 
0.7181054687499998 
0.7268945312499998 
0.8212304687499998 
0.5792382812499999 
0.8036523437499998 
0.6278710937499998 
0.5604882812499999 
0.97064453125 
1.03392578125 
0.97474609375 
0.8329492187499998 
0.8024804687499998 
0.7972070312499999 
0.93255859375 
1.0456445312500002 
0.8657617187499999 
1.3075585937500003 
1.04798828125 
0.7198632812499999 
0.5007226562499999 
0.6776757812499999 
1.18451171875 
0.7608789062499999 
0.8429101562499998 
0.8833398437499999 
0.8393945312499999 
0.8634179687499999 
0.9893945312499999 
0.9061914062499998 
0.6606835937499999 
0.97474609375 
0.8675195312499999 
0.9073632812499999 
0.5991601562499999 
0.95775390625 
0.8710351562499998 
0.98294921875 
1.4048242187500002 
1.03744140625 
0.96126953125 
0.6735742187499998 
0.8464257812499999 
0.9020898437499999 
1.15521484375 
0.7222070312499999 
0.7649804687499998 
0.8013085937499999 
0.8399804687499998 
0.7702539062499999 
1.11009765625 
1.31634765625 
0.7802148437499999 
1.10892578125 
0.9395898437500001 
0.8909570312499998 
1.10658203125 
0.60501953125 
0.9876367187499998 
0.8177148437499999 
1.02044921875 
1.3391992187500001 
0.7972070312499999 
0.7503320312499998 
0.8505273437499998 
0.8177148437499999 
1.35736328125 
0.93138671875 
0.9308007812500001 
0.9905664062499998 
0.8200585937499999 
0.9929101562499998 
0.7802148437499999 
1.01283203125 
0.93841796875 
0.8745507812499999 
0.9964257812499999 
0.64017578125 
0.5827539062499999 
1.2606835937500003 
0.6641992187499998 
0.6554101562499998 
0.96712890625 
0.92494140625 
0.91966796875 
0.92962890625 
0.8317773437499999 
1.28822265625 
0.7731835937499999 
0.6905664062499998 
0.7140039062499999 
0.9934960937499998 
0.7233789062499998 
0.9302148437500001 
0.49017578124999994 
0.7766992187499998 
0.97005859375 
0.9647851562499999 
0.9425195312500001 
0.9302148437500001 
0.92376953125 
0.6079492187499999 
0.6343164062499999 
1.1253320312500001 
0.6999414062499998 
1.20326171875 
0.5903710937499999 
1.03392578125 
1.0110742187500001 
0.6155664062499998 
0.7268945312499998 
0.8821679687499998 
0.8792382812499998 
0.96126953125 
0.8358789062499998 
0.7673242187499998 
0.5516992187499998 
0.6858789062499998 
0.9893945312499999 
0.95892578125 
0.9425195312500001 
0.79017578125 
0.8786523437499998 
1.06791015625 
0.5868554687499998 
0.9964257812499999 
0.6454492187499998 
0.8511132812499999 
0.6495507812499999 
0.9425195312500001 
0.8183007812499999 
0.8048242187499998 
0.8809960937499998 
0.6847070312499999 
0.8768945312499998 
1.13236328125 
0.7380273437499998 
0.9923242187499998 
0.9266992187499999 
0.7233789062499998 
1.2190820312500001 
0.8774804687499997 
0.97416015625 
1.28822265625 
0.9899804687499998 
0.98412109375 
0.8792382812499998 
0.5868554687499998 
0.49134765624999993 
0.6929101562499997 
1.0286523437500001 
1.12416015625 
0.7456445312499999 
0.6700585937499999 
1.3491601562500002 
0.92318359375 
0.6214257812499999 
1.00404296875 
0.7591210937499998 
0.91966796875 
0.9302148437500001 
0.8722070312499999 
0.8229882812499999 
0.94134765625 
0.8429101562499998 
1.09310546875 
0.8311914062499999 
0.98470703125 
0.7643945312499999 
0.6372460937499999 
0.8341210937499999 
0.6179101562499998 
0.8265039062499999 
0.7626367187499998 
0.9009179687499999 
0.5968164062499999 
0.8347070312499999 
0.6313867187499999 
0.96361328125 
0.7186914062499998 
0.6466210937499999 
0.8874414062499998 
0.91205078125 
