50 2 48 
1.36791015625 
1.3075585937500003 
1.30169921875 
1.4183007812500001 
1.37318359375 
1.3052148437500002 
1.33861328125 
1.31634765625 
1.33275390625 
1.36966796875 
1.3304101562500001 
1.36029296875 
1.29876953125 
1.39427734375 
1.41478515625 
1.3462304687500002 
1.28119140625 
1.32044921875 
1.3813867187500002 
1.2847070312500002 
1.33685546875 
1.3268945312500002 
1.3860742187500001 
1.3702539062499999 
1.3474023437500002 
1.31810546875 
1.3099023437500001 
1.3438867187500003 
1.3345117187500002 
1.44408203125 
1.3286523437500002 
1.33509765625 
1.3438867187500003 
1.3345117187500002 
1.28529296875 
1.31458984375 
1.4200585937500003 
1.3099023437500001 
1.4247460937500003 
1.37904296875 
1.3110742187500002 
1.41009765625 
1.31517578125 
1.3831445312500001 
1.41419921875 
1.41302734375 
1.33216796875 
1.22728515625 
1.28998046875 
1.29525390625 
1.3239648437500002 
1.3684960937500001 
1.30580078125 
1.36673828125 
1.32220703125 
1.29115234375 
1.2718164062500001 
1.2173242187500002 
1.39603515625 
1.3309960937500003 
1.29759765625 
1.3860742187500001 
1.30345703125 
1.4059960937500002 
1.36322265625 
1.34681640625 
1.43060546875 
1.3474023437500002 
1.3356835937500002 
1.2864648437500001 
1.2888085937500002 
1.35150390625 
1.36146484375 
1.29466796875 
1.30462890625 
1.2706445312500003 
1.3304101562500001 
1.3391992187500001 
1.31458984375 
1.3081445312500002 
1.2981835937500001 
1.32806640625 
1.38197265625 
1.37904296875 
1.31751953125 
1.40423828125 
1.40423828125 
1.31986328125 
1.29759765625 
1.31048828125 
1.3989648437500002 
1.36673828125 
1.3128320312500001 
1.33978515625 
1.3456445312500003 
1.38431640625 
1.2466210937500002 
1.3216210937500001 
1.2864648437500001 
1.35560546875 
1.3550195312500002 
1.38900390625 
1.40775390625 
1.3122460937500002 
1.29525390625 
1.3403710937500002 
1.41185546875 
1.2782617187500003 
1.23548828125 
1.3075585937500003 
1.30287109375 
1.29525390625 
1.3831445312500001 
1.31400390625 
1.37259765625 
1.3872460937500002 
1.2888085937500002 
1.30169921875 
1.3438867187500003 
1.3438867187500003 
1.3263085937500003 
1.32220703125 
1.2876367187500002 
1.3110742187500002 
1.36556640625 
1.2847070312500002 
1.2981835937500001 
1.3122460937500002 
1.3245507812500001 
1.2847070312500002 
1.43470703125 
1.3257226562500002 
1.33509765625 
1.36966796875 
1.2313867187500003 
1.28705078125 
1.3567773437500001 
1.30228515625 
1.3702539062499999 
1.3052148437500002 
1.4059960937500002 
1.3591210937500002 
1.4036523437500001 
1.3626367187500001 
1.4247460937500003 
1.39017578125 
1.38900390625 
1.31986328125 
1.37142578125 
1.3075585937500003 
1.29935546875 
1.30580078125 
1.29525390625 
1.36615234375 
1.2981835937500001 
1.3503320312500002 
1.42767578125 
1.4188867187500003 
1.29876953125 
1.35560546875 
1.3567773437500001 
1.39720703125 
1.3356835937500002 
1.35853515625 
1.4224023437500002 
1.36673828125 
1.29056640625 
1.42298828125 
1.33685546875 
1.4007226562500001 
1.3298242187500002 
1.35150390625 
1.3474023437500002 
1.3345117187500002 
1.2981835937500001 
1.33275390625 
1.32220703125 
1.42181640625 
1.33216796875 
1.33861328125 
1.31341796875 
1.36556640625 
1.2893945312500001 
1.33392578125 
1.41595703125 
1.31927734375 
1.3403710937500002 
1.36908203125 
1.3538476562500001 
1.36791015625 
1.2161523437500001 
1.3485742187500003 
1.23900390625 
1.3309960937500003 
1.3550195312500002 
1.28822265625 
1.3538476562500001 
1.3239648437500002 
1.3362695312500001 
1.3550195312500002 
