32 17 51 
0.8856835937499998 
0.6179101562499998 
0.7538476562499998 
0.55580078125 
0.8622460937499998 
0.7409570312499998 
0.7790429687499999 
0.4866601562499999 
0.95423828125 
0.8270898437499999 
0.8651757812499999 
0.6606835937499999 
0.8856835937499998 
0.95833984375 
1.09603515625 
0.8933007812499999 
0.8323632812499999 
0.8030664062499998 
0.8786523437499998 
0.6067773437499999 
0.5382226562499999 
0.6923242187499997 
0.8698632812499999 
0.7825585937499999 
0.60208984375 
0.6934960937499998 
0.6595117187499998 
0.8581445312499999 
1.17162109375 
0.41986328125 
0.92025390625 
0.5839257812499999 
0.6542382812499998 
0.6688867187499998 
0.7954492187499999 
0.6360742187499998 
0.7872460937499999 
0.6671289062499999 
0.7515039062499999 
0.8587304687499998 
0.6683007812499999 
0.6724023437499999 
0.7532617187499998 
0.9735742187499999 
0.6056054687499999 
0.7362695312499998 
0.52708984375 
0.8985742187499998 
0.5118554687499999 
1.31400390625 
0.5575585937499999 
0.8540429687499999 
1.2302148437500002 
0.8645898437499999 
0.6724023437499999 
0.93490234375 
0.6724023437499999 
0.98294921875 
0.8018945312499999 
0.8962304687499998 
1.03041015625 
1.09193359375 
0.7638085937499999 
0.6835351562499998 
1.02455078125 
0.6073632812499999 
0.7819726562499999 
0.7931054687499999 
0.7450585937499998 
0.6343164062499999 
0.7884179687499999 
0.96302734375 
0.7503320312499998 
1.00287109375 
0.7380273437499998 
0.9073632812499999 
0.7491601562499998 
1.11126953125 
0.7468164062499998 
0.9524804687499999 
0.6788476562499999 
0.7749414062499999 
0.8399804687499998 
0.7233789062499998 
0.7509179687499998 
0.7016992187499997 
0.6595117187499998 
0.7456445312499999 
0.8059960937499998 
0.6847070312499999 
0.6835351562499998 
0.7561914062499998 
0.7427148437499999 
1.11419921875 
0.8739648437499998 
0.6120507812499999 
0.7743554687499998 
0.7620507812499999 
0.60208984375 
0.8640039062499999 
1.0450585937500003 
0.8165429687499999 
0.6788476562499999 
1.08373046875 
0.7479882812499998 
0.7649804687499998 
0.98060546875 
0.9905664062499998 
0.9952539062499999 
0.6899804687499997 
0.8077539062499999 
0.93724609375 
1.14349609375 
0.8997460937499998 
0.7151757812499999 
0.8956445312499999 
0.8757226562499998 
0.4995507812499999 
0.7462304687499998 
0.6899804687499997 
0.8745507812499999 
0.94896484375 
0.7725976562499999 
0.8792382812499998 
0.6864648437499998 
0.6806054687499998 
0.93373046875 
1.13880859375 
0.9266992187499999 
0.7919335937499999 
0.7667382812499999 
0.7526757812499999 
1.11712890625 
0.97943359375 
0.5118554687499999 
0.6888085937499998 
0.8599023437499999 
1.0063867187500002 
1.15697265625 
0.97884765625 
0.9015039062499999 
0.8686914062499999 
0.92435546875 
0.5136132812499999 
0.8716210937499999 
0.8188867187499999 
0.8839257812499999 
0.8352929687499998 
0.6782617187499999 
0.8540429687499999 
0.97123046875 
0.6349023437499999 
0.6940820312499998 
0.82767578125 
1.16693359375 
0.6202539062499999 
0.8030664062499998 
0.7403710937499998 
0.9618554687499999 
0.5880273437499999 
0.9981835937499999 
0.53236328125 
0.8599023437499999 
0.7743554687499998 
0.7327539062499998 
0.6472070312499999 
0.8153710937499998 
0.7122460937499998 
0.7081445312499999 
0.8804101562499997 
0.92552734375 
0.7304101562499997 
0.6712304687499998 
0.8470117187499998 
0.6923242187499997 
1.1763085937500002 
0.6460351562499999 
1.16693359375 
0.7239648437499998 
0.7983789062499999 
0.6571679687499998 
0.7966210937499999 
0.41576171874999995 
0.91087890625 
0.5458398437499999 
0.6823632812499999 
1.1493554687499998 
0.6735742187499998 
0.6589257812499999 
0.8575585937499999 
0.7591210937499998 
0.94720703125 
0.7016992187499997 
0.5622460937499999 
0.59330078125 
0.5780664062499998 
0.7942773437499999 
0.6360742187499998 
0.7222070312499999 
0.7649804687499998 
