37 17 46 
0.8429101562499998 
0.7110742187499998 
1.22376953125 
1.1341210937500001 
0.7790429687499999 
0.6097070312499999 
0.9876367187499998 
0.9946679687499999 
0.9559960937499999 
0.5839257812499999 
0.91263671875 
0.7679101562499998 
0.5739648437499999 
1.05970703125 
0.94134765625 
0.93666015625 
0.95423828125 
0.8141992187499998 
0.4860742187499999 
0.7802148437499999 
1.2847070312500002 
0.6905664062499998 
0.7304101562499997 
0.5774804687499998 
0.9395898437500001 
0.6448632812499999 
0.7198632812499999 
0.8616601562499998 
0.8552148437499999 
0.7251367187499997 
0.7520898437499999 
0.97064453125 
0.95775390625 
0.5927148437499999 
0.7485742187499997 
0.8306054687499999 
0.8347070312499999 
0.6225976562499999 
0.6436914062499999 
0.7573632812499999 
0.97533203125 
0.91322265625 
1.16224609375 
0.8352929687499998 
0.8991601562499998 
1.11830078125 
1.2841210937500003 
0.8481835937499999 
0.8997460937499998 
0.91439453125 
0.8909570312499998 
0.8335351562499999 
0.8218164062499999 
0.8933007812499999 
0.6108789062499999 
0.7954492187499999 
0.9020898437499999 
0.6431054687499999 
0.9893945312499999 
0.6747460937499998 
0.7052148437499999 
0.8405664062499998 
0.7192773437499999 
0.93255859375 
0.8745507812499999 
1.0110742187500001 
0.8522851562499998 
0.5780664062499998 
0.7813867187499999 
0.7304101562499997 
0.93666015625 
0.9032617187499998 
0.7257226562499998 
0.5722070312499999 
0.8675195312499999 
0.8241601562499998 
1.01400390625 
0.7597070312499998 
0.7585351562499998 
0.7977929687499998 
0.7099023437499998 
1.06908203125 
0.5036523437499999 
0.9864648437499999 
0.7890039062499999 
0.8083398437499999 
0.7087304687499998 
0.6102929687499998 
0.6952539062499998 
0.6981835937499998 
0.8007226562499998 
0.82767578125 
1.00580078125 
0.8177148437499999 
0.91380859375 
1.27650390625 
0.6683007812499999 
0.5681054687499999 
0.8446679687499998 
0.9085351562499998 
0.7304101562499997 
0.94369140625 
0.6583398437499999 
0.91439453125 
0.5938867187499999 
0.94544921875 
0.91029296875 
0.5798242187499998 
0.8218164062499999 
0.7128320312499998 
0.8493554687499998 
0.8089257812499999 
0.5253320312499999 
0.8200585937499999 
0.7561914062499998 
0.93197265625 
0.79017578125 
0.7561914062499998 
0.7397851562499997 
0.8141992187499998 
0.8546289062499999 
0.9870507812499999 
0.6929101562499997 
1.00345703125 
0.5534570312499999 
0.9934960937499998 
0.6184960937499998 
0.7813867187499999 
0.93490234375 
1.11361328125 
0.6483789062499998 
0.5927148437499999 
0.6888085937499998 
0.9870507812499999 
0.8399804687499998 
0.8622460937499998 
1.11712890625 
0.98294921875 
0.6677148437499999 
0.7134179687499999 
1.03509765625 
0.6718164062499998 
0.6817773437499999 
0.7227929687499998 
0.59330078125 
1.0438867187500003 
0.7415429687499998 
0.5979882812499999 
0.5429101562499998 
0.7948632812499999 
0.7251367187499997 
0.6489648437499999 
0.94427734375 
1.09955078125 
0.8323632812499999 
0.7608789062499999 
0.7145898437499999 
0.7737695312499999 
0.7192773437499999 
0.94310546875 
0.8593164062499998 
0.6536523437499998 
0.6548242187499997 
0.7280664062499997 
0.8774804687499997 
0.60267578125 
0.6208398437499999 
0.5921289062499999 
0.6606835937499999 
0.8013085937499999 
0.7831445312499999 
0.9929101562499998 
0.6577539062499999 
0.8358789062499998 
0.8358789062499998 
0.6905664062499998 
0.8558007812499999 
0.7268945312499998 
0.47845703124999994 
0.8780664062499998 
0.8534570312499998 
0.5716210937499999 
0.6641992187499998 
0.49310546874999994 
0.7345117187499998 
0.9946679687499999 
1.0415429687500002 
0.8558007812499999 
0.7643945312499999 
0.6911523437499998 
0.50833984375 
0.9993554687499997 
0.8393945312499999 
0.7415429687499998 
0.6823632812499999 
0.6893945312499998 
1.13177734375 
0.95658203125 
0.7403710937499998 
0.6266992187499998 
