39 17 44 
0.6114648437499999 
0.7280664062499997 
0.6600976562499998 
0.7509179687499998 
0.7931054687499999 
0.9923242187499998 
0.8358789062499998 
0.7849023437499999 
0.6290429687499999 
0.9026757812499999 
0.8704492187499998 
0.5727929687499999 
0.6606835937499999 
0.6858789062499998 
0.6606835937499999 
1.1956445312500001 
0.8048242187499998 
0.8446679687499998 
0.8856835937499998 
0.8388085937499998 
0.92083984375 
0.6647851562499998 
0.7052148437499999 
0.6073632812499999 
0.7667382812499999 
0.6524804687499998 
0.7977929687499998 
0.8106835937499999 
0.8845117187499998 
0.6747460937499998 
0.8575585937499999 
0.6671289062499999 
0.9067773437499999 
0.7755273437499999 
0.6044335937499999 
0.9952539062499999 
0.94955078125 
0.7116601562499998 
0.7837304687499999 
0.8183007812499999 
0.8722070312499999 
0.6360742187499998 
0.7638085937499999 
0.7046289062499999 
0.8218164062499999 
0.8640039062499999 
0.7444726562499998 
0.8001367187499998 
0.7421289062499998 
0.94837890625 
0.7866601562499999 
0.9214257812500001 
0.9683007812500001 
0.7040429687499998 
0.7544335937499999 
0.93373046875 
1.19037109375 
0.6600976562499998 
0.7479882812499998 
0.6606835937499999 
0.7526757812499999 
0.8722070312499999 
1.0743554687499999 
0.9923242187499998 
0.6864648437499998 
0.6677148437499999 
0.7245507812499998 
0.7673242187499998 
0.7468164062499998 
0.7702539062499999 
0.5821679687499999 
0.6073632812499999 
0.7104882812499999 
0.7356835937499998 
1.07083984375 
1.05091796875 
0.8282617187499999 
0.9852929687499998 
0.7831445312499999 
0.8487695312499999 
0.8183007812499999 
0.7802148437499999 
0.6184960937499998 
0.9097070312499999 
0.6354882812499999 
0.6893945312499998 
0.8528710937499998 
0.6108789062499999 
0.92845703125 
0.6091210937499999 
0.6261132812499999 
1.09779296875 
0.5915429687499999 
0.7731835937499999 
0.7157617187499998 
1.0345117187500001 
1.20560546875 
0.6577539062499999 
0.8376367187499998 
0.6009179687499999 
1.0872460937500001 
0.5757226562499999 
0.8429101562499998 
0.5511132812499999 
0.5575585937499999 
0.7778710937499999 
0.9079492187499998 
1.0075585937500002 
0.6718164062499998 
0.7227929687499998 
0.9056054687499998 
0.6231835937499999 
0.94720703125 
0.98119140625 
0.7462304687499998 
0.6718164062499998 
0.7222070312499999 
0.6683007812499999 
0.7321679687499998 
0.8475976562499998 
0.7186914062499998 
0.6559960937499998 
0.6940820312499998 
1.02806640625 
0.7509179687499998 
0.7819726562499999 
0.6003320312499999 
0.7409570312499998 
0.7708398437499999 
0.6800195312499999 
0.7655664062499998 
0.6073632812499999 
0.7386132812499998 
0.7245507812499998 
0.6993554687499998 
0.7878320312499999 
1.12708984375 
0.8200585937499999 
0.96771484375 
1.07083984375 
0.7532617187499998 
0.9050195312499999 
0.6770898437499999 
0.6366601562499998 
0.8429101562499998 
0.44447265624999993 
1.07787109375 
0.7327539062499998 
0.7309960937499997 
1.16048828125 
0.6624414062499998 
0.7345117187499998 
0.6683007812499999 
0.8358789062499998 
0.7099023437499998 
0.95423828125 
0.9390039062500001 
0.6700585937499999 
0.94720703125 
0.6319726562499999 
0.6589257812499999 
0.5827539062499999 
0.91673828125 
0.6858789062499998 
0.92728515625 
0.5634179687499999 
0.6565820312499998 
1.15462890625 
1.06029296875 
0.9934960937499998 
0.6565820312499998 
0.8850976562499998 
0.97181640625 
0.94837890625 
0.6852929687499998 
0.6864648437499998 
0.7966210937499999 
0.52650390625 
0.7321679687499998 
0.6261132812499999 
0.7333398437499998 
1.1499414062499997 
0.8083398437499999 
0.8669335937499999 
0.8622460937499998 
0.7638085937499999 
0.9981835937499999 
0.7251367187499997 
0.9266992187499999 
0.91087890625 
0.8458398437499999 
0.8446679687499998 
0.6706445312499999 
0.6741601562499998 
0.6565820312499998 
0.96595703125 
0.5862695312499999 
0.91263671875 
0.5809960937499998 
0.94720703125 
