41 17 42 
0.9683007812500001 
0.5874414062499999 
0.7263085937499998 
0.5862695312499999 
0.79251953125 
0.7122460937499998 
0.7069726562499998 
1.06029296875 
0.7608789062499999 
0.7163476562499999 
0.94896484375 
0.8130273437499999 
0.6841210937499999 
0.7444726562499998 
0.6319726562499999 
0.6132226562499998 
0.7052148437499999 
0.8581445312499999 
0.5657617187499999 
0.8153710937499998 
0.5991601562499999 
0.6870507812499999 
0.7052148437499999 
0.6296289062499999 
0.8722070312499999 
0.7169335937499999 
0.6249414062499998 
0.8042382812499999 
0.6589257812499999 
0.94310546875 
0.7661523437499999 
0.8183007812499999 
1.33392578125 
1.01810546875 
0.8522851562499998 
0.6700585937499999 
0.7497460937499998 
0.7110742187499998 
0.8563867187499998 
0.7632226562499999 
1.02220703125 
0.8042382812499999 
0.8177148437499999 
0.8839257812499999 
0.7515039062499999 
1.06263671875 
0.9911523437499998 
0.7684960937499998 
0.93666015625 
0.7702539062499999 
0.94427734375 
0.8282617187499999 
0.6132226562499998 
0.6466210937499999 
1.05267578125 
0.92611328125 
0.7884179687499999 
0.6606835937499999 
0.6946679687499998 
0.5979882812499999 
0.7573632812499999 
0.7714257812499999 
0.8364648437499999 
0.8669335937499999 
0.8546289062499999 
0.7509179687499998 
0.8229882812499999 
0.6917382812499998 
0.6852929687499998 
0.7907617187499999 
0.7819726562499999 
0.8891992187499997 
1.2495507812500002 
0.8968164062499998 
1.18041015625 
1.0497460937500003 
0.8300195312499999 
0.6677148437499999 
0.7333398437499998 
0.8575585937499999 
0.7415429687499998 
0.6688867187499998 
0.6841210937499999 
0.91439453125 
0.8399804687499998 
0.6677148437499999 
0.9395898437500001 
0.7304101562499997 
0.8071679687499999 
0.8974023437499998 
0.91908203125 
0.49720703124999993 
0.7761132812499999 
0.7591210937499998 
0.56693359375 
0.8270898437499999 
0.7286523437499998 
0.7175195312499999 
0.8335351562499999 
0.7620507812499999 
0.8657617187499999 
0.96654296875 
0.7614648437499999 
0.7391992187499997 
0.7761132812499999 
0.8651757812499999 
0.7995507812499999 
0.96654296875 
0.5733789062499999 
0.7614648437499999 
0.9735742187499999 
0.7749414062499999 
0.6571679687499998 
1.12767578125 
0.7368554687499997 
1.13822265625 
0.7415429687499998 
0.6120507812499999 
0.8593164062499998 
0.8059960937499998 
0.8686914062499999 
0.6149804687499998 
0.7433007812499999 
0.6149804687499998 
1.2548242187500003 
0.7474023437499998 
0.6255273437499999 
0.8341210937499999 
0.8528710937499998 
0.8856835937499998 
1.0403710937500001 
0.7304101562499997 
0.7274804687499997 
1.09955078125 
0.7058007812499999 
1.2349023437500002 
0.6108789062499999 
0.8200585937499999 
0.7790429687499999 
0.8569726562499999 
0.6425195312499999 
0.7145898437499999 
1.00345703125 
1.02044921875 
0.6483789062499998 
0.7479882812499998 
0.9079492187499998 
0.6395898437499999 
0.8604882812499999 
0.7474023437499998 
0.6413476562499999 
0.8528710937499998 
0.7626367187499998 
0.7784570312499999 
0.8774804687499997 
1.10716796875 
0.5048242187499998 
0.5792382812499999 
0.7022851562499998 
0.6770898437499999 
0.7034570312499998 
0.6091210937499999 
0.5985742187499998 
0.8891992187499997 
0.6999414062499998 
0.7403710937499998 
0.9559960937499999 
0.5768945312499999 
0.8569726562499999 
0.7063867187499998 
0.5235742187499999 
0.9940820312499998 
0.7350976562499998 
0.7204492187499998 
0.7251367187499997 
0.91849609375 
0.7802148437499999 
0.8153710937499998 
0.8546289062499999 
0.96126953125 
0.6653710937499998 
0.8505273437499998 
1.14232421875 
0.9020898437499999 
1.0081445312500001 
0.6741601562499998 
0.94369140625 
0.5481835937499999 
0.8962304687499998 
0.7415429687499998 
0.8739648437499998 
0.7116601562499998 
0.7069726562499998 
0.7661523437499999 
0.8727929687499998 
0.8915429687499998 
0.8850976562499998 
0.7907617187499999 
0.8903710937499998 
0.6741601562499998 
