52 2 46 
1.3485742187500003 
1.3989648437500002 
1.31458984375 
1.3239648437500002 
1.3749414062499998 
1.3298242187500002 
1.33275390625 
1.3075585937500003 
1.4018945312500002 
1.34095703125 
1.2981835937500001 
1.2747460937500004 
1.33275390625 
1.33392578125 
1.33685546875 
1.35267578125 
1.3479882812500001 
1.32044921875 
1.3128320312500001 
1.35267578125 
1.3069726562500001 
1.31341796875 
1.32923828125 
1.39486328125 
1.28998046875 
1.3702539062499999 
1.31341796875 
1.3345117187500002 
1.40248046875 
1.31166015625 
1.38373046875 
1.30931640625 
1.3421289062500001 
1.31986328125 
1.3474023437500002 
1.31458984375 
1.3257226562500002 
1.3421289062500001 
1.33861328125 
1.3227929687500002 
1.36205078125 
1.3257226562500002 
1.30287109375 
1.31048828125 
1.3491601562500002 
1.29408203125 
1.4013085937500003 
1.35853515625 
1.30931640625 
1.2829492187500002 
1.3075585937500003 
1.3315820312500002 
1.29642578125 
1.39720703125 
1.37376953125 
1.44232421875 
1.35736328125 
1.2923242187500001 
1.31517578125 
1.31048828125 
1.2829492187500002 
1.31927734375 
1.29935546875 
1.3450585937500004 
1.2876367187500002 
1.3567773437500001 
1.3110742187500002 
1.30873046875 
1.3638085937500002 
1.41478515625 
1.35560546875 
1.38373046875 
1.37962890625 
1.3052148437500002 
1.43353515625 
1.31810546875 
1.3075585937500003 
1.40541015625 
1.4194726562500002 
1.3544335937500003 
1.3063867187500002 
1.33275390625 
1.31166015625 
1.32220703125 
1.36498046875 
1.3063867187500002 
1.37728515625 
1.29056640625 
1.33978515625 
1.3462304687500002 
1.3298242187500002 
1.3989648437500002 
1.37318359375 
1.24134765625 
1.29642578125 
1.3456445312500003 
1.4247460937500003 
1.2747460937500004 
1.2319726562500002 
1.3216210937500001 
1.43119140625 
1.35619140625 
1.3544335937500003 
1.41302734375 
1.31166015625 
1.33275390625 
1.32103515625 
1.36615234375 
1.3567773437500001 
1.3919335937500001 
1.3802148437500001 
1.3567773437500001 
1.30345703125 
1.31927734375 
1.3128320312500001 
1.37142578125 
1.2934960937500002 
1.31634765625 
1.32103515625 
1.40716796875 
1.3333398437500001 
1.3081445312500002 
1.3075585937500003 
1.3040429687500001 
1.3544335937500003 
1.3638085937500002 
1.31751953125 
1.32044921875 
1.2360742187500002 
1.34681640625 
1.3345117187500002 
1.36908203125 
1.40306640625 
1.29876953125 
1.34681640625 
1.3063867187500002 
1.3579492187500002 
1.30228515625 
1.29291015625 
1.3391992187500001 
1.3462304687500002 
1.34095703125 
1.4036523437500001 
1.3274804687500001 
1.2999414062499999 
1.31517578125 
1.2934960937500002 
1.3403710937500002 
1.4001367187500002 
1.3520898437500002 
1.29642578125 
1.33216796875 
1.38197265625 
1.39251953125 
1.31869140625 
1.36498046875 
1.3825585937500002 
1.21966796875 
1.41009765625 
1.33392578125 
1.3286523437500002 
1.2934960937500002 
1.3684960937500001 
1.3169335937500002 
1.31634765625 
1.38958984375 
1.39076171875 
1.30873046875 
1.30462890625 
1.31166015625 
1.36146484375 
1.3263085937500003 
1.3567773437500001 
1.3216210937500001 
1.36966796875 
1.30111328125 
1.32103515625 
1.38373046875 
1.40775390625 
1.3110742187500002 
1.31927734375 
1.35619140625 
1.41595703125 
1.39427734375 
1.3315820312500002 
1.30287109375 
1.36673828125 
1.3813867187500002 
1.3462304687500002 
1.29466796875 
1.33392578125 
1.37728515625 
1.3761132812499999 
1.36205078125 
1.28822265625 
1.29583984375 
1.37142578125 
1.35853515625 
1.3427148437500003 
1.37318359375 
