49 17 34 
0.7491601562499998 
0.7409570312499998 
0.98412109375 
0.9003320312499998 
0.7368554687499997 
0.8376367187499998 
0.7667382812499999 
0.9050195312499999 
0.8493554687499998 
0.7942773437499999 
0.8452539062499999 
0.6835351562499998 
0.6782617187499999 
0.5681054687499999 
0.8710351562499998 
0.8001367187499998 
0.8218164062499999 
0.93197265625 
0.7204492187499998 
0.93197265625 
0.7362695312499998 
0.7268945312499998 
0.8335351562499999 
0.8247460937499999 
0.8563867187499998 
0.5224023437499999 
0.8991601562499998 
0.6559960937499998 
1.0503320312500002 
0.91087890625 
0.7368554687499997 
0.7175195312499999 
0.6987695312499999 
0.9067773437499999 
0.6489648437499999 
0.6436914062499999 
0.7907617187499999 
0.9015039062499999 
0.6225976562499999 
0.8118554687499998 
0.8224023437499999 
0.5809960937499998 
0.8622460937499998 
0.6811914062499999 
0.7298242187499997 
0.8886132812499998 
0.6565820312499998 
0.92083984375 
0.7309960937499997 
1.0298242187500002 
0.7890039062499999 
0.9524804687499999 
0.7403710937499998 
0.6114648437499999 
0.8376367187499998 
0.92904296875 
0.8247460937499999 
0.6882226562499998 
0.6636132812499999 
0.8077539062499999 
0.7561914062499998 
1.1358789062499999 
0.5974023437499999 
0.6231835937499999 
0.9009179687499999 
0.7573632812499999 
0.6899804687499997 
0.7321679687499998 
0.6015039062499999 
0.8013085937499999 
0.7515039062499999 
0.7690820312499999 
0.6343164062499999 
0.8112695312499999 
0.5745507812499999 
0.7298242187499997 
0.6630273437499998 
0.8499414062499998 
0.7140039062499999 
0.9917382812499999 
0.8306054687499999 
0.6278710937499998 
0.6876367187499998 
0.98177734375 
0.7093164062499998 
0.6196679687499999 
0.6237695312499999 
1.1997460937500002 
0.8306054687499999 
0.91322265625 
1.0427148437500002 
0.4731835937499999 
0.8563867187499998 
0.5411523437499999 
0.6647851562499998 
0.96302734375 
0.7198632812499999 
0.7204492187499998 
0.7479882812499998 
0.6454492187499998 
0.7966210937499999 
0.6882226562499998 
0.8130273437499999 
0.6296289062499999 
0.7315820312499998 
1.22435546875 
0.6143945312499999 
0.7145898437499999 
0.6044335937499999 
0.93197265625 
0.9032617187499998 
0.7397851562499997 
0.8077539062499999 
0.6284570312499999 
0.7667382812499999 
1.0743554687499999 
0.7567773437499998 
0.7772851562499998 
0.8827539062499998 
0.8815820312499998 
0.8446679687499998 
0.7602929687499999 
0.8511132812499999 
0.7099023437499998 
0.7837304687499999 
0.6952539062499998 
0.5938867187499999 
0.7286523437499998 
0.6161523437499998 
0.8675195312499999 
0.7831445312499999 
0.4731835937499999 
0.6677148437499999 
0.7702539062499999 
0.92904296875 
0.8915429687499998 
1.07669921875 
0.7298242187499997 
0.8815820312499998 
0.9173242187499999 
0.6700585937499999 
0.8054101562499998 
0.9038476562499999 
0.7802148437499999 
0.6202539062499999 
0.6009179687499999 
0.6313867187499999 
0.7509179687499998 
0.7046289062499999 
0.5663476562499999 
1.05677734375 
0.8265039062499999 
0.7450585937499998 
0.92962890625 
1.00287109375 
0.7778710937499999 
0.8833398437499999 
0.95072265625 
0.78080078125 
0.7995507812499999 
0.6061914062499999 
0.7210351562499998 
0.5540429687499999 
0.7122460937499998 
0.95189453125 
0.8763085937499998 
0.7058007812499999 
0.5938867187499999 
0.6671289062499999 
0.7122460937499998 
0.6085351562499999 
0.8171289062499999 
0.8681054687499998 
0.6032617187499999 
0.6624414062499998 
1.2665429687500003 
1.2706445312500003 
0.8956445312499999 
0.8153710937499998 
0.6196679687499999 
0.7450585937499998 
0.6794335937499999 
0.6132226562499998 
0.6061914062499999 
0.8077539062499999 
0.7491601562499998 
0.6296289062499999 
0.7315820312499998 
0.9975976562499999 
0.7227929687499998 
0.7597070312499998 
0.7491601562499998 
0.91908203125 
0.7233789062499998 
0.7403710937499998 
0.6835351562499998 
0.7696679687499999 
0.6272851562499998 
1.06087890625 
0.8405664062499998 
