69 17 14 
0.7966210937499999 
0.6923242187499997 
1.20150390625 
0.9085351562499998 
0.7556054687499998 
0.8364648437499999 
0.5306054687499999 
0.6741601562499998 
0.6852929687499998 
0.9073632812499999 
0.6876367187499998 
0.7954492187499999 
1.10775390625 
0.8751367187499998 
1.08666015625 
0.6987695312499999 
0.7942773437499999 
0.7966210937499999 
0.7040429687499998 
0.6196679687499999 
0.94369140625 
0.8511132812499999 
0.5446679687499999 
0.6038476562499999 
0.5833398437499999 
1.15697265625 
0.7257226562499998 
0.7175195312499999 
0.6636132812499999 
0.8933007812499999 
0.8475976562499998 
0.97474609375 
0.7362695312499998 
0.7872460937499999 
0.8985742187499998 
0.6929101562499997 
0.6243554687499998 
0.9073632812499999 
0.6641992187499998 
0.7679101562499998 
0.5593164062499999 
0.9981835937499999 
0.6249414062499998 
0.7333398437499998 
0.7761132812499999 
0.9425195312500001 
0.6923242187499997 
0.5845117187499999 
0.8136132812499999 
0.8974023437499998 
0.92376953125 
0.8640039062499999 
0.8809960937499998 
1.0227929687500001 
0.8206445312499999 
0.7315820312499998 
0.7614648437499999 
0.7216210937499998 
0.8587304687499998 
0.7661523437499999 
0.7350976562499998 
0.9934960937499998 
0.8253320312499999 
0.7087304687499998 
0.7796289062499999 
0.98353515625 
1.07201171875 
0.6653710937499998 
0.6987695312499999 
0.9981835937499999 
0.7421289062499998 
0.7936914062499999 
0.9038476562499999 
0.5833398437499999 
0.6946679687499998 
0.7222070312499999 
0.5341210937499999 
0.94955078125 
0.7591210937499998 
0.8833398437499999 
0.5915429687499999 
0.94603515625 
1.16751953125 
0.7860742187499998 
0.7679101562499998 
0.8874414062499998 
0.7714257812499999 
0.7766992187499998 
0.7321679687499998 
1.09251953125 
0.8511132812499999 
0.5897851562499998 
0.7989648437499999 
0.96537109375 
0.6565820312499998 
0.7491601562499998 
0.8311914062499999 
0.9776757812500001 
0.9425195312500001 
0.8944726562499998 
0.5575585937499999 
0.7456445312499999 
0.8704492187499998 
0.8856835937499998 
0.7720117187499999 
0.6618554687499998 
0.6313867187499999 
0.8194726562499999 
0.5938867187499999 
0.6829492187499998 
0.9266992187499999 
0.8604882812499999 
0.7175195312499999 
0.6636132812499999 
0.6981835937499998 
1.02748046875 
0.7227929687499998 
0.6999414062499998 
0.7491601562499998 
0.7204492187499998 
0.8511132812499999 
0.6782617187499999 
0.6272851562499998 
0.8809960937499998 
0.9911523437499998 
0.6987695312499999 
1.08783203125 
1.03392578125 
0.8153710937499998 
0.6612695312499999 
0.8692773437499999 
1.08431640625 
0.8821679687499998 
0.5487695312499999 
0.6518945312499999 
0.7263085937499998 
0.8100976562499999 
0.6718164062499998 
0.6102929687499998 
0.7890039062499999 
0.7977929687499998 
0.7485742187499997 
0.5335351562499999 
0.8024804687499998 
0.8194726562499999 
0.9079492187499998 
0.7708398437499999 
1.0110742187500001 
0.7099023437499998 
0.6905664062499998 
0.7544335937499999 
0.5997460937499999 
0.6085351562499999 
0.97181640625 
0.8229882812499999 
0.7192773437499999 
0.6929101562499997 
0.7145898437499999 
0.6747460937499998 
0.6782617187499999 
0.9214257812500001 
0.8927148437499999 
0.7954492187499999 
0.7151757812499999 
0.9641992187499999 
0.7913476562499999 
0.9554101562499999 
0.79251953125 
0.8552148437499999 
0.7708398437499999 
0.6524804687499998 
0.8827539062499998 
0.5827539062499999 
0.6308007812499999 
0.5616601562499999 
0.8147851562499998 
0.8347070312499999 
0.5241601562499999 
0.7632226562499999 
0.7052148437499999 
0.7913476562499999 
1.0550195312500001 
0.6870507812499999 
0.92083984375 
0.7761132812499999 
1.1499414062499997 
0.8569726562499999 
0.8235742187499998 
0.7216210937499998 
0.9647851562499999 
0.7567773437499998 
0.8393945312499999 
0.7140039062499999 
0.7772851562499998 
0.7251367187499997 
0.7556054687499998 
0.7497460937499998 
1.1651757812499999 
0.96771484375 
0.6220117187499998 
