74 17 9 
0.95716796875 
0.6155664062499998 
0.6718164062499998 
0.7515039062499999 
0.92259765625 
0.6800195312499999 
0.7374414062499998 
0.7632226562499999 
0.97005859375 
0.6923242187499997 
1.0286523437500001 
0.91615234375 
0.7479882812499998 
0.7497460937499998 
0.7550195312499999 
0.82767578125 
0.6097070312499999 
0.7374414062499998 
0.6102929687499998 
0.8985742187499998 
0.6870507812499999 
0.7620507812499999 
0.7509179687499998 
0.8317773437499999 
0.6589257812499999 
0.7192773437499999 
0.7474023437499998 
0.7526757812499999 
0.7720117187499999 
0.7140039062499999 
0.9999414062499997 
0.6753320312499999 
0.7532617187499998 
0.8352929687499998 
0.6360742187499998 
0.7638085937499999 
1.2044335937500001 
0.7175195312499999 
0.7755273437499999 
0.8815820312499998 
0.6888085937499998 
0.8651757812499999 
0.7233789062499998 
0.6442773437499999 
0.7561914062499998 
0.7292382812499998 
1.03919921875 
0.7298242187499997 
0.7386132812499998 
1.0427148437500002 
0.5874414062499999 
0.94896484375 
0.7737695312499999 
0.96712890625 
0.6729882812499999 
0.91849609375 
0.91087890625 
0.96654296875 
0.6636132812499999 
0.6460351562499999 
0.8458398437499999 
0.8024804687499998 
0.6454492187499998 
0.8054101562499998 
0.7099023437499998 
0.8563867187499998 
0.7022851562499998 
0.6102929687499998 
0.5745507812499999 
0.8036523437499998 
0.5282617187499999 
0.8915429687499998 
0.8323632812499999 
1.20970703125 
0.7667382812499999 
0.6507226562499998 
0.7714257812499999 
0.6220117187499998 
0.7034570312499998 
0.92201171875 
1.2044335937500001 
0.6759179687499999 
0.93724609375 
1.02455078125 
0.9448632812500001 
0.7222070312499999 
0.7491601562499998 
0.5962304687499999 
0.92376953125 
0.7983789062499999 
1.08021484375 
0.9917382812499999 
0.6477929687499998 
1.10892578125 
1.00228515625 
0.5165429687499999 
1.20150390625 
0.8071679687499999 
0.7878320312499999 
0.8118554687499998 
0.8505273437499998 
0.6091210937499999 
0.7339257812499999 
0.5727929687499999 
0.7948632812499999 
0.94779296875 
0.6858789062499998 
0.6905664062499998 
0.6354882812499999 
0.7532617187499998 
0.4849023437499999 
0.6600976562499998 
0.7479882812499998 
0.6495507812499999 
0.7245507812499998 
0.92904296875 
0.8745507812499999 
0.91380859375 
0.7550195312499999 
1.05677734375 
1.0315820312500001 
0.8997460937499998 
0.7181054687499998 
0.7796289062499999 
0.6284570312499999 
0.5546289062499999 
0.7942773437499999 
0.6343164062499999 
0.7802148437499999 
0.6425195312499999 
0.6729882812499999 
0.8083398437499999 
0.6296289062499999 
0.5962304687499999 
0.6472070312499999 
0.50833984375 
0.8188867187499999 
0.7403710937499998 
0.7222070312499999 
0.8235742187499998 
1.08841796875 
0.5845117187499999 
0.98177734375 
0.5757226562499999 
0.7597070312499998 
0.8622460937499998 
0.9858789062499999 
1.11478515625 
0.8481835937499999 
0.9020898437499999 
0.8224023437499999 
1.05677734375 
0.9419335937500001 
1.18158203125 
0.8106835937499999 
0.7192773437499999 
0.49427734374999993 
0.7585351562499998 
0.7081445312499999 
0.7837304687499999 
1.1985742187500001 
0.8997460937499998 
0.7831445312499999 
0.8563867187499998 
0.9888085937499999 
0.7268945312499998 
0.5950585937499999 
0.8727929687499998 
0.5804101562499998 
0.92025390625 
0.7919335937499999 
0.6952539062499998 
0.6882226562499998 
0.6893945312499998 
0.8370507812499999 
0.6577539062499999 
0.7567773437499998 
0.6208398437499999 
0.8464257812499999 
0.6266992187499998 
0.7122460937499998 
0.7175195312499999 
0.7028710937499998 
0.6940820312499998 
0.6366601562499998 
0.6618554687499998 
0.4497460937499999 
0.5727929687499999 
0.5839257812499999 
0.97533203125 
0.8335351562499999 
0.6296289062499999 
0.7403710937499998 
0.7052148437499999 
0.8733789062499998 
0.6636132812499999 
0.7462304687499998 
0.7058007812499999 
0.8827539062499998 
0.6606835937499999 
