76 17 7 
0.8862695312499999 
0.98119140625 
0.7397851562499997 
1.0825585937500002 
0.6700585937499999 
0.7222070312499999 
1.0356835937500002 
0.8880273437499998 
0.6302148437499999 
0.6665429687499999 
0.7638085937499999 
0.8675195312499999 
0.59330078125 
0.8528710937499998 
0.9964257812499999 
0.6507226562499998 
0.6905664062499998 
0.8329492187499998 
0.8036523437499998 
0.6266992187499998 
0.7011132812499998 
0.7538476562499998 
0.7081445312499999 
0.7690820312499999 
0.7515039062499999 
0.7245507812499998 
0.6466210937499999 
1.10072265625 
0.7022851562499998 
0.97298828125 
0.96947265625 
0.8417382812499998 
0.8704492187499998 
0.95658203125 
1.15462890625 
0.8153710937499998 
0.9401757812500001 
0.6776757812499999 
0.94955078125 
0.7479882812499998 
0.92376953125 
0.6993554687499998 
0.5329492187499999 
0.8903710937499998 
0.6893945312499998 
0.8505273437499998 
0.8780664062499998 
0.5739648437499999 
0.5997460937499999 
0.5452539062499999 
1.0532617187500002 
0.7339257812499999 
0.6184960937499998 
0.8106835937499999 
0.8341210937499999 
0.7620507812499999 
0.6038476562499999 
0.8710351562499998 
0.7292382812499998 
0.6384179687499999 
0.92259765625 
0.8253320312499999 
0.8985742187499998 
0.8136132812499999 
0.7468164062499998 
0.8722070312499999 
0.8095117187499998 
1.05384765625 
0.7995507812499999 
0.9097070312499999 
0.6888085937499998 
0.7327539062499998 
0.5727929687499999 
0.7515039062499999 
0.9419335937500001 
0.6811914062499999 
0.7667382812499999 
0.9800195312500001 
0.7743554687499998 
0.7403710937499998 
0.7655664062499998 
0.7052148437499999 
1.14701171875 
0.6753320312499999 
0.8399804687499998 
0.8768945312499998 
0.7450585937499998 
1.0081445312500001 
0.6917382812499998 
0.8253320312499999 
0.7913476562499999 
0.7140039062499999 
0.7339257812499999 
0.7011132812499998 
0.8288476562499999 
0.6337304687499998 
1.01634765625 
0.8862695312499999 
0.5147851562499999 
0.55814453125 
0.98236328125 
0.7561914062499998 
0.7479882812499998 
0.95658203125 
0.91322265625 
0.7661523437499999 
0.8376367187499998 
0.9015039062499999 
0.7661523437499999 
0.7679101562499998 
1.1874414062499998 
0.7286523437499998 
1.18568359375 
0.7356835937499998 
1.07259765625 
1.1950585937500002 
1.06205078125 
0.7872460937499999 
0.7643945312499999 
0.5224023437499999 
0.7538476562499998 
0.7761132812499999 
0.7977929687499998 
0.6097070312499999 
0.9097070312499999 
0.8944726562499998 
0.79251953125 
0.7649804687499998 
1.09017578125 
0.7403710937499998 
1.20150390625 
0.6893945312499998 
0.8546289062499999 
0.7890039062499999 
0.7034570312499998 
0.7995507812499999 
0.6483789062499998 
0.7515039062499999 
0.8306054687499999 
0.6770898437499999 
0.5546289062499999 
0.7462304687499998 
0.7005273437499998 
0.6677148437499999 
0.95892578125 
0.8341210937499999 
0.8147851562499998 
0.6829492187499998 
0.7491601562499998 
0.6583398437499999 
0.7309960937499997 
0.8821679687499998 
0.5470117187499999 
0.5780664062499998 
0.5763085937499999 
0.6038476562499999 
0.8927148437499999 
0.7145898437499999 
0.7497460937499998 
0.7181054687499998 
0.8522851562499998 
0.6337304687499998 
0.9091210937499998 
0.6671289062499999 
0.5991601562499999 
0.7391992187499997 
0.8118554687499998 
0.8487695312499999 
0.6847070312499999 
0.7585351562499998 
0.78958984375 
0.5850976562499999 
0.7134179687499999 
0.6138085937499999 
0.6378320312499999 
0.8669335937499999 
0.8136132812499999 
0.8446679687499998 
0.8792382812499998 
0.9870507812499999 
0.7872460937499999 
0.7087304687499998 
0.7632226562499999 
1.0462304687500001 
0.7550195312499999 
0.6893945312499998 
0.6425195312499999 
0.7011132812499998 
0.8751367187499998 
0.9026757812499999 
0.8077539062499999 
0.5827539062499999 
1.0268945312500002 
0.7491601562499998 
0.7216210937499998 
0.6800195312499999 
1.13529296875 
0.7708398437499999 
0.92845703125 
1.03509765625 
