81 17 2 
0.7526757812499999 
0.6425195312499999 
0.8194726562499999 
0.8235742187499998 
0.6712304687499998 
0.9097070312499999 
0.78958984375 
0.6225976562499999 
0.7597070312499998 
0.8235742187499998 
1.0532617187500002 
0.7268945312499998 
0.5141992187499999 
0.92962890625 
0.8962304687499998 
1.1206445312500002 
0.6776757812499999 
0.8411523437499998 
0.95072265625 
0.8493554687499998 
0.8300195312499999 
0.7462304687499998 
1.17044921875 
1.01458984375 
0.7491601562499998 
0.8341210937499999 
0.7110742187499998 
0.6577539062499999 
0.7655664062499998 
0.8048242187499998 
0.7995507812499999 
0.96244140625 
0.7374414062499998 
0.8259179687499999 
0.8804101562499997 
0.8042382812499999 
0.94896484375 
0.9061914062499998 
0.8065820312499998 
0.7614648437499999 
0.7503320312499998 
0.8417382812499998 
0.7462304687499998 
0.91029296875 
0.55521484375 
0.8446679687499998 
0.6788476562499999 
0.8722070312499999 
0.6888085937499998 
0.8698632812499999 
0.7825585937499999 
0.7116601562499998 
0.6290429687499999 
0.6735742187499998 
0.7784570312499999 
0.7556054687499998 
0.8792382812499998 
0.5991601562499999 
0.7058007812499999 
0.8845117187499998 
0.7544335937499999 
0.7989648437499999 
0.8716210937499999 
0.91087890625 
0.7028710937499998 
0.9641992187499999 
0.7561914062499998 
0.7292382812499998 
0.7936914062499999 
0.7520898437499999 
1.0286523437500001 
0.5862695312499999 
1.14291015625 
0.8499414062499998 
0.7069726562499998 
0.7333398437499998 
0.7515039062499999 
0.9858789062499999 
0.6688867187499998 
0.7479882812499998 
0.7544335937499999 
0.8100976562499999 
0.94779296875 
0.8710351562499998 
0.8188867187499999 
0.7948632812499999 
1.24369140625 
0.6759179687499999 
0.8382226562499998 
1.10072265625 
0.6929101562499997 
0.6554101562499998 
0.9647851562499999 
0.7468164062499998 
0.7257226562499998 
1.09017578125 
0.6296289062499999 
0.8042382812499999 
1.08314453125 
1.06498046875 
0.8405664062499998 
0.8259179687499999 
0.7520898437499999 
1.06087890625 
0.8616601562499998 
0.6788476562499999 
1.03509765625 
1.20384765625 
0.9770898437500001 
0.79251953125 
0.78958984375 
0.8393945312499999 
0.8540429687499999 
1.13939453125 
0.9395898437500001 
0.96595703125 
0.7813867187499999 
0.7567773437499998 
0.9009179687499999 
0.8698632812499999 
0.7890039062499999 
0.7099023437499998 
0.6612695312499999 
0.94369140625 
0.7175195312499999 
0.7854882812499999 
0.6202539062499999 
0.8317773437499999 
0.8036523437499998 
0.6477929687499998 
0.7626367187499998 
0.7632226562499999 
0.6003320312499999 
0.8036523437499998 
0.7046289062499999 
0.8962304687499998 
0.5341210937499999 
0.8663476562499999 
0.7216210937499998 
0.6641992187499998 
0.7819726562499999 
0.8634179687499999 
0.6595117187499998 
1.15814453125 
0.8007226562499998 
0.8124414062499998 
0.8153710937499998 
0.7063867187499998 
0.7286523437499998 
0.6190820312499998 
0.8364648437499999 
0.9419335937500001 
0.95189453125 
0.7391992187499997 
0.7011132812499998 
0.7731835937499999 
0.8405664062499998 
0.7638085937499999 
0.7304101562499997 
1.0110742187500001 
0.8558007812499999 
0.7063867187499998 
0.60501953125 
0.9032617187499998 
0.7977929687499998 
0.9050195312499999 
0.7444726562499998 
1.2501367187500003 
0.8938867187499998 
0.94896484375 
0.7268945312499998 
0.8722070312499999 
0.9923242187499998 
0.5136132812499999 
0.7058007812499999 
0.93431640625 
0.6372460937499999 
0.8604882812499999 
0.6847070312499999 
0.6407617187499999 
0.5804101562499998 
1.2407617187500002 
0.6466210937499999 
0.6009179687499999 
0.5522851562499999 
0.7825585937499999 
0.7761132812499999 
1.00169921875 
0.8809960937499998 
0.6665429687499999 
1.07845703125 
0.6770898437499999 
1.03802734375 
0.8001367187499998 
0.8792382812499998 
0.6261132812499999 
0.7696679687499999 
0.6641992187499998 
0.6741601562499998 
0.7597070312499998 
