57 2 41 
1.30111328125 
1.2923242187500001 
1.36498046875 
1.31634765625 
1.3315820312500002 
1.3825585937500002 
1.30345703125 
1.2776757812500001 
1.3761132812499999 
1.29115234375 
1.3456445312500003 
1.35560546875 
1.3075585937500003 
1.31458984375 
1.35560546875 
1.31869140625 
1.3813867187500002 
1.3825585937500002 
1.39486328125 
1.4177148437500002 
1.30580078125 
1.39134765625 
1.31927734375 
1.44583984375 
1.3749414062499998 
1.33685546875 
1.3268945312500002 
1.3122460937500002 
1.3403710937500002 
1.3989648437500002 
1.4247460937500003 
1.3268945312500002 
1.22845703125 
1.3550195312500002 
1.38783203125 
1.3128320312500001 
1.2999414062499999 
1.36146484375 
1.38666015625 
1.3040429687500001 
1.30287109375 
1.3122460937500002 
1.3702539062499999 
1.3122460937500002 
1.30873046875 
1.3550195312500002 
1.29525390625 
1.38197265625 
1.39310546875 
1.31927734375 
1.3438867187500003 
1.3227929687500002 
1.3099023437500001 
1.3304101562500001 
1.31341796875 
1.3485742187500003 
1.3538476562500001 
1.2337304687500001 
1.4282617187500002 
1.31458984375 
1.3216210937500001 
1.3474023437500002 
1.3702539062499999 
1.32337890625 
1.2759179687500002 
1.29759765625 
1.3474023437500002 
1.3638085937500002 
1.31048828125 
1.3391992187500001 
1.4224023437500002 
1.36556640625 
1.2888085937500002 
1.4048242187500002 
1.31751953125 
1.3122460937500002 
1.3438867187500003 
1.3977929687500001 
1.37962890625 
1.3099023437500001 
1.3936914062499999 
1.33978515625 
1.2360742187500002 
1.39076171875 
1.31810546875 
1.32044921875 
1.30873046875 
1.2934960937500002 
1.3503320312500002 
1.41185546875 
1.31751953125 
1.3362695312500001 
1.3099023437500001 
1.31634765625 
1.32806640625 
1.39134765625 
1.3110742187500002 
1.3063867187500002 
1.3075585937500003 
1.33744140625 
1.31517578125 
1.22669921875 
1.41478515625 
1.3286523437500002 
1.29759765625 
1.3345117187500002 
1.33216796875 
1.4300195312500001 
1.30169921875 
1.37669921875 
1.33685546875 
1.3509179687500001 
1.3936914062499999 
1.33392578125 
1.3081445312500002 
1.33216796875 
1.40306640625 
1.35619140625 
1.31634765625 
1.36322265625 
1.29701171875 
1.37318359375 
1.36205078125 
1.3251367187500003 
1.4188867187500003 
1.36966796875 
1.3169335937500002 
1.3128320312500001 
1.41361328125 
1.38548828125 
1.41419921875 
1.31400390625 
1.37376953125 
1.32220703125 
1.3872460937500002 
1.3356835937500002 
1.37318359375 
1.35736328125 
1.38490234375 
1.3257226562500002 
1.2325585937500003 
1.3356835937500002 
1.3081445312500002 
1.36498046875 
1.3315820312500002 
1.32337890625 
1.36205078125 
1.36908203125 
1.30462890625 
1.40541015625 
1.34095703125 
1.36615234375 
1.39486328125 
1.3433007812500002 
1.3075585937500003 
1.3474023437500002 
1.33802734375 
1.3309960937500003 
1.3802148437500001 
1.38080078125 
1.29876953125 
1.32220703125 
1.28236328125 
1.32806640625 
1.33685546875 
1.40892578125 
1.3813867187500002 
1.2220117187500001 
1.43470703125 
1.3520898437500002 
1.39486328125 
1.34681640625 
1.36205078125 
1.30345703125 
1.31458984375 
1.3456445312500003 
1.35619140625 
1.43763671875 
1.36908203125 
1.3227929687500002 
1.4048242187500002 
1.3268945312500002 
1.36322265625 
1.36556640625 
1.37669921875 
1.45345703125 
1.29173828125 
1.3415429687500002 
1.32923828125 
1.34095703125 
1.3304101562500001 
1.4007226562500001 
1.29466796875 
1.44408203125 
1.3550195312500002 
1.3122460937500002 
1.40892578125 
1.33685546875 
1.3063867187500002 
1.3544335937500003 
