19 18 63 
0.5475976562499999 
1.10306640625 
0.7274804687499997 
0.8083398437499999 
0.8153710937499998 
0.7708398437499999 
0.7292382812499998 
1.3110742187500002 
1.05970703125 
0.7532617187499998 
0.7309960937499997 
0.7766992187499998 
0.7661523437499999 
0.7831445312499999 
0.5891992187499998 
0.7151757812499999 
0.6284570312499999 
0.7766992187499998 
0.8610742187499998 
1.0122460937500002 
1.17689453125 
0.5440820312499999 
0.5341210937499999 
1.19623046875 
0.6495507812499999 
0.95951171875 
0.8136132812499999 
0.8376367187499998 
0.8516992187499998 
0.98353515625 
0.82767578125 
0.8921289062499999 
1.0345117187500001 
0.8874414062499998 
0.7233789062499998 
1.0702539062499998 
1.1282617187500001 
0.79017578125 
0.9179101562499999 
0.94310546875 
0.7222070312499999 
0.92376953125 
0.6419335937499999 
0.7169335937499999 
0.7872460937499999 
0.7374414062499998 
0.91380859375 
1.02044921875 
0.6319726562499999 
0.96302734375 
1.10072265625 
0.7907617187499999 
0.5798242187499998 
0.7626367187499998 
0.8657617187499999 
0.6852929687499998 
0.5716210937499999 
0.6407617187499999 
0.7989648437499999 
0.97240234375 
0.7509179687499998 
0.93255859375 
0.6343164062499999 
0.96595703125 
0.6647851562499998 
0.92552734375 
1.07669921875 
0.6554101562499998 
0.6940820312499998 
0.5921289062499999 
1.06087890625 
0.7802148437499999 
0.7526757812499999 
1.11361328125 
0.56986328125 
1.08841796875 
0.8376367187499998 
0.8171289062499999 
1.31400390625 
0.7515039062499999 
0.5909570312499999 
0.8581445312499999 
1.0485742187500002 
0.6706445312499999 
0.6899804687499997 
0.8218164062499999 
0.9800195312500001 
0.6554101562499998 
0.5938867187499999 
0.9097070312499999 
0.8059960937499998 
0.7368554687499997 
0.97240234375 
0.6811914062499999 
1.0491601562500001 
0.7825585937499999 
0.8745507812499999 
0.9770898437500001 
0.95658203125 
0.8628320312499999 
0.8042382812499999 
0.7942773437499999 
0.97064453125 
1.36615234375 
1.17806640625 
0.6395898437499999 
0.7011132812499998 
0.6823632812499999 
0.7216210937499998 
0.7216210937499998 
0.6266992187499998 
1.2583398437500002 
0.96126953125 
0.8458398437499999 
0.96068359375 
1.07083984375 
0.9448632812500001 
0.8968164062499998 
0.8054101562499998 
0.8059960937499998 
0.7661523437499999 
1.05091796875 
1.02162109375 
0.9852929687499998 
1.2337304687500001 
0.6015039062499999 
0.8253320312499999 
0.7438867187499998 
0.8569726562499999 
0.7093164062499998 
0.7884179687499999 
1.06263671875 
0.8352929687499998 
0.7040429687499998 
0.8587304687499998 
0.8780664062499998 
0.6636132812499999 
0.97298828125 
0.5487695312499999 
0.6741601562499998 
0.6032617187499999 
0.8429101562499998 
0.45501953124999994 
0.8804101562499997 
0.6929101562499997 
0.8675195312499999 
1.00404296875 
0.7989648437499999 
0.7444726562499998 
0.7087304687499998 
0.96947265625 
0.8739648437499998 
0.7761132812499999 
0.8516992187499998 
0.6571679687499998 
0.7813867187499999 
0.7638085937499999 
0.7567773437499998 
0.8095117187499998 
0.98294921875 
0.9800195312500001 
0.7128320312499998 
0.8013085937499999 
0.8956445312499999 
0.8780664062499998 
0.6929101562499997 
0.8429101562499998 
0.6319726562499999 
0.8997460937499998 
0.8880273437499998 
0.8704492187499998 
0.7837304687499999 
0.6952539062499998 
0.98470703125 
1.11537109375 
0.8745507812499999 
0.5604882812499999 
0.5604882812499999 
0.8464257812499999 
0.7468164062499998 
0.6776757812499999 
1.01341796875 
0.6243554687499998 
0.8393945312499999 
0.7755273437499999 
0.8563867187499998 
0.8024804687499998 
0.8511132812499999 
0.6149804687499998 
0.94779296875 
0.7468164062499998 
0.6378320312499999 
0.6278710937499998 
0.7720117187499999 
0.8487695312499999 
0.93841796875 
1.22494140625 
0.7890039062499999 
0.7427148437499999 
0.93490234375 
