63 18 19 
0.8370507812499999 
0.6964257812499999 
0.8405664062499998 
0.6460351562499999 
0.7649804687499998 
0.7942773437499999 
0.6671289062499999 
0.7104882812499999 
0.6841210937499999 
1.06732421875 
0.9548242187499999 
0.7977929687499998 
0.7591210937499998 
0.8282617187499999 
0.7022851562499998 
0.6624414062499998 
0.5944726562499999 
0.7608789062499999 
0.7784570312499999 
1.1464257812499998 
0.7690820312499999 
0.8669335937499999 
0.8370507812499999 
0.94896484375 
0.7151757812499999 
0.8130273437499999 
0.7198632812499999 
1.0186914062499999 
0.6530664062499998 
0.5874414062499999 
0.7397851562499997 
0.91087890625 
0.7860742187499998 
0.6952539062499998 
0.7181054687499998 
0.7257226562499998 
0.8118554687499998 
0.5891992187499998 
1.03275390625 
0.7239648437499998 
1.15169921875 
0.93548828125 
0.6765039062499999 
0.97474609375 
0.7274804687499997 
0.8141992187499998 
0.6272851562499998 
0.8253320312499999 
0.7708398437499999 
0.6765039062499999 
0.6284570312499999 
0.6108789062499999 
0.7509179687499998 
0.6981835937499998 
0.8124414062499998 
0.7684960937499998 
0.7386132812499998 
0.7356835937499998 
0.78080078125 
0.60208984375 
0.7597070312499998 
1.00169921875 
0.7825585937499999 
0.7890039062499999 
0.7058007812499999 
0.9425195312500001 
0.7052148437499999 
0.7796289062499999 
1.10306640625 
0.6659570312499998 
0.6999414062499998 
0.6618554687499998 
0.55521484375 
0.8446679687499998 
0.55814453125 
0.7731835937499999 
0.5751367187499998 
0.97591796875 
0.60501953125 
0.7608789062499999 
0.7251367187499997 
1.19095703125 
0.94603515625 
0.5815820312499999 
1.06791015625 
0.8306054687499999 
0.7040429687499998 
1.0485742187500002 
0.98236328125 
0.96595703125 
0.9149804687499999 
0.8815820312499998 
0.8141992187499998 
0.9524804687499999 
0.6958398437499999 
0.9559960937499999 
0.7608789062499999 
0.56693359375 
0.6712304687499998 
0.7175195312499999 
0.8528710937499998 
0.7561914062499998 
0.7837304687499999 
0.8546289062499999 
1.10833984375 
0.9085351562499998 
0.7415429687499998 
0.5763085937499999 
0.7854882812499999 
0.5727929687499999 
1.11009765625 
0.96361328125 
0.8429101562499998 
0.5487695312499999 
0.7550195312499999 
0.8452539062499999 
0.5891992187499998 
0.7515039062499999 
0.8007226562499998 
0.5446679687499999 
0.7620507812499999 
0.6735742187499998 
0.7538476562499998 
0.7591210937499998 
0.5950585937499999 
0.8429101562499998 
0.7684960937499998 
0.7116601562499998 
0.6923242187499997 
0.7520898437499999 
0.7731835937499999 
1.12416015625 
0.78958984375 
1.08021484375 
0.8727929687499998 
0.8270898437499999 
0.7046289062499999 
0.7890039062499999 
0.92376953125 
0.7485742187499997 
0.6958398437499999 
0.7550195312499999 
0.7831445312499999 
1.06673828125 
0.7802148437499999 
0.8370507812499999 
0.6091210937499999 
0.9173242187499999 
0.5903710937499999 
0.7456445312499999 
0.7046289062499999 
0.7983789062499999 
0.7702539062499999 
1.07962890625 
0.6770898437499999 
1.2102929687500001 
0.98060546875 
0.7720117187499999 
0.7099023437499998 
0.8024804687499998 
0.7936914062499999 
0.7304101562499997 
0.7362695312499998 
1.0227929687500001 
0.6565820312499998 
0.96537109375 
0.8434960937499998 
0.7731835937499999 
0.5804101562499998 
0.8212304687499998 
0.92728515625 
0.5903710937499999 
0.8100976562499999 
0.5897851562499998 
0.9149804687499999 
0.60267578125 
0.8095117187499998 
0.7831445312499999 
0.6225976562499999 
0.8558007812499999 
0.94662109375 
0.8317773437499999 
0.6958398437499999 
0.8716210937499999 
0.6431054687499999 
0.7649804687499998 
0.8897851562499998 
0.6770898437499999 
0.6981835937499998 
0.7684960937499998 
0.91908203125 
0.96126953125 
0.7761132812499999 
0.8411523437499998 
0.7673242187499998 
0.8599023437499999 
0.8288476562499999 
0.7356835937499998 
0.8382226562499998 
0.7608789062499999 
