69 18 13 
0.7309960937499997 
0.6548242187499997 
0.7972070312499999 
0.6724023437499999 
0.7819726562499999 
0.6290429687499999 
1.0286523437500001 
0.7544335937499999 
0.6595117187499998 
0.7022851562499998 
0.6624414062499998 
0.6600976562499998 
0.8856835937499998 
0.6630273437499998 
0.5335351562499999 
0.7274804687499997 
0.7585351562499998 
0.6278710937499998 
0.8516992187499998 
0.94896484375 
0.7977929687499998 
0.6665429687499999 
0.6759179687499999 
0.7292382812499998 
0.7913476562499999 
0.96302734375 
1.06029296875 
0.6489648437499999 
0.7087304687499998 
0.7315820312499998 
0.6448632812499999 
0.6313867187499999 
0.5757226562499999 
0.7755273437499999 
0.56693359375 
0.5628320312499999 
0.6278710937499998 
0.8640039062499999 
0.5798242187499998 
0.8868554687499998 
0.8845117187499998 
0.8968164062499998 
0.6759179687499999 
0.7872460937499999 
0.93197265625 
0.8218164062499999 
0.6905664062499998 
0.8886132812499998 
0.94427734375 
1.1018945312500001 
0.6360742187499998 
0.93373046875 
0.7872460937499999 
0.9179101562499999 
0.6747460937499998 
0.7931054687499999 
0.6179101562499998 
0.8235742187499998 
0.6009179687499999 
0.7995507812499999 
0.52767578125 
0.7573632812499999 
0.6454492187499998 
0.5546289062499999 
0.7491601562499998 
0.93255859375 
0.6800195312499999 
0.6694726562499999 
0.7263085937499998 
0.8552148437499999 
1.05560546875 
0.6911523437499998 
0.7520898437499999 
0.6981835937499998 
0.7632226562499999 
0.5534570312499999 
0.8411523437499998 
0.8089257812499999 
0.98470703125 
0.5798242187499998 
0.9214257812500001 
0.5388085937499999 
0.5856835937499999 
0.46087890624999994 
0.93197265625 
0.7509179687499998 
0.6858789062499998 
0.5856835937499999 
1.26478515625 
0.5809960937499998 
0.6970117187499998 
0.7544335937499999 
0.7620507812499999 
0.6952539062499998 
0.6788476562499999 
0.7890039062499999 
0.9179101562499999 
0.8727929687499998 
0.6729882812499999 
0.5974023437499999 
0.6975976562499998 
0.97181640625 
0.7386132812499998 
0.8915429687499998 
0.6372460937499999 
0.7602929687499999 
0.7585351562499998 
0.5809960937499998 
0.7690820312499999 
0.7702539062499999 
0.9893945312499999 
0.6952539062499998 
0.7755273437499999 
0.5388085937499999 
0.97650390625 
1.0403710937500001 
0.5007226562499999 
0.7110742187499998 
0.6571679687499998 
1.22494140625 
0.96244140625 
0.6390039062499999 
0.8188867187499999 
1.09837890625 
0.8270898437499999 
0.7479882812499998 
0.7456445312499999 
0.7942773437499999 
0.8938867187499998 
0.7643945312499999 
1.08373046875 
0.7438867187499998 
0.42806640625 
0.9038476562499999 
0.9395898437500001 
0.94603515625 
0.7743554687499998 
1.0169335937500001 
0.92728515625 
0.56693359375 
0.8393945312499999 
0.6366601562499998 
0.5634179687499999 
0.8399804687499998 
0.7936914062499999 
1.13939453125 
0.7368554687499997 
0.6946679687499998 
0.7474023437499998 
0.8487695312499999 
0.9044335937499999 
0.8540429687499999 
0.7772851562499998 
0.8018945312499999 
0.7462304687499998 
0.7022851562499998 
0.8235742187499998 
0.6806054687499998 
0.8798242187499997 
0.6313867187499999 
0.6694726562499999 
0.97298828125 
0.7245507812499998 
0.6829492187499998 
0.7192773437499999 
0.7614648437499999 
0.6577539062499999 
0.8124414062499998 
0.7163476562499999 
0.8891992187499997 
0.6448632812499999 
0.7362695312499998 
1.11126953125 
0.7175195312499999 
0.7860742187499998 
0.6460351562499999 
1.1253320312500001 
1.0872460937500001 
0.7151757812499999 
0.6964257812499999 
0.7268945312499998 
1.15697265625 
0.8224023437499999 
0.5710351562499999 
0.7339257812499999 
0.9302148437500001 
0.6542382812499998 
0.8622460937499998 
0.6483789062499998 
0.8470117187499998 
0.8352929687499998 
0.5282617187499999 
0.8768945312499998 
0.6724023437499999 
0.8493554687499998 
1.22083984375 
0.5007226562499999 
0.8241601562499998 
0.7368554687499997 
0.6313867187499999 
