70 18 12 
0.8347070312499999 
0.7725976562499999 
0.8411523437499998 
0.7655664062499998 
0.6536523437499998 
1.2173242187500002 
0.8077539062499999 
0.7011132812499998 
0.8739648437499998 
0.7350976562499998 
1.08841796875 
0.7163476562499999 
0.7632226562499999 
1.14701171875 
0.6665429687499999 
0.8675195312499999 
0.6929101562499997 
0.5927148437499999 
0.9097070312499999 
0.8974023437499998 
0.8558007812499999 
0.6776757812499999 
0.6788476562499999 
0.8768945312499998 
0.8599023437499999 
0.6009179687499999 
1.0169335937500001 
0.7737695312499999 
0.8692773437499999 
0.93373046875 
0.6067773437499999 
0.6759179687499999 
0.8516992187499998 
0.8347070312499999 
0.92259765625 
0.7280664062499997 
0.7884179687499999 
0.96361328125 
0.6665429687499999 
0.7169335937499999 
0.79017578125 
0.6987695312499999 
0.7222070312499999 
0.7632226562499999 
0.7837304687499999 
0.7151757812499999 
0.8335351562499999 
1.06322265625 
1.0743554687499999 
0.8235742187499998 
1.20326171875 
0.98294921875 
1.07669921875 
0.98119140625 
0.7186914062499998 
0.7743554687499998 
0.8007226562499998 
0.8065820312499998 
0.8558007812499999 
0.94369140625 
0.7345117187499998 
1.06205078125 
1.02162109375 
0.7327539062499998 
0.95365234375 
0.5868554687499998 
0.79251953125 
0.5821679687499999 
0.6776757812499999 
0.7239648437499998 
0.7837304687499999 
1.0936914062499998 
0.7257226562499998 
0.6893945312499998 
0.7169335937499999 
0.8206445312499999 
0.95130859375 
0.7995507812499999 
0.5845117187499999 
0.8071679687499999 
0.8704492187499998 
0.7655664062499998 
0.92552734375 
0.7737695312499999 
0.7081445312499999 
0.92611328125 
0.7005273437499998 
0.8470117187499998 
1.12884765625 
0.6530664062499998 
0.91205078125 
1.1200585937500003 
0.6987695312499999 
0.5839257812499999 
0.7538476562499998 
0.8634179687499999 
1.20736328125 
0.6665429687499999 
0.7339257812499999 
1.03333984375 
1.01576171875 
0.5399804687499998 
0.96302734375 
0.8136132812499999 
0.7626367187499998 
0.7192773437499999 
0.9097070312499999 
0.8229882812499999 
0.7433007812499999 
0.95189453125 
0.7304101562499997 
0.7778710937499999 
0.8300195312499999 
0.5007226562499999 
0.8212304687499998 
0.6296289062499999 
0.6278710937499998 
0.95130859375 
1.02923828125 
0.6641992187499998 
0.6501367187499998 
0.6712304687499998 
0.7872460937499999 
0.7315820312499998 
0.7731835937499999 
0.7813867187499999 
0.7274804687499997 
0.7397851562499997 
0.5358789062499999 
0.5821679687499999 
0.6765039062499999 
0.95072265625 
0.7755273437499999 
0.8341210937499999 
0.8259179687499999 
0.8710351562499998 
1.00462890625 
1.05560546875 
0.7397851562499997 
0.6600976562499998 
1.06732421875 
0.7503320312499998 
0.5540429687499999 
0.7368554687499997 
1.17865234375 
0.6841210937499999 
0.7919335937499999 
0.7813867187499999 
0.6442773437499999 
0.93138671875 
0.8399804687499998 
0.7743554687499998 
0.6378320312499999 
0.7725976562499999 
0.5499414062499999 
0.5399804687499998 
0.6331445312499999 
0.7684960937499998 
0.7919335937499999 
0.7169335937499999 
1.0345117187500001 
0.91556640625 
0.7802148437499999 
0.8352929687499998 
0.5786523437499999 
0.7942773437499999 
0.8241601562499998 
0.8757226562499998 
0.8657617187499999 
0.8007226562499998 
0.60208984375 
0.8640039062499999 
0.9038476562499999 
0.9448632812500001 
0.6999414062499998 
0.7825585937499999 
0.9876367187499998 
0.6220117187499998 
0.7942773437499999 
0.9026757812499999 
0.6067773437499999 
0.7028710937499998 
0.7673242187499998 
0.7339257812499999 
0.7321679687499998 
0.7327539062499998 
0.7977929687499998 
0.95775390625 
0.8083398437499999 
0.5663476562499999 
0.6987695312499999 
0.91087890625 
0.6970117187499998 
0.9038476562499999 
0.8124414062499998 
0.7421289062499998 
0.7966210937499999 
0.9647851562499999 
0.6425195312499999 
0.6302148437499999 
