77 18 5 
1.19447265625 
0.7350976562499998 
0.7011132812499998 
0.8897851562499998 
0.9425195312500001 
0.7081445312499999 
0.6073632812499999 
0.8376367187499998 
0.6190820312499998 
0.5815820312499999 
0.8833398437499999 
0.7216210937499998 
0.9009179687499999 
0.7520898437499999 
0.97884765625 
0.6155664062499998 
0.8106835937499999 
0.7444726562499998 
0.6688867187499998 
1.1505273437499999 
0.7210351562499998 
0.6454492187499998 
0.8311914062499999 
0.6993554687499998 
0.7725976562499999 
0.5329492187499999 
0.91087890625 
0.93607421875 
0.8177148437499999 
0.6132226562499998 
0.9032617187499998 
0.8628320312499999 
0.8188867187499999 
0.92611328125 
0.6770898437499999 
0.7356835937499998 
0.6530664062499998 
0.7333398437499998 
0.96888671875 
0.8212304687499998 
0.7239648437499998 
0.7591210937499998 
0.5393945312499999 
0.6694726562499999 
0.7884179687499999 
1.2138085937500003 
0.7093164062499998 
1.2425195312500001 
0.8856835937499998 
0.6905664062499998 
0.8722070312499999 
0.91087890625 
0.8100976562499999 
1.06966796875 
0.8845117187499998 
0.8452539062499999 
0.7602929687499999 
0.7409570312499998 
0.7878320312499999 
0.6044335937499999 
0.8118554687499998 
0.7350976562499998 
0.7257226562499998 
0.7503320312499998 
0.9097070312499999 
0.8640039062499999 
0.7679101562499998 
0.98236328125 
0.5604882812499999 
0.4720117187499999 
0.7655664062499998 
0.6899804687499997 
0.6729882812499999 
1.02748046875 
0.6981835937499998 
0.9079492187499998 
0.8552148437499999 
0.8141992187499998 
0.6829492187499998 
0.7456445312499999 
0.7011132812499998 
0.91263671875 
0.95892578125 
0.6466210937499999 
0.98412109375 
0.8247460937499999 
0.9026757812499999 
0.7696679687499999 
0.6179101562499998 
0.7936914062499999 
0.7497460937499998 
0.6167382812499999 
0.6694726562499999 
0.7620507812499999 
0.97064453125 
0.7737695312499999 
0.8364648437499999 
0.6782617187499999 
0.8112695312499999 
0.8499414062499998 
0.6413476562499999 
0.7837304687499999 
0.6565820312499998 
0.64017578125 
0.8722070312499999 
0.6454492187499998 
0.7415429687499998 
0.7386132812499998 
0.6319726562499999 
0.8376367187499998 
0.6741601562499998 
1.06966796875 
1.01751953125 
0.7028710937499998 
0.6319726562499999 
0.6231835937499999 
0.8798242187499997 
0.8452539062499999 
0.7421289062499998 
0.6612695312499999 
0.7163476562499999 
0.98353515625 
1.00462890625 
1.08080078125 
0.8171289062499999 
0.7046289062499999 
0.7081445312499999 
0.8675195312499999 
0.8329492187499998 
0.8294335937499999 
0.8546289062499999 
0.9530664062499999 
1.23841796875 
0.6888085937499998 
0.95423828125 
1.1405664062499998 
0.8247460937499999 
0.7766992187499998 
0.7843164062499999 
0.7860742187499998 
0.7907617187499999 
0.7298242187499997 
0.8938867187499998 
0.7333398437499998 
0.8376367187499998 
0.6296289062499999 
1.2501367187500003 
0.8569726562499999 
0.8763085937499998 
1.24310546875 
0.8376367187499998 
0.6847070312499999 
0.6665429687499999 
0.5786523437499999 
0.9266992187499999 
0.6653710937499998 
0.6864648437499998 
0.7825585937499999 
0.6378320312499999 
0.5968164062499999 
0.7093164062499998 
0.6841210937499999 
0.96654296875 
1.0462304687500001 
0.5007226562499999 
0.8399804687499998 
0.8159570312499999 
0.7954492187499999 
1.0813867187500001 
1.1124414062499999 
0.7409570312499998 
0.7163476562499999 
0.7386132812499998 
1.10541015625 
0.6929101562499997 
0.7931054687499999 
0.7849023437499999 
1.01517578125 
0.8780664062499998 
0.8200585937499999 
0.7339257812499999 
1.10306640625 
0.8768945312499998 
0.91673828125 
0.6202539062499999 
0.5370507812499999 
0.6934960937499998 
0.7620507812499999 
1.03802734375 
0.6126367187499998 
0.8388085937499998 
0.6255273437499999 
0.5804101562499998 
0.7456445312499999 
0.6747460937499998 
0.8593164062499998 
0.7497460937499998 
0.7825585937499999 
0.7731835937499999 
0.7397851562499997 
