3 19 78 
1.2794335937500003 
1.23548828125 
1.43470703125 
1.2313867187500003 
1.28529296875 
1.4048242187500002 
1.2190820312500001 
1.2747460937500004 
1.2999414062499999 
1.36322265625 
1.2829492187500002 
1.2126367187500002 
1.27650390625 
1.3257226562500002 
1.2659570312500001 
1.29525390625 
1.2501367187500003 
1.33685546875 
1.2923242187500001 
1.37845703125 
1.2143945312500002 
1.22552734375 
1.25892578125 
1.2753320312500003 
1.22552734375 
1.45697265625 
1.2741601562500002 
1.3122460937500002 
1.30345703125 
1.2559960937500003 
1.2782617187500003 
1.33685546875 
1.2794335937500003 
1.29408203125 
1.28998046875 
1.2934960937500002 
1.25306640625 
1.37376953125 
1.3298242187500002 
1.19095703125 
1.2583398437500002 
1.2700585937500004 
1.3128320312500001 
1.29642578125 
1.3333398437500001 
1.2718164062500001 
1.18451171875 
1.17806640625 
1.32806640625 
1.35619140625 
1.2565820312500002 
1.2729882812500002 
1.30580078125 
1.25306640625 
1.30052734375 
1.2518945312500003 
1.3251367187500003 
1.3040429687500001 
1.24017578125 
1.24369140625 
1.2659570312500001 
1.2788476562500002 
1.36029296875 
1.2671289062500002 
1.2776757812500001 
1.2694726562500003 
0.9876367187499998 
1.38666015625 
1.2981835937500001 
1.36205078125 
1.22142578125 
1.30052734375 
1.2794335937500003 
1.2495507812500002 
1.2864648437500001 
1.2999414062499999 
1.39310546875 
1.24369140625 
1.2360742187500002 
1.24603515625 
1.2788476562500002 
1.2776757812500001 
1.31166015625 
1.24134765625 
1.30580078125 
1.2583398437500002 
1.22611328125 
1.31986328125 
1.29466796875 
1.3831445312500001 
1.2606835937500003 
1.3286523437500002 
1.33744140625 
1.31166015625 
1.09662109375 
1.16576171875 
1.24134765625 
1.2794335937500003 
1.2888085937500002 
1.28587890625 
1.26185546875 
1.2583398437500002 
1.2724023437500003 
1.31634765625 
1.2677148437500003 
1.28705078125 
1.2665429687500003 
1.2220117187500001 
1.29115234375 
1.30873046875 
1.29701171875 
1.24427734375 
1.2536523437500002 
1.13998046875 
1.31810546875 
1.31517578125 
1.2518945312500003 
1.29466796875 
1.30228515625 
1.2641992187500002 
1.2507226562500002 
1.2700585937500004 
1.33685546875 
1.12298828125 
1.26478515625 
1.3315820312500002 
1.2835351562500001 
1.3509179687500001 
1.21966796875 
1.2349023437500002 
1.27650390625 
1.2518945312500003 
1.33509765625 
1.33216796875 
1.25775390625 
1.2419335937500002 
1.42650390625 
1.2290429687500002 
1.34095703125 
1.2653710937500002 
1.31634765625 
1.31458984375 
1.3040429687500001 
1.2395898437500001 
1.29291015625 
1.36498046875 
1.22728515625 
1.30169921875 
1.22376953125 
1.22552734375 
1.24603515625 
1.2981835937500001 
1.30169921875 
1.24369140625 
1.26185546875 
1.2483789062500001 
1.2161523437500001 
1.29408203125 
1.2308007812500001 
1.3157617187500001 
1.2683007812500002 
1.29173828125 
1.2934960937500002 
1.24603515625 
1.22669921875 
1.28236328125 
1.36029296875 
1.21673828125 
1.2923242187500001 
1.2864648437500001 
1.23548828125 
1.2542382812500001 
1.37142578125 
1.37201171875 
1.31517578125 
1.2600976562500001 
1.2366601562500001 
1.22552734375 
0.8763085937499998 
1.28822265625 
1.3257226562500002 
1.2395898437500001 
1.1165429687500001 
1.09720703125 
1.2495507812500002 
1.2729882812500002 
1.2419335937500002 
1.3538476562500001 
1.24369140625 
1.36966796875 
1.3251367187500003 
0.5065820312499999 
1.2934960937500002 
1.3128320312500001 
1.28998046875 
1.2612695312500002 
1.2477929687500002 
1.3579492187500002 
1.1247460937500002 
1.30052734375 
