66 2 32 
1.29642578125 
1.31048828125 
1.3315820312500002 
1.3403710937500002 
1.3052148437500002 
1.41244140625 
1.3831445312500001 
1.30580078125 
1.29935546875 
1.35853515625 
1.30052734375 
1.3391992187500001 
1.3403710937500002 
1.31517578125 
1.3263085937500003 
1.37787109375 
1.31986328125 
1.2184960937500002 
1.32337890625 
1.3110742187500002 
1.30931640625 
1.4065820312500001 
1.35560546875 
1.30228515625 
1.3333398437500001 
1.31517578125 
1.37318359375 
1.3520898437500002 
1.38548828125 
1.3989648437500002 
1.3403710937500002 
1.3567773437500001 
1.36966796875 
1.40833984375 
1.30169921875 
1.40716796875 
1.3415429687500002 
1.31869140625 
1.3128320312500001 
1.31634765625 
1.32044921875 
1.34681640625 
1.3128320312500001 
1.3245507812500001 
1.3216210937500001 
1.38958984375 
1.3391992187500001 
1.37904296875 
1.3702539062499999 
1.37669921875 
1.3749414062499998 
1.37318359375 
1.28236328125 
1.3286523437500002 
1.37201171875 
1.3286523437500002 
1.37962890625 
1.39427734375 
1.3421289062500001 
1.3251367187500003 
1.3257226562500002 
1.38783203125 
1.22845703125 
1.36615234375 
1.35619140625 
1.29583984375 
1.4018945312500002 
1.3040429687500001 
1.2753320312500003 
1.30345703125 
1.39603515625 
1.3415429687500002 
1.4001367187500002 
1.32220703125 
1.3356835937500002 
1.29935546875 
1.40775390625 
1.36791015625 
1.31751953125 
1.3122460937500002 
1.30462890625 
1.3544335937500003 
1.3069726562500001 
1.3216210937500001 
1.3040429687500001 
1.4001367187500002 
1.3421289062500001 
1.3456445312500003 
1.31517578125 
1.31869140625 
1.30111328125 
1.31400390625 
1.3257226562500002 
1.37845703125 
1.38373046875 
1.3298242187500002 
1.21966796875 
1.3450585937500004 
1.4153710937500001 
1.3597070312500001 
1.32103515625 
1.3532617187500002 
1.37318359375 
1.36087890625 
1.3485742187500003 
1.3309960937500003 
1.3597070312500001 
1.32806640625 
1.31400390625 
1.3391992187500001 
1.32337890625 
1.3309960937500003 
1.3802148437500001 
1.3427148437500003 
1.4212304687500001 
1.40541015625 
1.36615234375 
1.3391992187500001 
1.3081445312500002 
1.31341796875 
1.3491601562500002 
1.35150390625 
1.4106835937500002 
1.4048242187500002 
1.3579492187500002 
1.3421289062500001 
1.29759765625 
1.41478515625 
1.3128320312500001 
1.36029296875 
1.3491601562500002 
1.39251953125 
1.3304101562500001 
1.29642578125 
1.35560546875 
1.38958984375 
1.39837890625 
1.39017578125 
1.2325585937500003 
1.38197265625 
1.4048242187500002 
1.30345703125 
1.3069726562500001 
1.38490234375 
1.2776757812500001 
1.36087890625 
1.4224023437500002 
1.3362695312500001 
1.3227929687500002 
1.29525390625 
1.3286523437500002 
1.39310546875 
1.32220703125 
1.31400390625 
1.3257226562500002 
1.3391992187500001 
1.3438867187500003 
1.3497460937500003 
1.41302734375 
1.32044921875 
1.3509179687500001 
1.2934960937500002 
1.3362695312500001 
1.3989648437500002 
1.3333398437500001 
1.35560546875 
1.2981835937500001 
1.35560546875 
1.37318359375 
1.38490234375 
1.4059960937500002 
1.37787109375 
1.36205078125 
1.3251367187500003 
1.40775390625 
1.3122460937500002 
1.43646484375 
1.38841796875 
1.3263085937500003 
1.33392578125 
1.3157617187500001 
1.39076171875 
1.31810546875 
1.29056640625 
1.33392578125 
1.31166015625 
1.37845703125 
1.3684960937500001 
1.3052148437500002 
1.33275390625 
1.22025390625 
1.3251367187500003 
1.31458984375 
1.32220703125 
1.3110742187500002 
1.39017578125 
1.3128320312500001 
1.3702539062499999 
1.36673828125 
1.3433007812500002 
