22 19 59 
0.5452539062499999 
0.7345117187499998 
0.8376367187499998 
0.7163476562499999 
0.7210351562499998 
0.94310546875 
0.9993554687499997 
0.5839257812499999 
0.7462304687499998 
0.7052148437499999 
0.94896484375 
0.7737695312499999 
0.8733789062499998 
0.6612695312499999 
1.0356835937500002 
0.8663476562499999 
0.6061914062499999 
0.6395898437499999 
0.7854882812499999 
0.8470117187499998 
0.91966796875 
0.9331445312500001 
0.6436914062499999 
0.8124414062499998 
0.7204492187499998 
0.91615234375 
0.7427148437499999 
1.02162109375 
0.7743554687499998 
0.7450585937499998 
1.2770898437500002 
0.8968164062499998 
0.6847070312499999 
0.94603515625 
0.96068359375 
0.7673242187499998 
0.8306054687499999 
0.5247460937499999 
0.8030664062499998 
0.8880273437499998 
0.8341210937499999 
0.6138085937499999 
0.8188867187499999 
0.7468164062499998 
0.8839257812499999 
0.7866601562499999 
0.8692773437499999 
0.8622460937499998 
0.7474023437499998 
0.8991601562499998 
0.7022851562499998 
0.9149804687499999 
0.8968164062499998 
0.9864648437499999 
0.5417382812499999 
1.13177734375 
0.7333398437499998 
0.8563867187499998 
0.7679101562499998 
0.7204492187499998 
0.6917382812499998 
0.95658203125 
1.06615234375 
0.8757226562499998 
0.5991601562499999 
0.7725976562499999 
0.6548242187499997 
0.9085351562499998 
0.82767578125 
0.7415429687499998 
0.93431640625 
0.91029296875 
1.01283203125 
0.94896484375 
0.56400390625 
0.7544335937499999 
0.8347070312499999 
1.0638085937500001 
0.8997460937499998 
0.7485742187499997 
0.7878320312499999 
1.34681640625 
0.5540429687499999 
0.7737695312499999 
0.7626367187499998 
0.6940820312499998 
0.7081445312499999 
0.8862695312499999 
0.6067773437499999 
0.92201171875 
0.6724023437499999 
0.7016992187499997 
0.59330078125 
0.8224023437499999 
1.01634765625 
0.6079492187499999 
0.92728515625 
0.6981835937499998 
0.7022851562499998 
0.8657617187499999 
0.6360742187499998 
0.6278710937499998 
0.92025390625 
0.8511132812499999 
0.7585351562499998 
0.6659570312499998 
1.05970703125 
0.9097070312499999 
0.8991601562499998 
0.45619140625 
0.6431054687499999 
0.9091210937499998 
0.8136132812499999 
1.02748046875 
0.9554101562499999 
0.5599023437499999 
0.7421289062499998 
0.6876367187499998 
0.8528710937499998 
0.8716210937499999 
0.7690820312499999 
0.6155664062499998 
0.5968164062499999 
0.7509179687499998 
0.91908203125 
0.6073632812499999 
0.5452539062499999 
1.1710351562499999 
0.97181640625 
0.8306054687499999 
1.07669921875 
0.5393945312499999 
0.9911523437499998 
0.7702539062499999 
0.9097070312499999 
0.5505273437499999 
0.8804101562499997 
0.6513085937499998 
1.05384765625 
0.8587304687499998 
0.7286523437499998 
0.7304101562499997 
0.5212304687499999 
0.6618554687499998 
0.7884179687499999 
0.97181640625 
1.03744140625 
0.7374414062499998 
0.8757226562499998 
0.7040429687499998 
0.7784570312499999 
0.7591210937499998 
1.11830078125 
0.7520898437499999 
0.7696679687499999 
0.5751367187499998 
0.7532617187499998 
1.1417382812499999 
0.8147851562499998 
0.7321679687499998 
0.8212304687499998 
0.6647851562499998 
0.8054101562499998 
0.6934960937499998 
0.7643945312499999 
0.98177734375 
0.6337304687499998 
0.5528710937499999 
1.06615234375 
0.7743554687499998 
0.7438867187499998 
0.6554101562499998 
0.7679101562499998 
0.8792382812499998 
0.6835351562499998 
0.7034570312499998 
0.94720703125 
0.6700585937499999 
0.9618554687499999 
0.7854882812499999 
0.97298828125 
1.1405664062499998 
0.9800195312500001 
0.7602929687499999 
0.7849023437499999 
0.5716210937499999 
0.6641992187499998 
0.7655664062499998 
0.7714257812499999 
0.8692773437499999 
0.8552148437499999 
0.7286523437499998 
0.7556054687499998 
0.7638085937499999 
0.7714257812499999 
0.6841210937499999 
0.56693359375 
0.7122460937499998 
0.7749414062499999 
1.1294335937500002 
