25 19 56 
0.8528710937499998 
0.8013085937499999 
0.7684960937499998 
0.6741601562499998 
1.13939453125 
0.5722070312499999 
0.96302734375 
0.8511132812499999 
0.6659570312499998 
0.8915429687499998 
0.6940820312499998 
1.1985742187500001 
0.7766992187499998 
0.7966210937499999 
0.8511132812499999 
0.8587304687499998 
0.47669921874999993 
0.6091210937499999 
0.6700585937499999 
0.6700585937499999 
0.9003320312499998 
0.7813867187499999 
0.6155664062499998 
0.8218164062499999 
0.8341210937499999 
0.7725976562499999 
0.6929101562499997 
0.91205078125 
0.91322265625 
0.7099023437499998 
0.6337304687499998 
0.5493554687499999 
1.02337890625 
0.8013085937499999 
0.6852929687499998 
0.8599023437499999 
0.7573632812499999 
1.0655664062499999 
0.93666015625 
0.7145898437499999 
0.9858789062499999 
0.5991601562499999 
0.9009179687499999 
0.4778710937499999 
0.7233789062499998 
0.8124414062499998 
0.8921289062499999 
0.93841796875 
0.8493554687499998 
0.7509179687499998 
0.8141992187499998 
0.8962304687499998 
0.96654296875 
0.94076171875 
1.0433007812500001 
0.8698632812499999 
1.02923828125 
0.7972070312499999 
0.8891992187499997 
0.7040429687499998 
0.6864648437499998 
0.36244140625 
0.93373046875 
0.6571679687499998 
0.6296289062499999 
1.00287109375 
0.7872460937499999 
0.6659570312499998 
0.6067773437499999 
0.6056054687499999 
1.10775390625 
0.7890039062499999 
0.6565820312499998 
0.6882226562499998 
0.7796289062499999 
0.5909570312499999 
0.7280664062499997 
0.6360742187499998 
1.04095703125 
0.6735742187499998 
0.7491601562499998 
0.7456445312499999 
0.8862695312499999 
0.6659570312499998 
0.7860742187499998 
0.78080078125 
0.7884179687499999 
0.59330078125 
0.7954492187499999 
0.6747460937499998 
0.7602929687499999 
0.8352929687499998 
0.56693359375 
0.93548828125 
0.7866601562499999 
0.5224023437499999 
0.6079492187499999 
0.6712304687499998 
0.8979882812499999 
0.7585351562499998 
0.98470703125 
0.5886132812499999 
0.7866601562499999 
0.7409570312499998 
0.8300195312499999 
0.6688867187499998 
1.00169921875 
0.9050195312499999 
0.8323632812499999 
0.8481835937499999 
0.4831445312499999 
1.08958984375 
0.8247460937499999 
0.5704492187499999 
1.0714257812499999 
0.8118554687499998 
0.5716210937499999 
0.6126367187499998 
0.8218164062499999 
0.7743554687499998 
0.91966796875 
0.5809960937499998 
0.9940820312499998 
0.8382226562499998 
0.92845703125 
0.95658203125 
0.6899804687499997 
0.94134765625 
0.60267578125 
0.6407617187499999 
0.6665429687499999 
0.8370507812499999 
0.9975976562499999 
1.13001953125 
0.78080078125 
0.8229882812499999 
0.8434960937499998 
0.5909570312499999 
0.7491601562499998 
0.8212304687499998 
0.92728515625 
0.7286523437499998 
0.52298828125 
0.6753320312499999 
1.22845703125 
0.94779296875 
1.12767578125 
0.8229882812499999 
0.5739648437499999 
0.7954492187499999 
0.5968164062499999 
1.0011132812499999 
0.8206445312499999 
0.8815820312499998 
0.7040429687499998 
1.00404296875 
0.8581445312499999 
0.7597070312499998 
0.5393945312499999 
0.7438867187499998 
0.7444726562499998 
0.7081445312499999 
0.6015039062499999 
0.5563867187499999 
0.7274804687499997 
0.92376953125 
0.8364648437499999 
0.7667382812499999 
0.6958398437499999 
0.7491601562499998 
0.7128320312499998 
0.6911523437499998 
0.6735742187499998 
0.6993554687499998 
0.8183007812499999 
0.7714257812499999 
0.9390039062500001 
1.12123046875 
0.8089257812499999 
0.8171289062499999 
1.02044921875 
0.6882226562499998 
0.8388085937499998 
0.5956445312499999 
0.6120507812499999 
0.8212304687499998 
0.7145898437499999 
0.7825585937499999 
0.8540429687499999 
0.8880273437499998 
0.6208398437499999 
0.9091210937499998 
0.6337304687499998 
0.7456445312499999 
0.6167382812499999 
0.6243554687499998 
0.6097070312499999 
0.7620507812499999 
0.8663476562499999 
0.8610742187499998 
