28 19 53 
0.8681054687499998 
0.6378320312499999 
0.9003320312499998 
0.9917382812499999 
0.5604882812499999 
0.59330078125 
0.8610742187499998 
0.8335351562499999 
0.7931054687499999 
0.7977929687499998 
0.7216210937499998 
0.8757226562499998 
0.8581445312499999 
0.8323632812499999 
0.6712304687499998 
0.9003320312499998 
0.7245507812499998 
1.06029296875 
0.7766992187499998 
0.7292382812499998 
0.7391992187499997 
0.98060546875 
0.6061914062499999 
0.98236328125 
0.8897851562499998 
0.6395898437499999 
0.7649804687499998 
0.7087304687499998 
0.7614648437499999 
0.6841210937499999 
0.8200585937499999 
0.6460351562499999 
0.8358789062499998 
0.6460351562499999 
0.93783203125 
0.6788476562499999 
0.52767578125 
0.9097070312499999 
0.5827539062499999 
0.7960351562499999 
0.6290429687499999 
0.7696679687499999 
0.8809960937499998 
0.8499414062499998 
1.17220703125 
0.7450585937499998 
0.5511132812499999 
0.7890039062499999 
0.96302734375 
0.6940820312499998 
0.5956445312499999 
0.9067773437499999 
0.6366601562499998 
0.9425195312500001 
0.7005273437499998 
0.5845117187499999 
0.5282617187499999 
0.8024804687499998 
0.6091210937499999 
0.8388085937499998 
0.7298242187499997 
0.7081445312499999 
0.7263085937499998 
0.91380859375 
0.6015039062499999 
0.97416015625 
0.8030664062499998 
0.8716210937499999 
0.6495507812499999 
1.16341796875 
0.6190820312499998 
0.56693359375 
0.8686914062499999 
0.6313867187499999 
0.9308007812500001 
0.6431054687499999 
0.5956445312499999 
0.9800195312500001 
0.8891992187499997 
0.9905664062499998 
0.8399804687499998 
0.6893945312499998 
0.8364648437499999 
0.7673242187499998 
0.8657617187499999 
0.92376953125 
0.93724609375 
0.6044335937499999 
0.6636132812499999 
0.9888085937499999 
0.6776757812499999 
0.92494140625 
0.9987695312499999 
0.96654296875 
0.7046289062499999 
0.6143945312499999 
0.6378320312499999 
0.6694726562499999 
0.7954492187499999 
0.7116601562499998 
0.64017578125 
0.8183007812499999 
0.5722070312499999 
0.7151757812499999 
0.6354882812499999 
0.7690820312499999 
0.6173242187499998 
0.8159570312499999 
0.9917382812499999 
0.6589257812499999 
0.95130859375 
0.6524804687499998 
0.7304101562499997 
0.7069726562499998 
0.8458398437499999 
0.7544335937499999 
0.6917382812499998 
0.8921289062499999 
1.1534570312499999 
0.7819726562499999 
0.6987695312499999 
0.9419335937500001 
0.8704492187499998 
0.7884179687499999 
0.8065820312499998 
0.9647851562499999 
0.8722070312499999 
0.8739648437499998 
0.6132226562499998 
0.8546289062499999 
0.8446679687499998 
0.6097070312499999 
0.6835351562499998 
0.7550195312499999 
0.9554101562499999 
0.7954492187499999 
0.7755273437499999 
0.7233789062499998 
0.7614648437499999 
0.6677148437499999 
0.6683007812499999 
0.5388085937499999 
0.9097070312499999 
0.7579492187499998 
0.5880273437499999 
0.6454492187499998 
0.8458398437499999 
0.56693359375 
0.6589257812499999 
0.7163476562499999 
0.7690820312499999 
0.7995507812499999 
0.8042382812499999 
0.6671289062499999 
0.8634179687499999 
0.7227929687499998 
0.8423242187499997 
0.7397851562499997 
0.7913476562499999 
0.7268945312499998 
0.5868554687499998 
0.8024804687499998 
0.6712304687499998 
0.5733789062499999 
0.6038476562499999 
1.0268945312500002 
0.7720117187499999 
0.98236328125 
0.6811914062499999 
0.7591210937499998 
0.8710351562499998 
0.8007226562499998 
0.8622460937499998 
0.5434960937499999 
0.7104882812499999 
0.8645898437499999 
0.9641992187499999 
0.7872460937499999 
0.7860742187499998 
0.8751367187499998 
1.0110742187500001 
0.6255273437499999 
1.2044335937500001 
0.7813867187499999 
0.8493554687499998 
0.6325585937499999 
0.8493554687499998 
0.8927148437499999 
0.91439453125 
0.47552734374999994 
0.9061914062499998 
0.8827539062499998 
0.7626367187499998 
0.7204492187499998 
0.6981835937499998 
0.5979882812499999 
0.6794335937499999 
0.6847070312499999 
0.5446679687499999 
0.8845117187499998 
