29 19 52 
0.7690820312499999 
0.7550195312499999 
0.6489648437499999 
0.7538476562499998 
0.5891992187499998 
0.45560546874999996 
0.97826171875 
0.7936914062499999 
0.9683007812500001 
0.45033203124999993 
0.6009179687499999 
0.6302148437499999 
0.6167382812499999 
0.7690820312499999 
0.78958984375 
0.92318359375 
0.5458398437499999 
0.7456445312499999 
0.94603515625 
0.7145898437499999 
0.8059960937499998 
0.6003320312499999 
0.8036523437499998 
0.7661523437499999 
0.7573632812499999 
0.6940820312499998 
0.7204492187499998 
0.8604882812499999 
0.6624414062499998 
0.8364648437499999 
1.0591210937500002 
1.00052734375 
0.7450585937499998 
0.92201171875 
0.98412109375 
0.7591210937499998 
0.8229882812499999 
0.93783203125 
0.8007226562499998 
0.7632226562499999 
1.1235742187500002 
0.9079492187499998 
0.94662109375 
0.5891992187499998 
0.6864648437499998 
1.0474023437500002 
1.11009765625 
1.07318359375 
1.06791015625 
0.7333398437499998 
0.6255273437499999 
0.8183007812499999 
0.8036523437499998 
0.8727929687499998 
0.92904296875 
0.95130859375 
0.6677148437499999 
0.8253320312499999 
0.7386132812499998 
0.6536523437499998 
0.7749414062499999 
0.7374414062499998 
0.6741601562499998 
0.8212304687499998 
0.8206445312499999 
0.7503320312499998 
0.8979882812499999 
0.7081445312499999 
0.8341210937499999 
0.9032617187499998 
0.7134179687499999 
0.5704492187499999 
0.8716210937499999 
0.92318359375 
0.7104882812499999 
1.14349609375 
0.7761132812499999 
0.8458398437499999 
1.06146484375 
0.8030664062499998 
0.7175195312499999 
0.8188867187499999 
0.6524804687499998 
0.7884179687499999 
0.7954492187499999 
1.2466210937500002 
0.6677148437499999 
1.18216796875 
0.8440820312499998 
0.93724609375 
0.9929101562499998 
0.5997460937499999 
1.20677734375 
0.6612695312499999 
0.7520898437499999 
0.7649804687499998 
0.6436914062499999 
0.92259765625 
1.02044921875 
0.9641992187499999 
0.7456445312499999 
1.06732421875 
0.6261132812499999 
0.7643945312499999 
0.8423242187499997 
0.6360742187499998 
0.53236328125 
0.8147851562499998 
0.6015039062499999 
0.5364648437499999 
0.7977929687499998 
0.7327539062499998 
0.6413476562499999 
0.8007226562499998 
0.6114648437499999 
0.7063867187499998 
0.7227929687499998 
0.8206445312499999 
0.6770898437499999 
0.6272851562499998 
0.8024804687499998 
0.8768945312499998 
0.97005859375 
0.79251953125 
0.8165429687499999 
0.7122460937499998 
0.5763085937499999 
0.8470117187499998 
0.5915429687499999 
0.7684960937499998 
0.5886132812499999 
0.5241601562499999 
0.6395898437499999 
0.7251367187499997 
0.7063867187499998 
0.8897851562499998 
0.7503320312499998 
0.7702539062499999 
0.6806054687499998 
0.6847070312499999 
1.06263671875 
0.7210351562499998 
0.6595117187499998 
0.8165429687499999 
0.7175195312499999 
1.0890039062499999 
0.8845117187499998 
0.7819726562499999 
1.21966796875 
0.7509179687499998 
0.6061914062499999 
0.8048242187499998 
1.1224023437500001 
0.94310546875 
1.1165429687500001 
0.7931054687499999 
0.7585351562499998 
0.7257226562499998 
0.7257226562499998 
0.8347070312499999 
1.2876367187500002 
0.9015039062499999 
0.7819726562499999 
0.5470117187499999 
0.7778710937499999 
0.6888085937499998 
1.0186914062499999 
0.8048242187499998 
0.7222070312499999 
0.6284570312499999 
0.8727929687499998 
0.8505273437499998 
0.6319726562499999 
0.56986328125 
0.8681054687499998 
0.8452539062499999 
0.6308007812499999 
0.9020898437499999 
0.9882226562499998 
0.6811914062499999 
0.8335351562499999 
0.7075585937499999 
0.8270898437499999 
0.7491601562499998 
0.5153710937499999 
0.7093164062499998 
0.6184960937499998 
0.7433007812499999 
0.7016992187499997 
0.6741601562499998 
0.7520898437499999 
0.6741601562499998 
0.7210351562499998 
0.7438867187499998 
0.8388085937499998 
0.8634179687499999 
0.91673828125 
0.7192773437499999 
0.92435546875 
0.7585351562499998 
