68 2 30 
1.37552734375 
1.3491601562500002 
1.3157617187500001 
1.3274804687500001 
1.3638085937500002 
1.3298242187500002 
1.4212304687500001 
1.3169335937500002 
1.41478515625 
1.3052148437500002 
1.3544335937500003 
1.43529296875 
1.3638085937500002 
1.3761132812499999 
1.3257226562500002 
1.37552734375 
1.31810546875 
1.33685546875 
1.31751953125 
1.3110742187500002 
1.31927734375 
1.4177148437500002 
1.33509765625 
1.35853515625 
1.33392578125 
1.3538476562500001 
1.3520898437500002 
1.3227929687500002 
1.31869140625 
1.3122460937500002 
1.38431640625 
1.3040429687500001 
1.36966796875 
1.37845703125 
1.3509179687500001 
1.41126953125 
1.35736328125 
1.31400390625 
1.36205078125 
1.4018945312500002 
1.36439453125 
1.3433007812500002 
1.41595703125 
1.4253320312500002 
1.3245507812500001 
1.4212304687500001 
1.41419921875 
1.3579492187500002 
1.36087890625 
1.3257226562500002 
1.34095703125 
1.3391992187500001 
1.3081445312500002 
1.41478515625 
1.4106835937500002 
1.30462890625 
1.39955078125 
1.41361328125 
1.41126953125 
1.3474023437500002 
1.3239648437500002 
1.36673828125 
1.39017578125 
1.30931640625 
1.39017578125 
1.29056640625 
1.42181640625 
1.32923828125 
1.30873046875 
1.3638085937500002 
1.4188867187500003 
1.35736328125 
1.39662109375 
1.2806054687500001 
1.30462890625 
1.3391992187500001 
1.3040429687500001 
1.3309960937500003 
1.3063867187500002 
1.38958984375 
1.30462890625 
1.30169921875 
1.32103515625 
1.3169335937500002 
1.3157617187500001 
1.4018945312500002 
1.39310546875 
1.3315820312500002 
1.31458984375 
1.31810546875 
1.35560546875 
1.3749414062499998 
1.37435546875 
1.3333398437500001 
1.37083984375 
1.33216796875 
1.40541015625 
1.2934960937500002 
1.3532617187500002 
1.29525390625 
1.2782617187500003 
1.39955078125 
1.3936914062499999 
1.3550195312500002 
1.4007226562500001 
1.3749414062499998 
1.3245507812500001 
1.32923828125 
1.43353515625 
1.31869140625 
1.31166015625 
1.42298828125 
1.39720703125 
1.37962890625 
1.30052734375 
1.3749414062499998 
1.3626367187500001 
1.37259765625 
1.2800195312500002 
1.29701171875 
1.37728515625 
1.3239648437500002 
1.4194726562500002 
1.29642578125 
1.35560546875 
1.37669921875 
1.4212304687500001 
1.3433007812500002 
1.30931640625 
1.31751953125 
1.4206445312500002 
1.3638085937500002 
1.3597070312500001 
1.39017578125 
1.38900390625 
1.2893945312500001 
1.28822265625 
1.39427734375 
1.37845703125 
1.3825585937500002 
1.31166015625 
1.41712890625 
1.32923828125 
1.3591210937500002 
1.32044921875 
1.3304101562500001 
1.4253320312500002 
1.29525390625 
1.37552734375 
1.37259765625 
1.33392578125 
1.37318359375 
1.3063867187500002 
1.2782617187500003 
1.40248046875 
1.37142578125 
1.31810546875 
1.31810546875 
1.3345117187500002 
1.3509179687500001 
1.39837890625 
1.36908203125 
1.3761132812499999 
1.3052148437500002 
1.39603515625 
1.3040429687500001 
1.3749414062499998 
1.3761132812499999 
1.30287109375 
1.3333398437500001 
1.29525390625 
1.3479882812500001 
1.32220703125 
1.37728515625 
1.30462890625 
1.34095703125 
1.3538476562500001 
1.3052148437500002 
1.29115234375 
1.31048828125 
1.3263085937500003 
1.36087890625 
1.3567773437500001 
1.3063867187500002 
1.34681640625 
1.38373046875 
1.34681640625 
1.29701171875 
1.33392578125 
1.37083984375 
1.31810546875 
1.38490234375 
1.3860742187500001 
1.4065820312500001 
1.39486328125 
1.3474023437500002 
1.4241601562500001 
1.37787109375 
1.39076171875 
1.3421289062500001 
