44 19 37 
0.7222070312499999 
0.94837890625 
0.5522851562499999 
0.8399804687499998 
0.7192773437499999 
0.8681054687499998 
0.5446679687499999 
0.8581445312499999 
0.6829492187499998 
0.7620507812499999 
0.8001367187499998 
1.0433007812500001 
0.5563867187499999 
0.8089257812499999 
0.8499414062499998 
0.7890039062499999 
0.91146484375 
0.9067773437499999 
0.6161523437499998 
0.7204492187499998 
0.91322265625 
0.97650390625 
0.7673242187499998 
0.8481835937499999 
0.9015039062499999 
0.6700585937499999 
0.6981835937499998 
0.97943359375 
0.7198632812499999 
0.9882226562499998 
0.5845117187499999 
1.06791015625 
0.55580078125 
0.7034570312499998 
0.6765039062499999 
0.7292382812499998 
1.16576171875 
1.0749414062499998 
0.6899804687499997 
0.5481835937499999 
0.93255859375 
0.5224023437499999 
0.7427148437499999 
0.6056054687499999 
0.5358789062499999 
0.91615234375 
0.9067773437499999 
0.7128320312499998 
0.92318359375 
0.8364648437499999 
0.5868554687499998 
0.6436914062499999 
0.7391992187499997 
0.7251367187499997 
0.52005859375 
0.7954492187499999 
0.7468164062499998 
0.8434960937499998 
0.7339257812499999 
0.6091210937499999 
0.94544921875 
0.6706445312499999 
0.7052148437499999 
0.7063867187499998 
0.7544335937499999 
0.7813867187499999 
0.8446679687499998 
0.9882226562499998 
0.7515039062499999 
0.6559960937499998 
0.6823632812499999 
1.08607421875 
0.9026757812499999 
0.8640039062499999 
0.6759179687499999 
0.7936914062499999 
0.8845117187499998 
0.6390039062499999 
1.06673828125 
1.2559960937500003 
0.6266992187499998 
0.6975976562499998 
0.7450585937499998 
0.7913476562499999 
0.7626367187499998 
0.7052148437499999 
0.8575585937499999 
0.6524804687499998 
0.8827539062499998 
0.7585351562499998 
0.6419335937499999 
0.6395898437499999 
0.8335351562499999 
0.5440820312499999 
0.8083398437499999 
0.6302148437499999 
0.92318359375 
0.8616601562499998 
0.6489648437499999 
0.7104882812499999 
0.7016992187499997 
0.8200585937499999 
0.8739648437499998 
0.53177734375 
0.5100976562499999 
0.7491601562499998 
0.7016992187499997 
0.92259765625 
0.7620507812499999 
0.6595117187499998 
0.91146484375 
0.6477929687499998 
0.8177148437499999 
0.5493554687499999 
0.7263085937499998 
0.5804101562499998 
0.6331445312499999 
0.8165429687499999 
0.8141992187499998 
0.7093164062499998 
0.7333398437499998 
0.6173242187499998 
0.7649804687499998 
0.7597070312499998 
0.9993554687499997 
0.7087304687499998 
0.6735742187499998 
0.6794335937499999 
0.7702539062499999 
0.6237695312499999 
0.97474609375 
0.6917382812499998 
0.7725976562499999 
0.8147851562499998 
0.6847070312499999 
0.8270898437499999 
0.6448632812499999 
0.8593164062499998 
0.6243554687499998 
0.6477929687499998 
0.8077539062499999 
0.8235742187499998 
0.7022851562499998 
0.7813867187499999 
0.8147851562499998 
0.78080078125 
0.7907617187499999 
0.9893945312499999 
0.7479882812499998 
0.7544335937499999 
1.0403710937500001 
0.7790429687499999 
0.7450585937499998 
0.96009765625 
0.6477929687499998 
0.7286523437499998 
0.7626367187499998 
0.7233789062499998 
0.7339257812499999 
0.91439453125 
0.6073632812499999 
0.6466210937499999 
0.6835351562499998 
0.6870507812499999 
0.8546289062499999 
0.6911523437499998 
0.8224023437499999 
0.7515039062499999 
0.7321679687499998 
0.5616601562499999 
0.7866601562499999 
0.60267578125 
0.7872460937499999 
0.60501953125 
1.10541015625 
0.8352929687499998 
0.7919335937499999 
0.6958398437499999 
0.7058007812499999 
0.97298828125 
0.5475976562499999 
0.95130859375 
0.6542382812499998 
0.8997460937499998 
0.5616601562499999 
0.6741601562499998 
1.17044921875 
0.5880273437499999 
0.6366601562499998 
0.7720117187499999 
0.8241601562499998 
0.6548242187499997 
0.93255859375 
1.22376953125 
0.6120507812499999 
0.9425195312500001 
1.06498046875 
0.7116601562499998 
0.7977929687499998 
0.7790429687499999 
