57 19 24 
0.7368554687499997 
0.8112695312499999 
0.7696679687499999 
0.6782617187499999 
0.7397851562499997 
0.7468164062499998 
0.5511132812499999 
0.91322265625 
0.7397851562499997 
0.8018945312499999 
0.6934960937499998 
0.6126367187499998 
1.03919921875 
0.6249414062499998 
0.6032617187499999 
0.7784570312499999 
0.7333398437499998 
0.6888085937499998 
0.8516992187499998 
0.6882226562499998 
1.03509765625 
0.7321679687499998 
0.8768945312499998 
0.7298242187499997 
0.7825585937499999 
0.7450585937499998 
0.7515039062499999 
0.8540429687499999 
0.4919335937499999 
0.8194726562499999 
0.7485742187499997 
0.7515039062499999 
0.7597070312499998 
0.6190820312499998 
0.7884179687499999 
0.7450585937499998 
0.6038476562499999 
0.7649804687499998 
0.8751367187499998 
0.8247460937499999 
0.7456445312499999 
0.6167382812499999 
0.95365234375 
0.8065820312499998 
0.8862695312499999 
1.2864648437500001 
0.6665429687499999 
0.91615234375 
0.8622460937499998 
1.20501953125 
0.94076171875 
0.6542382812499998 
0.8645898437499999 
0.8452539062499999 
0.94896484375 
0.7315820312499998 
0.6975976562499998 
0.8827539062499998 
0.5786523437499999 
1.2759179687500002 
0.7878320312499999 
0.7755273437499999 
0.7169335937499999 
0.7356835937499998 
1.2302148437500002 
0.78080078125 
0.5938867187499999 
0.6811914062499999 
0.8382226562499998 
0.7011132812499998 
0.6765039062499999 
0.6559960937499998 
0.7966210937499999 
0.8059960937499998 
0.8915429687499998 
0.5540429687499999 
0.9647851562499999 
0.9173242187499999 
0.96244140625 
0.7591210937499998 
0.6056054687499999 
0.6700585937499999 
0.7140039062499999 
0.7122460937499998 
0.5903710937499999 
0.8294335937499999 
0.8048242187499998 
0.6296289062499999 
0.5915429687499999 
0.8733789062499998 
0.8212304687499998 
0.6302148437499999 
1.03216796875 
0.7374414062499998 
0.6653710937499998 
0.7755273437499999 
0.53470703125 
0.8347070312499999 
0.8845117187499998 
0.7421289062499998 
0.7438867187499998 
0.7831445312499999 
0.7655664062499998 
0.6606835937499999 
0.6067773437499999 
0.8686914062499999 
0.8434960937499998 
0.7737695312499999 
0.8522851562499998 
0.7860742187499998 
0.8059960937499998 
1.25306640625 
0.6823632812499999 
0.6706445312499999 
0.8352929687499998 
0.6624414062499998 
0.7427148437499999 
0.8821679687499998 
0.7802148437499999 
1.01634765625 
1.09251953125 
0.6542382812499998 
0.7954492187499999 
0.9501367187499999 
0.9173242187499999 
0.7327539062499998 
1.03802734375 
0.7350976562499998 
0.91322265625 
0.8651757812499999 
0.6993554687499998 
0.5446679687499999 
0.6600976562499998 
0.6659570312499998 
0.7468164062499998 
0.7614648437499999 
0.6905664062499998 
0.8716210937499999 
0.8751367187499998 
0.6466210937499999 
1.00228515625 
0.7274804687499997 
0.8388085937499998 
0.7995507812499999 
0.64017578125 
0.8153710937499998 
0.6202539062499999 
1.05619140625 
0.8968164062499998 
0.6905664062499998 
0.7872460937499999 
0.8774804687499997 
0.6747460937499998 
0.6964257812499999 
0.6196679687499999 
0.5968164062499999 
0.5938867187499999 
0.8751367187499998 
0.7368554687499997 
0.7485742187499997 
0.7251367187499997 
0.7298242187499997 
0.92904296875 
0.7192773437499999 
0.8944726562499998 
0.9020898437499999 
0.5757226562499999 
0.7327539062499998 
0.42162109374999995 
0.5991601562499999 
0.8429101562499998 
0.7034570312499998 
0.9641992187499999 
0.7602929687499999 
0.8235742187499998 
0.6120507812499999 
0.7011132812499998 
0.6905664062499998 
0.5950585937499999 
0.6595117187499998 
0.82767578125 
1.3362695312500001 
0.8200585937499999 
0.8171289062499999 
0.8434960937499998 
0.6360742187499998 
0.6091210937499999 
0.6770898437499999 
0.6987695312499999 
0.7989648437499999 
0.9554101562499999 
0.7737695312499999 
0.7175195312499999 
0.7866601562499999 
0.92845703125 
0.6940820312499998 
0.8153710937499998 
0.8188867187499999 
0.8054101562499998 
0.7638085937499999 
