70 2 28 
1.3356835937500002 
1.3315820312500002 
1.3263085937500003 
1.3257226562500002 
1.35150390625 
1.3444726562500002 
1.31634765625 
1.37787109375 
1.3391992187500001 
1.3550195312500002 
1.4388085937500001 
1.33392578125 
1.31869140625 
1.3304101562500001 
1.3227929687500002 
1.3081445312500002 
1.4106835937500002 
1.33802734375 
1.3227929687500002 
1.34095703125 
1.4106835937500002 
1.30169921875 
1.39603515625 
1.31458984375 
1.4206445312500002 
1.3485742187500003 
1.32923828125 
1.3257226562500002 
1.3122460937500002 
1.3245507812500001 
1.3081445312500002 
1.33392578125 
1.37259765625 
1.3550195312500002 
1.2999414062499999 
1.3309960937500003 
1.33978515625 
1.30111328125 
1.41302734375 
1.3315820312500002 
1.35267578125 
1.30580078125 
1.39134765625 
1.3356835937500002 
1.4059960937500002 
1.4200585937500003 
1.33509765625 
1.31986328125 
1.41185546875 
1.30287109375 
1.3415429687500002 
1.38900390625 
1.31166015625 
1.30228515625 
1.3977929687500001 
1.37904296875 
1.39720703125 
1.29173828125 
1.30111328125 
1.43705078125 
1.33392578125 
1.4048242187500002 
1.3298242187500002 
1.35619140625 
1.3274804687500001 
1.37083984375 
1.3298242187500002 
1.37201171875 
1.3227929687500002 
1.30580078125 
1.36732421875 
1.38490234375 
1.29056640625 
1.31341796875 
1.30345703125 
1.3169335937500002 
1.33744140625 
1.3684960937500001 
1.3110742187500002 
1.35150390625 
1.31400390625 
1.3333398437500001 
1.37845703125 
1.33978515625 
1.4153710937500001 
1.35560546875 
1.4282617187500002 
1.3550195312500002 
1.3550195312500002 
1.3597070312500001 
1.32044921875 
1.39427734375 
1.3315820312500002 
1.3251367187500003 
1.3421289062500001 
1.31751953125 
1.3491601562500002 
1.31341796875 
1.31341796875 
1.2893945312500001 
1.36322265625 
1.3444726562500002 
1.3257226562500002 
1.3274804687500001 
1.31869140625 
1.4153710937500001 
1.39603515625 
1.36791015625 
1.3638085937500002 
1.3356835937500002 
1.2981835937500001 
1.3567773437500001 
1.29642578125 
1.3274804687500001 
1.3268945312500002 
1.3391992187500001 
1.40541015625 
1.40306640625 
1.33509765625 
1.3532617187500002 
1.30931640625 
1.33509765625 
1.2999414062499999 
1.3544335937500003 
1.30287109375 
1.3444726562500002 
1.30580078125 
1.31869140625 
1.3356835937500002 
1.3081445312500002 
1.3532617187500002 
1.42884765625 
1.31751953125 
1.31927734375 
1.3362695312500001 
1.3157617187500001 
1.3274804687500001 
1.30931640625 
1.35853515625 
1.2325585937500003 
1.33392578125 
1.39544921875 
1.32103515625 
1.3438867187500003 
1.35736328125 
1.3362695312500001 
1.32103515625 
1.3362695312500001 
1.31810546875 
1.2888085937500002 
1.40248046875 
1.3286523437500002 
1.31341796875 
1.34095703125 
1.43236328125 
1.30169921875 
1.30111328125 
1.30462890625 
1.3433007812500002 
1.37259765625 
1.31986328125 
1.35853515625 
1.3749414062499998 
1.32103515625 
1.3749414062499998 
1.2782617187500003 
1.3239648437500002 
1.39017578125 
1.40541015625 
1.39603515625 
1.43060546875 
1.39017578125 
1.41009765625 
1.2864648437500001 
1.32923828125 
1.3245507812500001 
1.3356835937500002 
1.36146484375 
1.30873046875 
1.37787109375 
1.36087890625 
1.30580078125 
1.4165429687500002 
1.4059960937500002 
1.33275390625 
1.38841796875 
1.3245507812500001 
1.28822265625 
1.3052148437500002 
1.3304101562500001 
1.30345703125 
1.28705078125 
1.3579492187500002 
1.3362695312500001 
1.3479882812500001 
1.41361328125 
1.3415429687500002 
1.43060546875 
1.34681640625 
1.2876367187500002 
