65 19 16 
0.7731835937499999 
0.8880273437499998 
0.9858789062499999 
0.7702539062499999 
0.8622460937499998 
0.91439453125 
0.7661523437499999 
0.97474609375 
0.64017578125 
0.7374414062499998 
1.04095703125 
0.5716210937499999 
0.6776757812499999 
0.9641992187499999 
0.7081445312499999 
0.6495507812499999 
1.00287109375 
0.8030664062499998 
0.4819726562499999 
0.7878320312499999 
0.6899804687499997 
1.00990234375 
0.6735742187499998 
0.6466210937499999 
0.7034570312499998 
0.93138671875 
0.5815820312499999 
0.7304101562499997 
0.91908203125 
0.7333398437499998 
1.13353515625 
0.7034570312499998 
0.8768945312499998 
0.7702539062499999 
0.97826171875 
0.7643945312499999 
0.7913476562499999 
0.5839257812499999 
0.9618554687499999 
0.96888671875 
0.7011132812499998 
0.5974023437499999 
0.7315820312499998 
0.6759179687499999 
0.6753320312499999 
0.7579492187499998 
0.8511132812499999 
0.6507226562499998 
0.94427734375 
0.7280664062499997 
0.5909570312499999 
0.6770898437499999 
0.8798242187499997 
0.7028710937499998 
0.8341210937499999 
0.92083984375 
1.06966796875 
0.8030664062499998 
1.03392578125 
0.6179101562499998 
0.93373046875 
0.5886132812499999 
0.91146484375 
0.7110742187499998 
0.7784570312499999 
0.7714257812499999 
0.7350976562499998 
0.7556054687499998 
0.6272851562499998 
0.7755273437499999 
0.8827539062499998 
0.6987695312499999 
0.7878320312499999 
0.7181054687499998 
0.6067773437499999 
0.8218164062499999 
0.9179101562499999 
0.8165429687499999 
0.6929101562499997 
0.6724023437499999 
0.7819726562499999 
1.20501953125 
0.6987695312499999 
0.6231835937499999 
0.8739648437499998 
0.7274804687499997 
0.6477929687499998 
0.7046289062499999 
0.5991601562499999 
0.92962890625 
1.08373046875 
0.6366601562499998 
0.7239648437499998 
0.92494140625 
0.97416015625 
0.5130273437499999 
0.91380859375 
0.7292382812499998 
1.22376953125 
0.6061914062499999 
1.16458984375 
0.8024804687499998 
0.6788476562499999 
0.8628320312499999 
0.7854882812499999 
0.97533203125 
0.7667382812499999 
0.97298828125 
0.7755273437499999 
0.8083398437499999 
0.8804101562499997 
0.9020898437499999 
0.6970117187499998 
0.8997460937499998 
0.7468164062499998 
0.5487695312499999 
0.7386132812499998 
0.5997460937499999 
0.8768945312499998 
0.7731835937499999 
0.7239648437499998 
0.6753320312499999 
0.6565820312499998 
0.6501367187499998 
0.5985742187499998 
0.8745507812499999 
0.8593164062499998 
0.8610742187499998 
0.8106835937499999 
1.21205078125 
0.7280664062499997 
0.8188867187499999 
0.6993554687499998 
1.1651757812499999 
0.6677148437499999 
0.6114648437499999 
0.7386132812499998 
0.97884765625 
0.7755273437499999 
0.6173242187499998 
0.56751953125 
1.01576171875 
0.7872460937499999 
0.9073632812499999 
0.5880273437499999 
0.8200585937499999 
0.8774804687499997 
0.6442773437499999 
0.6436914062499999 
0.7110742187499998 
0.7175195312499999 
0.6091210937499999 
0.8968164062499998 
0.7684960937499998 
0.7515039062499999 
0.7175195312499999 
0.91205078125 
0.8821679687499998 
0.7280664062499997 
0.7931054687499999 
0.8792382812499998 
0.52767578125 
0.5446679687499999 
0.93373046875 
0.6823632812499999 
0.8593164062499998 
0.42044921874999996 
1.29291015625 
1.1446679687499999 
1.0227929687500001 
0.6765039062499999 
0.6032617187499999 
0.6600976562499998 
0.6829492187499998 
0.95951171875 
1.24134765625 
0.7040429687499998 
0.8194726562499999 
0.5768945312499999 
0.7696679687499999 
0.8124414062499998 
0.7433007812499999 
0.6378320312499999 
0.8124414062499998 
0.4872460937499999 
0.78958984375 
0.7755273437499999 
0.6179101562499998 
1.08958984375 
0.8833398437499999 
0.56458984375 
0.8962304687499998 
0.7327539062499998 
0.6354882812499999 
0.7989648437499999 
1.10306640625 
0.7561914062499998 
0.92787109375 
0.7509179687499998 
0.6636132812499999 
