2 20 78 
1.3509179687500001 
1.32923828125 
1.3597070312500001 
1.2653710937500002 
1.30169921875 
1.2847070312500002 
1.39486328125 
1.31634765625 
1.3638085937500002 
1.3989648437500002 
1.31810546875 
1.3433007812500002 
1.26244140625 
1.2800195312500002 
1.33744140625 
1.36087890625 
1.3497460937500003 
1.3497460937500003 
1.30931640625 
1.3462304687500002 
1.3099023437500001 
1.38080078125 
1.41244140625 
1.2776757812500001 
1.3304101562500001 
1.3421289062500001 
1.30931640625 
1.34095703125 
1.3579492187500002 
1.4106835937500002 
1.3075585937500003 
1.33744140625 
1.29642578125 
1.39017578125 
1.4247460937500003 
1.33509765625 
1.2671289062500002 
1.31634765625 
1.2741601562500002 
1.3216210937500001 
1.33392578125 
1.43353515625 
1.3567773437500001 
1.27650390625 
1.3075585937500003 
1.3544335937500003 
1.38490234375 
1.41126953125 
1.4007226562500001 
1.35853515625 
1.22376953125 
1.3503320312500002 
1.2729882812500002 
1.33861328125 
1.38841796875 
1.39251953125 
1.3309960937500003 
1.39837890625 
1.3157617187500001 
1.4018945312500002 
1.2688867187500004 
1.3263085937500003 
1.3099023437500001 
1.36029296875 
1.4522851562499999 
1.31810546875 
1.41302734375 
1.3462304687500002 
1.3216210937500001 
1.31986328125 
1.37962890625 
1.30462890625 
1.3479882812500001 
1.29466796875 
1.3333398437500001 
1.33392578125 
1.3251367187500003 
1.2794335937500003 
1.35150390625 
1.33802734375 
1.2934960937500002 
1.29642578125 
1.3052148437500002 
1.3532617187500002 
1.30169921875 
1.2612695312500002 
1.43236328125 
1.38431640625 
1.41009765625 
1.2501367187500003 
1.2817773437500002 
1.31810546875 
1.28236328125 
1.31048828125 
1.3591210937500002 
1.2806054687500001 
1.38900390625 
1.36439453125 
1.29408203125 
1.3110742187500002 
1.29056640625 
1.3257226562500002 
1.3157617187500001 
1.3075585937500003 
1.4575585937500002 
1.3438867187500003 
1.37787109375 
1.38080078125 
1.39251953125 
1.2759179687500002 
1.3433007812500002 
1.29056640625 
1.31810546875 
1.37259765625 
1.3333398437500001 
1.38548828125 
1.2847070312500002 
1.29173828125 
1.3579492187500002 
1.3462304687500002 
1.40716796875 
1.38373046875 
1.29759765625 
1.29642578125 
1.32220703125 
1.36146484375 
1.3251367187500003 
1.3497460937500003 
1.38548828125 
1.38080078125 
1.40775390625 
1.31048828125 
1.38431640625 
1.2741601562500002 
1.2934960937500002 
1.30228515625 
1.3052148437500002 
1.29759765625 
1.3450585937500004 
1.3444726562500002 
1.2864648437500001 
1.3245507812500001 
1.33509765625 
1.2999414062499999 
1.30873046875 
1.3245507812500001 
1.29115234375 
1.40541015625 
1.28236328125 
1.3567773437500001 
1.2800195312500002 
1.29642578125 
1.3450585937500004 
1.19798828125 
1.31986328125 
1.33861328125 
1.30052734375 
1.36908203125 
1.29408203125 
1.31166015625 
1.30873046875 
1.2630273437500001 
1.3040429687500001 
1.3128320312500001 
1.3081445312500002 
1.44349609375 
1.29291015625 
1.2788476562500002 
1.2981835937500001 
1.2290429687500002 
1.37552734375 
1.28236328125 
1.39486328125 
1.2817773437500002 
1.3421289062500001 
1.3497460937500003 
1.29525390625 
1.3315820312500002 
1.27650390625 
1.3550195312500002 
1.2934960937500002 
1.30873046875 
1.38373046875 
1.3345117187500002 
1.2729882812500002 
1.35560546875 
1.2718164062500001 
1.35736328125 
1.2794335937500003 
1.2659570312500001 
1.36673828125 
1.3052148437500002 
1.26478515625 
1.38548828125 
1.32103515625 
1.30462890625 
1.3532617187500002 
1.2934960937500002 
1.2800195312500002 
1.32923828125 
