73 2 25 
1.3497460937500003 
1.30873046875 
1.3110742187500002 
1.39662109375 
1.41009765625 
1.37376953125 
1.37962890625 
1.40775390625 
1.4059960937500002 
1.4065820312500001 
1.3474023437500002 
1.38958984375 
1.29408203125 
1.31400390625 
1.30931640625 
1.3825585937500002 
1.3550195312500002 
1.41302734375 
1.3421289062500001 
1.3626367187500001 
1.3977929687500001 
1.3503320312500002 
1.43939453125 
1.36439453125 
1.31810546875 
1.3257226562500002 
1.3075585937500003 
1.3081445312500002 
1.36087890625 
1.36146484375 
1.30873046875 
1.3479882812500001 
1.32044921875 
1.23548828125 
1.38666015625 
1.3802148437500001 
1.3099023437500001 
1.39427734375 
1.3298242187500002 
1.32103515625 
1.3403710937500002 
1.32044921875 
1.3069726562500001 
1.38900390625 
1.3362695312500001 
1.3099023437500001 
1.3069726562500001 
1.3977929687500001 
1.3415429687500002 
1.37787109375 
1.30169921875 
1.39486328125 
1.43353515625 
1.3315820312500002 
1.2349023437500002 
1.39251953125 
1.3362695312500001 
1.39427734375 
1.2372460937500003 
1.2372460937500003 
1.36908203125 
1.36498046875 
1.3169335937500002 
1.4065820312500001 
1.3110742187500002 
1.32103515625 
1.36615234375 
1.30580078125 
1.31810546875 
1.22083984375 
1.39017578125 
1.33802734375 
1.37845703125 
1.2378320312500002 
1.3263085937500003 
1.3362695312500001 
1.3157617187500001 
1.37376953125 
1.3298242187500002 
1.35267578125 
1.3415429687500002 
1.3128320312500001 
1.3749414062499998 
1.32923828125 
1.3309960937500003 
1.3216210937500001 
1.3438867187500003 
1.30169921875 
1.35619140625 
1.41712890625 
1.3122460937500002 
1.2923242187500001 
1.3122460937500002 
1.3257226562500002 
1.35150390625 
1.31927734375 
1.3128320312500001 
1.3597070312500001 
1.3333398437500001 
1.31927734375 
1.33744140625 
1.37376953125 
1.3274804687500001 
1.3251367187500003 
1.32923828125 
1.4300195312500001 
1.29408203125 
1.3391992187500001 
1.38548828125 
1.31986328125 
1.3069726562500001 
1.3749414062499998 
1.3081445312500002 
1.3538476562500001 
1.33275390625 
1.31751953125 
1.30228515625 
1.31341796875 
1.3245507812500001 
1.2934960937500002 
1.30228515625 
1.37669921875 
1.37904296875 
1.3245507812500001 
1.31400390625 
1.3128320312500001 
1.39603515625 
1.2331445312500002 
1.36615234375 
1.31751953125 
1.30287109375 
1.41126953125 
1.38666015625 
1.3268945312500002 
1.37728515625 
1.30169921875 
1.39486328125 
1.3274804687500001 
1.29759765625 
1.2934960937500002 
1.42298828125 
1.3216210937500001 
1.34681640625 
1.2817773437500002 
1.4212304687500001 
1.3216210937500001 
1.3081445312500002 
1.2817773437500002 
1.41302734375 
1.29935546875 
1.3544335937500003 
1.30873046875 
1.4013085937500003 
1.33275390625 
1.35853515625 
1.33392578125 
1.42591796875 
1.31400390625 
1.39017578125 
1.41712890625 
1.39134765625 
1.3239648437500002 
1.30228515625 
1.31986328125 
1.38373046875 
1.41302734375 
1.30052734375 
1.32044921875 
1.4065820312500001 
1.31869140625 
1.3081445312500002 
1.3040429687500001 
1.32220703125 
1.30111328125 
1.36029296875 
1.3216210937500001 
1.33392578125 
1.39310546875 
1.3245507812500001 
1.29056640625 
1.39134765625 
1.23431640625 
1.3356835937500002 
1.41478515625 
1.3052148437500002 
1.42767578125 
1.32220703125 
1.3462304687500002 
1.2220117187500001 
1.31517578125 
1.3075585937500003 
1.34095703125 
1.2425195312500001 
1.4194726562500002 
1.3251367187500003 
1.3860742187500001 
1.29291015625 
1.24427734375 
1.33802734375 
1.39544921875 
