17 20 63 
0.8681054687499998 
0.8247460937499999 
0.7884179687499999 
0.6888085937499998 
1.19798828125 
0.8499414062499998 
0.9501367187499999 
0.8722070312499999 
0.8001367187499998 
0.8370507812499999 
0.7743554687499998 
0.8704492187499998 
1.00052734375 
0.6589257812499999 
0.91966796875 
0.6653710937499998 
0.7567773437499998 
0.7239648437499998 
0.6706445312499999 
0.60501953125 
0.8692773437499999 
0.5751367187499998 
1.06498046875 
0.7679101562499998 
0.9179101562499999 
0.7966210937499999 
0.8300195312499999 
0.6624414062499998 
0.7315820312499998 
0.7544335937499999 
0.92201171875 
0.7702539062499999 
1.06615234375 
0.8481835937499999 
0.9425195312500001 
0.5417382812499999 
0.94720703125 
0.92611328125 
1.46927734375 
0.9683007812500001 
0.7725976562499999 
0.8528710937499998 
0.7063867187499998 
0.5739648437499999 
0.6671289062499999 
0.93255859375 
0.8124414062499998 
0.98470703125 
0.8850976562499998 
0.6888085937499998 
0.97474609375 
1.0825585937500002 
0.7210351562499998 
0.7140039062499999 
1.11595703125 
0.7503320312499998 
0.97298828125 
0.97826171875 
0.98353515625 
0.5991601562499999 
0.6759179687499999 
0.6811914062499999 
0.8065820312499998 
0.8323632812499999 
0.92904296875 
0.7638085937499999 
1.0403710937500001 
0.6940820312499998 
0.8604882812499999 
0.7063867187499998 
0.5751367187499998 
1.0813867187500001 
0.6448632812499999 
0.97064453125 
1.1188867187500002 
0.8493554687499998 
0.6056054687499999 
1.09193359375 
0.8042382812499999 
0.52064453125 
0.93490234375 
0.9501367187499999 
0.5458398437499999 
1.0544335937500002 
0.7690820312499999 
0.8071679687499999 
0.7268945312499998 
0.6009179687499999 
0.8464257812499999 
0.5815820312499999 
0.64017578125 
0.5979882812499999 
1.04095703125 
0.7556054687499998 
0.6073632812499999 
0.8001367187499998 
0.9548242187499999 
0.8763085937499998 
0.6706445312499999 
0.6899804687499997 
0.48548828124999993 
1.08490234375 
0.7579492187499998 
0.7913476562499999 
0.8903710937499998 
0.91615234375 
0.9981835937499999 
0.6975976562499998 
0.8581445312499999 
0.52708984375 
0.92962890625 
0.7602929687499999 
0.8979882812499999 
0.6395898437499999 
0.8446679687499998 
1.10658203125 
0.6823632812499999 
1.22552734375 
0.8153710937499998 
0.8235742187499998 
0.91087890625 
0.8259179687499999 
0.8733789062499998 
0.7790429687499999 
0.9864648437499999 
0.91146484375 
0.91322265625 
1.24369140625 
0.8059960937499998 
0.95892578125 
0.8147851562499998 
0.9067773437499999 
0.7948632812499999 
0.7087304687499998 
0.6477929687499998 
0.8997460937499998 
0.7509179687499998 
1.2173242187500002 
0.98353515625 
0.6987695312499999 
0.9302148437500001 
1.0345117187500001 
0.8159570312499999 
0.8499414062499998 
0.8112695312499999 
0.8745507812499999 
0.7491601562499998 
1.06732421875 
0.6776757812499999 
0.7204492187499998 
1.30228515625 
0.91029296875 
1.08431640625 
0.97240234375 
0.7708398437499999 
0.7016992187499997 
0.8352929687499998 
0.7134179687499999 
0.6882226562499998 
0.8024804687499998 
0.7280664062499997 
0.8036523437499998 
0.96771484375 
0.91966796875 
0.7309960937499997 
0.8358789062499998 
0.9852929687499998 
0.7474023437499998 
0.7778710937499999 
0.8534570312499998 
0.8487695312499999 
0.8042382812499999 
0.5968164062499999 
1.01517578125 
0.7643945312499999 
0.6776757812499999 
1.05150390625 
0.7919335937499999 
1.03978515625 
0.4690820312499999 
0.7884179687499999 
0.91380859375 
0.7684960937499998 
1.1200585937500003 
1.13822265625 
0.8616601562499998 
0.7350976562499998 
1.01283203125 
1.0063867187500002 
0.97123046875 
0.98060546875 
0.8845117187499998 
0.7761132812499999 
0.9020898437499999 
0.8552148437499999 
0.97884765625 
0.6155664062499998 
0.40345703125 
0.7890039062499999 
0.91673828125 
