21 20 59 
0.5487695312499999 
0.7274804687499997 
0.7966210937499999 
0.7591210937499998 
0.7462304687499998 
0.7567773437499998 
0.9331445312500001 
0.7643945312499999 
0.6261132812499999 
0.5106835937499999 
0.6565820312499998 
1.06205078125 
1.0520898437500001 
0.9940820312499998 
0.6155664062499998 
0.8036523437499998 
0.6354882812499999 
0.6630273437499998 
0.7995507812499999 
0.6431054687499999 
0.7602929687499999 
0.7075585937499999 
0.5739648437499999 
1.00462890625 
0.95716796875 
1.06205078125 
1.02044921875 
0.8130273437499999 
0.7462304687499998 
0.8358789062499998 
0.7655664062499998 
0.5106835937499999 
1.2981835937500001 
0.52708984375 
0.97298828125 
1.04212890625 
0.6735742187499998 
0.7790429687499999 
0.7638085937499999 
0.96947265625 
0.96595703125 
1.02806640625 
0.7485742187499997 
0.8118554687499998 
0.9876367187499998 
0.93373046875 
0.8171289062499999 
0.8833398437499999 
0.97533203125 
0.92845703125 
0.7907617187499999 
0.6870507812499999 
0.8177148437499999 
0.7304101562499997 
1.1575585937500001 
0.7989648437499999 
0.6782617187499999 
0.6360742187499998 
0.6636132812499999 
0.8095117187499998 
0.8991601562499998 
1.01400390625 
0.6741601562499998 
0.9929101562499998 
0.92494140625 
0.7157617187499998 
0.5388085937499999 
0.7614648437499999 
0.7573632812499999 
1.02044921875 
1.10892578125 
0.6612695312499999 
0.8136132812499999 
0.6741601562499998 
1.09603515625 
0.96361328125 
0.9530664062499999 
0.6835351562499998 
1.05853515625 
1.0415429687500002 
0.7362695312499998 
0.8909570312499998 
0.8118554687499998 
1.04212890625 
0.6647851562499998 
0.6636132812499999 
0.96244140625 
0.9501367187499999 
0.7878320312499999 
0.8569726562499999 
0.6483789062499998 
0.9149804687499999 
0.8657617187499999 
0.97240234375 
0.49486328124999995 
0.8827539062499998 
0.96712890625 
0.91087890625 
1.13119140625 
0.9940820312499998 
0.78958984375 
0.5856835937499999 
1.0544335937500002 
0.5059960937499999 
0.6993554687499998 
0.6782617187499999 
0.6753320312499999 
1.11185546875 
0.8171289062499999 
0.9026757812499999 
0.6893945312499998 
0.6577539062499999 
0.5352929687499999 
0.7198632812499999 
0.8347070312499999 
0.6788476562499999 
0.9067773437499999 
1.05677734375 
0.5540429687499999 
0.8212304687499998 
0.5745507812499999 
0.8985742187499998 
0.6700585937499999 
0.96361328125 
0.5897851562499998 
0.7251367187499997 
0.5511132812499999 
0.7099023437499998 
0.8306054687499999 
0.7532617187499998 
0.6870507812499999 
0.98236328125 
0.6571679687499998 
0.49603515624999994 
1.3257226562500002 
0.7468164062499998 
0.7327539062499998 
0.8177148437499999 
1.20150390625 
0.8446679687499998 
0.8493554687499998 
0.8985742187499998 
0.7737695312499999 
0.6249414062499998 
0.8786523437499998 
0.97064453125 
0.7380273437499998 
0.7778710937499999 
0.8030664062499998 
0.8147851562499998 
0.6782617187499999 
0.6266992187499998 
0.7766992187499998 
0.8891992187499997 
0.8247460937499999 
1.09720703125 
0.5610742187499999 
0.7181054687499998 
1.2706445312500003 
0.5763085937499999 
0.7544335937499999 
0.6073632812499999 
0.7579492187499998 
1.0345117187500001 
0.9929101562499998 
0.7356835937499998 
0.91380859375 
0.9214257812500001 
0.7075585937499999 
0.8417382812499998 
0.9015039062499999 
0.8089257812499999 
0.8153710937499998 
0.7614648437499999 
0.94837890625 
0.9958398437499999 
0.8270898437499999 
0.7058007812499999 
0.5716210937499999 
1.15287109375 
0.9395898437500001 
0.8874414062499998 
0.6448632812499999 
0.91029296875 
0.98294921875 
0.7632226562499999 
0.8030664062499998 
0.6565820312499998 
0.8628320312499999 
1.01810546875 
0.8669335937499999 
0.8429101562499998 
0.7116601562499998 
0.7286523437499998 
0.7532617187499998 
1.18392578125 
0.6618554687499998 
0.6536523437499998 
0.6999414062499998 
0.6940820312499998 
