27 20 53 
0.8716210937499999 
0.8897851562499998 
0.8341210937499999 
0.95775390625 
0.7397851562499997 
0.8528710937499998 
0.8159570312499999 
0.8112695312499999 
0.7567773437499998 
1.03919921875 
0.8686914062499999 
0.7069726562499998 
0.8962304687499998 
0.6882226562499998 
0.4983789062499999 
0.8288476562499999 
0.6964257812499999 
1.00287109375 
0.9999414062499997 
0.92728515625 
0.8089257812499999 
1.16458984375 
0.8347070312499999 
0.7233789062499998 
1.00345703125 
0.8065820312499998 
0.9401757812500001 
0.6460351562499999 
0.8323632812499999 
0.91087890625 
0.8235742187499998 
0.6173242187499998 
0.6085351562499999 
0.8013085937499999 
1.00580078125 
0.5722070312499999 
0.42103515625 
0.9858789062499999 
0.8059960937499998 
0.7040429687499998 
0.8030664062499998 
0.8013085937499999 
0.6343164062499999 
0.53177734375 
0.7919335937499999 
0.7608789062499999 
0.7948632812499999 
0.9524804687499999 
0.7585351562499998 
0.7532617187499998 
0.94544921875 
0.8288476562499999 
0.8452539062499999 
0.92845703125 
0.6143945312499999 
0.8458398437499999 
0.5833398437499999 
0.8370507812499999 
0.7140039062499999 
0.7755273437499999 
0.7093164062499998 
0.96126953125 
0.91673828125 
0.7192773437499999 
0.7532617187499998 
0.8095117187499998 
0.6712304687499998 
0.5446679687499999 
0.7673242187499998 
0.5921289062499999 
0.7327539062499998 
0.5757226562499999 
0.5118554687499999 
0.7450585937499998 
0.5915429687499999 
0.7696679687499999 
0.8956445312499999 
0.6835351562499998 
0.8200585937499999 
0.6079492187499999 
0.6782617187499999 
0.5786523437499999 
0.8048242187499998 
0.7175195312499999 
0.7286523437499998 
0.7608789062499999 
1.32806640625 
0.7860742187499998 
0.6770898437499999 
0.7058007812499999 
0.6448632812499999 
0.6349023437499999 
0.9940820312499998 
0.7081445312499999 
0.92728515625 
0.7772851562499998 
0.9015039062499999 
1.20560546875 
0.8434960937499998 
0.8487695312499999 
1.03509765625 
0.8903710937499998 
0.8399804687499998 
0.8200585937499999 
0.9032617187499998 
0.6858789062499998 
0.78080078125 
0.8610742187499998 
0.7608789062499999 
0.93666015625 
0.6108789062499999 
0.7280664062499997 
0.9050195312499999 
0.6671289062499999 
0.5968164062499999 
0.92376953125 
0.8862695312499999 
0.7274804687499997 
0.7831445312499999 
0.7028710937499998 
0.8030664062499998 
0.52767578125 
0.7573632812499999 
0.5487695312499999 
0.6208398437499999 
0.6056054687499999 
0.9911523437499998 
0.8786523437499998 
0.6343164062499999 
0.92376953125 
1.10423828125 
0.91380859375 
0.9958398437499999 
0.6061914062499999 
0.8599023437499999 
0.6630273437499998 
0.8464257812499999 
0.6876367187499998 
0.8933007812499999 
0.7931054687499999 
0.8095117187499998 
0.8429101562499998 
1.28236328125 
0.6970117187499998 
0.8956445312499999 
0.8347070312499999 
0.6559960937499998 
0.7907617187499999 
0.6636132812499999 
0.9419335937500001 
0.8229882812499999 
0.8798242187499997 
0.6448632812499999 
0.8546289062499999 
0.7268945312499998 
0.9056054687499998 
0.6384179687499999 
0.7386132812499998 
0.7743554687499998 
0.9056054687499998 
0.4825585937499999 
0.7784570312499999 
0.7802148437499999 
0.9448632812500001 
0.6313867187499999 
0.8077539062499999 
0.8165429687499999 
1.13646484375 
1.06146484375 
0.8417382812499998 
0.8663476562499999 
0.6554101562499998 
0.8013085937499999 
0.6190820312499998 
0.7983789062499999 
0.6407617187499999 
0.6688867187499998 
0.8710351562499998 
0.6952539062499998 
0.8065820312499998 
0.7919335937499999 
0.9946679687499999 
0.6143945312499999 
0.91966796875 
0.7667382812499999 
0.6272851562499998 
0.8599023437499999 
0.6759179687499999 
0.8405664062499998 
0.6641992187499998 
0.7093164062499998 
0.7093164062499998 
0.8376367187499998 
0.6958398437499999 
0.6981835937499998 
0.9009179687499999 
0.7462304687499998 
0.8282617187499999 
1.07552734375 
0.7755273437499999 
