39 20 41 
0.78080078125 
0.5850976562499999 
0.6747460937499998 
0.8622460937499998 
0.8036523437499998 
0.8393945312499999 
0.8839257812499999 
0.7034570312499998 
0.6641992187499998 
0.6794335937499999 
0.5827539062499999 
0.8950585937499999 
0.6952539062499998 
1.02748046875 
1.03626953125 
0.7667382812499999 
0.7280664062499997 
0.7263085937499998 
0.5897851562499998 
0.8979882812499999 
0.6536523437499998 
0.5306054687499999 
0.6765039062499999 
0.7016992187499997 
0.7684960937499998 
0.9395898437500001 
0.7222070312499999 
1.11595703125 
0.48548828124999993 
0.5968164062499999 
0.8751367187499998 
0.6946679687499998 
0.97533203125 
1.2290429687500002 
0.7433007812499999 
0.8856835937499998 
0.53177734375 
0.53177734375 
0.7579492187499998 
0.8704492187499998 
0.6114648437499999 
0.8399804687499998 
0.9800195312500001 
0.6554101562499998 
0.5727929687499999 
0.8698632812499999 
0.6958398437499999 
0.7093164062499998 
0.8018945312499999 
0.91615234375 
0.7462304687499998 
0.7157617187499998 
0.8253320312499999 
0.9524804687499999 
0.7556054687499998 
0.6753320312499999 
0.8815820312499998 
0.7368554687499997 
0.91849609375 
0.5153710937499999 
0.49134765624999993 
0.97943359375 
0.6653710937499998 
0.7391992187499997 
0.6765039062499999 
0.6513085937499998 
0.6231835937499999 
0.7977929687499998 
0.8042382812499999 
0.93841796875 
1.13177734375 
0.7954492187499999 
0.8997460937499998 
0.8727929687499998 
0.6923242187499997 
0.7274804687499997 
0.7427148437499999 
0.6097070312499999 
0.7462304687499998 
0.7819726562499999 
0.5874414062499999 
0.8763085937499998 
0.6993554687499998 
0.94720703125 
0.6390039062499999 
0.6993554687499998 
0.55814453125 
0.7890039062499999 
0.7696679687499999 
0.8540429687499999 
0.7866601562499999 
0.6729882812499999 
0.7462304687499998 
0.9009179687499999 
0.92025390625 
1.09017578125 
0.7046289062499999 
0.8077539062499999 
0.7936914062499999 
1.0761132812499998 
1.1681054687499999 
1.01810546875 
0.47025390624999996 
0.8083398437499999 
0.5868554687499998 
0.7509179687499998 
0.8347070312499999 
0.8593164062499998 
0.8036523437499998 
0.7556054687499998 
0.98353515625 
0.6155664062499998 
0.6237695312499999 
0.98353515625 
0.9015039062499999 
0.6683007812499999 
0.7708398437499999 
0.6729882812499999 
0.7028710937499998 
0.7843164062499999 
0.5218164062499999 
0.8024804687499998 
0.6612695312499999 
0.8487695312499999 
0.4731835937499999 
0.6337304687499998 
0.7145898437499999 
0.8944726562499998 
0.5704492187499999 
0.6776757812499999 
0.8224023437499999 
0.8024804687499998 
0.5335351562499999 
0.8001367187499998 
0.6372460937499999 
0.46966796874999994 
0.8089257812499999 
0.6964257812499999 
0.60501953125 
0.6747460937499998 
0.7509179687499998 
0.44740234374999993 
0.9079492187499998 
0.8159570312499999 
0.7386132812499998 
0.8686914062499999 
0.8417382812499998 
0.7204492187499998 
0.5587304687499999 
0.7204492187499998 
0.7737695312499999 
0.6208398437499999 
0.59330078125 
0.94544921875 
0.6981835937499998 
0.6349023437499999 
0.7491601562499998 
1.05560546875 
0.7520898437499999 
0.8850976562499998 
0.7749414062499999 
0.8856835937499998 
0.8809960937499998 
0.6606835937499999 
0.93783203125 
0.4983789062499999 
0.6770898437499999 
0.7204492187499998 
0.97005859375 
1.1013085937500002 
0.7063867187499998 
0.93666015625 
0.6829492187499998 
0.5862695312499999 
0.5962304687499999 
0.78958984375 
0.5716210937499999 
0.8563867187499998 
0.52767578125 
0.95423828125 
0.6624414062499998 
0.5909570312499999 
0.6999414062499998 
1.02162109375 
0.60501953125 
0.6946679687499998 
0.7175195312499999 
0.9882226562499998 
0.6559960937499998 
0.5850976562499999 
1.26244140625 
0.7614648437499999 
0.6214257812499999 
0.7655664062499998 
0.5587304687499999 
0.92083984375 
0.8897851562499998 
0.6548242187499997 
0.7755273437499999 
0.7099023437499998 
