43 20 37 
0.6882226562499998 
0.91615234375 
0.6946679687499998 
0.98236328125 
0.8188867187499999 
0.6841210937499999 
0.8411523437499998 
0.6606835937499999 
0.8311914062499999 
0.5827539062499999 
0.7679101562499998 
0.7309960937499997 
0.8100976562499999 
0.6460351562499999 
0.7198632812499999 
1.07904296875 
0.9079492187499998 
0.6073632812499999 
0.8329492187499998 
0.6724023437499999 
0.47669921874999993 
0.7602929687499999 
0.91908203125 
0.8112695312499999 
1.11419921875 
0.7491601562499998 
0.6507226562499998 
0.6325585937499999 
0.7491601562499998 
1.06791015625 
1.2600976562500001 
0.52884765625 
0.6249414062499998 
0.7227929687499998 
0.5030664062499999 
0.7995507812499999 
0.7831445312499999 
0.8265039062499999 
0.6893945312499998 
0.8493554687499998 
0.6343164062499999 
0.6694726562499999 
0.8651757812499999 
0.7778710937499999 
0.6811914062499999 
0.7977929687499998 
0.7263085937499998 
0.96302734375 
0.5393945312499999 
0.7462304687499998 
0.7151757812499999 
0.6788476562499999 
0.6841210937499999 
0.6999414062499998 
0.7550195312499999 
0.7333398437499998 
0.9097070312499999 
0.7116601562499998 
0.95716796875 
0.7532617187499998 
0.5622460937499999 
0.7438867187499998 
0.7456445312499999 
0.7075585937499999 
0.7356835937499998 
0.6061914062499999 
0.8054101562499998 
0.5974023437499999 
0.8616601562499998 
0.5563867187499999 
0.6009179687499999 
0.7093164062499998 
0.7509179687499998 
1.0169335937500001 
0.7989648437499999 
0.98060546875 
0.5247460937499999 
0.7245507812499998 
0.79017578125 
0.7087304687499998 
0.7884179687499999 
0.9917382812499999 
0.9067773437499999 
0.7708398437499999 
0.6876367187499998 
0.91849609375 
0.6653710937499998 
0.7843164062499999 
0.7960351562499999 
0.6138085937499999 
0.6618554687499998 
0.6788476562499999 
0.6817773437499999 
0.5909570312499999 
0.5534570312499999 
0.6308007812499999 
0.7122460937499998 
0.5786523437499999 
0.8499414062499998 
0.7942773437499999 
0.6595117187499998 
0.6214257812499999 
0.7210351562499998 
0.6073632812499999 
0.8686914062499999 
0.8634179687499999 
0.6800195312499999 
0.8218164062499999 
0.7356835937499998 
0.7731835937499999 
0.8388085937499998 
0.6325585937499999 
0.6659570312499998 
0.8358789062499998 
0.6091210937499999 
0.8083398437499999 
0.5686914062499999 
0.7122460937499998 
0.6700585937499999 
0.7684960937499998 
0.6870507812499999 
0.47025390624999996 
0.6436914062499999 
0.47435546874999995 
0.8493554687499998 
0.7632226562499999 
0.8815820312499998 
0.5663476562499999 
0.8042382812499999 
0.7350976562499998 
0.7421289062499998 
0.92904296875 
0.7175195312499999 
1.01751953125 
0.5938867187499999 
0.55521484375 
0.7058007812499999 
0.8599023437499999 
0.8065820312499998 
0.6653710937499998 
0.7515039062499999 
0.6518945312499999 
0.6272851562499998 
0.7936914062499999 
0.7163476562499999 
0.7538476562499998 
0.7591210937499998 
0.6272851562499998 
0.9899804687499998 
0.6688867187499998 
0.6431054687499999 
1.00345703125 
0.6759179687499999 
0.8991601562499998 
0.7034570312499998 
0.7509179687499998 
0.5604882812499999 
0.92962890625 
0.5897851562499998 
0.6366601562499998 
0.7468164062499998 
0.7509179687499998 
0.7292382812499998 
0.8540429687499999 
0.5452539062499999 
0.6952539062499998 
0.5909570312499999 
0.5739648437499999 
0.53177734375 
0.7134179687499999 
0.7169335937499999 
0.45267578124999996 
0.5358789062499999 
0.7122460937499998 
0.59330078125 
0.55814453125 
0.7386132812499998 
0.5997460937499999 
0.5306054687499999 
0.8282617187499999 
0.6073632812499999 
0.9061914062499998 
1.0169335937500001 
0.5938867187499999 
0.7479882812499998 
0.9009179687499999 
0.6108789062499999 
0.5880273437499999 
0.4954492187499999 
0.8511132812499999 
0.8364648437499999 
0.8815820312499998 
0.6817773437499999 
0.5839257812499999 
0.8013085937499999 
0.6308007812499999 
0.7608789062499999 
0.7936914062499999 
0.6923242187499997 
0.6847070312499999 
