48 20 32 
0.7802148437499999 
0.7239648437499998 
0.8558007812499999 
0.7456445312499999 
0.7081445312499999 
0.7872460937499999 
0.8347070312499999 
0.5429101562499998 
0.6630273437499998 
0.94837890625 
0.7790429687499999 
0.7702539062499999 
0.8212304687499998 
0.5704492187499999 
0.8558007812499999 
1.12884765625 
0.98177734375 
0.6595117187499998 
0.8681054687499998 
0.6940820312499998 
0.5540429687499999 
0.8141992187499998 
0.7198632812499999 
0.6718164062499998 
0.6765039062499999 
0.8669335937499999 
0.8757226562499998 
0.7415429687499998 
0.8411523437499998 
0.56517578125 
0.7274804687499997 
0.5792382812499999 
0.7321679687499998 
0.6208398437499999 
0.8030664062499998 
0.7315820312499998 
0.5886132812499999 
0.8534570312499998 
0.9647851562499999 
0.5763085937499999 
0.7204492187499998 
0.8270898437499999 
0.8200585937499999 
0.7567773437499998 
0.92083984375 
0.7614648437499999 
0.8710351562499998 
0.6495507812499999 
0.5991601562499999 
0.7766992187499998 
0.7954492187499999 
0.6009179687499999 
0.6735742187499998 
0.8229882812499999 
0.7005273437499998 
0.8341210937499999 
0.6683007812499999 
0.93666015625 
0.8751367187499998 
0.6753320312499999 
0.8024804687499998 
0.7134179687499999 
0.8739648437499998 
0.8516992187499998 
0.6794335937499999 
0.5522851562499999 
0.8528710937499998 
0.8563867187499998 
0.7274804687499997 
0.8575585937499999 
0.7251367187499997 
1.08431640625 
0.8177148437499999 
0.7391992187499997 
0.5944726562499999 
0.92259765625 
0.5634179687499999 
0.6899804687499997 
0.6343164062499999 
0.6800195312499999 
0.6184960937499998 
0.8429101562499998 
0.9015039062499999 
0.5804101562499998 
0.6530664062499998 
0.8470117187499998 
0.7983789062499999 
0.8944726562499998 
0.7233789062499998 
0.6718164062499998 
0.8616601562499998 
0.5013085937499999 
1.0309960937500002 
1.0532617187500002 
0.8147851562499998 
0.6501367187499998 
0.7655664062499998 
0.7983789062499999 
0.6741601562499998 
0.7515039062499999 
0.4831445312499999 
0.53470703125 
0.6384179687499999 
0.97533203125 
0.5634179687499999 
0.7356835937499998 
0.7104882812499999 
0.8938867187499998 
0.7708398437499999 
0.7725976562499999 
0.8968164062499998 
0.59330078125 
0.91673828125 
0.8024804687499998 
0.7087304687499998 
0.7556054687499998 
0.7497460937499998 
1.00873046875 
0.6413476562499999 
0.6325585937499999 
0.7843164062499999 
0.6952539062499998 
0.7315820312499998 
0.7444726562499998 
0.6864648437499998 
0.8827539062499998 
0.6770898437499999 
0.7063867187499998 
0.7274804687499997 
0.6577539062499999 
0.6905664062499998 
0.7948632812499999 
0.7526757812499999 
0.79017578125 
0.60501953125 
0.6718164062499998 
0.7227929687499998 
0.6694726562499999 
0.7866601562499999 
0.6835351562499998 
0.7450585937499998 
0.6179101562499998 
0.8382226562499998 
0.92201171875 
0.6436914062499999 
0.7169335937499999 
0.6472070312499999 
0.7304101562499997 
1.06263671875 
0.7960351562499999 
0.6536523437499998 
0.6753320312499999 
0.6630273437499998 
0.7444726562499998 
0.7438867187499998 
0.8370507812499999 
0.5429101562499998 
0.6366601562499998 
0.7972070312499999 
0.7497460937499998 
0.49603515624999994 
0.7667382812499999 
0.9149804687499999 
0.6296289062499999 
0.6618554687499998 
0.6677148437499999 
0.8575585937499999 
0.8018945312499999 
0.7872460937499999 
0.5974023437499999 
0.7725976562499999 
0.7567773437499998 
0.7485742187499997 
0.6143945312499999 
0.8733789062499998 
0.7169335937499999 
0.8962304687499998 
0.6806054687499998 
0.6958398437499999 
0.7052148437499999 
0.7122460937499998 
0.5622460937499999 
0.6442773437499999 
0.7163476562499999 
1.06966796875 
1.1253320312500001 
0.6384179687499999 
0.8933007812499999 
0.7456445312499999 
0.60208984375 
1.3456445312500003 
0.8177148437499999 
0.6718164062499998 
0.7321679687499998 
0.8827539062499998 
0.5388085937499999 
0.6917382812499998 
0.5657617187499999 
0.8522851562499998 
0.97416015625 
