49 20 31 
1.04798828125 
0.7690820312499999 
0.96244140625 
0.8048242187499998 
0.6946679687499998 
0.6583398437499999 
1.0257226562500001 
1.35736328125 
0.5974023437499999 
0.7708398437499999 
0.8194726562499999 
0.94955078125 
0.9999414062499997 
0.7052148437499999 
0.92259765625 
0.8411523437499998 
0.8669335937499999 
0.8335351562499999 
0.95072265625 
0.54642578125 
0.8464257812499999 
0.8405664062499998 
0.9015039062499999 
1.05091796875 
0.7626367187499998 
0.9999414062499997 
0.8048242187499998 
0.8686914062499999 
0.5235742187499999 
0.8546289062499999 
0.8716210937499999 
0.56458984375 
0.8616601562499998 
0.7134179687499999 
0.7380273437499998 
0.79017578125 
0.8581445312499999 
0.8493554687499998 
0.6431054687499999 
0.7766992187499998 
0.7878320312499999 
0.6407617187499999 
0.7643945312499999 
0.6706445312499999 
0.9331445312500001 
0.6823632812499999 
0.93138671875 
0.7069726562499998 
0.6067773437499999 
0.8815820312499998 
0.6647851562499998 
0.6712304687499998 
0.6208398437499999 
0.8452539062499999 
0.8095117187499998 
0.6700585937499999 
0.64017578125 
0.6190820312499998 
0.7245507812499998 
0.7614648437499999 
0.7309960937499997 
0.7251367187499997 
0.7309960937499997 
0.8921289062499999 
0.7333398437499998 
0.8124414062499998 
0.7140039062499999 
0.6325585937499999 
0.6436914062499999 
0.6518945312499999 
0.7515039062499999 
0.43333984374999995 
0.6395898437499999 
0.8136132812499999 
0.6009179687499999 
0.6278710937499998 
0.6589257812499999 
0.5657617187499999 
0.7116601562499998 
0.5903710937499999 
0.7837304687499999 
0.6893945312499998 
0.79251953125 
0.6038476562499999 
0.7257226562499998 
0.8903710937499998 
0.8475976562499998 
0.8095117187499998 
0.6975976562499998 
0.6073632812499999 
0.6999414062499998 
0.8411523437499998 
0.7204492187499998 
0.6477929687499998 
0.7638085937499999 
0.7702539062499999 
0.6811914062499999 
0.7866601562499999 
0.7134179687499999 
0.7016992187499997 
0.8300195312499999 
0.8089257812499999 
0.6483789062499998 
0.7151757812499999 
0.56751953125 
0.91908203125 
0.8552148437499999 
0.5136132812499999 
0.7532617187499998 
0.8259179687499999 
0.8294335937499999 
0.8645898437499999 
0.6729882812499999 
0.8007226562499998 
0.7011132812499998 
0.6243554687499998 
0.6595117187499998 
0.7854882812499999 
0.7022851562499998 
0.6811914062499999 
0.6847070312499999 
0.6735742187499998 
0.7222070312499999 
0.5739648437499999 
0.6108789062499999 
0.8317773437499999 
0.8616601562499998 
0.95775390625 
0.8352929687499998 
0.8323632812499999 
0.7655664062499998 
0.8933007812499999 
0.6806054687499998 
0.6929101562499997 
0.7227929687499998 
0.8018945312499999 
0.9179101562499999 
0.8235742187499998 
0.6413476562499999 
0.7245507812499998 
0.7350976562499998 
0.79017578125 
0.7573632812499999 
0.4813867187499999 
0.7333398437499998 
0.8962304687499998 
0.7526757812499999 
0.8399804687499998 
0.5739648437499999 
0.7104882812499999 
0.7339257812499999 
1.02806640625 
0.7309960937499997 
0.8370507812499999 
1.01166015625 
0.7561914062499998 
0.7052148437499999 
0.9015039062499999 
0.6489648437499999 
0.6653710937499998 
0.6120507812499999 
0.5616601562499999 
0.6987695312499999 
0.6606835937499999 
0.94896484375 
0.92962890625 
0.6161523437499998 
0.7034570312499998 
0.7556054687499998 
0.5657617187499999 
0.7409570312499998 
0.6220117187499998 
0.94779296875 
0.7257226562499998 
0.7181054687499998 
0.6641992187499998 
0.7333398437499998 
0.8915429687499998 
0.9647851562499999 
0.9067773437499999 
0.8739648437499998 
0.97005859375 
0.7169335937499999 
0.7573632812499999 
0.6858789062499998 
0.5962304687499999 
0.6454492187499998 
0.7884179687499999 
1.0075585937500002 
0.7485742187499997 
0.6360742187499998 
0.5722070312499999 
0.5628320312499999 
0.6501367187499998 
1.01634765625 
1.06498046875 
0.7374414062499998 
0.92611328125 
0.5370507812499999 
0.8218164062499999 
