54 20 26 
0.8792382812499998 
0.92845703125 
0.7339257812499999 
0.6419335937499999 
0.7573632812499999 
0.7497460937499998 
0.8059960937499998 
0.6472070312499999 
0.7134179687499999 
0.9214257812500001 
0.7245507812499998 
0.7936914062499999 
0.6272851562499998 
0.6466210937499999 
0.45033203124999993 
1.0936914062499998 
0.5311914062499999 
0.8610742187499998 
0.5446679687499999 
0.7052148437499999 
0.5382226562499999 
0.6975976562499998 
0.6975976562499998 
0.8991601562499998 
0.5534570312499999 
0.91849609375 
0.7034570312499998 
0.6600976562499998 
0.6999414062499998 
0.6395898437499999 
0.6524804687499998 
0.7667382812499999 
0.7450585937499998 
1.0286523437500001 
0.7784570312499999 
0.8393945312499999 
0.5493554687499999 
0.7567773437499998 
0.6835351562499998 
0.9015039062499999 
0.7556054687499998 
0.6378320312499999 
0.5657617187499999 
0.5634179687499999 
0.8112695312499999 
0.6565820312499998 
0.6653710937499998 
0.7696679687499999 
0.8429101562499998 
0.5833398437499999 
0.7327539062499998 
0.8183007812499999 
0.6436914062499999 
0.9641992187499999 
0.5540429687499999 
0.7052148437499999 
0.7766992187499998 
0.96009765625 
0.6899804687499997 
0.6999414062499998 
0.7438867187499998 
1.1827539062499999 
1.11361328125 
0.7034570312499998 
0.7854882812499999 
0.8727929687499998 
0.6806054687499998 
0.8112695312499999 
0.8013085937499999 
0.6946679687499998 
0.6489648437499999 
0.7087304687499998 
0.5809960937499998 
0.7222070312499999 
0.5968164062499999 
0.9888085937499999 
0.6718164062499998 
0.6788476562499999 
0.91556640625 
0.7591210937499998 
0.7849023437499999 
0.7720117187499999 
0.6958398437499999 
0.91966796875 
0.6770898437499999 
0.7696679687499999 
0.5809960937499998 
0.6899804687499997 
0.8106835937499999 
0.6507226562499998 
1.17982421875 
0.7977929687499998 
1.0520898437500001 
0.7561914062499998 
0.6085351562499999 
0.7286523437499998 
0.5727929687499999 
0.6712304687499998 
0.7263085937499998 
0.5850976562499999 
0.7608789062499999 
1.03041015625 
0.7427148437499999 
0.8393945312499999 
0.5827539062499999 
0.7081445312499999 
0.7104882812499999 
0.6864648437499998 
0.47962890624999993 
0.92435546875 
0.8376367187499998 
0.6776757812499999 
0.8704492187499998 
0.7450585937499998 
0.6266992187499998 
0.6735742187499998 
0.7579492187499998 
0.8493554687499998 
0.7714257812499999 
0.6390039062499999 
0.6706445312499999 
0.93666015625 
0.82767578125 
0.6448632812499999 
0.6243554687499998 
0.6858789062499998 
0.7620507812499999 
0.7673242187499998 
0.8827539062499998 
0.7368554687499997 
0.7597070312499998 
0.7790429687499999 
0.7075585937499999 
0.6747460937499998 
0.4602929687499999 
0.5956445312499999 
0.7186914062499998 
0.5897851562499998 
0.46498046874999993 
0.8845117187499998 
0.5962304687499999 
0.7181054687499998 
0.9870507812499999 
0.8042382812499999 
0.64017578125 
0.93197265625 
0.6589257812499999 
0.5569726562499999 
0.6460351562499999 
0.6712304687499998 
0.7884179687499999 
1.02806640625 
0.7843164062499999 
0.7714257812499999 
0.7561914062499998 
0.8423242187499997 
0.6847070312499999 
0.8698632812499999 
0.8059960937499998 
0.7931054687499999 
0.6255273437499999 
0.7292382812499998 
0.6653710937499998 
0.6390039062499999 
0.98177734375 
0.6073632812499999 
0.6952539062499998 
0.5335351562499999 
0.6524804687499998 
0.6489648437499999 
1.11009765625 
0.8751367187499998 
0.5962304687499999 
0.5856835937499999 
0.6536523437499998 
0.6811914062499999 
0.7497460937499998 
0.82767578125 
0.7632226562499999 
0.6718164062499998 
0.8300195312499999 
0.7222070312499999 
0.7356835937499998 
0.7591210937499998 
0.6378320312499999 
0.6683007812499999 
0.5991601562499999 
0.6612695312499999 
0.8874414062499998 
0.6636132812499999 
0.5030664062499999 
0.6999414062499998 
0.8944726562499998 
0.6823632812499999 
0.5927148437499999 
0.8733789062499998 
0.92025390625 
0.6114648437499999 
0.6290429687499999 
0.5927148437499999 
