61 20 19 
0.8159570312499999 
0.7626367187499998 
0.91380859375 
0.7204492187499998 
0.8030664062499998 
0.93841796875 
0.94369140625 
0.7544335937499999 
0.5839257812499999 
0.8909570312499998 
0.7638085937499999 
0.9735742187499999 
0.6665429687499999 
0.8534570312499998 
0.6114648437499999 
0.6354882812499999 
1.08958984375 
0.8804101562499997 
0.7638085937499999 
0.6442773437499999 
0.7485742187499997 
0.8071679687499999 
0.7339257812499999 
0.8446679687499998 
0.6917382812499998 
0.6847070312499999 
0.7667382812499999 
0.7274804687499997 
0.6765039062499999 
0.8358789062499998 
0.7614648437499999 
0.7690820312499999 
0.6729882812499999 
0.8018945312499999 
0.7989648437499999 
0.94134765625 
0.8405664062499998 
0.6975976562499998 
0.53001953125 
0.7280664062499997 
0.5974023437499999 
0.96068359375 
0.93197265625 
0.7725976562499999 
0.7989648437499999 
0.91849609375 
0.8423242187499997 
0.7550195312499999 
0.4813867187499999 
0.7515039062499999 
1.01341796875 
0.6688867187499998 
0.6882226562499998 
0.6595117187499998 
0.8792382812499998 
0.5329492187499999 
0.7468164062499998 
0.7251367187499997 
0.9735742187499999 
0.6835351562499998 
0.7766992187499998 
0.97005859375 
0.56986328125 
0.5804101562499998 
1.01927734375 
0.6542382812499998 
0.6015039062499999 
0.8845117187499998 
0.7661523437499999 
0.7573632812499999 
0.9864648437499999 
0.7116601562499998 
0.6038476562499999 
0.8118554687499998 
0.5950585937499999 
0.6753320312499999 
0.9870507812499999 
1.10951171875 
0.93255859375 
0.7069726562499998 
0.8475976562499998 
0.6975976562499998 
0.6524804687499998 
1.03685546875 
0.6706445312499999 
0.5376367187499999 
0.7380273437499998 
0.6653710937499998 
0.95189453125 
0.7597070312499998 
0.6765039062499999 
0.92552734375 
0.6759179687499999 
0.7509179687499998 
0.8440820312499998 
0.5927148437499999 
0.8030664062499998 
0.8112695312499999 
0.6712304687499998 
0.5329492187499999 
0.7679101562499998 
0.7890039062499999 
0.8136132812499999 
0.8821679687499998 
0.53470703125 
1.01341796875 
1.0714257812499999 
0.9097070312499999 
0.9020898437499999 
0.8376367187499998 
0.7972070312499999 
0.7345117187499998 
0.9940820312499998 
0.7509179687499998 
0.6489648437499999 
0.5235742187499999 
0.9331445312500001 
0.7702539062499999 
1.2278710937500001 
0.9554101562499999 
0.8141992187499998 
0.4825585937499999 
0.6308007812499999 
0.41283203124999995 
0.6987695312499999 
0.8077539062499999 
0.93607421875 
0.6302148437499999 
0.8212304687499998 
0.7409570312499998 
0.7561914062499998 
0.4966210937499999 
1.0474023437500002 
0.8364648437499999 
0.9056054687499998 
0.5915429687499999 
0.8675195312499999 
0.8071679687499999 
0.7872460937499999 
0.5979882812499999 
0.92025390625 
0.7427148437499999 
1.01458984375 
0.8675195312499999 
0.6419335937499999 
0.9020898437499999 
0.5792382812499999 
0.7667382812499999 
0.6765039062499999 
0.7942773437499999 
0.7110742187499998 
0.9554101562499999 
0.7468164062499998 
0.7409570312499998 
0.7755273437499999 
0.8352929687499998 
0.6120507812499999 
0.6056054687499999 
0.7743554687499998 
0.8364648437499999 
0.56693359375 
0.7468164062499998 
0.7028710937499998 
0.7655664062499998 
1.06087890625 
0.7532617187499998 
0.6729882812499999 
0.7333398437499998 
0.6618554687499998 
0.8815820312499998 
1.02162109375 
0.8599023437499999 
0.8177148437499999 
0.6577539062499999 
0.7175195312499999 
0.6829492187499998 
0.5804101562499998 
0.6847070312499999 
0.8528710937499998 
0.6343164062499999 
0.6747460937499998 
0.7263085937499998 
0.7257226562499998 
0.8200585937499999 
0.6477929687499998 
0.7040429687499998 
0.8481835937499999 
0.60208984375 
0.5722070312499999 
0.6659570312499998 
0.6847070312499999 
0.7151757812499999 
0.7708398437499999 
0.7380273437499998 
1.02748046875 
0.6343164062499999 
0.4638085937499999 
0.5938867187499999 
0.6659570312499998 
0.6899804687499997 
