73 20 7 
0.91556640625 
0.78958984375 
0.8751367187499998 
0.7819726562499999 
0.5862695312499999 
0.5681054687499999 
0.6970117187499998 
0.5399804687499998 
0.51126953125 
0.7192773437499999 
0.6688867187499998 
0.8112695312499999 
0.7075585937499999 
0.6231835937499999 
0.7778710937499999 
0.60501953125 
1.2360742187500002 
0.7813867187499999 
0.8270898437499999 
0.8136132812499999 
0.9958398437499999 
0.7690820312499999 
0.7661523437499999 
0.5792382812499999 
0.98470703125 
0.8997460937499998 
0.8974023437499998 
0.7602929687499999 
0.6501367187499998 
0.7690820312499999 
0.7790429687499999 
0.6319726562499999 
0.8306054687499999 
0.5458398437499999 
0.8780664062499998 
0.6431054687499999 
0.7720117187499999 
0.7415429687499998 
0.7028710937499998 
0.8059960937499998 
0.8575585937499999 
0.8669335937499999 
0.5938867187499999 
0.8528710937499998 
0.8352929687499998 
0.8464257812499999 
0.8388085937499998 
0.6765039062499999 
0.8663476562499999 
0.7409570312499998 
1.0011132812499999 
0.5604882812499999 
0.7415429687499998 
0.93373046875 
0.7186914062499998 
0.7643945312499999 
0.5106835937499999 
0.7696679687499999 
0.7638085937499999 
0.7696679687499999 
0.91029296875 
0.7684960937499998 
0.47845703124999994 
0.7075585937499999 
0.7397851562499997 
0.5897851562499998 
0.7350976562499998 
0.97650390625 
0.9097070312499999 
0.9647851562499999 
0.7110742187499998 
0.7233789062499998 
0.4954492187499999 
0.6565820312499998 
0.7298242187499997 
0.7397851562499997 
0.6061914062499999 
0.7227929687499998 
0.7005273437499998 
1.05619140625 
0.7122460937499998 
0.8581445312499999 
0.8112695312499999 
0.7409570312499998 
0.6056054687499999 
0.7866601562499999 
0.91146484375 
0.5921289062499999 
0.7204492187499998 
0.6261132812499999 
0.7087304687499998 
0.7550195312499999 
0.6067773437499999 
0.6811914062499999 
0.6835351562499998 
0.5540429687499999 
0.60267578125 
0.7339257812499999 
0.8247460937499999 
0.6876367187499998 
0.7725976562499999 
0.6255273437499999 
0.5153710937499999 
0.7684960937499998 
0.6097070312499999 
1.03509765625 
0.5903710937499999 
0.6776757812499999 
0.9911523437499998 
0.8833398437499999 
1.02103515625 
0.9003320312499998 
1.28587890625 
0.8194726562499999 
1.1018945312500001 
0.8183007812499999 
0.7667382812499999 
0.7884179687499999 
0.6636132812499999 
0.7245507812499998 
0.5792382812499999 
0.6518945312499999 
0.7778710937499999 
0.9929101562499998 
0.6600976562499998 
0.8007226562499998 
0.7597070312499998 
0.9009179687499999 
0.9003320312499998 
0.6472070312499999 
0.6665429687499999 
0.6946679687499998 
0.7456445312499999 
0.6718164062499998 
0.8071679687499999 
0.94134765625 
0.6196679687499999 
0.7977929687499998 
0.9020898437499999 
0.6888085937499998 
0.5897851562499998 
0.6858789062499998 
0.5657617187499999 
0.9899804687499998 
1.0309960937500002 
0.7104882812499999 
0.8224023437499999 
0.6729882812499999 
0.8645898437499999 
0.6653710937499998 
0.6724023437499999 
0.8054101562499998 
0.6583398437499999 
0.7772851562499998 
0.9026757812499999 
0.92494140625 
0.5493554687499999 
0.7491601562499998 
0.8645898437499999 
0.7550195312499999 
0.55814453125 
0.9419335937500001 
0.8464257812499999 
0.8229882812499999 
0.8177148437499999 
0.56517578125 
0.7585351562499998 
0.6759179687499999 
0.6407617187499999 
0.6308007812499999 
0.6911523437499998 
0.6630273437499998 
0.8470117187499998 
0.7532617187499998 
0.7550195312499999 
0.7907617187499999 
0.5927148437499999 
0.7544335937499999 
0.8089257812499999 
0.6595117187499998 
0.5868554687499998 
1.02455078125 
0.5405664062499999 
0.7503320312499998 
0.6009179687499999 
0.7831445312499999 
0.8235742187499998 
0.6923242187499997 
1.2132226562500001 
0.7526757812499999 
0.7022851562499998 
1.0743554687499999 
0.7585351562499998 
0.8206445312499999 
0.7749414062499999 
0.7954492187499999 
0.8815820312499998 
0.6337304687499998 
0.64017578125 
0.9524804687499999 
