21 21 58 
0.6085351562499999 
0.7421289062499998 
0.6518945312499999 
0.6806054687499998 
0.7368554687499997 
0.7134179687499999 
0.5634179687499999 
1.0186914062499999 
0.56400390625 
0.4802148437499999 
0.7421289062499998 
0.7339257812499999 
0.93431640625 
0.7778710937499999 
0.6724023437499999 
0.5481835937499999 
0.7081445312499999 
0.5540429687499999 
0.8786523437499998 
0.96009765625 
1.08197265625 
0.7854882812499999 
0.9044335937499999 
1.12123046875 
0.6366601562499998 
0.5856835937499999 
0.8042382812499999 
1.2759179687500002 
0.7315820312499998 
0.6313867187499999 
0.8399804687499998 
0.8405664062499998 
0.8294335937499999 
0.7532617187499998 
0.8018945312499999 
0.8417382812499998 
0.7743554687499998 
0.6319726562499999 
0.6811914062499999 
1.10951171875 
0.9987695312499999 
0.5950585937499999 
0.91322265625 
0.7708398437499999 
0.8909570312499998 
0.7825585937499999 
1.20970703125 
0.6940820312499998 
0.7573632812499999 
0.8112695312499999 
1.03392578125 
0.5663476562499999 
0.7538476562499998 
0.7597070312499998 
0.96068359375 
0.8247460937499999 
0.6917382812499998 
0.8915429687499998 
0.8950585937499999 
0.6179101562499998 
0.6319726562499999 
0.9923242187499998 
0.7327539062499998 
0.7509179687499998 
0.7749414062499999 
0.5681054687499999 
0.79251953125 
0.6876367187499998 
0.5358789062499999 
0.6788476562499999 
0.6852929687499998 
0.6595117187499998 
0.6923242187499997 
0.7696679687499999 
0.6946679687499998 
0.8534570312499998 
0.7737695312499999 
0.6149804687499998 
0.8270898437499999 
0.94779296875 
0.6097070312499999 
0.48841796874999993 
0.7731835937499999 
0.9067773437499999 
0.8100976562499999 
0.6495507812499999 
1.1686914062499998 
1.02162109375 
0.8874414062499998 
0.6753320312499999 
0.7181054687499998 
0.6964257812499999 
0.92201171875 
0.6167382812499999 
0.6161523437499998 
0.7397851562499997 
0.7485742187499997 
0.8399804687499998 
0.8897851562499998 
1.00345703125 
0.5587304687499999 
0.7175195312499999 
0.9641992187499999 
0.8347070312499999 
0.8136132812499999 
0.8481835937499999 
1.2659570312500001 
0.7708398437499999 
0.9934960937499998 
0.5247460937499999 
0.6934960937499998 
0.7579492187499998 
0.6360742187499998 
0.5804101562499998 
0.6442773437499999 
0.9852929687499998 
0.6847070312499999 
0.6161523437499998 
0.6964257812499999 
0.8165429687499999 
0.5991601562499999 
0.7181054687499998 
1.02806640625 
0.7222070312499999 
0.7034570312499998 
0.6501367187499998 
0.8388085937499998 
0.56986328125 
0.9050195312499999 
0.6782617187499999 
0.9905664062499998 
0.6759179687499999 
0.9073632812499999 
0.6829492187499998 
0.7784570312499999 
0.7175195312499999 
0.91439453125 
0.6917382812499998 
1.09662109375 
0.8306054687499999 
0.8481835937499999 
0.5751367187499998 
0.6958398437499999 
0.79017578125 
0.7919335937499999 
0.9864648437499999 
1.0052148437500001 
0.6108789062499999 
0.8558007812499999 
1.0110742187500001 
0.7608789062499999 
0.92435546875 
0.93783203125 
0.9015039062499999 
0.7099023437499998 
0.8376367187499998 
0.6782617187499999 
0.8675195312499999 
0.7081445312499999 
0.6559960937499998 
0.8552148437499999 
0.8446679687499998 
0.8048242187499998 
0.8880273437499998 
0.8335351562499999 
0.4309960937499999 
0.6413476562499999 
0.97650390625 
0.7655664062499998 
0.7292382812499998 
0.7890039062499999 
0.7257226562499998 
0.7104882812499999 
0.7679101562499998 
0.7632226562499999 
0.9067773437499999 
0.7251367187499997 
0.7690820312499999 
0.6225976562499999 
0.7890039062499999 
1.0503320312500002 
1.11302734375 
0.7444726562499998 
0.8306054687499999 
0.7696679687499999 
0.8657617187499999 
0.5850976562499999 
0.6770898437499999 
0.8423242187499997 
0.6841210937499999 
0.7890039062499999 
1.08548828125 
0.6454492187499998 
0.7796289062499999 
0.5891992187499998 
0.7497460937499998 
0.6477929687499998 
0.8587304687499998 
1.0263085937500003 
0.5827539062499999 
