25 21 54 
0.6589257812499999 
0.6630273437499998 
0.7737695312499999 
0.7515039062499999 
0.6958398437499999 
0.6319726562499999 
0.92083984375 
0.8329492187499998 
0.8048242187499998 
1.09193359375 
0.6753320312499999 
0.6712304687499998 
0.47611328124999996 
0.6905664062499998 
0.6934960937499998 
0.7784570312499999 
0.8382226562499998 
0.7245507812499998 
0.6583398437499999 
0.6647851562499998 
0.5950585937499999 
0.7620507812499999 
0.6934960937499998 
0.8686914062499999 
0.7509179687499998 
0.7708398437499999 
0.6448632812499999 
0.7790429687499999 
0.8083398437499999 
0.7696679687499999 
0.38177734374999994 
0.6015039062499999 
0.5962304687499999 
0.9149804687499999 
0.7362695312499998 
0.9009179687499999 
0.5968164062499999 
0.7140039062499999 
0.6120507812499999 
0.5727929687499999 
0.7854882812499999 
0.7257226562499998 
0.8024804687499998 
0.6911523437499998 
0.92845703125 
0.7919335937499999 
0.9641992187499999 
0.6993554687499998 
0.8821679687499998 
0.8188867187499999 
0.91380859375 
0.8329492187499998 
0.7772851562499998 
0.5440820312499999 
0.7819726562499999 
0.6313867187499999 
0.6501367187499998 
0.9559960937499999 
0.8587304687499998 
0.9149804687499999 
0.8429101562499998 
0.5792382812499999 
0.5886132812499999 
1.01341796875 
0.94720703125 
0.8915429687499998 
0.7679101562499998 
0.6636132812499999 
0.8165429687499999 
1.03041015625 
0.8388085937499998 
0.6899804687499997 
1.0485742187500002 
0.8183007812499999 
0.5974023437499999 
0.6683007812499999 
0.7614648437499999 
0.7210351562499998 
0.8071679687499999 
0.7919335937499999 
0.8768945312499998 
0.6155664062499998 
0.7462304687499998 
0.6806054687499998 
0.8956445312499999 
0.7339257812499999 
0.9647851562499999 
0.6624414062499998 
0.8616601562499998 
0.6999414062499998 
0.8399804687499998 
0.6618554687499998 
0.6261132812499999 
0.5681054687499999 
0.9548242187499999 
0.7016992187499997 
0.7227929687499998 
0.8804101562499997 
0.7216210937499998 
0.9179101562499999 
0.8036523437499998 
0.6102929687499998 
0.6630273437499998 
0.8153710937499998 
0.6688867187499998 
0.7169335937499999 
1.07845703125 
0.8968164062499998 
0.6231835937499999 
0.7438867187499998 
0.5845117187499999 
0.8499414062499998 
1.0251367187500002 
0.95072265625 
1.14701171875 
0.6765039062499999 
0.7843164062499999 
0.8663476562499999 
0.6120507812499999 
0.7919335937499999 
0.7058007812499999 
0.7813867187499999 
0.6577539062499999 
0.7796289062499999 
0.9870507812499999 
0.7649804687499998 
0.6677148437499999 
0.5516992187499998 
0.7831445312499999 
0.6097070312499999 
0.6337304687499998 
1.13822265625 
1.0227929687500001 
0.8001367187499998 
0.7456445312499999 
0.96712890625 
1.22845703125 
0.7433007812499999 
0.8938867187499998 
0.6999414062499998 
0.5622460937499999 
0.7948632812499999 
0.7989648437499999 
0.7614648437499999 
0.6993554687499998 
0.7456445312499999 
0.6858789062499998 
0.49720703124999993 
0.8417382812499998 
0.6015039062499999 
0.8013085937499999 
0.8089257812499999 
0.7145898437499999 
0.9800195312500001 
0.6630273437499998 
0.7790429687499999 
0.7538476562499998 
0.7550195312499999 
0.9020898437499999 
0.6899804687499997 
1.08841796875 
0.7661523437499999 
0.8200585937499999 
0.8774804687499997 
0.7350976562499998 
1.12591796875 
0.5499414062499999 
1.09017578125 
0.56751953125 
1.01517578125 
0.6934960937499998 
1.0655664062499999 
0.7192773437499999 
0.6454492187499998 
0.6888085937499998 
0.7474023437499998 
0.7093164062499998 
0.96888671875 
0.9401757812500001 
0.6518945312499999 
0.7069726562499998 
0.52884765625 
0.6296289062499999 
0.9882226562499998 
0.5745507812499999 
1.1985742187500001 
1.05267578125 
1.09310546875 
0.56986328125 
0.8282617187499999 
0.5341210937499999 
0.9003320312499998 
0.8059960937499998 
0.6220117187499998 
0.7075585937499999 
0.7444726562499998 
0.7679101562499998 
0.7884179687499999 
0.8311914062499999 
1.13119140625 
