29 21 50 
0.6472070312499999 
0.5411523437499999 
0.7520898437499999 
0.8475976562499998 
0.6237695312499999 
0.8751367187499998 
0.93724609375 
0.6489648437499999 
0.47494140625 
0.7321679687499998 
0.8821679687499998 
0.8235742187499998 
0.7257226562499998 
0.8903710937499998 
0.6454492187499998 
0.6343164062499999 
0.91146484375 
0.6665429687499999 
0.8681054687499998 
0.92201171875 
0.6237695312499999 
1.0251367187500002 
0.6061914062499999 
0.6161523437499998 
0.6858789062499998 
0.8153710937499998 
0.7837304687499999 
0.6612695312499999 
0.8681054687499998 
0.7391992187499997 
0.8259179687499999 
0.5827539062499999 
1.15169921875 
0.94896484375 
0.9395898437500001 
0.6343164062499999 
0.5481835937499999 
0.8030664062499998 
0.7966210937499999 
0.6753320312499999 
0.8177148437499999 
0.7796289062499999 
0.7497460937499998 
0.8352929687499998 
0.6864648437499998 
0.8874414062499998 
0.9097070312499999 
0.6706445312499999 
1.09251953125 
0.6776757812499999 
0.8440820312499998 
0.5874414062499999 
0.97591796875 
0.8704492187499998 
1.0638085937500001 
0.6724023437499999 
0.8733789062499998 
0.6893945312499998 
0.7421289062499998 
0.8036523437499998 
0.8944726562499998 
0.6618554687499998 
0.7186914062499998 
0.8962304687499998 
0.6278710937499998 
0.5968164062499999 
0.7983789062499999 
1.14701171875 
0.5534570312499999 
0.7474023437499998 
0.8722070312499999 
0.7655664062499998 
0.6800195312499999 
0.8798242187499997 
0.5306054687499999 
0.7128320312499998 
0.9852929687499998 
0.8177148437499999 
0.56517578125 
0.9331445312500001 
0.79017578125 
0.9641992187499999 
0.52767578125 
0.8839257812499999 
0.8100976562499999 
0.5815820312499999 
0.7339257812499999 
0.6829492187499998 
0.6858789062499998 
0.7468164062499998 
0.5991601562499999 
1.06732421875 
0.6278710937499998 
0.6214257812499999 
0.8423242187499997 
0.8112695312499999 
0.8446679687499998 
0.7708398437499999 
0.8903710937499998 
0.7438867187499998 
0.8868554687499998 
0.9061914062499998 
0.8112695312499999 
0.6337304687499998 
1.0579492187500001 
0.8300195312499999 
0.7433007812499999 
0.6155664062499998 
0.97064453125 
0.7778710937499999 
0.5868554687499998 
0.6665429687499999 
0.6911523437499998 
0.5610742187499999 
0.9735742187499999 
0.6917382812499998 
0.9302148437500001 
0.9448632812500001 
0.7872460937499999 
0.6888085937499998 
0.7468164062499998 
0.8739648437499998 
0.8927148437499999 
0.49134765624999993 
0.93490234375 
0.8991601562499998 
0.6067773437499999 
0.6296289062499999 
0.6190820312499998 
0.7854882812499999 
0.6413476562499999 
0.8001367187499998 
0.5751367187499998 
0.7239648437499998 
0.6431054687499999 
0.7104882812499999 
0.7602929687499999 
0.8364648437499999 
1.01810546875 
0.7620507812499999 
0.8552148437499999 
0.6659570312499998 
0.6454492187499998 
0.6987695312499999 
0.60208984375 
0.97943359375 
0.5335351562499999 
1.1809960937500001 
1.2612695312500002 
0.8522851562499998 
0.6349023437499999 
0.6167382812499999 
0.6284570312499999 
0.8446679687499998 
1.11712890625 
0.8751367187499998 
0.7755273437499999 
0.6425195312499999 
0.8686914062499999 
0.7755273437499999 
0.8206445312499999 
0.7778710937499999 
0.8774804687499997 
0.6700585937499999 
0.9308007812500001 
0.7737695312499999 
0.7227929687499998 
1.14115234375 
0.92845703125 
0.6032617187499999 
0.6454492187499998 
0.97533203125 
0.92611328125 
0.8903710937499998 
0.5997460937499999 
0.5938867187499999 
0.6390039062499999 
0.60501953125 
0.6794335937499999 
0.7802148437499999 
1.08783203125 
0.8411523437499998 
0.98353515625 
0.7766992187499998 
1.06849609375 
0.7309960937499997 
0.6565820312499998 
0.6132226562499998 
0.7614648437499999 
0.6284570312499999 
0.5997460937499999 
0.7597070312499998 
0.8247460937499999 
0.8780664062499998 
0.8774804687499997 
0.7087304687499998 
0.6079492187499999 
0.8979882812499999 
0.55580078125 
0.79017578125 
