56 21 23 
0.7374414062499998 
0.7134179687499999 
0.6946679687499998 
0.8136132812499999 
0.7556054687499998 
0.8868554687499998 
0.6167382812499999 
0.8640039062499999 
0.8013085937499999 
0.7515039062499999 
0.59330078125 
0.6583398437499999 
0.9009179687499999 
0.8815820312499998 
0.7233789062499998 
0.5739648437499999 
0.96888671875 
0.5716210937499999 
1.07669921875 
0.8640039062499999 
0.7075585937499999 
0.7731835937499999 
0.5007226562499999 
0.95775390625 
0.6858789062499998 
0.7597070312499998 
0.8915429687499998 
0.8206445312499999 
0.94369140625 
0.7649804687499998 
0.8657617187499999 
0.6852929687499998 
0.8112695312499999 
0.6700585937499999 
0.60501953125 
0.6776757812499999 
0.7052148437499999 
0.8558007812499999 
0.6934960937499998 
0.6354882812499999 
0.5136132812499999 
0.8751367187499998 
0.8645898437499999 
0.51771484375 
0.6589257812499999 
0.9020898437499999 
0.7462304687499998 
0.5393945312499999 
0.6917382812499998 
0.5681054687499999 
0.6313867187499999 
0.6876367187499998 
1.09662109375 
0.9149804687499999 
0.6044335937499999 
0.6665429687499999 
0.7667382812499999 
1.06673828125 
0.7058007812499999 
0.6864648437499998 
0.8534570312499998 
0.8516992187499998 
0.56517578125 
0.6196679687499999 
0.7597070312499998 
0.6425195312499999 
0.7655664062499998 
0.8306054687499999 
0.7345117187499998 
0.6964257812499999 
0.9641992187499999 
0.7667382812499999 
0.5850976562499999 
0.6155664062499998 
0.8809960937499998 
0.92494140625 
0.5716210937499999 
0.6864648437499998 
0.7872460937499999 
0.8341210937499999 
0.5880273437499999 
0.94134765625 
0.6284570312499999 
0.6829492187499998 
0.5100976562499999 
0.6759179687499999 
0.7802148437499999 
0.9401757812500001 
0.6208398437499999 
0.8376367187499998 
0.8903710937499998 
0.6876367187499998 
0.8001367187499998 
0.7725976562499999 
0.6612695312499999 
0.8083398437499999 
0.95130859375 
0.7884179687499999 
0.7860742187499998 
0.7989648437499999 
0.7063867187499998 
0.5979882812499999 
0.8095117187499998 
0.60501953125 
0.6272851562499998 
0.6753320312499999 
0.8235742187499998 
1.16634765625 
1.0356835937500002 
0.8136132812499999 
0.6811914062499999 
0.7251367187499997 
0.7608789062499999 
0.91263671875 
0.92728515625 
0.92845703125 
0.5522851562499999 
1.1686914062499998 
0.9003320312499998 
0.8786523437499998 
0.6694726562499999 
1.17044921875 
0.91556640625 
0.7532617187499998 
0.97298828125 
0.5563867187499999 
0.7907617187499999 
0.4983789062499999 
0.8270898437499999 
0.9009179687499999 
0.8429101562499998 
0.7579492187499998 
0.6647851562499998 
0.6876367187499998 
0.92259765625 
0.6612695312499999 
0.8042382812499999 
0.7591210937499998 
0.8845117187499998 
0.8651757812499999 
0.6161523437499998 
0.6237695312499999 
0.7280664062499997 
0.5393945312499999 
0.6981835937499998 
0.8933007812499999 
0.45326171874999993 
0.5915429687499999 
0.6419335937499999 
0.7614648437499999 
0.7468164062499998 
0.4251367187499999 
0.8358789062499998 
0.6483789062499998 
0.6214257812499999 
0.6225976562499999 
0.97005859375 
0.6893945312499998 
0.8985742187499998 
0.5968164062499999 
0.7204492187499998 
0.6624414062499998 
0.7673242187499998 
1.0714257812499999 
0.8270898437499999 
0.6425195312499999 
0.8288476562499999 
0.6167382812499999 
0.7936914062499999 
0.8399804687499998 
0.7321679687499998 
0.55521484375 
0.8018945312499999 
0.8241601562499998 
0.7362695312499998 
0.6876367187499998 
0.6975976562499998 
0.7263085937499998 
0.6120507812499999 
0.8341210937499999 
0.9390039062500001 
0.6565820312499998 
1.02923828125 
0.6466210937499999 
0.92201171875 
0.5329492187499999 
0.6489648437499999 
0.6044335937499999 
0.6800195312499999 
0.5827539062499999 
0.7016992187499997 
0.6946679687499998 
0.8423242187499997 
1.03216796875 
0.6079492187499999 
0.7345117187499998 
0.7690820312499999 
0.8423242187499997 
0.8306054687499999 
0.8358789062499998 
