66 21 13 
0.7638085937499999 
0.6091210937499999 
0.6876367187499998 
0.6120507812499999 
0.7813867187499999 
0.6290429687499999 
0.7046289062499999 
0.8581445312499999 
0.7151757812499999 
0.6184960937499998 
0.60267578125 
0.7362695312499998 
0.79017578125 
0.7714257812499999 
0.6975976562499998 
0.5692773437499999 
1.19740234375 
0.92025390625 
0.6659570312499998 
0.6266992187499998 
0.8159570312499999 
0.8897851562499998 
1.0052148437500001 
0.55580078125 
0.7403710937499998 
0.6665429687499999 
0.6835351562499998 
0.5628320312499999 
0.8059960937499998 
0.6829492187499998 
0.8136132812499999 
0.7198632812499999 
0.5417382812499999 
0.8358789062499998 
0.6477929687499998 
0.6472070312499999 
0.7081445312499999 
0.6431054687499999 
0.7942773437499999 
0.7520898437499999 
0.6893945312499998 
0.5013085937499999 
0.7585351562499998 
0.7802148437499999 
0.7772851562499998 
1.0315820312500001 
0.6524804687499998 
0.7655664062499998 
0.7257226562499998 
0.8229882812499999 
0.7614648437499999 
0.8100976562499999 
1.07083984375 
0.7737695312499999 
0.7614648437499999 
0.8868554687499998 
0.6331445312499999 
0.5927148437499999 
1.05736328125 
0.78080078125 
0.5921289062499999 
0.8962304687499998 
0.7977929687499998 
1.03509765625 
0.6073632812499999 
0.7309960937499997 
0.6266992187499998 
0.5493554687499999 
0.5493554687499999 
0.7257226562499998 
0.6806054687499998 
0.8399804687499998 
0.8329492187499998 
0.5763085937499999 
0.6173242187499998 
0.9179101562499999 
0.6530664062499998 
1.2477929687500002 
0.7702539062499999 
1.13177734375 
0.7175195312499999 
0.6173242187499998 
0.6442773437499999 
0.5522851562499999 
0.8352929687499998 
0.6975976562499998 
0.7245507812499998 
0.6337304687499998 
0.6237695312499999 
0.6173242187499998 
0.8868554687499998 
0.7708398437499999 
0.7708398437499999 
0.8153710937499998 
0.8329492187499998 
1.05853515625 
0.6530664062499998 
0.7268945312499998 
0.7438867187499998 
0.91322265625 
0.6278710937499998 
0.9524804687499999 
0.5751367187499998 
0.6753320312499999 
0.6442773437499999 
0.6173242187499998 
0.5681054687499999 
0.8540429687499999 
0.7983789062499999 
1.0989648437500001 
0.8042382812499999 
1.01751953125 
0.8218164062499999 
0.8915429687499998 
0.7673242187499998 
0.5997460937499999 
0.7544335937499999 
0.9940820312499998 
1.1886132812499999 
0.8522851562499998 
0.93255859375 
0.7614648437499999 
0.5399804687499998 
0.8177148437499999 
0.9864648437499999 
0.8183007812499999 
0.6782617187499999 
0.8329492187499998 
0.5569726562499999 
0.7790429687499999 
0.8856835937499998 
0.6489648437499999 
0.5575585937499999 
0.5440820312499999 
0.7866601562499999 
0.92552734375 
0.6179101562499998 
0.8048242187499998 
0.6917382812499998 
0.94076171875 
0.6079492187499999 
0.7339257812499999 
0.7567773437499998 
0.8030664062499998 
0.9683007812500001 
0.6501367187499998 
0.6852929687499998 
0.7239648437499998 
0.5950585937499999 
0.6161523437499998 
0.9401757812500001 
0.7052148437499999 
0.7468164062499998 
0.6858789062499998 
0.8804101562499997 
0.45384765624999995 
0.8640039062499999 
0.5727929687499999 
0.7122460937499998 
0.5856835937499999 
0.6806054687499998 
0.7304101562499997 
0.8130273437499999 
0.92494140625 
0.7069726562499998 
0.5868554687499998 
0.8112695312499999 
1.00228515625 
0.8270898437499999 
0.97650390625 
0.5950585937499999 
0.6220117187499998 
0.5411523437499999 
0.8645898437499999 
0.5798242187499998 
0.9899804687499998 
0.7280664062499997 
0.5839257812499999 
0.7075585937499999 
0.8516992187499998 
0.8499414062499998 
0.6835351562499998 
0.9091210937499998 
0.49427734374999993 
0.7913476562499999 
0.94310546875 
0.8815820312499998 
0.6097070312499999 
0.6864648437499998 
0.5546289062499999 
0.7556054687499998 
0.6302148437499999 
0.64017578125 
0.8054101562499998 
0.8347070312499999 
0.6003320312499999 
0.7362695312499998 
0.6841210937499999 
0.7380273437499998 
0.6940820312499998 
