71 21 8 
0.7397851562499997 
0.7386132812499998 
0.7649804687499998 
0.8493554687499998 
0.6513085937499998 
0.7790429687499999 
0.6753320312499999 
0.7638085937499999 
0.7356835937499998 
0.6677148437499999 
0.47728515624999995 
0.6940820312499998 
0.7655664062499998 
0.7040429687499998 
0.6167382812499999 
0.5804101562499998 
0.7216210937499998 
0.6349023437499999 
0.5446679687499999 
0.97240234375 
0.64017578125 
0.7731835937499999 
0.8311914062499999 
0.7479882812499998 
0.5727929687499999 
0.8042382812499999 
0.7186914062499998 
0.6765039062499999 
0.53470703125 
0.6442773437499999 
0.6173242187499998 
0.8329492187499998 
0.92494140625 
0.6003320312499999 
0.6413476562499999 
0.8780664062499998 
0.5446679687499999 
0.6056054687499999 
0.9911523437499998 
0.9864648437499999 
0.9858789062499999 
0.7497460937499998 
0.7520898437499999 
0.7415429687499998 
0.6419335937499999 
0.7977929687499998 
0.93548828125 
0.7216210937499998 
0.6864648437499998 
0.7380273437499998 
0.8429101562499998 
0.8891992187499997 
0.8569726562499999 
0.8921289062499999 
0.8739648437499998 
0.95130859375 
0.8393945312499999 
0.8399804687499998 
0.8393945312499999 
0.6659570312499998 
0.8229882812499999 
0.7222070312499999 
0.6407617187499999 
0.6829492187499998 
0.8968164062499998 
0.7784570312499999 
0.6278710937499998 
0.7831445312499999 
0.7497460937499998 
0.9641992187499999 
0.5686914062499999 
0.8751367187499998 
0.6595117187499998 
0.8880273437499998 
0.7233789062499998 
0.8177148437499999 
0.8722070312499999 
0.6923242187499997 
0.6829492187499998 
0.8235742187499998 
0.7485742187499997 
0.6483789062499998 
0.98353515625 
0.8552148437499999 
0.7034570312499998 
0.7679101562499998 
0.5253320312499999 
0.6847070312499999 
0.6378320312499999 
0.7614648437499999 
0.7456445312499999 
0.8095117187499998 
0.7772851562499998 
0.6425195312499999 
0.7567773437499998 
0.6823632812499999 
0.7819726562499999 
0.6003320312499999 
0.8651757812499999 
0.5434960937499999 
0.8927148437499999 
0.5991601562499999 
0.7878320312499999 
0.6595117187499998 
1.00345703125 
0.6559960937499998 
0.7198632812499999 
0.94720703125 
1.01341796875 
0.7720117187499999 
0.7550195312499999 
0.7761132812499999 
0.6184960937499998 
0.97005859375 
0.6981835937499998 
0.8681054687499998 
0.91615234375 
0.9899804687499998 
0.5710351562499999 
0.9073632812499999 
0.8229882812499999 
0.8054101562499998 
1.14818359375 
0.5792382812499999 
0.7327539062499998 
0.7983789062499999 
0.41283203124999995 
0.8704492187499998 
0.7626367187499998 
0.7450585937499998 
0.8171289062499999 
0.82767578125 
0.8962304687499998 
0.6243554687499998 
0.5845117187499999 
0.5575585937499999 
0.6372460937499999 
0.7380273437499998 
0.6079492187499999 
0.8241601562499998 
0.6548242187499997 
0.95423828125 
0.7263085937499998 
0.7163476562499999 
0.6454492187499998 
0.7491601562499998 
0.8440820312499998 
0.8856835937499998 
0.8692773437499999 
0.6788476562499999 
0.5458398437499999 
0.8704492187499998 
0.9683007812500001 
1.1358789062499999 
0.6278710937499998 
1.07845703125 
0.7556054687499998 
0.7608789062499999 
0.7169335937499999 
0.7099023437499998 
0.7649804687499998 
0.6835351562499998 
1.07845703125 
0.8323632812499999 
0.7966210937499999 
0.52767578125 
0.7673242187499998 
0.9964257812499999 
0.9003320312499998 
0.8089257812499999 
0.9618554687499999 
0.9266992187499999 
0.7567773437499998 
0.6483789062499998 
0.6724023437499999 
0.7673242187499998 
0.8048242187499998 
0.7069726562499998 
0.7561914062499998 
0.6999414062499998 
0.7790429687499999 
0.6712304687499998 
0.5774804687499998 
0.79017578125 
0.8710351562499998 
0.6659570312499998 
0.7960351562499999 
0.7761132812499999 
0.78080078125 
0.8177148437499999 
0.6202539062499999 
0.93841796875 
1.01927734375 
0.7151757812499999 
0.94076171875 
0.6612695312499999 
0.7157617187499998 
1.0075585937500002 
0.7421289062499998 
0.6970117187499998 
