88 2 10 
1.30287109375 
1.3702539062499999 
1.31166015625 
1.3702539062499999 
1.4300195312500001 
1.3479882812500001 
1.2934960937500002 
1.41302734375 
1.3251367187500003 
1.35150390625 
1.36322265625 
1.31634765625 
1.37904296875 
1.2349023437500002 
1.36439453125 
1.3538476562500001 
1.3989648437500002 
1.32220703125 
1.4018945312500002 
1.3749414062499998 
1.3989648437500002 
1.3063867187500002 
1.31166015625 
1.36966796875 
1.3491601562500002 
1.30931640625 
1.3450585937500004 
1.32103515625 
1.3304101562500001 
1.31517578125 
1.39486328125 
1.33216796875 
1.33275390625 
1.3638085937500002 
1.4241601562500001 
1.4183007812500001 
1.3626367187500001 
1.37201171875 
1.4007226562500001 
1.34095703125 
1.40775390625 
1.37142578125 
1.3520898437500002 
1.38548828125 
1.3309960937500003 
1.36205078125 
1.31048828125 
1.3579492187500002 
1.37962890625 
1.2331445312500002 
1.3597070312500001 
1.33744140625 
1.3491601562500002 
1.38080078125 
1.38548828125 
1.4212304687500001 
1.29466796875 
1.3274804687500001 
1.2893945312500001 
1.3761132812499999 
1.31751953125 
1.3216210937500001 
1.4001367187500002 
1.3438867187500003 
1.31400390625 
1.39251953125 
1.38900390625 
1.29583984375 
1.3063867187500002 
1.4153710937500001 
1.30931640625 
1.31517578125 
1.3274804687500001 
1.4188867187500003 
1.3403710937500002 
1.30580078125 
1.3128320312500001 
1.3444726562500002 
1.38958984375 
1.38958984375 
1.35560546875 
1.30462890625 
1.3286523437500002 
1.2934960937500002 
1.3474023437500002 
1.39134765625 
1.3157617187500001 
1.32923828125 
1.2395898437500001 
1.4224023437500002 
1.3081445312500002 
1.3245507812500001 
1.3638085937500002 
1.3702539062499999 
1.37728515625 
1.36029296875 
1.3110742187500002 
1.31341796875 
1.37728515625 
1.4065820312500001 
1.39544921875 
1.3444726562500002 
1.33392578125 
1.37962890625 
1.36966796875 
1.3989648437500002 
1.37376953125 
1.3825585937500002 
1.3433007812500002 
1.42884765625 
1.3257226562500002 
1.32044921875 
1.37201171875 
1.30287109375 
1.3503320312500002 
1.41302734375 
1.3304101562500001 
1.3081445312500002 
1.33392578125 
1.33509765625 
1.38900390625 
1.3227929687500002 
1.33216796875 
1.33744140625 
1.3040429687500001 
1.37201171875 
1.4001367187500002 
1.36908203125 
1.29056640625 
1.31458984375 
1.32806640625 
1.3216210937500001 
1.36908203125 
1.3684960937500001 
1.42591796875 
1.36556640625 
1.33275390625 
1.4153710937500001 
1.32806640625 
1.30873046875 
1.3356835937500002 
1.29115234375 
1.4188867187500003 
1.3315820312500002 
1.30287109375 
1.3075585937500003 
1.35267578125 
1.3263085937500003 
1.38490234375 
1.3403710937500002 
1.3538476562500001 
1.2349023437500002 
1.40423828125 
1.30345703125 
1.3216210937500001 
1.31986328125 
1.40423828125 
1.31869140625 
1.3245507812500001 
1.37552734375 
1.40892578125 
1.37728515625 
1.36791015625 
1.30228515625 
1.35150390625 
1.32044921875 
1.3503320312500002 
1.3936914062499999 
1.33861328125 
1.41419921875 
1.3268945312500002 
1.3936914062499999 
1.38197265625 
1.3415429687500002 
1.3075585937500003 
1.37083984375 
1.2981835937500001 
1.3860742187500001 
1.36791015625 
1.3702539062499999 
1.4200585937500003 
1.40892578125 
1.41009765625 
1.36205078125 
1.38783203125 
1.30931640625 
1.3081445312500002 
1.31810546875 
1.4048242187500002 
1.3597070312500001 
1.3579492187500002 
1.28998046875 
1.3128320312500001 
1.33744140625 
1.39017578125 
1.34681640625 
1.38080078125 
1.36498046875 
1.31634765625 
1.4065820312500001 
