12 22 66 
1.21498046875 
1.02103515625 
0.97123046875 
0.55814453125 
1.04095703125 
1.38666015625 
0.6847070312499999 
0.8599023437499999 
1.08841796875 
1.13763671875 
1.2817773437500002 
0.6079492187499999 
0.7104882812499999 
0.9401757812500001 
0.8317773437499999 
1.2454492187500001 
0.8059960937499998 
1.02806640625 
1.1575585937500001 
1.13353515625 
0.8054101562499998 
0.9308007812500001 
0.7210351562499998 
0.9929101562499998 
0.6724023437499999 
0.9419335937500001 
0.7333398437499998 
0.7368554687499997 
0.7591210937499998 
0.4802148437499999 
0.7597070312499998 
0.9173242187499999 
0.8710351562499998 
1.0227929687500001 
0.8985742187499998 
0.8452539062499999 
0.7462304687499998 
0.7046289062499999 
0.7983789062499999 
0.8177148437499999 
1.3433007812500002 
0.6929101562499997 
0.6829492187499998 
0.6237695312499999 
1.13646484375 
0.7679101562499998 
0.8804101562499997 
0.9395898437500001 
1.00462890625 
1.02748046875 
1.2788476562500002 
0.6671289062499999 
0.9073632812499999 
0.6800195312499999 
1.30345703125 
0.8645898437499999 
1.08080078125 
0.8891992187499997 
0.7602929687499999 
0.8317773437499999 
0.94369140625 
0.8528710937499998 
1.06029296875 
0.7309960937499997 
0.9882226562499998 
0.8722070312499999 
0.95189453125 
0.6061914062499999 
0.7872460937499999 
0.9173242187499999 
0.96712890625 
0.92025390625 
0.7479882812499998 
0.7913476562499999 
1.23431640625 
1.0702539062499998 
0.7491601562499998 
1.1282617187500001 
0.9425195312500001 
0.6747460937499998 
1.0550195312500001 
0.96068359375 
0.7966210937499999 
0.6589257812499999 
0.6015039062499999 
0.8657617187499999 
0.9425195312500001 
0.95716796875 
0.7186914062499998 
0.8628320312499999 
0.98470703125 
0.94310546875 
0.9056054687499998 
0.8341210937499999 
0.9958398437499999 
0.5985742187499998 
1.20208984375 
1.10892578125 
0.6009179687499999 
0.9735742187499999 
1.06146484375 
0.7556054687499998 
0.5657617187499999 
1.0485742187500002 
0.78080078125 
0.97650390625 
0.7099023437499998 
1.1358789062499999 
0.8516992187499998 
0.56400390625 
1.0427148437500002 
0.8024804687499998 
0.8522851562499998 
0.7972070312499999 
0.8493554687499998 
0.6817773437499999 
0.6460351562499999 
0.93138671875 
1.14818359375 
0.92083984375 
1.2683007812500002 
0.7251367187499997 
0.7673242187499998 
0.92494140625 
1.03861328125 
0.8042382812499999 
0.6542382812499998 
1.20677734375 
0.93431640625 
0.6524804687499998 
1.2554101562500002 
0.92728515625 
0.8716210937499999 
1.13763671875 
0.97123046875 
1.15521484375 
0.8850976562499998 
0.6794335937499999 
0.9501367187499999 
0.7368554687499997 
0.7022851562499998 
0.7286523437499998 
0.7544335937499999 
0.8645898437499999 
0.8077539062499999 
0.8645898437499999 
0.7374414062499998 
1.26478515625 
0.8909570312499998 
1.00931640625 
1.2630273437500001 
0.8499414062499998 
0.91322265625 
0.7356835937499998 
0.6987695312499999 
0.9952539062499999 
0.8259179687499999 
1.2864648437500001 
0.6518945312499999 
0.8224023437499999 
0.93666015625 
1.31341796875 
1.15697265625 
0.8891992187499997 
0.7591210937499998 
0.8130273437499999 
1.0110742187500001 
0.7872460937499999 
1.09955078125 
0.7602929687499999 
0.94134765625 
1.16107421875 
0.7368554687499997 
0.7954492187499999 
1.0011132812499999 
0.8522851562499998 
0.6864648437499998 
0.8440820312499998 
0.9735742187499999 
0.8727929687499998 
0.9056054687499998 
0.7485742187499997 
0.7145898437499999 
0.9929101562499998 
0.92201171875 
0.8311914062499999 
0.7913476562499999 
0.82767578125 
0.91849609375 
1.1417382812499999 
0.5792382812499999 
0.8393945312499999 
0.7274804687499997 
1.14291015625 
0.8985742187499998 
0.7966210937499999 
0.7198632812499999 
0.7948632812499999 
1.2700585937500004 
1.0638085937500001 
