14 22 64 
0.7345117187499998 
0.6993554687499998 
0.9647851562499999 
1.03802734375 
0.95775390625 
0.7884179687499999 
0.5604882812499999 
0.94369140625 
0.5282617187499999 
0.6747460937499998 
0.6501367187499998 
0.6729882812499999 
0.8200585937499999 
0.60501953125 
1.02220703125 
0.7983789062499999 
1.14876953125 
0.97591796875 
1.2864648437500001 
0.6811914062499999 
1.17982421875 
0.6747460937499998 
0.82767578125 
0.92904296875 
0.8364648437499999 
0.9870507812499999 
0.9050195312499999 
0.8833398437499999 
0.5481835937499999 
0.93197265625 
0.9923242187499998 
0.9888085937499999 
0.78080078125 
1.00287109375 
0.8839257812499999 
0.9934960937499998 
0.8130273437499999 
1.1206445312500002 
1.1048242187500001 
0.5405664062499999 
0.7532617187499998 
0.7866601562499999 
0.95716796875 
0.9302148437500001 
0.7690820312499999 
0.8224023437499999 
0.91146484375 
0.7022851562499998 
0.92728515625 
1.14701171875 
0.7438867187499998 
0.8036523437499998 
0.9618554687499999 
0.7796289062499999 
0.9067773437499999 
0.7714257812499999 
0.8300195312499999 
0.8850976562499998 
0.7884179687499999 
0.9179101562499999 
0.94837890625 
0.8809960937499998 
1.01048828125 
0.8317773437499999 
1.13353515625 
0.8042382812499999 
0.7538476562499998 
0.92376953125 
0.96361328125 
0.94134765625 
0.92435546875 
0.6518945312499999 
0.7784570312499999 
0.7544335937499999 
0.8599023437499999 
0.7286523437499998 
0.6788476562499999 
1.20912109375 
0.7696679687499999 
0.8024804687499998 
0.6624414062499998 
0.7931054687499999 
0.7058007812499999 
0.7597070312499998 
0.82767578125 
0.8722070312499999 
0.8388085937499998 
0.95833984375 
0.7497460937499998 
0.8323632812499999 
1.01810546875 
1.0761132812499998 
1.29291015625 
0.7556054687499998 
0.8540429687499999 
0.96361328125 
0.8780664062499998 
0.91556640625 
0.8253320312499999 
0.8259179687499999 
1.08021484375 
0.7327539062499998 
1.11712890625 
0.9061914062499998 
0.7181054687499998 
0.9448632812500001 
0.7368554687499997 
0.51712890625 
0.8686914062499999 
0.8528710937499998 
0.8417382812499998 
0.7843164062499999 
0.92435546875 
0.95833984375 
1.1106835937500001 
1.0749414062499998 
1.13705078125 
0.7954492187499999 
1.28822265625 
1.2278710937500001 
0.97123046875 
1.13470703125 
1.1446679687499999 
0.6970117187499998 
1.00228515625 
0.92787109375 
0.6940820312499998 
0.8938867187499998 
0.9079492187499998 
0.7227929687499998 
0.7233789062499998 
0.7163476562499999 
0.7948632812499999 
0.7433007812499999 
0.8434960937499998 
0.7802148437499999 
0.8657617187499999 
0.7702539062499999 
0.7942773437499999 
1.05384765625 
1.2454492187500001 
0.7778710937499999 
1.19330078125 
0.7702539062499999 
0.7972070312499999 
0.92376953125 
1.05267578125 
1.08490234375 
0.7831445312499999 
0.7936914062499999 
0.7063867187499998 
0.8393945312499999 
0.9009179687499999 
0.8575585937499999 
0.92376953125 
0.8528710937499998 
0.93548828125 
0.8704492187499998 
0.8253320312499999 
0.94544921875 
1.1452539062499998 
0.8768945312499998 
1.2325585937500003 
1.30580078125 
1.0298242187500002 
0.7304101562499997 
0.98177734375 
0.7995507812499999 
0.8493554687499998 
0.8645898437499999 
0.8475976562499998 
0.6015039062499999 
1.3474023437500002 
1.10951171875 
0.8686914062499999 
0.7989648437499999 
0.7702539062499999 
0.8528710937499998 
0.8446679687499998 
0.8675195312499999 
0.6624414062499998 
0.78958984375 
1.16341796875 
0.9050195312499999 
0.8194726562499999 
0.6624414062499998 
1.06791015625 
0.8692773437499999 
0.8434960937499998 
0.6243554687499998 
0.8616601562499998 
0.7614648437499999 
1.0286523437500001 
0.8429101562499998 
0.94603515625 
0.9308007812500001 
0.8112695312499999 
1.09251953125 
1.06966796875 
0.6061914062499999 
