17 22 61 
0.91263671875 
1.0263085937500003 
0.8604882812499999 
1.05267578125 
0.8136132812499999 
0.7796289062499999 
0.9009179687499999 
0.6349023437499999 
0.9009179687499999 
0.9425195312500001 
0.7602929687499999 
0.6864648437499998 
0.7327539062499998 
0.5827539062499999 
0.7731835937499999 
1.09779296875 
0.9214257812500001 
0.6518945312499999 
0.7421289062499998 
0.7684960937499998 
0.6929101562499997 
1.1282617187500001 
0.7696679687499999 
0.7181054687499998 
0.6841210937499999 
0.9179101562499999 
0.6196679687499999 
0.8470117187499998 
1.1200585937500003 
0.8335351562499999 
1.0011132812499999 
1.01751953125 
0.6817773437499999 
1.2366601562500001 
0.6126367187499998 
0.5540429687499999 
0.78958984375 
0.7309960937499997 
0.91205078125 
0.8774804687499997 
0.8634179687499999 
0.8745507812499999 
0.7409570312499998 
0.6811914062499999 
0.8681054687499998 
1.06263671875 
0.6548242187499997 
0.94076171875 
0.6378320312499999 
1.07083984375 
0.6009179687499999 
0.6852929687499998 
1.2501367187500003 
0.9940820312499998 
0.6917382812499998 
0.7544335937499999 
0.8083398437499999 
0.6167382812499999 
0.8827539062499998 
0.6343164062499999 
0.6079492187499999 
0.8991601562499998 
0.8229882812499999 
0.6694726562499999 
0.93490234375 
0.8253320312499999 
0.7936914062499999 
0.7468164062499998 
0.5927148437499999 
0.7421289062499998 
0.8516992187499998 
0.8265039062499999 
0.5903710937499999 
0.9776757812500001 
0.97416015625 
0.79251953125 
0.6929101562499997 
0.7772851562499998 
0.7462304687499998 
1.10658203125 
0.7169335937499999 
0.7538476562499998 
0.91380859375 
0.5886132812499999 
0.8429101562499998 
0.8757226562499998 
0.6864648437499998 
0.9940820312499998 
1.2290429687500002 
0.7843164062499999 
0.8095117187499998 
0.8979882812499999 
0.6097070312499999 
1.3245507812500001 
1.12181640625 
0.98470703125 
0.8393945312499999 
0.8628320312499999 
0.8153710937499998 
0.6882226562499998 
0.7655664062499998 
0.7819726562499999 
0.8030664062499998 
0.6395898437499999 
0.96068359375 
0.5001367187499999 
0.7731835937499999 
0.8534570312499998 
0.7942773437499999 
0.91322265625 
0.8188867187499999 
0.8511132812499999 
0.8124414062499998 
0.5593164062499999 
0.8464257812499999 
0.6231835937499999 
0.7204492187499998 
0.8241601562499998 
0.6337304687499998 
0.8188867187499999 
0.8991601562499998 
0.7268945312499998 
0.6759179687499999 
0.7368554687499997 
1.1194726562500001 
0.92201171875 
0.6056054687499999 
0.5616601562499999 
0.6893945312499998 
0.7058007812499999 
0.8944726562499998 
0.6987695312499999 
0.92787109375 
0.4309960937499999 
0.9858789062499999 
1.1188867187500002 
0.6964257812499999 
0.9893945312499999 
0.7972070312499999 
0.7081445312499999 
0.8704492187499998 
0.78080078125 
0.7608789062499999 
0.6729882812499999 
0.6747460937499998 
1.06322265625 
0.93607421875 
1.10248046875 
0.95189453125 
0.7655664062499998 
0.98470703125 
0.94837890625 
0.5979882812499999 
0.8177148437499999 
1.00931640625 
0.6694726562499999 
0.6097070312499999 
0.7632226562499999 
0.6102929687499998 
1.09662109375 
0.94662109375 
0.6934960937499998 
0.8306054687499999 
0.7227929687499998 
0.6431054687499999 
0.8446679687499998 
0.7280664062499997 
0.92962890625 
0.7345117187499998 
0.9911523437499998 
0.5054101562499999 
0.8440820312499998 
0.8839257812499999 
0.7309960937499997 
0.8341210937499999 
0.6237695312499999 
1.05267578125 
0.8194726562499999 
0.6120507812499999 
0.7579492187499998 
0.7005273437499998 
0.9981835937499999 
0.7591210937499998 
0.7016992187499997 
0.7028710937499998 
0.94603515625 
0.7034570312499998 
0.6032617187499999 
0.5827539062499999 
0.9091210937499998 
1.1938867187500002 
0.93666015625 
0.8335351562499999 
0.7954492187499999 
0.6460351562499999 
0.6970117187499998 
0.8470117187499998 
0.8429101562499998 
0.5815820312499999 
0.6231835937499999 
