21 22 57 
0.7667382812499999 
0.9056054687499998 
0.91556640625 
0.93724609375 
0.6243554687499998 
0.8100976562499999 
0.7380273437499998 
0.9026757812499999 
0.6987695312499999 
1.02044921875 
0.8997460937499998 
0.9214257812500001 
0.7515039062499999 
0.6811914062499999 
1.0122460937500002 
0.7749414062499999 
0.7145898437499999 
0.7046289062499999 
0.6067773437499999 
0.7075585937499999 
0.8071679687499999 
0.7251367187499997 
0.7714257812499999 
0.5874414062499999 
0.7227929687499998 
0.8159570312499999 
0.6630273437499998 
0.7731835937499999 
0.7491601562499998 
0.8200585937499999 
0.6806054687499998 
0.7602929687499999 
0.6571679687499998 
0.6225976562499999 
0.7462304687499998 
0.7315820312499998 
1.06322265625 
0.94603515625 
0.9390039062500001 
0.52298828125 
0.8294335937499999 
0.6841210937499999 
0.7890039062499999 
0.8815820312499998 
0.7626367187499998 
0.91439453125 
0.7163476562499999 
0.8452539062499999 
0.8317773437499999 
0.45677734374999995 
0.8229882812499999 
0.7796289062499999 
1.0989648437500001 
0.94076171875 
0.8024804687499998 
0.8300195312499999 
0.91966796875 
0.6841210937499999 
0.7063867187499998 
0.8563867187499998 
0.6237695312499999 
0.7585351562499998 
1.09017578125 
0.7204492187499998 
0.7110742187499998 
0.8938867187499998 
0.6975976562499998 
0.6858789062499998 
0.6431054687499999 
0.5780664062499998 
0.7151757812499999 
0.78080078125 
0.7081445312499999 
0.7022851562499998 
0.5499414062499999 
0.6806054687499998 
0.8013085937499999 
0.6899804687499997 
0.7186914062499998 
0.6073632812499999 
0.6806054687499998 
0.8393945312499999 
0.8059960937499998 
0.8534570312499998 
0.92376953125 
0.8540429687499999 
0.7116601562499998 
0.7983789062499999 
0.7415429687499998 
0.9179101562499999 
0.8651757812499999 
0.6946679687499998 
0.7614648437499999 
0.6009179687499999 
0.6495507812499999 
0.6143945312499999 
0.6606835937499999 
0.5628320312499999 
0.5499414062499999 
0.7849023437499999 
0.7468164062499998 
0.8645898437499999 
0.6647851562499998 
0.6647851562499998 
0.9015039062499999 
0.6653710937499998 
1.06205078125 
1.2126367187500002 
0.6706445312499999 
0.6132226562499998 
0.7684960937499998 
0.7784570312499999 
0.92494140625 
0.60208984375 
0.7907617187499999 
1.09017578125 
0.8106835937499999 
0.6911523437499998 
0.93548828125 
0.91439453125 
0.8405664062499998 
0.95189453125 
0.8429101562499998 
0.92787109375 
0.7550195312499999 
0.8997460937499998 
0.8399804687499998 
0.7643945312499999 
0.9905664062499998 
0.8599023437499999 
0.8722070312499999 
0.9917382812499999 
0.7503320312499998 
0.78080078125 
0.8206445312499999 
0.6161523437499998 
0.4954492187499999 
0.6999414062499998 
0.8968164062499998 
0.8317773437499999 
0.6319726562499999 
0.7011132812499998 
0.97650390625 
0.7626367187499998 
0.6489648437499999 
0.6190820312499998 
0.6647851562499998 
0.7497460937499998 
0.8774804687499997 
0.7720117187499999 
0.7157617187499998 
0.8352929687499998 
0.8710351562499998 
0.94310546875 
0.7298242187499997 
0.6102929687499998 
0.7567773437499998 
0.8745507812499999 
0.5774804687499998 
0.6940820312499998 
0.8827539062499998 
0.9770898437500001 
0.6870507812499999 
0.8645898437499999 
1.1018945312500001 
0.8071679687499999 
0.8253320312499999 
0.5997460937499999 
0.6970117187499998 
0.6331445312499999 
0.7315820312499998 
0.79017578125 
0.7309960937499997 
0.6882226562499998 
0.8405664062499998 
0.7356835937499998 
0.6038476562499999 
0.94779296875 
0.78958984375 
0.6735742187499998 
0.91966796875 
0.56986328125 
0.8862695312499999 
0.8335351562499999 
0.8886132812499998 
1.10248046875 
0.6694726562499999 
0.6179101562499998 
0.9934960937499998 
0.8235742187499998 
0.7667382812499999 
0.8147851562499998 
0.7280664062499997 
0.8581445312499999 
0.5235742187499999 
0.6940820312499998 
0.6958398437499999 
0.5956445312499999 
0.7860742187499998 
0.8511132812499999 
