29 22 49 
0.7667382812499999 
0.7292382812499998 
0.5065820312499999 
0.78080078125 
0.6741601562499998 
0.7386132812499998 
0.7134179687499999 
0.6577539062499999 
0.8024804687499998 
0.7884179687499999 
0.7966210937499999 
0.98119140625 
0.7391992187499997 
0.6958398437499999 
0.5475976562499999 
0.6167382812499999 
0.5692773437499999 
0.9026757812499999 
0.7339257812499999 
0.7362695312499998 
0.8493554687499998 
0.9085351562499998 
0.6917382812499998 
1.3157617187500001 
0.8944726562499998 
0.5991601562499999 
0.6776757812499999 
0.6653710937499998 
0.6067773437499999 
0.7286523437499998 
1.01751953125 
0.7268945312499998 
0.8001367187499998 
0.8065820312499998 
0.6296289062499999 
0.6964257812499999 
0.5833398437499999 
0.6395898437499999 
0.7796289062499999 
0.8206445312499999 
0.7280664062499997 
0.7526757812499999 
0.8423242187499997 
0.8938867187499998 
0.7040429687499998 
0.8083398437499999 
0.5692773437499999 
0.7761132812499999 
0.6536523437499998 
0.6788476562499999 
1.0122460937500002 
0.7849023437499999 
0.7591210937499998 
0.8048242187499998 
0.6536523437499998 
0.7649804687499998 
0.7116601562499998 
0.7397851562499997 
0.6413476562499999 
0.5516992187499998 
0.6425195312499999 
0.5985742187499998 
0.8141992187499998 
0.8106835937499999 
0.6331445312499999 
0.4966210937499999 
0.56458984375 
1.0520898437500001 
0.6372460937499999 
0.8739648437499998 
0.7866601562499999 
0.8716210937499999 
0.8388085937499998 
0.6782617187499999 
0.8985742187499998 
0.7509179687499998 
0.45912109374999993 
0.92435546875 
0.7104882812499999 
0.7585351562499998 
0.8927148437499999 
0.6079492187499999 
1.11712890625 
0.6097070312499999 
0.6624414062499998 
0.7684960937499998 
0.97416015625 
0.7573632812499999 
0.7585351562499998 
0.7421289062499998 
0.7655664062499998 
0.8979882812499999 
0.7110742187499998 
0.8200585937499999 
1.0825585937500002 
0.6641992187499998 
0.79017578125 
0.7292382812499998 
0.7140039062499999 
0.8733789062499998 
0.7110742187499998 
0.6290429687499999 
1.33275390625 
0.93548828125 
0.82767578125 
0.8270898437499999 
0.8194726562499999 
0.6489648437499999 
0.7825585937499999 
0.7479882812499998 
0.7737695312499999 
0.6765039062499999 
1.17982421875 
0.7573632812499999 
0.8622460937499998 
0.8013085937499999 
0.5224023437499999 
0.5593164062499999 
0.7702539062499999 
0.6507226562499998 
0.7087304687499998 
0.7321679687499998 
0.95833984375 
0.7890039062499999 
0.7620507812499999 
0.6923242187499997 
0.6167382812499999 
0.60208984375 
0.92904296875 
0.6097070312499999 
0.8581445312499999 
0.7573632812499999 
1.16107421875 
0.9038476562499999 
0.43919921874999995 
1.12123046875 
0.92025390625 
0.9776757812500001 
0.7931054687499999 
0.7497460937499998 
0.5974023437499999 
0.7784570312499999 
0.7638085937499999 
0.6735742187499998 
0.8188867187499999 
0.7309960937499997 
0.7034570312499998 
0.8927148437499999 
1.11419921875 
0.8528710937499998 
0.60267578125 
0.7878320312499999 
0.7286523437499998 
0.9987695312499999 
0.78080078125 
0.6641992187499998 
0.5692773437499999 
0.7819726562499999 
0.9524804687499999 
0.7702539062499999 
0.8950585937499999 
0.8692773437499999 
0.9524804687499999 
0.5786523437499999 
0.5059960937499999 
0.5979882812499999 
0.5757226562499999 
0.7040429687499998 
0.7843164062499999 
0.9009179687499999 
0.7696679687499999 
1.13646484375 
0.97064453125 
1.0298242187500002 
0.7485742187499997 
0.91908203125 
0.6794335937499999 
0.91439453125 
0.8716210937499999 
0.6489648437499999 
0.8645898437499999 
0.6513085937499998 
0.7110742187499998 
0.7626367187499998 
0.8985742187499998 
0.8323632812499999 
0.6044335937499999 
0.7843164062499999 
0.7052148437499999 
0.97533203125 
0.7485742187499997 
0.6946679687499998 
0.6554101562499998 
0.6782617187499999 
0.7409570312499998 
0.7931054687499999 
1.1106835937500001 
0.79251953125 
0.7849023437499999 
0.6179101562499998 
