46 22 32 
0.8393945312499999 
0.5417382812499999 
0.6647851562499998 
0.6858789062499998 
0.7251367187499997 
0.7438867187499998 
0.8089257812499999 
0.8013085937499999 
0.5106835937499999 
0.4661523437499999 
0.8077539062499999 
0.7274804687499997 
0.9173242187499999 
0.5692773437499999 
0.7198632812499999 
0.7661523437499999 
0.9003320312499998 
1.0890039062499999 
0.8827539062499998 
0.8475976562499998 
0.60267578125 
0.8171289062499999 
0.7567773437499998 
0.8938867187499998 
0.6214257812499999 
0.6630273437499998 
0.7462304687499998 
0.7005273437499998 
0.9999414062499997 
0.6729882812499999 
0.7309960937499997 
0.9641992187499999 
0.6530664062499998 
0.6079492187499999 
0.5956445312499999 
0.94896484375 
0.5470117187499999 
0.91322265625 
0.7005273437499998 
0.8388085937499998 
0.8206445312499999 
0.7649804687499998 
0.8493554687499998 
0.8159570312499999 
0.8429101562499998 
0.7403710937499998 
0.5751367187499998 
0.5393945312499999 
0.8393945312499999 
0.6565820312499998 
0.8722070312499999 
0.6384179687499999 
0.8891992187499997 
0.8938867187499998 
0.98412109375 
0.9548242187499999 
0.8065820312499998 
0.7005273437499998 
0.7040429687499998 
0.5446679687499999 
0.6864648437499998 
0.6618554687499998 
0.7362695312499998 
0.7503320312499998 
0.8130273437499999 
0.6419335937499999 
0.7966210937499999 
0.5780664062499998 
0.94720703125 
0.7268945312499998 
0.8657617187499999 
0.7813867187499999 
0.6811914062499999 
0.5065820312499999 
0.6917382812499998 
0.7485742187499997 
0.7720117187499999 
0.91439453125 
0.7608789062499999 
0.8118554687499998 
0.7239648437499998 
0.8763085937499998 
0.56517578125 
0.8809960937499998 
0.7345117187499998 
0.9067773437499999 
0.6179101562499998 
0.5850976562499999 
0.8505273437499998 
0.5751367187499998 
0.7766992187499998 
0.95775390625 
0.45912109374999993 
0.9776757812500001 
0.5505273437499999 
0.6501367187499998 
0.7040429687499998 
0.7649804687499998 
0.7936914062499999 
0.8546289062499999 
0.7298242187499997 
0.7725976562499999 
0.8780664062499998 
0.6589257812499999 
0.8388085937499998 
0.8604882812499999 
0.4638085937499999 
0.8270898437499999 
1.03978515625 
0.6097070312499999 
0.7438867187499998 
0.3753320312499999 
0.7362695312499998 
0.6987695312499999 
0.7474023437499998 
0.6091210937499999 
0.8569726562499999 
0.7503320312499998 
0.7444726562499998 
0.7239648437499998 
0.6425195312499999 
0.8018945312499999 
1.06087890625 
0.8622460937499998 
0.8259179687499999 
0.7368554687499997 
0.6343164062499999 
0.6085351562499999 
0.8013085937499999 
0.7942773437499999 
0.5815820312499999 
0.8118554687499998 
0.93431640625 
0.8944726562499998 
0.6343164062499999 
0.8335351562499999 
0.5897851562499998 
0.7503320312499998 
0.7058007812499999 
0.7731835937499999 
0.92318359375 
0.5839257812499999 
0.6759179687499999 
0.7884179687499999 
0.7602929687499999 
1.06205078125 
0.6735742187499998 
0.8147851562499998 
0.6765039062499999 
0.7591210937499998 
0.6114648437499999 
0.6431054687499999 
0.6688867187499998 
0.59330078125 
1.09603515625 
0.91615234375 
0.8774804687499997 
0.6173242187499998 
0.6999414062499998 
0.6595117187499998 
0.5446679687499999 
0.8968164062499998 
0.7321679687499998 
0.6800195312499999 
0.7667382812499999 
0.8024804687499998 
0.8874414062499998 
0.7544335937499999 
0.6472070312499999 
0.6366601562499998 
0.5809960937499998 
0.5522851562499999 
0.5815820312499999 
0.6138085937499999 
0.9852929687499998 
0.94720703125 
0.6290429687499999 
0.6319726562499999 
0.6284570312499999 
0.6460351562499999 
0.7069726562499998 
0.6225976562499999 
0.6636132812499999 
0.7532617187499998 
0.7005273437499998 
1.1206445312500002 
0.7761132812499999 
0.6272851562499998 
0.8704492187499998 
0.5757226562499999 
0.5253320312499999 
0.7983789062499999 
0.8558007812499999 
1.2349023437500002 
0.7140039062499999 
1.09076171875 
0.6079492187499999 
0.6653710937499998 
0.6899804687499997 
0.5704492187499999 
