93 2 5 
1.3081445312500002 
1.39837890625 
1.36908203125 
1.3216210937500001 
1.3415429687500002 
1.33802734375 
1.3684960937500001 
1.41302734375 
1.36908203125 
1.3626367187500001 
1.30873046875 
1.3485742187500003 
1.3081445312500002 
1.37083984375 
1.36205078125 
1.3831445312500001 
1.36205078125 
1.36498046875 
1.37845703125 
1.3227929687500002 
1.36146484375 
1.38958984375 
1.35619140625 
1.4188867187500003 
1.33216796875 
1.3081445312500002 
1.3315820312500002 
1.37845703125 
1.3268945312500002 
1.40541015625 
1.37728515625 
1.32337890625 
1.3099023437500001 
1.34095703125 
1.3538476562500001 
1.3579492187500002 
1.36615234375 
1.38080078125 
1.29291015625 
1.3421289062500001 
1.37201171875 
1.37259765625 
1.31048828125 
1.31869140625 
1.3063867187500002 
1.4153710937500001 
1.34681640625 
1.31400390625 
1.3479882812500001 
1.3298242187500002 
1.3362695312500001 
1.31166015625 
1.38958984375 
1.41244140625 
1.3245507812500001 
1.3503320312500002 
1.39310546875 
1.4206445312500002 
1.42181640625 
1.3362695312500001 
1.34095703125 
1.3274804687500001 
1.34681640625 
1.34095703125 
1.3099023437500001 
1.31517578125 
1.3509179687500001 
1.36615234375 
1.3081445312500002 
1.3356835937500002 
1.3099023437500001 
1.3544335937500003 
1.36498046875 
1.3040429687500001 
1.3063867187500002 
1.36322265625 
1.33509765625 
1.40306640625 
1.4065820312500001 
1.31927734375 
1.3128320312500001 
1.35267578125 
1.29115234375 
1.39955078125 
1.30873046875 
1.33509765625 
1.3304101562500001 
1.4065820312500001 
1.3497460937500003 
1.3485742187500003 
1.38080078125 
1.3040429687500001 
1.3075585937500003 
1.38548828125 
1.3122460937500002 
1.3110742187500002 
1.37376953125 
1.3063867187500002 
1.31517578125 
1.3761132812499999 
1.30052734375 
1.40306640625 
1.40541015625 
1.3075585937500003 
1.3268945312500002 
1.3040429687500001 
1.36966796875 
1.3503320312500002 
1.3268945312500002 
1.3362695312500001 
1.38431640625 
1.30873046875 
1.32806640625 
1.4253320312500002 
1.3069726562500001 
1.3421289062500001 
1.4065820312500001 
1.37435546875 
1.4270898437500001 
1.23431640625 
1.36146484375 
1.3216210937500001 
1.3245507812500001 
1.29173828125 
1.31927734375 
1.3333398437500001 
1.3538476562500001 
1.31048828125 
1.32103515625 
1.36615234375 
1.35619140625 
1.37435546875 
1.31751953125 
1.3268945312500002 
1.37259765625 
1.31986328125 
1.31986328125 
1.31986328125 
1.40775390625 
1.3257226562500002 
1.36673828125 
1.3157617187500001 
1.39486328125 
1.3063867187500002 
1.4036523437500001 
1.3860742187500001 
1.4188867187500003 
1.41361328125 
1.4065820312500001 
1.31400390625 
1.3251367187500003 
1.36791015625 
1.4194726562500002 
1.37259765625 
1.2349023437500002 
1.3304101562500001 
1.35560546875 
1.3749414062499998 
1.31341796875 
1.3989648437500002 
1.30580078125 
1.30580078125 
1.38548828125 
1.30228515625 
1.3274804687500001 
1.31048828125 
1.3239648437500002 
1.3567773437500001 
1.31927734375 
1.36322265625 
1.32923828125 
1.3462304687500002 
1.32044921875 
1.31458984375 
1.39076171875 
1.31869140625 
1.3286523437500002 
1.3462304687500002 
1.33861328125 
1.41244140625 
1.36322265625 
1.35560546875 
1.32923828125 
1.41712890625 
1.38197265625 
1.4013085937500003 
1.30228515625 
1.36556640625 
1.3497460937500003 
1.36439453125 
1.42591796875 
1.43119140625 
1.31458984375 
1.3251367187500003 
1.32044921875 
1.38958984375 
1.37435546875 
1.3638085937500002 
1.4405664062499999 
1.43236328125 
