57 22 21 
0.7157617187499998 
0.6665429687499999 
0.5411523437499999 
0.56400390625 
0.94720703125 
0.8253320312499999 
0.6858789062499998 
0.6917382812499998 
0.6436914062499999 
0.7737695312499999 
0.7755273437499999 
0.6044335937499999 
0.8487695312499999 
0.7093164062499998 
0.7649804687499998 
0.6489648437499999 
0.6636132812499999 
0.6864648437499998 
0.6431054687499999 
0.7784570312499999 
0.7755273437499999 
0.7163476562499999 
0.7198632812499999 
0.7427148437499999 
0.4813867187499999 
0.7462304687499998 
0.8259179687499999 
0.6694726562499999 
0.7186914062499998 
0.8130273437499999 
0.8534570312499998 
0.6454492187499998 
1.01166015625 
0.6665429687499999 
0.6858789062499998 
0.9091210937499998 
0.8429101562499998 
0.5710351562499999 
0.6612695312499999 
0.6987695312499999 
0.9032617187499998 
0.6061914062499999 
0.7983789062499999 
0.6524804687499998 
0.6911523437499998 
0.6395898437499999 
1.11478515625 
0.7116601562499998 
0.94544921875 
0.8405664062499998 
0.6138085937499999 
0.9530664062499999 
0.7345117187499998 
0.8124414062499998 
0.6940820312499998 
0.8124414062499998 
0.6940820312499998 
0.60267578125 
0.8821679687499998 
0.52591796875 
0.7005273437499998 
0.8751367187499998 
1.0474023437500002 
0.52767578125 
0.7620507812499999 
0.6841210937499999 
0.6518945312499999 
0.8036523437499998 
0.5786523437499999 
0.6108789062499999 
0.4907617187499999 
0.8358789062499998 
0.6641992187499998 
0.7579492187499998 
0.93373046875 
0.7679101562499998 
0.6237695312499999 
0.64017578125 
0.9173242187499999 
0.6647851562499998 
0.6308007812499999 
0.6167382812499999 
0.7579492187499998 
0.8329492187499998 
0.7960351562499999 
0.6600976562499998 
0.8259179687499999 
0.49427734374999993 
0.7034570312499998 
0.8423242187499997 
0.5429101562499998 
0.7339257812499999 
0.6958398437499999 
0.5927148437499999 
0.8979882812499999 
0.7597070312499998 
0.8083398437499999 
0.6794335937499999 
0.4925195312499999 
0.51126953125 
0.59330078125 
0.7181054687499998 
0.8610742187499998 
0.98353515625 
0.6278710937499998 
0.7239648437499998 
0.95423828125 
0.7684960937499998 
0.6718164062499998 
0.5727929687499999 
0.6583398437499999 
0.6612695312499999 
0.7333398437499998 
0.6349023437499999 
0.7280664062499997 
0.7309960937499997 
0.7731835937499999 
0.7632226562499999 
0.7140039062499999 
0.5985742187499998 
0.6009179687499999 
0.5470117187499999 
0.8505273437499998 
0.7391992187499997 
0.9395898437500001 
0.7216210937499998 
0.7737695312499999 
0.6893945312499998 
1.05150390625 
0.5821679687499999 
0.4878320312499999 
0.8733789062499998 
0.7257226562499998 
0.5575585937499999 
0.8288476562499999 
0.7526757812499999 
0.6436914062499999 
0.5804101562499998 
0.6811914062499999 
0.7497460937499998 
0.6665429687499999 
0.7626367187499998 
0.8616601562499998 
0.6038476562499999 
0.7204492187499998 
0.6852929687499998 
0.59330078125 
0.6308007812499999 
0.7784570312499999 
0.6618554687499998 
0.6325585937499999 
0.8938867187499998 
0.8464257812499999 
0.6688867187499998 
0.92083984375 
0.6554101562499998 
0.97943359375 
0.8364648437499999 
0.6683007812499999 
0.6296289062499999 
0.6718164062499998 
0.8493554687499998 
0.8669335937499999 
0.8083398437499999 
0.7011132812499998 
0.7128320312499998 
0.7362695312499998 
0.91908203125 
0.7720117187499999 
0.7087304687499998 
0.49427734374999993 
0.5224023437499999 
1.0315820312500001 
0.9038476562499999 
0.6290429687499999 
0.8423242187499997 
1.02044921875 
0.6173242187499998 
0.6782617187499999 
0.7843164062499999 
1.05267578125 
0.7831445312499999 
0.5833398437499999 
0.6981835937499998 
0.6765039062499999 
0.8253320312499999 
0.6893945312499998 
0.9524804687499999 
0.6518945312499999 
0.7456445312499999 
0.6501367187499998 
0.6032617187499999 
0.9149804687499999 
0.6489648437499999 
0.6243554687499998 
0.56517578125 
0.55580078125 
0.8446679687499998 
0.6061914062499999 
0.7673242187499998 
