63 22 15 
0.7403710937499998 
0.5915429687499999 
0.8423242187499997 
0.7268945312499998 
0.5886132812499999 
0.60501953125 
0.6981835937499998 
0.6688867187499998 
0.7520898437499999 
0.7737695312499999 
0.6366601562499998 
0.6847070312499999 
0.8388085937499998 
0.8335351562499999 
0.7755273437499999 
0.4907617187499999 
0.8733789062499998 
0.5218164062499999 
1.0813867187500001 
0.9044335937499999 
0.8059960937499998 
0.7907617187499999 
0.7796289062499999 
0.46087890624999994 
0.6847070312499999 
0.94369140625 
0.6934960937499998 
0.6518945312499999 
0.8581445312499999 
0.5792382812499999 
0.5880273437499999 
0.5716210937499999 
0.64017578125 
0.7157617187499998 
0.91322265625 
0.7684960937499998 
0.7790429687499999 
0.8153710937499998 
0.6700585937499999 
0.93666015625 
0.7602929687499999 
0.9308007812500001 
0.6003320312499999 
0.95775390625 
1.18802734375 
0.6483789062499998 
0.7819726562499999 
0.5253320312499999 
0.49486328124999995 
0.6917382812499998 
0.8681054687499998 
0.6741601562499998 
0.8809960937499998 
1.00228515625 
0.6015039062499999 
0.60208984375 
0.8147851562499998 
0.95951171875 
0.7655664062499998 
0.8780664062499998 
0.6319726562499999 
0.97474609375 
0.6624414062499998 
0.7087304687499998 
0.8710351562499998 
0.7995507812499999 
1.0239648437500002 
0.7485742187499997 
0.5768945312499999 
0.6442773437499999 
0.6724023437499999 
0.94544921875 
0.7362695312499998 
0.8891992187499997 
0.7204492187499998 
0.5938867187499999 
0.8446679687499998 
0.8095117187499998 
0.8153710937499998 
0.6712304687499998 
1.0772851562499999 
0.6677148437499999 
0.8599023437499999 
0.6554101562499998 
0.8358789062499998 
0.7309960937499997 
0.93490234375 
0.6343164062499999 
0.8054101562499998 
0.52064453125 
0.6952539062499998 
0.9214257812500001 
0.8265039062499999 
0.6290429687499999 
0.9501367187499999 
0.6618554687499998 
0.60208984375 
0.6829492187499998 
0.7714257812499999 
0.9770898437500001 
0.8306054687499999 
0.5722070312499999 
0.6132226562499998 
0.9173242187499999 
0.5540429687499999 
0.7966210937499999 
0.44916015624999994 
0.6641992187499998 
0.5065820312499999 
0.7837304687499999 
0.8270898437499999 
0.6419335937499999 
0.8059960937499998 
0.7632226562499999 
0.7046289062499999 
0.5364648437499999 
0.7274804687499997 
0.8399804687499998 
0.7872460937499999 
0.7292382812499998 
0.6290429687499999 
0.8376367187499998 
0.6354882812499999 
0.6220117187499998 
0.6454492187499998 
0.7591210937499998 
0.6823632812499999 
0.7936914062499999 
0.6753320312499999 
0.7485742187499997 
0.59330078125 
0.7813867187499999 
0.4954492187499999 
0.8985742187499998 
0.6009179687499999 
0.5388085937499999 
0.8241601562499998 
0.7702539062499999 
0.56517578125 
0.7450585937499998 
0.8950585937499999 
0.7151757812499999 
0.7438867187499998 
0.6079492187499999 
0.8839257812499999 
1.1247460937500002 
0.6108789062499999 
0.6946679687499998 
0.7884179687499999 
1.1013085937500002 
0.9987695312499999 
0.6454492187499998 
0.6688867187499998 
0.6548242187499997 
1.06439453125 
0.9067773437499999 
0.7433007812499999 
0.9032617187499998 
0.9905664062499998 
0.8206445312499999 
0.9032617187499998 
0.8675195312499999 
0.6981835937499998 
0.6735742187499998 
0.7515039062499999 
0.6776757812499999 
0.7304101562499997 
0.6073632812499999 
0.6712304687499998 
0.8358789062499998 
0.7321679687499998 
0.8323632812499999 
0.7602929687499999 
0.8546289062499999 
0.6413476562499999 
0.5218164062499999 
0.7878320312499999 
0.8581445312499999 
0.5364648437499999 
0.7415429687499998 
0.6905664062499998 
0.8065820312499998 
0.7725976562499999 
0.7450585937499998 
0.7169335937499999 
0.7356835937499998 
0.8024804687499998 
0.5739648437499999 
0.7907617187499999 
0.5376367187499999 
0.6712304687499998 
0.7526757812499999 
0.6788476562499999 
0.8745507812499999 
0.8013085937499999 
0.7257226562499998 
0.7977929687499998 
0.8745507812499999 
0.8974023437499998 
0.7825585937499999 
