2 23 75 
1.37962890625 
1.42181640625 
1.3169335937500002 
1.31517578125 
1.35619140625 
1.28998046875 
1.3110742187500002 
1.3485742187500003 
1.31166015625 
1.2934960937500002 
1.29291015625 
1.34095703125 
1.31869140625 
1.35560546875 
1.3128320312500001 
1.3462304687500002 
1.2770898437500002 
1.31634765625 
1.2806054687500001 
1.2888085937500002 
1.37201171875 
1.22376953125 
1.35736328125 
1.31869140625 
1.2864648437500001 
1.3550195312500002 
1.36029296875 
1.31458984375 
1.3860742187500001 
1.35619140625 
1.29291015625 
1.31458984375 
1.3257226562500002 
1.37435546875 
1.31810546875 
1.2817773437500002 
1.3122460937500002 
1.2864648437500001 
1.35619140625 
1.28822265625 
1.36146484375 
1.3315820312500002 
1.36029296875 
1.2735742187500003 
1.4194726562500002 
1.31927734375 
1.4499414062499998 
1.4165429687500002 
1.3345117187500002 
1.29759765625 
1.3286523437500002 
1.25306640625 
1.3421289062500001 
1.2061914062499999 
1.35619140625 
1.37845703125 
1.3579492187500002 
1.28529296875 
1.38548828125 
1.3286523437500002 
1.3491601562500002 
1.30931640625 
1.39603515625 
1.28119140625 
1.2841210937500003 
1.3421289062500001 
1.40423828125 
1.3286523437500002 
1.39017578125 
1.31986328125 
1.30052734375 
1.3263085937500003 
1.38841796875 
1.3462304687500002 
1.3421289062500001 
1.37083984375 
1.35560546875 
1.2641992187500002 
1.3263085937500003 
1.35267578125 
1.2981835937500001 
1.3462304687500002 
1.46048828125 
1.28587890625 
1.39251953125 
1.25306640625 
1.3579492187500002 
1.3239648437500002 
1.39427734375 
1.35150390625 
1.36673828125 
1.3345117187500002 
1.36966796875 
1.44232421875 
1.2841210937500003 
1.2841210937500003 
1.33685546875 
1.34681640625 
1.2683007812500002 
1.39310546875 
1.3831445312500001 
1.37376953125 
1.2677148437500003 
1.4177148437500002 
1.38431640625 
1.28705078125 
1.3421289062500001 
1.33978515625 
1.2788476562500002 
1.3403710937500002 
1.2841210937500003 
1.2518945312500003 
1.30111328125 
1.2770898437500002 
1.31048828125 
1.3491601562500002 
1.28998046875 
1.3356835937500002 
1.2302148437500002 
1.2981835937500001 
1.3274804687500001 
1.36615234375 
1.36615234375 
1.2659570312500001 
1.31810546875 
1.35150390625 
1.3520898437500002 
1.3415429687500002 
1.29173828125 
1.30169921875 
1.36673828125 
1.31986328125 
1.3462304687500002 
1.31751953125 
1.32044921875 
1.2835351562500001 
1.30931640625 
1.36791015625 
1.30287109375 
1.4007226562500001 
1.36732421875 
1.36029296875 
1.3169335937500002 
1.31400390625 
1.3684960937500001 
1.3761132812499999 
1.3684960937500001 
1.32044921875 
1.30462890625 
1.30052734375 
1.3040429687500001 
1.32103515625 
1.22435546875 
1.29056640625 
1.33978515625 
1.29642578125 
1.29525390625 
1.39076171875 
1.3438867187500003 
1.3110742187500002 
1.2888085937500002 
1.3485742187500003 
1.33744140625 
1.3474023437500002 
1.2735742187500003 
1.30580078125 
1.42181640625 
1.31048828125 
1.30287109375 
1.3128320312500001 
1.23900390625 
1.47455078125 
1.33685546875 
1.31986328125 
1.2782617187500003 
1.45345703125 
1.32337890625 
1.38548828125 
1.2729882812500002 
1.28529296875 
1.3989648437500002 
1.3831445312500001 
1.3872460937500002 
1.31458984375 
1.33392578125 
1.36205078125 
1.32044921875 
1.2999414062499999 
1.3444726562500002 
1.42591796875 
1.2817773437500002 
1.37669921875 
1.29876953125 
1.4007226562500001 
1.32103515625 
1.3268945312500002 
1.3075585937500003 
1.3081445312500002 
1.2888085937500002 
1.2741601562500002 
