96 2 2 
1.4007226562500001 
1.39662109375 
1.38841796875 
1.31166015625 
1.3456445312500003 
1.4013085937500003 
1.23431640625 
1.43470703125 
1.38900390625 
1.3110742187500002 
1.37435546875 
1.3684960937500001 
1.35150390625 
1.3227929687500002 
1.3450585937500004 
1.41185546875 
1.39310546875 
1.23431640625 
1.4282617187500002 
1.30111328125 
1.4241601562500001 
1.30345703125 
1.4183007812500001 
1.3391992187500001 
1.32923828125 
1.3069726562500001 
1.3157617187500001 
1.31986328125 
1.3438867187500003 
1.39310546875 
1.33685546875 
1.3069726562500001 
1.31869140625 
1.37201171875 
1.31751953125 
1.4294335937500002 
1.33509765625 
1.40892578125 
1.3309960937500003 
1.4183007812500001 
1.36556640625 
1.36146484375 
1.3544335937500003 
1.4059960937500002 
1.3427148437500003 
1.3462304687500002 
1.3063867187500002 
1.40541015625 
1.31166015625 
1.3638085937500002 
1.4183007812500001 
1.3591210937500002 
1.36498046875 
1.32103515625 
1.39544921875 
1.3345117187500002 
1.31517578125 
1.32103515625 
1.3257226562500002 
1.31048828125 
1.40833984375 
1.3438867187500003 
1.3304101562500001 
1.4153710937500001 
1.3597070312500001 
1.4013085937500003 
1.38490234375 
1.4059960937500002 
1.3479882812500001 
1.31517578125 
1.38197265625 
1.43177734375 
1.31634765625 
1.3597070312500001 
1.42298828125 
1.3936914062499999 
1.3081445312500002 
1.3567773437500001 
1.32806640625 
1.33275390625 
1.4183007812500001 
1.36087890625 
1.3567773437500001 
1.36732421875 
1.33392578125 
1.36498046875 
1.33802734375 
1.3362695312500001 
1.34095703125 
1.4200585937500003 
1.3063867187500002 
1.42650390625 
1.31517578125 
1.43353515625 
1.3069726562500001 
1.4165429687500002 
1.36439453125 
1.29056640625 
1.33216796875 
1.3052148437500002 
1.31869140625 
1.32103515625 
1.37728515625 
1.4165429687500002 
1.3274804687500001 
1.3485742187500003 
1.31810546875 
1.2349023437500002 
1.3274804687500001 
1.3268945312500002 
1.31400390625 
1.38373046875 
1.38373046875 
1.33216796875 
1.37845703125 
1.32337890625 
1.3462304687500002 
1.3110742187500002 
1.31341796875 
1.31341796875 
1.31400390625 
1.4095117187500001 
1.3872460937500002 
1.4241601562500001 
1.4194726562500002 
1.38373046875 
1.3538476562500001 
1.33392578125 
1.35736328125 
1.37787109375 
1.32806640625 
1.3069726562500001 
1.33275390625 
1.4007226562500001 
1.39251953125 
1.36556640625 
1.33216796875 
1.3239648437500002 
1.4200585937500003 
1.3433007812500002 
1.32337890625 
1.36146484375 
1.3538476562500001 
1.35560546875 
1.39310546875 
1.31869140625 
1.3989648437500002 
1.3438867187500003 
1.36556640625 
1.3438867187500003 
1.38841796875 
1.3356835937500002 
1.31517578125 
1.30580078125 
1.3684960937500001 
1.3227929687500002 
1.3063867187500002 
1.4153710937500001 
1.30228515625 
1.39076171875 
1.3684960937500001 
1.37962890625 
1.3438867187500003 
1.3444726562500002 
1.3099023437500001 
1.31986328125 
1.40541015625 
1.3345117187500002 
1.37376953125 
1.31634765625 
1.4018945312500002 
1.30580078125 
1.3245507812500001 
1.33861328125 
1.30580078125 
1.4294335937500002 
1.4013085937500003 
1.29173828125 
1.3245507812500001 
1.29935546875 
1.31400390625 
1.2349023437500002 
1.36673828125 
1.3860742187500001 
1.29173828125 
1.37201171875 
1.35150390625 
1.4294335937500002 
1.35853515625 
1.34681640625 
1.3333398437500001 
1.4048242187500002 
1.36087890625 
1.4247460937500003 
1.35736328125 
1.37787109375 
1.31927734375 
1.40892578125 
1.3433007812500002 
1.3638085937500002 
