7 23 70 
1.09955078125 
0.9056054687499998 
0.97298828125 
1.22845703125 
1.4253320312500002 
1.12767578125 
1.2173242187500002 
1.2407617187500002 
1.1575585937500001 
1.20736328125 
1.1886132812499999 
1.02220703125 
1.2395898437500001 
1.09310546875 
1.2671289062500002 
1.21087890625 
1.17044921875 
1.06615234375 
0.93724609375 
0.7386132812499998 
1.22669921875 
1.22494140625 
1.2325585937500003 
0.97533203125 
1.18919921875 
0.8809960937499998 
0.7884179687499999 
1.2747460937500004 
0.7509179687499998 
1.2847070312500002 
0.8270898437499999 
0.97298828125 
1.30462890625 
0.94134765625 
1.16048828125 
0.6032617187499999 
1.2595117187500002 
1.30580078125 
1.0251367187500002 
0.8218164062499999 
1.36615234375 
0.8716210937499999 
0.8774804687499997 
1.37552734375 
0.8013085937499999 
0.8581445312499999 
0.93431640625 
1.12416015625 
0.8347070312499999 
1.06615234375 
1.3427148437500003 
1.1013085937500002 
0.82767578125 
0.9091210937499998 
1.18041015625 
0.9964257812499999 
1.22728515625 
1.2630273437500001 
1.2565820312500002 
0.95130859375 
1.08490234375 
0.9067773437499999 
1.05384765625 
1.17279296875 
1.3274804687500001 
0.9214257812500001 
0.7772851562499998 
1.2782617187500003 
1.0227929687500001 
0.82767578125 
1.26478515625 
1.19095703125 
1.2138085937500003 
1.08021484375 
1.2161523437500001 
0.9899804687499998 
1.05736328125 
1.1651757812499999 
1.11537109375 
0.7661523437499999 
1.2659570312500001 
0.9776757812500001 
1.24134765625 
1.17455078125 
0.8177148437499999 
0.47142578124999995 
0.9800195312500001 
1.19447265625 
0.8833398437499999 
1.0544335937500002 
0.6647851562499998 
1.0638085937500001 
0.6882226562499998 
1.22552734375 
1.28998046875 
0.6987695312499999 
0.91029296875 
0.7931054687499999 
0.7632226562499999 
1.1751367187500001 
1.2735742187500003 
0.8856835937499998 
1.36087890625 
0.7989648437499999 
1.09720703125 
0.9401757812500001 
1.29056640625 
1.20267578125 
0.8528710937499998 
1.02455078125 
1.0456445312500002 
0.8065820312499998 
0.7327539062499998 
1.24134765625 
1.21498046875 
1.0268945312500002 
1.2495507812500002 
1.17396484375 
1.3356835937500002 
0.91146484375 
0.8470117187499998 
1.2425195312500001 
0.7614648437499999 
0.94955078125 
1.2583398437500002 
0.7602929687499999 
1.2483789062500001 
1.01458984375 
1.30169921875 
0.5235742187499999 
1.23548828125 
1.19330078125 
0.8024804687499998 
1.21498046875 
1.22611328125 
0.53001953125 
1.2571679687500001 
1.16634765625 
1.07669921875 
1.17748046875 
1.25775390625 
1.10248046875 
1.32220703125 
0.8464257812499999 
0.7766992187499998 
1.1475976562499999 
0.7532617187499998 
0.8874414062499998 
0.92376953125 
0.7409570312499998 
1.18685546875 
1.13529296875 
1.29642578125 
1.13294921875 
1.2319726562500002 
1.02337890625 
1.24017578125 
1.07962890625 
1.19447265625 
1.32923828125 
1.2671289062500002 
1.2372460937500003 
1.38958984375 
0.8716210937499999 
0.8962304687499998 
0.9923242187499998 
0.6929101562499997 
0.8446679687499998 
0.8481835937499999 
1.24720703125 
0.8587304687499998 
1.15462890625 
0.94544921875 
0.8300195312499999 
0.9395898437500001 
1.21205078125 
1.2847070312500002 
1.16751953125 
1.08607421875 
1.27650390625 
1.2290429687500002 
1.24603515625 
0.8522851562499998 
1.2501367187500003 
1.14583984375 
0.8499414062499998 
1.16458984375 
1.03333984375 
0.9003320312499998 
1.19095703125 
0.98353515625 
1.20970703125 
1.16341796875 
1.18568359375 
0.97005859375 
0.96888671875 
1.22728515625 
1.2583398437500002 
1.1927148437500001 
1.15404296875 
