97 2 1 
1.39837890625 
1.3157617187500001 
1.3304101562500001 
1.38666015625 
1.3268945312500002 
1.3298242187500002 
1.38431640625 
1.29173828125 
1.36087890625 
1.30228515625 
1.3245507812500001 
1.36615234375 
1.3263085937500003 
1.41595703125 
1.3550195312500002 
1.41185546875 
1.39603515625 
1.37083984375 
1.39134765625 
1.3169335937500002 
1.31927734375 
1.33216796875 
1.41244140625 
1.40716796875 
1.42181640625 
1.3069726562500001 
1.4206445312500002 
1.3063867187500002 
1.33392578125 
1.4253320312500002 
1.33392578125 
1.36029296875 
1.43177734375 
1.36439453125 
1.3479882812500001 
1.40423828125 
1.3063867187500002 
1.3286523437500002 
1.32220703125 
1.31048828125 
1.3309960937500003 
1.42591796875 
1.3063867187500002 
1.3362695312500001 
1.41244140625 
1.32044921875 
1.3479882812500001 
1.36673828125 
1.3456445312500003 
1.36205078125 
1.3063867187500002 
1.3520898437500002 
1.3462304687500002 
1.39955078125 
1.38841796875 
1.4036523437500001 
1.3450585937500004 
1.34095703125 
1.3081445312500002 
1.37669921875 
1.39486328125 
1.30580078125 
1.30931640625 
1.3257226562500002 
1.3128320312500001 
1.4153710937500001 
1.40306640625 
1.3509179687500001 
1.37083984375 
1.3872460937500002 
1.32044921875 
1.37083984375 
1.31927734375 
1.3274804687500001 
1.3485742187500003 
1.3872460937500002 
1.41712890625 
1.31634765625 
1.36732421875 
1.31869140625 
1.42181640625 
1.32220703125 
1.33978515625 
1.4253320312500002 
1.39955078125 
1.3128320312500001 
1.37962890625 
1.3509179687500001 
1.3099023437500001 
1.31869140625 
1.3591210937500002 
1.3761132812499999 
1.3497460937500003 
1.33392578125 
1.4300195312500001 
1.3110742187500002 
1.3069726562500001 
1.2349023437500002 
1.3227929687500002 
1.4095117187500001 
1.23548828125 
1.40775390625 
1.3345117187500002 
1.41302734375 
1.3444726562500002 
1.37083984375 
1.3362695312500001 
1.31810546875 
1.3216210937500001 
1.3333398437500001 
1.3479882812500001 
1.3122460937500002 
1.40541015625 
1.35853515625 
1.3075585937500003 
1.31986328125 
1.3749414062499998 
1.39134765625 
1.34095703125 
1.3802148437500001 
1.31751953125 
1.32220703125 
1.3075585937500003 
1.3110742187500002 
1.3169335937500002 
1.23548828125 
1.3509179687500001 
1.36205078125 
1.32044921875 
1.30228515625 
1.3497460937500003 
1.3433007812500002 
1.39486328125 
1.3427148437500003 
1.30580078125 
1.3069726562500001 
1.3298242187500002 
1.3052148437500002 
1.3567773437500001 
1.37083984375 
1.3216210937500001 
1.3591210937500002 
1.3052148437500002 
1.3450585937500004 
1.2349023437500002 
1.3245507812500001 
1.3268945312500002 
1.37728515625 
1.39603515625 
1.3597070312500001 
1.3239648437500002 
1.37083984375 
1.29115234375 
1.40306640625 
1.32220703125 
1.33509765625 
1.3063867187500002 
1.42591796875 
1.3081445312500002 
1.4300195312500001 
1.41302734375 
1.34095703125 
1.3638085937500002 
1.3268945312500002 
1.32103515625 
1.4036523437500001 
1.3099023437500001 
1.31166015625 
1.3257226562500002 
1.29291015625 
1.33744140625 
1.36146484375 
1.3456445312500003 
1.38373046875 
1.31048828125 
1.40775390625 
1.3591210937500002 
1.33392578125 
1.33275390625 
1.41712890625 
1.3567773437500001 
1.3257226562500002 
1.3989648437500002 
1.3268945312500002 
1.35560546875 
1.40833984375 
1.3702539062499999 
1.3227929687500002 
1.32103515625 
1.39837890625 
1.31458984375 
1.4165429687500002 
1.3268945312500002 
1.3403710937500002 
1.3063867187500002 
1.3462304687500002 
1.31048828125 
1.31986328125 
1.29291015625 
1.3532617187500002 
