17 23 60 
1.0450585937500003 
1.37435546875 
0.8259179687499999 
0.6308007812499999 
0.8927148437499999 
1.06791015625 
0.54642578125 
1.14115234375 
0.6905664062499998 
0.7186914062499998 
0.94896484375 
0.7274804687499997 
0.7931054687499999 
0.97005859375 
0.8136132812499999 
0.7556054687499998 
0.7737695312499999 
0.8452539062499999 
0.7755273437499999 
0.6196679687499999 
0.9559960937499999 
0.5780664062499998 
0.7380273437499998 
0.7532617187499998 
1.12123046875 
0.7210351562499998 
0.6999414062499998 
0.8722070312499999 
0.5493554687499999 
0.6255273437499999 
0.8054101562499998 
0.6190820312499998 
0.6477929687499998 
0.8282617187499999 
0.6179101562499998 
0.46791015624999993 
0.5938867187499999 
0.7468164062499998 
0.8306054687499999 
0.91849609375 
1.0075585937500002 
0.8417382812499998 
0.6173242187499998 
0.78958984375 
0.6595117187499998 
0.9302148437500001 
0.5042382812499999 
1.31927734375 
0.8341210937499999 
0.8733789062499998 
0.95892578125 
0.8165429687499999 
0.8915429687499998 
0.8487695312499999 
0.9073632812499999 
0.56458984375 
0.8739648437499998 
0.7919335937499999 
0.79017578125 
0.7737695312499999 
0.5382226562499999 
0.9061914062499998 
0.7626367187499998 
0.8288476562499999 
0.7614648437499999 
0.8147851562499998 
0.9395898437500001 
0.7491601562499998 
0.9149804687499999 
0.8083398437499999 
1.03041015625 
0.8440820312499998 
0.8727929687499998 
0.6296289062499999 
0.7626367187499998 
0.8071679687499999 
0.7878320312499999 
0.7673242187499998 
0.91556640625 
0.6390039062499999 
0.7515039062499999 
0.6788476562499999 
0.7304101562499997 
0.6940820312499998 
1.0427148437500002 
0.7843164062499999 
0.8265039062499999 
0.7737695312499999 
1.19681640625 
0.6009179687499999 
0.8809960937499998 
0.6466210937499999 
1.00052734375 
0.6852929687499998 
0.8171289062499999 
0.7960351562499999 
0.9085351562499998 
0.8259179687499999 
0.6407617187499999 
0.7872460937499999 
0.5956445312499999 
1.20736328125 
0.6108789062499999 
0.7585351562499998 
1.03919921875 
0.7720117187499999 
0.7350976562499998 
0.7755273437499999 
0.6641992187499998 
0.7714257812499999 
0.8669335937499999 
0.94076171875 
0.5845117187499999 
0.7972070312499999 
0.7766992187499998 
0.9448632812500001 
0.6061914062499999 
0.8716210937499999 
0.7251367187499997 
0.6765039062499999 
0.5985742187499998 
0.8487695312499999 
1.0356835937500002 
0.8933007812499999 
0.8018945312499999 
0.7280664062499997 
0.9647851562499999 
0.9395898437500001 
0.8042382812499999 
0.8956445312499999 
0.8018945312499999 
0.9999414062499997 
1.06439453125 
0.9038476562499999 
0.7374414062499998 
0.5311914062499999 
0.6600976562499998 
1.06791015625 
0.8153710937499998 
0.7151757812499999 
0.7421289062499998 
0.94955078125 
0.8751367187499998 
1.07318359375 
0.8007226562499998 
0.7585351562499998 
0.6524804687499998 
0.8686914062499999 
1.14291015625 
0.7936914062499999 
0.7884179687499999 
0.9911523437499998 
0.7696679687499999 
1.02455078125 
1.2524804687500002 
0.91322265625 
0.7298242187499997 
0.6712304687499998 
0.9548242187499999 
1.20853515625 
0.9911523437499998 
0.6483789062499998 
1.08783203125 
0.6220117187499998 
0.7491601562499998 
0.79251953125 
0.8411523437499998 
0.8288476562499999 
0.6085351562499999 
0.7468164062499998 
0.6290429687499999 
0.94134765625 
0.7286523437499998 
0.7438867187499998 
0.8616601562499998 
0.5165429687499999 
0.8036523437499998 
0.5745507812499999 
0.5856835937499999 
0.7386132812499998 
0.95072265625 
1.01751953125 
0.8985742187499998 
0.7843164062499999 
0.96009765625 
0.7655664062499998 
0.4673242187499999 
0.7960351562499999 
0.6495507812499999 
0.6184960937499998 
0.6653710937499998 
1.14291015625 
0.5136132812499999 
0.93197265625 
0.8423242187499997 
0.7433007812499999 
0.5751367187499998 
0.8856835937499998 
0.6231835937499999 
1.24427734375 
