19 23 58 
0.8364648437499999 
0.96302734375 
0.97826171875 
0.8194726562499999 
0.7784570312499999 
0.91380859375 
0.7380273437499998 
0.94369140625 
0.5616601562499999 
0.7509179687499998 
0.98353515625 
0.5991601562499999 
1.01283203125 
1.13705078125 
0.6044335937499999 
0.7591210937499998 
0.5505273437499999 
0.79251953125 
0.9173242187499999 
0.55580078125 
0.8001367187499998 
0.8921289062499999 
0.8522851562499998 
0.6641992187499998 
0.7140039062499999 
0.8364648437499999 
0.92259765625 
0.8247460937499999 
0.5141992187499999 
1.0186914062499999 
0.91615234375 
0.95658203125 
0.4866601562499999 
0.91380859375 
0.8505273437499998 
0.97005859375 
0.6929101562499997 
0.8862695312499999 
0.9964257812499999 
0.6202539062499999 
0.8100976562499999 
0.6489648437499999 
1.06029296875 
0.7802148437499999 
0.6841210937499999 
0.8018945312499999 
0.7790429687499999 
0.8792382812499998 
0.9395898437500001 
0.91322265625 
1.0251367187500002 
0.8704492187499998 
0.8821679687499998 
0.7526757812499999 
1.1013085937500002 
0.7714257812499999 
0.97005859375 
0.94544921875 
1.01341796875 
1.0263085937500003 
0.79017578125 
0.6384179687499999 
0.8733789062499998 
0.7614648437499999 
0.7327539062499998 
1.07083984375 
0.6765039062499999 
0.6987695312499999 
0.6735742187499998 
0.8429101562499998 
0.6712304687499998 
0.8768945312499998 
0.8112695312499999 
0.8610742187499998 
0.7069726562499998 
0.9015039062499999 
0.7556054687499998 
0.7819726562499999 
0.7790429687499999 
0.5821679687499999 
1.0186914062499999 
0.6565820312499998 
0.60501953125 
0.8669335937499999 
0.8739648437499998 
0.6940820312499998 
0.93431640625 
0.5241601562499999 
0.8634179687499999 
0.7755273437499999 
0.93138671875 
0.8024804687499998 
0.7907617187499999 
0.6835351562499998 
0.8335351562499999 
0.7397851562499997 
1.09720703125 
0.7391992187499997 
0.6753320312499999 
0.6243554687499998 
0.98236328125 
0.8370507812499999 
0.7602929687499999 
1.00287109375 
0.95072265625 
0.8446679687499998 
0.6929101562499997 
0.6138085937499999 
0.5839257812499999 
0.8516992187499998 
0.9044335937499999 
1.17748046875 
0.8013085937499999 
0.92845703125 
0.6876367187499998 
0.8317773437499999 
0.7503320312499998 
0.93255859375 
1.0491601562500001 
0.5399804687499998 
0.6724023437499999 
0.6923242187499997 
0.96068359375 
0.7380273437499998 
0.6302148437499999 
0.5862695312499999 
0.7304101562499997 
0.8891992187499997 
0.7233789062499998 
0.7983789062499999 
0.6548242187499997 
0.8950585937499999 
0.6372460937499999 
1.21556640625 
0.7415429687499998 
0.93255859375 
1.1059960937500002 
0.6343164062499999 
0.6671289062499999 
1.20794921875 
0.7972070312499999 
0.7626367187499998 
0.91146484375 
1.10423828125 
0.7192773437499999 
0.9085351562499998 
0.5499414062499999 
1.0052148437500001 
0.8640039062499999 
0.7948632812499999 
0.8224023437499999 
0.7415429687499998 
0.7227929687499998 
0.8341210937499999 
1.0110742187500001 
0.8850976562499998 
0.7169335937499999 
0.9097070312499999 
0.8341210937499999 
1.1710351562499999 
0.5903710937499999 
0.5944726562499999 
0.7825585937499999 
0.7192773437499999 
0.92962890625 
0.60501953125 
1.06966796875 
0.7192773437499999 
1.00873046875 
0.6097070312499999 
0.9097070312499999 
0.7409570312499998 
1.19095703125 
0.9419335937500001 
0.59330078125 
0.93431640625 
1.07962890625 
0.92787109375 
0.9020898437499999 
0.8546289062499999 
0.7222070312499999 
0.6782617187499999 
0.6765039062499999 
0.8118554687499998 
0.8464257812499999 
0.8071679687499999 
0.6823632812499999 
0.55580078125 
1.1452539062499998 
0.5727929687499999 
0.5727929687499999 
0.5423242187499998 
0.6829492187499998 
0.7227929687499998 
0.8393945312499999 
0.6237695312499999 
0.6126367187499998 
0.6946679687499998 
0.7227929687499998 
0.79017578125 
