26 23 51 
0.7936914062499999 
0.7878320312499999 
0.9893945312499999 
0.6184960937499998 
0.5927148437499999 
0.7099023437499998 
0.6847070312499999 
0.96771484375 
1.05384765625 
0.7942773437499999 
0.78080078125 
0.6870507812499999 
0.97943359375 
1.1294335937500002 
0.8288476562499999 
0.7304101562499997 
0.7257226562499998 
0.8657617187499999 
0.7052148437499999 
0.6946679687499998 
0.6143945312499999 
0.8411523437499998 
0.6378320312499999 
0.7573632812499999 
0.7854882812499999 
0.6729882812499999 
0.95365234375 
0.6952539062499998 
0.8382226562499998 
0.8505273437499998 
0.6548242187499997 
0.7181054687499998 
0.6249414062499998 
0.8393945312499999 
0.7526757812499999 
0.6501367187499998 
0.8839257812499999 
0.6612695312499999 
0.79017578125 
0.91966796875 
0.8393945312499999 
0.5393945312499999 
0.6237695312499999 
0.60208984375 
0.6237695312499999 
0.8458398437499999 
0.8065820312499998 
0.7110742187499998 
0.9800195312500001 
0.8499414062499998 
1.00287109375 
0.8862695312499999 
0.7140039062499999 
0.6419335937499999 
0.6255273437499999 
0.7509179687499998 
0.8171289062499999 
0.6114648437499999 
0.6431054687499999 
0.7591210937499998 
0.8153710937499998 
0.5007226562499999 
0.5311914062499999 
0.7931054687499999 
0.8358789062499998 
0.6161523437499998 
1.1165429687500001 
0.7831445312499999 
0.8382226562499998 
0.7849023437499999 
0.9501367187499999 
0.92259765625 
0.97298828125 
0.7110742187499998 
0.6888085937499998 
0.8018945312499999 
0.8956445312499999 
0.6167382812499999 
0.56458984375 
0.97533203125 
0.8095117187499998 
0.7679101562499998 
0.8569726562499999 
0.8429101562499998 
0.7245507812499998 
0.8768945312499998 
0.8077539062499999 
0.7907617187499999 
0.7169335937499999 
0.6126367187499998 
0.5909570312499999 
0.7280664062499997 
0.6636132812499999 
0.5616601562499999 
0.7227929687499998 
0.7421289062499998 
0.7561914062499998 
0.7016992187499997 
0.91205078125 
0.8393945312499999 
0.7778710937499999 
0.6202539062499999 
0.6196679687499999 
0.7216210937499998 
0.6893945312499998 
0.6600976562499998 
0.6999414062499998 
0.7942773437499999 
0.91322265625 
0.8645898437499999 
0.6917382812499998 
0.7433007812499999 
0.93607421875 
0.91205078125 
0.9302148437500001 
0.5833398437499999 
1.09310546875 
0.7614648437499999 
0.7655664062499998 
0.95716796875 
0.7175195312499999 
0.5487695312499999 
0.6466210937499999 
0.8288476562499999 
0.8411523437499998 
1.13998046875 
0.6284570312499999 
0.6313867187499999 
1.0063867187500002 
0.7339257812499999 
0.8212304687499998 
0.6015039062499999 
0.8265039062499999 
0.5587304687499999 
0.6108789062499999 
0.6665429687499999 
0.7972070312499999 
0.6308007812499999 
0.9097070312499999 
0.96595703125 
0.7286523437499998 
0.9009179687499999 
0.5358789062499999 
1.22669921875 
0.7696679687499999 
0.5499414062499999 
0.6940820312499998 
0.96537109375 
0.8716210937499999 
0.6618554687499998 
0.8118554687499998 
0.8434960937499998 
0.7696679687499999 
0.7380273437499998 
0.8300195312499999 
0.5979882812499999 
0.6917382812499998 
0.8716210937499999 
0.5130273437499999 
0.9501367187499999 
0.5546289062499999 
0.91908203125 
0.8880273437499998 
0.7304101562499997 
0.7315820312499998 
0.7849023437499999 
0.5540429687499999 
0.6091210937499999 
0.6706445312499999 
0.5845117187499999 
0.7708398437499999 
0.7708398437499999 
0.6765039062499999 
1.0011132812499999 
0.6893945312499998 
0.7538476562499998 
0.9061914062499998 
0.6530664062499998 
0.7075585937499999 
0.6893945312499998 
0.78958984375 
0.8030664062499998 
0.7655664062499998 
0.5059960937499999 
0.79017578125 
0.5815820312499999 
0.7977929687499998 
0.9448632812500001 
0.8265039062499999 
0.7743554687499998 
0.96888671875 
0.6770898437499999 
0.7696679687499999 
0.6097070312499999 
0.8358789062499998 
0.94720703125 
0.8528710937499998 
0.9020898437499999 
0.8200585937499999 
0.7040429687499998 
