46 23 31 
0.7438867187499998 
0.7140039062499999 
0.7327539062499998 
0.7761132812499999 
1.0011132812499999 
0.6724023437499999 
0.6788476562499999 
0.94779296875 
0.97591796875 
0.7620507812499999 
0.7052148437499999 
0.6800195312499999 
0.8915429687499998 
0.7948632812499999 
0.91673828125 
0.7268945312499998 
1.02455078125 
0.6665429687499999 
0.93841796875 
0.7567773437499998 
0.6899804687499997 
0.53001953125 
0.7134179687499999 
0.7948632812499999 
0.6343164062499999 
0.8200585937499999 
0.8487695312499999 
1.10365234375 
0.6477929687499998 
0.8054101562499998 
0.6225976562499999 
0.91908203125 
0.5880273437499999 
0.8429101562499998 
0.7702539062499999 
0.7655664062499998 
0.6073632812499999 
0.7778710937499999 
0.6835351562499998 
0.6179101562499998 
0.6390039062499999 
1.2583398437500002 
0.60208984375 
0.6794335937499999 
0.6606835937499999 
0.5798242187499998 
1.1511132812499998 
0.7684960937499998 
0.7227929687499998 
0.8704492187499998 
0.79017578125 
0.6747460937499998 
0.6559960937499998 
0.6495507812499999 
0.6278710937499998 
0.6384179687499999 
0.7831445312499999 
0.7849023437499999 
0.6313867187499999 
0.78080078125 
0.5798242187499998 
0.7239648437499998 
0.6015039062499999 
0.7397851562499997 
0.6126367187499998 
0.8065820312499998 
0.7977929687499998 
0.7526757812499999 
0.7087304687499998 
0.8470117187499998 
0.8212304687499998 
0.6536523437499998 
0.6390039062499999 
0.8376367187499998 
1.0268945312500002 
0.7632226562499999 
0.5710351562499999 
0.6923242187499997 
0.7948632812499999 
0.39583984375 
0.5798242187499998 
0.8112695312499999 
0.7515039062499999 
0.7251367187499997 
0.8399804687499998 
0.6882226562499998 
0.9056054687499998 
0.7046289062499999 
0.6636132812499999 
0.6624414062499998 
0.7022851562499998 
0.8657617187499999 
0.9009179687499999 
0.8024804687499998 
0.6612695312499999 
0.8188867187499999 
0.64017578125 
0.7860742187499998 
0.7556054687499998 
1.0520898437500001 
0.6893945312499998 
0.6056054687499999 
0.5352929687499999 
0.5979882812499999 
0.6870507812499999 
0.7643945312499999 
0.8452539062499999 
0.6343164062499999 
0.7567773437499998 
0.5335351562499999 
0.6747460937499998 
0.6296289062499999 
0.7813867187499999 
0.6817773437499999 
0.7520898437499999 
0.7972070312499999 
0.5903710937499999 
0.8218164062499999 
0.8130273437499999 
0.6964257812499999 
0.6589257812499999 
0.7456445312499999 
0.6800195312499999 
0.6847070312499999 
0.6536523437499998 
0.8991601562499998 
0.7608789062499999 
0.7755273437499999 
0.6688867187499998 
0.6770898437499999 
0.9149804687499999 
0.8640039062499999 
0.9079492187499998 
0.7216210937499998 
0.8077539062499999 
0.6624414062499998 
0.8440820312499998 
0.7321679687499998 
0.5903710937499999 
0.5487695312499999 
0.8188867187499999 
0.7315820312499998 
0.4966210937499999 
0.6366601562499998 
0.6143945312499999 
0.8241601562499998 
0.6097070312499999 
0.6436914062499999 
0.7186914062499998 
0.45853515624999996 
0.6208398437499999 
0.6431054687499999 
0.8077539062499999 
0.5786523437499999 
0.6882226562499998 
0.6243554687499998 
0.7913476562499999 
0.7040429687499998 
0.6044335937499999 
0.6319726562499999 
0.7356835937499998 
0.5891992187499998 
0.7274804687499997 
0.7819726562499999 
0.7567773437499998 
0.6132226562499998 
0.6975976562499998 
0.8194726562499999 
0.7860742187499998 
0.7702539062499999 
0.7684960937499998 
0.51771484375 
0.6313867187499999 
0.9009179687499999 
0.6143945312499999 
0.6483789062499998 
0.8100976562499999 
0.5792382812499999 
0.7280664062499997 
0.7456445312499999 
0.6466210937499999 
0.9308007812500001 
0.7673242187499998 
0.91263671875 
0.6612695312499999 
0.47728515624999995 
0.6214257812499999 
0.7643945312499999 
0.7714257812499999 
0.94603515625 
0.6091210937499999 
0.7462304687499998 
0.7966210937499999 
0.8622460937499998 
0.5018945312499999 
0.91322265625 
0.7210351562499998 
0.6595117187499998 
0.5921289062499999 
0.7673242187499998 
