52 23 25 
0.6132226562499998 
0.6472070312499999 
0.7251367187499997 
0.8393945312499999 
0.7690820312499999 
0.6811914062499999 
0.7579492187499998 
0.7022851562499998 
0.5616601562499999 
0.8985742187499998 
0.8083398437499999 
0.91380859375 
0.8206445312499999 
0.7544335937499999 
0.7192773437499999 
0.7778710937499999 
0.92552734375 
0.7761132812499999 
0.8382226562499998 
0.5100976562499999 
0.9548242187499999 
0.9044335937499999 
0.6806054687499998 
0.7181054687499998 
0.7474023437499998 
0.91087890625 
0.7843164062499999 
0.6331445312499999 
0.6864648437499998 
0.5751367187499998 
0.96888671875 
0.7274804687499997 
0.5352929687499999 
0.8891992187499997 
0.7860742187499998 
0.7755273437499999 
0.9038476562499999 
0.7028710937499998 
0.5886132812499999 
0.5306054687499999 
0.6987695312499999 
0.6993554687499998 
0.8604882812499999 
0.6126367187499998 
0.92376953125 
0.7292382812499998 
0.8194726562499999 
0.9929101562499998 
0.6683007812499999 
0.92025390625 
0.8575585937499999 
0.8528710937499998 
0.6472070312499999 
0.8481835937499999 
0.7151757812499999 
0.6911523437499998 
0.6624414062499998 
0.6852929687499998 
0.6847070312499999 
0.6847070312499999 
0.8604882812499999 
0.6343164062499999 
0.8206445312499999 
0.91615234375 
0.7263085937499998 
0.7391992187499997 
0.6999414062499998 
0.53177734375 
0.8341210937499999 
0.6858789062499998 
0.7538476562499998 
0.7169335937499999 
0.47611328124999996 
0.8376367187499998 
0.6167382812499999 
0.7649804687499998 
0.7854882812499999 
0.6987695312499999 
0.7093164062499998 
1.0309960937500002 
0.7966210937499999 
0.7790429687499999 
0.8042382812499999 
0.8944726562499998 
0.7099023437499998 
0.7690820312499999 
0.6835351562499998 
0.5997460937499999 
0.6225976562499999 
0.6542382812499998 
0.6390039062499999 
0.7772851562499998 
0.8499414062499998 
0.7315820312499998 
0.7069726562499998 
0.6354882812499999 
0.6296289062499999 
0.6970117187499998 
0.7485742187499997 
0.7643945312499999 
0.6056054687499999 
0.6073632812499999 
0.9056054687499998 
0.6102929687499998 
0.5686914062499999 
0.6056054687499999 
1.03333984375 
0.8628320312499999 
0.7632226562499999 
0.8622460937499998 
0.7802148437499999 
0.94544921875 
0.8265039062499999 
0.7749414062499999 
0.79017578125 
0.6888085937499998 
0.7427148437499999 
0.7755273437499999 
0.7766992187499998 
0.7696679687499999 
0.6255273437499999 
1.01927734375 
0.6220117187499998 
0.7345117187499998 
0.6167382812499999 
0.9999414062499997 
0.8106835937499999 
0.6243554687499998 
0.7022851562499998 
0.8370507812499999 
0.8077539062499999 
0.7948632812499999 
0.6495507812499999 
0.9214257812500001 
1.21791015625 
0.7140039062499999 
0.7175195312499999 
0.7304101562499997 
0.6196679687499999 
0.8763085937499998 
0.7163476562499999 
0.7456445312499999 
0.6753320312499999 
0.6454492187499998 
0.6507226562499998 
0.8610742187499998 
0.6179101562499998 
0.6934960937499998 
0.7673242187499998 
0.5774804687499998 
0.6735742187499998 
0.8722070312499999 
0.6782617187499999 
0.6407617187499999 
0.7966210937499999 
0.91087890625 
0.8616601562499998 
0.6483789062499998 
0.8704492187499998 
0.6472070312499999 
0.7087304687499998 
0.5868554687499998 
0.93255859375 
0.8171289062499999 
0.8071679687499999 
1.18333984375 
0.52708984375 
0.7995507812499999 
0.7263085937499998 
0.6477929687499998 
0.7462304687499998 
0.6132226562499998 
0.5311914062499999 
0.7368554687499997 
0.6835351562499998 
0.8171289062499999 
0.6782617187499999 
0.7181054687499998 
0.7063867187499998 
0.7245507812499998 
0.8018945312499999 
0.7005273437499998 
0.6548242187499997 
0.8792382812499998 
0.94896484375 
0.6331445312499999 
0.5540429687499999 
0.7931054687499999 
0.7081445312499999 
0.94076171875 
0.8563867187499998 
0.5891992187499998 
0.7462304687499998 
0.8669335937499999 
0.96888671875 
0.6431054687499999 
0.7333398437499998 
0.9735742187499999 
0.8675195312499999 
0.7977929687499998 
