55 23 22 
0.6981835937499998 
0.94779296875 
0.5446679687499999 
1.0239648437500002 
0.96361328125 
0.4731835937499999 
0.97884765625 
0.96654296875 
0.7667382812499999 
0.7116601562499998 
0.95658203125 
0.6425195312499999 
0.6735742187499998 
0.5165429687499999 
0.8200585937499999 
0.8528710937499998 
0.7339257812499999 
0.7134179687499999 
0.5798242187499998 
0.8534570312499998 
0.7474023437499998 
0.6595117187499998 
0.7216210937499998 
0.6448632812499999 
0.6999414062499998 
0.7849023437499999 
0.7333398437499998 
0.9395898437500001 
0.6618554687499998 
0.6970117187499998 
0.5815820312499999 
0.7099023437499998 
0.7550195312499999 
0.7339257812499999 
0.8007226562499998 
0.7597070312499998 
0.97884765625 
0.7655664062499998 
0.5452539062499999 
0.6993554687499998 
0.8669335937499999 
0.93490234375 
0.7509179687499998 
0.6659570312499998 
0.44623046874999994 
0.9390039062500001 
0.95658203125 
0.6841210937499999 
0.7058007812499999 
0.4684960937499999 
0.6589257812499999 
0.7433007812499999 
0.7661523437499999 
0.7544335937499999 
0.7567773437499998 
0.5763085937499999 
0.5710351562499999 
0.8042382812499999 
0.8130273437499999 
0.5622460937499999 
0.47845703124999994 
0.5757226562499999 
0.8241601562499998 
0.8141992187499998 
0.7720117187499999 
0.92318359375 
0.93373046875 
1.18802734375 
0.94720703125 
0.7878320312499999 
0.6231835937499999 
0.8622460937499998 
0.6308007812499999 
0.6946679687499998 
0.8042382812499999 
0.6501367187499998 
0.7462304687499998 
0.7690820312499999 
0.7643945312499999 
0.91556640625 
0.8522851562499998 
0.7919335937499999 
0.6794335937499999 
0.9683007812500001 
0.6149804687499998 
0.6495507812499999 
0.54642578125 
0.7714257812499999 
0.8417382812499998 
0.6102929687499998 
0.8083398437499999 
0.7274804687499997 
0.8147851562499998 
0.7122460937499998 
1.11361328125 
0.8329492187499998 
0.91087890625 
0.95658203125 
0.6940820312499998 
0.5499414062499999 
0.6255273437499999 
0.94369140625 
0.6284570312499999 
0.6495507812499999 
0.8458398437499999 
0.6460351562499999 
0.7427148437499999 
0.45384765624999995 
0.6290429687499999 
0.8440820312499998 
0.8552148437499999 
0.8962304687499998 
0.6993554687499998 
0.8253320312499999 
0.8001367187499998 
0.6946679687499998 
0.7878320312499999 
0.7573632812499999 
0.7497460937499998 
0.7866601562499999 
0.5194726562499999 
0.7063867187499998 
0.7034570312499998 
0.8968164062499998 
0.5511132812499999 
0.7509179687499998 
0.8106835937499999 
0.6372460937499999 
1.0749414062499998 
0.8224023437499999 
0.6425195312499999 
0.91966796875 
0.5915429687499999 
0.6313867187499999 
0.6237695312499999 
0.6536523437499998 
0.8411523437499998 
0.6882226562499998 
0.9876367187499998 
0.7526757812499999 
0.8909570312499998 
0.7380273437499998 
0.8458398437499999 
1.2671289062500002 
0.6882226562499998 
0.5610742187499999 
0.8722070312499999 
0.92552734375 
0.5763085937499999 
0.7409570312499998 
0.7714257812499999 
0.7632226562499999 
0.5815820312499999 
0.5411523437499999 
0.6237695312499999 
0.6173242187499998 
0.8815820312499998 
0.5048242187499998 
0.6724023437499999 
0.7579492187499998 
0.8897851562499998 
0.7749414062499999 
0.8112695312499999 
0.7620507812499999 
0.6143945312499999 
0.7556054687499998 
0.9395898437500001 
0.91380859375 
0.9308007812500001 
1.0075585937500002 
0.7356835937499998 
0.6893945312499998 
0.52650390625 
0.5247460937499999 
0.6518945312499999 
0.9073632812499999 
0.8341210937499999 
0.6683007812499999 
0.6964257812499999 
0.6905664062499998 
0.6325585937499999 
0.7274804687499997 
0.94837890625 
0.7028710937499998 
0.8364648437499999 
0.7567773437499998 
0.7274804687499997 
0.52708984375 
0.6671289062499999 
0.6208398437499999 
0.9893945312499999 
0.6788476562499999 
0.94310546875 
0.6419335937499999 
0.9061914062499998 
0.7591210937499998 
0.7140039062499999 
0.8335351562499999 
0.6958398437499999 
0.93490234375 
