56 23 21 
0.8136132812499999 
0.7087304687499998 
0.6296289062499999 
0.6636132812499999 
0.7491601562499998 
0.8475976562499998 
0.6630273437499998 
0.8640039062499999 
0.6372460937499999 
0.9888085937499999 
0.7503320312499998 
0.8270898437499999 
0.7046289062499999 
0.6882226562499998 
0.8727929687499998 
0.7573632812499999 
0.8265039062499999 
0.5399804687499998 
0.8616601562499998 
0.5563867187499999 
0.8493554687499998 
0.6753320312499999 
0.5622460937499999 
0.6513085937499998 
0.8054101562499998 
0.7327539062499998 
0.7720117187499999 
0.7837304687499999 
0.7122460937499998 
0.5370507812499999 
0.6495507812499999 
0.52298828125 
0.7597070312499998 
0.7063867187499998 
0.7702539062499999 
0.8352929687499998 
0.8300195312499999 
0.6987695312499999 
0.7684960937499998 
0.7204492187499998 
0.6038476562499999 
0.8376367187499998 
0.7333398437499998 
0.8927148437499999 
1.0169335937500001 
0.6237695312499999 
0.7216210937499998 
0.8036523437499998 
0.5100976562499999 
0.5458398437499999 
0.7157617187499998 
0.6688867187499998 
0.94896484375 
0.5997460937499999 
0.6905664062499998 
0.6876367187499998 
0.8300195312499999 
0.7696679687499999 
0.6056054687499999 
0.7210351562499998 
0.7292382812499998 
0.9009179687499999 
0.5393945312499999 
0.5540429687499999 
0.6571679687499998 
0.94720703125 
0.7321679687499998 
1.13119140625 
0.7725976562499999 
0.6360742187499998 
0.6618554687499998 
0.7075585937499999 
0.5118554687499999 
0.8511132812499999 
0.52591796875 
0.7526757812499999 
0.5979882812499999 
0.52884765625 
0.6694726562499999 
1.03685546875 
0.6272851562499998 
0.6114648437499999 
0.7052148437499999 
0.9975976562499999 
0.7016992187499997 
0.5481835937499999 
0.5868554687499998 
0.6061914062499999 
0.5481835937499999 
0.7731835937499999 
0.92904296875 
0.7016992187499997 
0.8599023437499999 
0.96712890625 
0.7673242187499998 
0.6483789062499998 
0.6436914062499999 
0.8809960937499998 
0.6313867187499999 
0.98177734375 
0.5136132812499999 
0.6718164062499998 
0.5470117187499999 
0.6595117187499998 
0.39173828125 
0.5587304687499999 
0.7315820312499998 
0.6360742187499998 
0.7022851562499998 
0.8013085937499999 
0.9091210937499998 
0.7181054687499998 
0.8716210937499999 
0.8253320312499999 
0.6302148437499999 
0.8177148437499999 
0.7339257812499999 
0.6184960937499998 
0.6929101562499997 
0.8200585937499999 
0.7995507812499999 
0.5610742187499999 
0.6067773437499999 
0.9548242187499999 
0.7515039062499999 
0.5722070312499999 
1.0415429687500002 
0.96888671875 
0.6811914062499999 
0.7450585937499998 
0.6952539062499998 
0.7245507812499998 
0.6847070312499999 
0.7977929687499998 
0.6319726562499999 
0.9009179687499999 
0.7614648437499999 
0.7421289062499998 
0.5692773437499999 
0.8247460937499999 
0.9999414062499997 
0.7169335937499999 
0.8575585937499999 
0.8270898437499999 
0.7661523437499999 
0.8786523437499998 
0.5024804687499999 
0.6829492187499998 
0.5997460937499999 
0.5212304687499999 
0.79017578125 
0.6056054687499999 
0.98353515625 
0.7509179687499998 
0.7011132812499998 
0.6431054687499999 
0.6296289062499999 
0.8100976562499999 
0.7884179687499999 
0.8095117187499998 
0.6964257812499999 
0.7022851562499998 
0.6308007812499999 
0.7702539062499999 
0.6688867187499998 
0.7526757812499999 
0.95658203125 
0.7104882812499999 
0.6331445312499999 
0.7585351562499998 
0.8171289062499999 
0.6706445312499999 
0.5546289062499999 
0.5897851562499998 
0.7186914062499998 
0.5528710937499999 
0.8077539062499999 
0.8341210937499999 
0.6032617187499999 
0.6606835937499999 
0.7403710937499998 
0.5792382812499999 
0.7737695312499999 
0.5136132812499999 
1.07201171875 
0.6735742187499998 
0.60267578125 
0.7386132812499998 
0.7456445312499999 
0.6882226562499998 
0.8798242187499997 
0.8200585937499999 
0.7380273437499998 
0.7936914062499999 
0.6091210937499999 
0.7116601562499998 
0.7169335937499999 
0.6126367187499998 
0.7485742187499997 
0.5118554687499999 
