65 23 12 
0.7479882812499998 
0.6179101562499998 
0.7268945312499998 
0.8095117187499998 
0.5979882812499999 
0.5921289062499999 
0.6624414062499998 
0.5944726562499999 
0.8212304687499998 
0.5417382812499999 
0.6753320312499999 
0.7708398437499999 
0.5979882812499999 
0.7556054687499998 
0.7110742187499998 
0.8001367187499998 
0.8048242187499998 
0.8352929687499998 
0.6155664062499998 
0.8001367187499998 
0.8059960937499998 
0.9958398437499999 
0.6636132812499999 
0.6647851562499998 
0.6067773437499999 
0.60267578125 
0.6442773437499999 
0.7239648437499998 
0.6308007812499999 
0.7995507812499999 
0.5733789062499999 
1.08783203125 
0.7427148437499999 
0.7936914062499999 
0.7368554687499997 
0.97943359375 
0.98119140625 
0.8809960937499998 
0.7268945312499998 
0.9401757812500001 
0.8347070312499999 
0.7409570312499998 
0.8235742187499998 
0.8651757812499999 
0.7409570312499998 
0.8247460937499999 
0.9032617187499998 
0.6366601562499998 
0.98119140625 
0.7614648437499999 
0.6308007812499999 
0.8845117187499998 
0.5136132812499999 
0.6981835937499998 
0.6501367187499998 
0.6759179687499999 
0.6964257812499999 
0.5710351562499999 
0.7093164062499998 
0.9975976562499999 
0.7421289062499998 
0.8974023437499998 
0.6688867187499998 
0.95892578125 
0.8417382812499998 
0.6940820312499998 
0.8077539062499999 
0.8265039062499999 
0.92435546875 
1.01048828125 
0.7872460937499999 
0.49603515624999994 
1.04681640625 
0.8065820312499998 
0.60267578125 
0.7386132812499998 
0.9038476562499999 
0.5903710937499999 
1.00580078125 
0.8622460937499998 
0.5393945312499999 
0.5944726562499999 
0.9559960937499999 
0.5681054687499999 
0.45384765624999995 
0.7679101562499998 
0.7409570312499998 
0.5470117187499999 
0.5054101562499999 
0.8722070312499999 
0.6970117187499998 
0.6255273437499999 
0.5897851562499998 
1.10072265625 
0.7766992187499998 
0.7931054687499999 
0.7268945312499998 
0.8991601562499998 
0.7526757812499999 
0.6559960937499998 
0.55814453125 
0.6882226562499998 
0.5575585937499999 
0.7520898437499999 
0.6472070312499999 
0.5815820312499999 
0.5751367187499998 
0.8100976562499999 
0.7866601562499999 
0.7204492187499998 
0.7350976562499998 
0.8862695312499999 
0.7409570312499998 
0.6600976562499998 
0.6354882812499999 
0.6518945312499999 
0.59330078125 
0.8522851562499998 
0.91556640625 
0.47083984374999993 
0.5774804687499998 
0.6577539062499999 
0.7421289062499998 
0.7169335937499999 
0.6097070312499999 
0.6882226562499998 
0.7597070312499998 
0.5763085937499999 
0.7110742187499998 
0.6390039062499999 
0.5505273437499999 
0.6565820312499998 
0.92845703125 
0.7263085937499998 
0.6600976562499998 
0.8751367187499998 
0.7884179687499999 
0.7309960937499997 
0.6735742187499998 
1.2132226562500001 
0.6841210937499999 
0.6366601562499998 
0.7245507812499998 
0.7813867187499999 
0.9173242187499999 
0.8792382812499998 
0.51126953125 
0.6946679687499998 
0.6202539062499999 
0.6360742187499998 
0.6425195312499999 
0.6237695312499999 
0.6688867187499998 
0.7104882812499999 
0.5839257812499999 
0.44623046874999994 
0.7233789062499998 
0.6776757812499999 
0.7843164062499999 
0.6577539062499999 
0.8118554687499998 
0.6407617187499999 
0.7104882812499999 
0.5956445312499999 
0.6319726562499999 
0.6706445312499999 
0.9061914062499998 
0.6554101562499998 
0.6220117187499998 
0.6694726562499999 
0.7602929687499999 
0.8897851562499998 
0.5610742187499999 
0.8593164062499998 
0.6934960937499998 
0.5434960937499999 
0.6981835937499998 
0.7878320312499999 
0.8083398437499999 
0.6999414062499998 
0.8804101562499997 
0.8130273437499999 
0.5118554687499999 
0.6266992187499998 
0.6653710937499998 
0.5798242187499998 
1.24720703125 
0.7802148437499999 
0.6759179687499999 
0.5897851562499998 
0.5411523437499999 
0.6003320312499999 
0.5499414062499999 
0.7638085937499999 
0.78958984375 
0.7028710937499998 
1.11595703125 
0.7391992187499997 
0.94134765625 
0.6765039062499999 
