5 3 92 
1.2770898437500002 
0.8774804687499997 
1.2794335937500003 
1.6028710937500001 
1.2548242187500003 
1.2724023437500003 
1.25775390625 
1.2302148437500002 
1.2395898437500001 
1.2659570312500001 
1.1710351562499999 
1.20970703125 
1.26185546875 
1.2278710937500001 
1.2407617187500002 
1.18041015625 
1.2864648437500001 
1.2378320312500002 
1.2483789062500001 
1.2694726562500003 
1.3333398437500001 
1.23900390625 
0.8856835937499998 
1.1640039062499998 
0.97064453125 
1.47044921875 
0.8833398437499999 
1.2641992187500002 
1.16576171875 
1.1710351562499999 
1.04681640625 
1.2595117187500002 
1.3052148437500002 
1.22845703125 
1.2829492187500002 
1.29525390625 
1.1499414062499997 
1.1686914062499998 
1.2735742187500003 
1.2372460937500003 
1.2718164062500001 
1.24310546875 
1.3099023437500001 
1.3099023437500001 
1.2395898437500001 
1.2349023437500002 
1.2794335937500003 
1.2337304687500001 
1.2331445312500002 
1.2630273437500001 
1.2677148437500003 
1.15462890625 
1.2454492187500001 
1.1997460937500002 
1.2688867187500004 
1.2536523437500002 
1.07201171875 
1.2319726562500002 
1.28529296875 
1.14583984375 
1.09193359375 
1.25306640625 
1.56361328125 
1.2349023437500002 
1.2044335937500001 
1.2876367187500002 
1.2173242187500002 
1.2788476562500002 
1.15638671875 
1.2308007812500001 
1.17337890625 
1.3579492187500002 
1.24720703125 
1.2518945312500003 
1.30462890625 
1.46107421875 
1.34681640625 
1.6052148437500002 
1.3309960937500003 
1.08314453125 
1.49037109375 
1.23900390625 
1.3099023437500001 
1.31400390625 
1.08783203125 
1.25892578125 
1.2712304687500002 
1.2554101562500002 
1.3538476562500001 
1.52494140625 
1.0286523437500001 
1.2741601562500002 
0.8481835937499999 
1.2308007812500001 
1.12591796875 
1.2671289062500002 
1.3110742187500002 
1.2759179687500002 
1.19212890625 
1.19623046875 
1.29759765625 
1.15638671875 
1.28236328125 
1.16751953125 
1.2507226562500002 
1.25892578125 
1.2536523437500002 
1.25892578125 
1.07083984375 
1.2290429687500002 
1.2308007812500001 
1.2337304687500001 
1.22669921875 
1.2876367187500002 
1.2518945312500003 
1.2600976562500001 
1.1698632812499998 
1.20560546875 
1.2319726562500002 
1.2934960937500002 
1.2319726562500002 
1.2571679687500001 
1.2483789062500001 
0.8522851562499998 
1.2829492187500002 
1.2829492187500002 
1.2331445312500002 
0.9079492187499998 
1.2718164062500001 
1.2395898437500001 
1.5495507812500002 
1.2425195312500001 
1.13294921875 
1.2454492187500001 
1.22962890625 
1.22435546875 
1.31458984375 
1.2501367187500003 
1.2741601562500002 
1.22728515625 
0.8206445312499999 
1.2700585937500004 
1.3063867187500002 
1.17162109375 
1.2641992187500002 
1.22259765625 
1.2501367187500003 
1.15990234375 
1.2829492187500002 
1.2542382812500001 
0.9940820312499998 
1.28236328125 
1.17162109375 
1.09017578125 
1.0520898437500001 
1.28587890625 
1.2923242187500001 
1.21966796875 
1.20560546875 
1.16341796875 
1.2700585937500004 
1.2466210937500002 
0.9050195312499999 
1.3345117187500002 
1.2378320312500002 
1.2454492187500001 
1.2190820312500001 
1.3520898437500002 
1.2671289062500002 
1.24603515625 
1.2524804687500002 
1.2981835937500001 
1.2407617187500002 
1.2061914062499999 
1.1464257812499998 
1.28119140625 
1.18333984375 
1.2800195312500002 
1.05970703125 
1.2501367187500003 
1.2718164062500001 
1.1686914062499998 
1.2331445312500002 
1.03392578125 
1.22962890625 
1.2372460937500003 
1.2600976562500001 
1.24603515625 
1.24603515625 
1.2630273437500001 
1.3444726562500002 
1.22376953125 
1.2513085937500004 
0.7556054687499998 
1.2888085937500002 
1.19681640625 
1.21673828125 
1.15462890625 
1.5161523437500002 
1.23548828125 
