75 23 2 
0.91380859375 
0.7280664062499997 
0.9026757812499999 
0.7081445312499999 
0.7046289062499999 
0.6196679687499999 
0.6958398437499999 
0.6923242187499997 
0.6249414062499998 
0.6231835937499999 
0.7778710937499999 
0.7544335937499999 
0.6460351562499999 
1.0286523437500001 
0.6313867187499999 
0.52298828125 
0.8106835937499999 
0.6841210937499999 
0.6296289062499999 
0.8915429687499998 
0.7474023437499998 
0.6589257812499999 
0.8452539062499999 
0.6425195312499999 
0.6700585937499999 
1.28705078125 
0.8739648437499998 
0.7690820312499999 
0.6817773437499999 
0.6460351562499999 
0.95189453125 
0.5979882812499999 
0.4837304687499999 
0.6577539062499999 
0.91908203125 
0.7175195312499999 
0.5106835937499999 
0.6079492187499999 
0.7427148437499999 
0.6524804687499998 
0.5388085937499999 
0.7860742187499998 
0.7175195312499999 
0.6477929687499998 
0.60208984375 
0.8499414062499998 
0.7954492187499999 
0.4977929687499999 
0.7532617187499998 
0.7309960937499997 
0.7339257812499999 
0.6630273437499998 
0.8259179687499999 
0.7099023437499998 
0.6665429687499999 
0.6858789062499998 
0.7333398437499998 
0.6536523437499998 
0.7046289062499999 
0.6290429687499999 
0.6436914062499999 
0.6759179687499999 
0.5804101562499998 
0.7075585937499999 
0.7450585937499998 
0.8862695312499999 
0.7339257812499999 
0.91087890625 
0.7942773437499999 
0.6683007812499999 
0.6431054687499999 
0.95423828125 
0.6056054687499999 
0.7239648437499998 
0.7292382812499998 
0.6618554687499998 
0.6196679687499999 
0.8013085937499999 
0.8036523437499998 
0.8464257812499999 
0.7128320312499998 
0.6800195312499999 
0.7438867187499998 
0.8470117187499998 
0.6899804687499997 
0.7731835937499999 
0.9800195312500001 
0.7614648437499999 
0.6091210937499999 
0.8259179687499999 
0.95951171875 
0.98177734375 
0.5505273437499999 
1.06615234375 
0.6794335937499999 
0.8991601562499998 
0.5956445312499999 
0.8563867187499998 
0.6864648437499998 
0.5247460937499999 
0.7972070312499999 
0.53001953125 
0.6231835937499999 
0.8235742187499998 
0.6548242187499997 
0.51126953125 
0.8054101562499998 
0.5739648437499999 
0.7673242187499998 
0.7679101562499998 
0.7227929687499998 
0.6038476562499999 
0.8440820312499998 
0.8270898437499999 
0.6940820312499998 
0.9032617187499998 
0.7766992187499998 
0.7620507812499999 
0.6524804687499998 
0.97123046875 
0.6319726562499999 
0.4977929687499999 
0.5136132812499999 
1.0186914062499999 
0.8546289062499999 
0.7573632812499999 
0.7679101562499998 
0.6829492187499998 
0.7286523437499998 
0.7936914062499999 
0.6876367187499998 
0.8183007812499999 
0.8927148437499999 
0.7749414062499999 
0.7356835937499998 
0.6882226562499998 
1.10833984375 
0.5856835937499999 
0.7286523437499998 
0.6899804687499997 
0.8786523437499998 
0.5786523437499999 
0.6477929687499998 
0.8815820312499998 
0.6811914062499999 
0.6589257812499999 
0.79251953125 
0.7040429687499998 
0.7960351562499999 
0.6296289062499999 
0.5499414062499999 
0.48841796874999993 
0.8475976562499998 
0.7005273437499998 
0.7702539062499999 
0.6800195312499999 
0.8007226562499998 
0.6015039062499999 
0.6759179687499999 
0.6929101562499997 
0.7573632812499999 
0.7972070312499999 
0.6472070312499999 
0.7222070312499999 
0.6677148437499999 
0.8083398437499999 
0.6659570312499998 
0.92318359375 
1.00697265625 
0.4731835937499999 
0.79251953125 
0.59330078125 
0.7069726562499998 
0.8071679687499999 
0.9097070312499999 
0.4989648437499999 
0.9390039062500001 
0.9530664062499999 
0.7011132812499998 
0.6735742187499998 
0.79251953125 
0.6167382812499999 
0.6208398437499999 
0.7913476562499999 
0.51126953125 
1.07259765625 
0.8370507812499999 
0.6038476562499999 
0.6489648437499999 
0.6513085937499998 
0.6694726562499999 
0.7128320312499998 
0.97826171875 
0.7761132812499999 
0.7714257812499999 
0.6261132812499999 
0.7614648437499999 
0.7356835937499998 
0.8411523437499998 
0.6788476562499999 
