4 24 72 
1.2489648437500003 
1.38666015625 
0.7819726562499999 
1.2542382812500001 
1.2794335937500003 
1.22669921875 
1.2231835937500002 
1.17396484375 
1.22552734375 
0.9085351562499998 
1.2143945312500002 
1.31341796875 
1.17044921875 
1.17806640625 
1.2753320312500003 
1.2489648437500003 
1.2800195312500002 
1.25892578125 
1.25775390625 
1.22083984375 
1.19447265625 
0.7251367187499997 
1.2759179687500002 
1.2483789062500001 
1.3110742187500002 
0.91087890625 
1.37318359375 
1.03333984375 
1.2231835937500002 
1.1763085937500002 
1.2331445312500002 
1.3099023437500001 
1.2554101562500002 
1.2583398437500002 
1.1206445312500002 
1.3333398437500001 
1.24720703125 
1.2671289062500002 
0.9401757812500001 
1.02337890625 
1.1640039062499998 
1.30931640625 
1.22259765625 
1.2829492187500002 
1.20912109375 
1.32923828125 
1.2378320312500002 
1.2542382812500001 
1.1751367187500001 
0.8757226562499998 
1.2349023437500002 
1.2817773437500002 
1.22435546875 
1.24134765625 
1.2794335937500003 
1.2595117187500002 
1.06029296875 
1.22376953125 
0.9934960937499998 
1.3333398437500001 
1.25892578125 
0.8341210937499999 
1.2349023437500002 
1.2102929687500001 
1.20384765625 
0.6220117187499998 
1.24369140625 
1.2659570312500001 
1.2542382812500001 
1.2132226562500001 
1.2138085937500003 
0.97298828125 
0.7772851562499998 
1.16166015625 
1.38431640625 
0.8341210937499999 
1.0286523437500001 
1.24369140625 
1.2489648437500003 
1.36322265625 
1.18158203125 
1.28529296875 
1.2477929687500002 
1.17162109375 
1.2712304687500002 
1.3052148437500002 
1.2847070312500002 
0.98353515625 
0.8681054687499998 
1.2325585937500003 
1.2554101562500002 
1.30287109375 
1.2319726562500002 
1.1124414062499999 
1.2712304687500002 
1.3040429687500001 
1.22728515625 
1.2395898437500001 
1.10306640625 
0.91556640625 
1.09779296875 
1.26185546875 
1.1165429687500001 
1.1194726562500001 
1.2143945312500002 
1.2360742187500002 
1.2612695312500002 
1.22611328125 
1.15169921875 
1.2337304687500001 
1.29115234375 
1.3497460937500003 
1.0427148437500002 
1.2893945312500001 
1.2302148437500002 
1.1651757812499999 
1.29115234375 
1.2542382812500001 
1.28822265625 
1.1059960937500002 
1.2665429687500003 
1.16166015625 
1.33802734375 
1.2220117187500001 
1.22845703125 
1.12591796875 
0.8417382812499998 
1.28236328125 
1.2507226562500002 
0.6518945312499999 
1.2419335937500002 
1.31634765625 
1.2536523437500002 
1.3415429687500002 
1.39603515625 
1.13998046875 
1.2876367187500002 
1.23431640625 
1.1640039062499998 
1.2337304687500001 
1.1927148437500001 
1.30580078125 
1.3245507812500001 
1.2548242187500003 
1.1681054687499999 
1.14349609375 
1.33216796875 
1.30931640625 
1.29056640625 
0.9266992187499999 
1.0813867187500001 
1.2694726562500003 
1.21205078125 
1.39017578125 
1.2518945312500003 
1.2366601562500001 
1.11419921875 
1.1681054687499999 
1.2641992187500002 
1.37552734375 
1.2466210937500002 
1.24720703125 
1.2770898437500002 
1.01810546875 
1.3579492187500002 
1.29583984375 
1.2489648437500003 
1.2806054687500001 
1.2706445312500003 
1.2419335937500002 
1.22728515625 
1.2741601562500002 
1.2759179687500002 
1.2829492187500002 
1.2653710937500002 
1.2847070312500002 
1.2724023437500003 
1.29173828125 
1.13470703125 
1.15169921875 
1.2559960937500003 
1.21966796875 
1.2378320312500002 
1.3474023437500002 
1.3450585937500004 
1.15169921875 
1.24017578125 
1.28998046875 
1.24017578125 
1.1534570312499999 
1.16341796875 
1.06908203125 
1.24134765625 
1.22435546875 
1.2366601562500001 
1.1206445312500002 
1.29056640625 
1.2308007812500001 
1.2454492187500001 
1.29642578125 
