34 24 42 
0.7251367187499997 
0.8136132812499999 
0.6929101562499997 
0.8065820312499998 
0.7052148437499999 
0.6794335937499999 
0.7339257812499999 
0.9061914062499998 
0.7075585937499999 
0.6360742187499998 
0.8042382812499999 
0.7292382812499998 
0.9073632812499999 
0.5534570312499999 
0.8393945312499999 
0.6343164062499999 
0.8399804687499998 
0.6003320312499999 
0.8804101562499997 
0.5077539062499999 
0.6009179687499999 
1.06263671875 
0.7151757812499999 
0.6571679687499998 
0.6618554687499998 
0.6600976562499998 
0.6571679687499998 
0.7831445312499999 
0.8833398437499999 
0.5880273437499999 
0.55814453125 
0.7145898437499999 
0.8604882812499999 
0.7292382812499998 
0.6132226562499998 
0.8311914062499999 
0.7157617187499998 
0.8282617187499999 
0.6015039062499999 
0.5979882812499999 
0.8481835937499999 
0.8440820312499998 
0.6641992187499998 
0.7292382812499998 
0.5616601562499999 
0.6554101562499998 
0.6143945312499999 
0.8675195312499999 
0.7690820312499999 
0.6372460937499999 
0.6079492187499999 
0.7643945312499999 
0.59330078125 
0.6325585937499999 
0.8475976562499998 
0.91908203125 
0.7257226562499998 
0.5979882812499999 
0.8886132812499998 
0.5868554687499998 
0.7444726562499998 
0.8059960937499998 
0.6460351562499999 
0.6513085937499998 
0.6120507812499999 
0.7251367187499997 
0.8727929687499998 
0.7140039062499999 
0.8265039062499999 
1.01810546875 
0.4995507812499999 
0.8042382812499999 
0.8288476562499999 
0.7292382812499998 
0.8423242187499997 
0.8077539062499999 
0.6536523437499998 
0.7749414062499999 
1.00404296875 
0.7585351562499998 
0.9395898437500001 
0.7104882812499999 
0.6009179687499999 
0.7427148437499999 
0.6378320312499999 
0.7216210937499998 
0.7380273437499998 
0.7198632812499999 
0.6905664062499998 
0.9917382812499999 
0.7626367187499998 
0.6735742187499998 
0.6600976562499998 
1.32923828125 
0.7198632812499999 
0.8593164062499998 
0.7069726562499998 
0.7134179687499999 
0.7532617187499998 
0.5938867187499999 
0.7210351562499998 
1.20384765625 
0.8616601562499998 
0.6431054687499999 
0.7556054687499998 
0.6929101562499997 
0.7227929687499998 
0.60501953125 
0.7204492187499998 
0.96712890625 
0.7661523437499999 
0.8522851562499998 
0.5874414062499999 
0.6044335937499999 
0.8188867187499999 
0.6952539062499998 
0.7532617187499998 
0.6624414062499998 
1.05560546875 
0.7075585937499999 
0.8294335937499999 
0.7696679687499999 
0.9085351562499998 
0.6325585937499999 
1.11830078125 
0.6987695312499999 
0.6776757812499999 
0.43978515625 
0.95423828125 
0.6466210937499999 
0.5481835937499999 
0.8452539062499999 
0.7421289062499998 
0.6759179687499999 
0.5352929687499999 
0.7011132812499998 
0.7743554687499998 
0.7116601562499998 
0.6847070312499999 
0.6249414062499998 
0.6114648437499999 
0.8030664062499998 
0.6126367187499998 
0.6688867187499998 
0.60267578125 
0.7093164062499998 
0.60501953125 
0.8581445312499999 
0.6882226562499998 
0.7708398437499999 
0.6325585937499999 
0.5927148437499999 
0.8622460937499998 
0.6202539062499999 
0.6214257812499999 
0.7620507812499999 
0.7028710937499998 
0.6630273437499998 
0.9302148437500001 
0.6003320312499999 
0.5364648437499999 
0.7415429687499998 
0.78958984375 
0.8692773437499999 
0.8763085937499998 
0.7479882812499998 
0.79017578125 
0.7192773437499999 
0.53177734375 
0.8112695312499999 
0.6706445312499999 
1.06029296875 
0.7356835937499998 
0.7673242187499998 
0.49427734374999993 
0.5188867187499999 
0.6524804687499998 
0.8253320312499999 
0.5024804687499999 
0.6325585937499999 
1.02220703125 
0.5481835937499999 
0.5956445312499999 
0.6343164062499999 
0.9559960937499999 
0.93841796875 
0.5956445312499999 
0.7556054687499998 
0.8270898437499999 
0.6360742187499998 
0.6073632812499999 
1.0813867187500001 
0.8563867187499998 
0.5282617187499999 
0.9003320312499998 
0.7667382812499999 
0.8013085937499999 
0.8253320312499999 
0.59330078125 
0.8581445312499999 
