11 3 86 
1.30580078125 
1.1763085937500002 
1.2600976562500001 
1.2483789062500001 
1.48802734375 
1.18509765625 
1.3462304687500002 
1.26361328125 
1.29583984375 
1.17748046875 
1.22435546875 
1.24017578125 
1.1950585937500002 
1.2378320312500002 
1.36322265625 
1.2595117187500002 
1.2653710937500002 
1.2132226562500001 
1.02103515625 
0.5745507812499999 
1.0890039062499999 
1.24369140625 
1.19740234375 
1.2806054687500001 
1.2366601562500001 
1.29056640625 
1.2934960937500002 
1.2683007812500002 
1.2290429687500002 
1.23548828125 
1.33978515625 
1.22025390625 
1.2337304687500001 
1.2571679687500001 
1.2595117187500002 
1.2366601562500001 
1.2583398437500002 
1.3345117187500002 
1.20033203125 
1.2554101562500002 
1.26361328125 
1.32337890625 
1.2999414062499999 
1.22025390625 
1.3485742187500003 
1.2138085937500003 
1.30462890625 
1.2518945312500003 
1.21791015625 
1.2759179687500002 
1.0309960937500002 
1.30873046875 
1.2800195312500002 
1.2325585937500003 
1.23841796875 
1.2583398437500002 
1.20326171875 
1.3433007812500002 
1.2817773437500002 
1.26478515625 
1.2184960937500002 
1.28587890625 
1.2612695312500002 
1.29173828125 
1.2571679687500001 
0.5247460937499999 
1.31166015625 
1.2548242187500003 
1.2454492187500001 
1.21087890625 
1.2641992187500002 
1.23431640625 
1.21205078125 
1.22728515625 
1.2770898437500002 
1.1751367187500001 
1.2395898437500001 
1.2817773437500002 
1.24310546875 
1.2806054687500001 
1.3251367187500003 
1.2706445312500003 
1.2114648437500002 
1.14876953125 
1.33744140625 
1.31810546875 
1.56244140625 
1.19740234375 
1.24603515625 
1.2483789062500001 
1.31341796875 
1.2741601562500002 
1.2671289062500002 
1.2706445312500003 
1.2507226562500002 
1.2536523437500002 
1.2114648437500002 
1.1464257812499998 
1.2518945312500003 
1.2425195312500001 
1.29876953125 
1.0872460937500001 
1.29466796875 
1.29701171875 
1.2800195312500002 
1.37376953125 
1.41009765625 
1.2554101562500002 
1.22083984375 
0.9554101562499999 
1.3298242187500002 
1.20384765625 
1.36908203125 
1.14349609375 
1.18802734375 
1.2630273437500001 
1.16166015625 
1.29056640625 
1.16693359375 
1.2806054687500001 
1.15169921875 
1.2331445312500002 
1.21556640625 
1.22494140625 
1.28587890625 
1.30111328125 
1.2759179687500002 
1.2606835937500003 
1.17689453125 
1.2729882812500002 
1.01400390625 
1.2419335937500002 
1.26478515625 
1.37904296875 
0.7872460937499999 
1.25306640625 
1.3040429687500001 
1.2712304687500002 
1.24310546875 
1.21966796875 
1.2190820312500001 
1.2554101562500002 
1.20208984375 
1.2308007812500001 
1.2542382812500001 
1.40892578125 
1.2425195312500001 
1.2653710937500002 
1.2114648437500002 
1.28587890625 
1.35150390625 
1.37845703125 
1.2806054687500001 
1.15697265625 
1.25892578125 
1.2190820312500001 
1.22728515625 
1.20677734375 
1.2729882812500002 
1.32103515625 
1.21498046875 
1.31458984375 
1.2571679687500001 
1.2612695312500002 
1.2747460937500004 
1.2565820312500002 
1.39251953125 
0.9970117187499998 
1.2770898437500002 
1.2366601562500001 
1.20677734375 
1.19037109375 
1.22376953125 
1.29759765625 
1.20677734375 
1.27650390625 
1.2425195312500001 
1.2571679687500001 
1.3444726562500002 
1.2190820312500001 
1.23841796875 
1.2759179687500002 
0.8106835937499999 
1.1224023437500001 
1.3063867187500002 
1.2061914062499999 
1.2817773437500002 
1.30169921875 
0.9917382812499999 
1.2724023437500003 
1.2319726562500002 
1.2688867187500004 
1.43646484375 
1.26361328125 
1.24369140625 
1.2524804687500002 
1.1985742187500001 
1.2847070312500002 
1.2290429687500002 
1.22845703125 
