57 24 19 
0.7638085937499999 
0.6864648437499998 
0.6208398437499999 
0.8763085937499998 
1.05267578125 
0.7755273437499999 
0.8024804687499998 
0.5774804687499998 
0.6864648437499998 
0.7890039062499999 
0.8657617187499999 
0.6659570312499998 
0.7620507812499999 
0.7737695312499999 
0.8470117187499998 
0.7110742187499998 
0.8587304687499998 
0.9091210937499998 
0.7655664062499998 
0.7667382812499999 
0.5475976562499999 
0.7591210937499998 
0.7813867187499999 
0.5686914062499999 
0.7403710937499998 
0.7661523437499999 
0.6647851562499998 
0.6858789062499998 
0.8710351562499998 
0.6811914062499999 
0.7233789062499998 
0.9331445312500001 
0.6331445312499999 
0.7345117187499998 
0.6431054687499999 
0.7585351562499998 
0.6659570312499998 
0.7157617187499998 
1.00462890625 
0.7778710937499999 
0.8112695312499999 
1.0052148437500001 
0.6630273437499998 
0.7268945312499998 
0.6993554687499998 
0.8739648437499998 
0.7456445312499999 
0.4808007812499999 
0.7063867187499998 
0.7268945312499998 
1.0427148437500002 
0.9946679687499999 
0.7503320312499998 
0.7614648437499999 
0.6372460937499999 
0.7380273437499998 
0.6302148437499999 
0.6407617187499999 
0.5341210937499999 
0.8059960937499998 
0.7251367187499997 
0.5458398437499999 
0.6735742187499998 
0.6167382812499999 
0.6589257812499999 
0.7802148437499999 
0.6472070312499999 
0.5364648437499999 
0.6946679687499998 
0.5780664062499998 
0.92083984375 
0.5610742187499999 
0.7257226562499998 
0.9050195312499999 
0.5388085937499999 
0.91205078125 
0.7661523437499999 
0.7462304687499998 
0.7485742187499997 
1.06615234375 
0.9015039062499999 
0.7784570312499999 
0.9009179687499999 
0.94603515625 
0.7309960937499997 
0.78080078125 
0.6372460937499999 
1.03333984375 
0.6466210937499999 
0.6542382812499998 
0.51712890625 
0.8985742187499998 
0.8862695312499999 
0.7749414062499999 
0.7216210937499998 
0.6776757812499999 
0.94720703125 
0.7784570312499999 
0.6694726562499999 
0.92259765625 
0.5681054687499999 
0.7725976562499999 
0.8194726562499999 
0.6993554687499998 
0.6184960937499998 
0.8763085937499998 
0.8095117187499998 
0.6917382812499998 
0.56751953125 
0.5165429687499999 
0.5358789062499999 
0.8364648437499999 
0.7989648437499999 
0.6612695312499999 
0.91615234375 
0.7403710937499998 
0.5821679687499999 
0.7813867187499999 
0.8569726562499999 
0.6870507812499999 
0.9917382812499999 
0.5891992187499998 
0.9876367187499998 
0.6149804687499998 
0.5792382812499999 
0.5247460937499999 
0.8358789062499998 
0.56400390625 
0.9038476562499999 
0.97884765625 
0.7151757812499999 
0.7614648437499999 
0.8253320312499999 
0.7890039062499999 
0.6706445312499999 
0.6290429687499999 
0.8417382812499998 
0.7690820312499999 
0.6483789062499998 
0.6934960937499998 
0.7597070312499998 
0.8001367187499998 
0.7819726562499999 
0.9683007812500001 
0.8839257812499999 
0.7602929687499999 
0.7286523437499998 
0.7720117187499999 
0.8265039062499999 
0.5798242187499998 
0.7755273437499999 
0.6876367187499998 
0.5962304687499999 
0.8640039062499999 
0.8809960937499998 
0.7878320312499999 
0.93490234375 
0.56986328125 
0.98119140625 
0.7960351562499999 
0.7280664062499997 
0.6132226562499998 
0.6765039062499999 
0.5991601562499999 
0.6823632812499999 
0.6249414062499998 
0.7538476562499998 
0.7058007812499999 
0.7714257812499999 
0.5282617187499999 
0.5827539062499999 
0.7737695312499999 
0.9009179687499999 
0.7016992187499997 
0.5950585937499999 
0.7368554687499997 
0.7878320312499999 
0.8130273437499999 
0.8634179687499999 
0.6114648437499999 
0.46556640624999995 
0.7403710937499998 
0.7081445312499999 
0.7104882812499999 
0.9390039062500001 
0.7485742187499997 
0.7620507812499999 
0.8481835937499999 
0.6489648437499999 
0.9419335937500001 
0.5423242187499998 
0.7614648437499999 
0.7181054687499998 
0.5997460937499999 
0.52298828125 
0.6653710937499998 
0.49310546874999994 
0.5768945312499999 
0.7737695312499999 
0.7626367187499998 
