72 24 4 
0.8165429687499999 
0.7368554687499997 
0.6132226562499998 
0.93431640625 
0.8657617187499999 
0.5376367187499999 
0.6975976562499998 
0.6917382812499998 
0.5458398437499999 
0.5153710937499999 
0.5821679687499999 
0.6823632812499999 
0.7034570312499998 
0.52298828125 
0.5727929687499999 
0.91615234375 
0.7233789062499998 
0.92904296875 
0.6677148437499999 
0.6835351562499998 
0.6981835937499998 
0.6952539062499998 
0.5528710937499999 
0.8704492187499998 
0.7216210937499998 
0.5780664062499998 
0.6770898437499999 
0.6319726562499999 
1.1827539062499999 
0.6794335937499999 
0.7263085937499998 
0.47376953124999993 
0.94837890625 
0.8581445312499999 
0.8921289062499999 
0.8270898437499999 
0.6313867187499999 
0.4995507812499999 
0.7497460937499998 
0.7831445312499999 
0.96595703125 
1.06732421875 
0.6724023437499999 
0.6852929687499998 
0.6231835937499999 
0.5411523437499999 
0.92962890625 
0.7444726562499998 
0.7872460937499999 
0.8294335937499999 
0.6993554687499998 
0.6940820312499998 
0.6554101562499998 
0.6981835937499998 
0.8329492187499998 
0.7819726562499999 
0.94310546875 
0.8382226562499998 
0.7866601562499999 
0.7438867187499998 
0.95658203125 
0.7573632812499999 
0.7081445312499999 
0.52767578125 
0.6337304687499998 
0.6009179687499999 
0.6929101562499997 
0.7286523437499998 
0.7140039062499999 
0.94310546875 
0.6313867187499999 
0.7075585937499999 
0.6659570312499998 
0.6770898437499999 
0.6143945312499999 
1.0591210937500002 
0.5417382812499999 
0.6905664062499998 
0.6647851562499998 
0.7526757812499999 
0.7391992187499997 
0.6009179687499999 
0.6899804687499997 
0.5446679687499999 
0.5253320312499999 
0.6290429687499999 
0.7222070312499999 
0.7368554687499997 
0.6413476562499999 
0.6729882812499999 
0.8640039062499999 
0.6993554687499998 
0.5692773437499999 
0.93255859375 
0.9419335937500001 
0.6864648437499998 
0.6407617187499999 
0.6354882812499999 
0.7913476562499999 
0.5505273437499999 
0.7854882812499999 
0.5962304687499999 
0.8358789062499998 
0.5868554687499998 
0.8059960937499998 
0.7632226562499999 
0.5077539062499999 
0.6759179687499999 
0.7749414062499999 
0.8792382812499998 
0.8065820312499998 
1.2425195312500001 
0.6436914062499999 
0.6448632812499999 
0.8265039062499999 
0.6097070312499999 
0.8569726562499999 
0.6454492187499998 
0.8382226562499998 
0.6102929687499998 
0.7966210937499999 
0.7819726562499999 
0.6173242187499998 
0.7438867187499998 
0.8188867187499999 
0.7433007812499999 
1.2735742187500003 
0.7058007812499999 
0.78080078125 
0.7655664062499998 
0.5798242187499998 
0.8739648437499998 
0.7063867187499998 
0.8393945312499999 
0.7954492187499999 
0.8470117187499998 
0.52650390625 
0.6782617187499999 
0.6272851562499998 
0.6700585937499999 
0.7567773437499998 
0.6735742187499998 
0.6571679687499998 
0.5722070312499999 
0.8095117187499998 
0.6706445312499999 
0.8815820312499998 
0.5763085937499999 
0.8059960937499998 
0.55521484375 
0.6161523437499998 
0.7034570312499998 
0.7614648437499999 
0.7673242187499998 
0.6308007812499999 
0.6190820312499998 
0.7948632812499999 
0.7298242187499997 
1.06439453125 
1.01927734375 
0.5862695312499999 
0.7966210937499999 
0.8856835937499998 
0.6407617187499999 
0.7843164062499999 
0.5915429687499999 
0.7081445312499999 
0.4690820312499999 
0.6647851562499998 
0.5599023437499999 
0.92025390625 
0.7175195312499999 
0.91556640625 
0.5950585937499999 
0.7145898437499999 
0.7503320312499998 
0.7233789062499998 
0.5569726562499999 
0.53470703125 
0.7854882812499999 
0.6313867187499999 
0.6893945312499998 
0.9905664062499998 
0.8177148437499999 
0.93607421875 
1.01458984375 
0.6706445312499999 
0.7052148437499999 
0.8235742187499998 
0.7075585937499999 
0.52005859375 
0.7157617187499998 
0.7391992187499997 
0.7491601562499998 
0.5897851562499998 
0.8200585937499999 
0.8768945312499998 
0.7497460937499998 
0.60267578125 
0.8681054687499998 
