11 25 64 
0.6993554687499998 
0.96126953125 
0.91322265625 
1.03861328125 
0.9501367187499999 
0.5985742187499998 
1.2061914062499999 
0.8159570312499999 
0.8089257812499999 
0.6712304687499998 
0.7327539062499998 
1.09720703125 
0.8516992187499998 
0.7602929687499999 
0.9917382812499999 
0.8891992187499997 
0.8475976562499998 
1.22435546875 
0.8300195312499999 
0.9981835937499999 
0.7315820312499998 
0.98060546875 
0.6448632812499999 
0.95951171875 
1.15404296875 
0.8007226562499998 
0.9044335937499999 
0.93197265625 
0.8962304687499998 
0.9015039062499999 
0.8194726562499999 
0.7081445312499999 
0.8915429687499998 
0.47962890624999993 
1.2161523437500001 
0.78080078125 
1.08021484375 
0.6747460937499998 
0.7450585937499998 
0.7931054687499999 
0.7936914062499999 
0.6899804687499997 
0.97533203125 
0.6735742187499998 
1.18451171875 
0.8071679687499999 
0.95189453125 
0.6208398437499999 
0.9647851562499999 
0.91263671875 
1.09251953125 
1.12884765625 
0.9395898437500001 
1.14583984375 
1.13119140625 
0.7620507812499999 
0.8909570312499998 
0.6759179687499999 
0.98470703125 
0.96537109375 
1.0462304687500001 
0.8516992187499998 
0.5985742187499998 
1.0462304687500001 
0.96244140625 
0.6138085937499999 
0.93490234375 
0.9097070312499999 
0.9899804687499998 
1.17748046875 
1.09779296875 
0.9015039062499999 
0.94076171875 
1.06791015625 
0.8071679687499999 
0.7977929687499998 
0.6975976562499998 
0.9419335937500001 
1.13763671875 
0.8845117187499998 
0.7620507812499999 
0.93666015625 
1.30345703125 
0.8534570312499998 
1.0122460937500002 
0.98470703125 
1.2794335937500003 
0.5891992187499998 
1.15990234375 
1.2184960937500002 
0.8669335937499999 
0.7661523437499999 
0.8311914062499999 
0.94310546875 
0.8616601562499998 
0.8657617187499999 
0.8862695312499999 
1.11830078125 
0.7626367187499998 
1.15638671875 
0.6302148437499999 
1.01576171875 
0.96361328125 
1.23841796875 
0.97884765625 
0.9647851562499999 
0.7655664062499998 
0.8669335937499999 
0.94544921875 
0.8722070312499999 
0.7462304687499998 
1.26478515625 
0.9214257812500001 
0.6641992187499998 
0.6688867187499998 
0.7936914062499999 
0.8569726562499999 
1.24486328125 
0.6659570312499998 
0.94662109375 
0.7210351562499998 
0.8862695312499999 
0.8417382812499998 
1.2231835937500002 
1.16576171875 
0.7972070312499999 
0.8798242187499997 
0.9964257812499999 
0.8259179687499999 
0.9929101562499998 
0.97474609375 
1.04212890625 
0.5194726562499999 
0.9940820312499998 
0.92611328125 
0.92025390625 
0.7591210937499998 
0.96654296875 
1.16341796875 
0.8007226562499998 
0.92435546875 
0.5997460937499999 
0.6536523437499998 
0.97240234375 
0.98470703125 
1.2583398437500002 
0.95892578125 
0.7972070312499999 
1.08841796875 
0.8739648437499998 
0.8522851562499998 
0.7286523437499998 
1.02162109375 
0.9425195312500001 
0.5493554687499999 
1.05677734375 
0.7667382812499999 
0.6858789062499998 
0.7931054687499999 
0.7415429687499998 
0.8774804687499997 
0.92494140625 
1.2143945312500002 
0.8388085937499998 
1.01341796875 
0.8839257812499999 
0.8247460937499999 
0.8100976562499999 
1.01283203125 
1.00990234375 
0.7737695312499999 
0.8399804687499998 
1.3444726562500002 
1.1505273437499999 
0.8429101562499998 
0.95189453125 
0.6981835937499998 
0.7380273437499998 
0.8124414062499998 
1.2126367187500002 
1.1505273437499999 
0.7239648437499998 
0.9020898437499999 
0.8065820312499998 
0.6436914062499999 
0.8300195312499999 
0.9852929687499998 
0.8188867187499999 
1.20560546875 
0.7022851562499998 
0.7626367187499998 
0.7140039062499999 
1.0550195312500001 
1.2220117187500001 
0.6782617187499999 
0.8698632812499999 
0.8347070312499999 
0.8903710937499998 
0.7245507812499998 
0.7479882812499998 
