19 25 56 
0.96771484375 
0.7157617187499998 
0.8282617187499999 
0.92494140625 
0.8288476562499999 
1.00287109375 
0.6993554687499998 
0.8997460937499998 
0.7743554687499998 
0.7245507812499998 
0.9073632812499999 
1.3157617187500001 
0.92787109375 
0.5891992187499998 
0.93841796875 
0.6466210937499999 
0.6917382812499998 
1.2061914062499999 
0.6759179687499999 
0.6970117187499998 
0.9964257812499999 
1.07845703125 
0.5247460937499999 
0.8001367187499998 
0.8083398437499999 
0.7766992187499998 
0.8405664062499998 
0.91029296875 
0.7151757812499999 
0.8300195312499999 
0.5534570312499999 
0.8235742187499998 
0.8147851562499998 
0.7890039062499999 
0.92494140625 
0.8065820312499998 
0.8042382812499999 
0.7919335937499999 
0.6917382812499998 
0.7022851562499998 
0.7210351562499998 
0.6091210937499999 
0.8786523437499998 
0.8411523437499998 
0.8399804687499998 
0.8780664062499998 
0.7286523437499998 
0.6472070312499999 
0.7468164062499998 
0.7063867187499998 
1.0110742187500001 
0.8446679687499998 
0.5833398437499999 
0.7210351562499998 
0.7321679687499998 
1.0450585937500003 
0.7198632812499999 
1.20560546875 
0.9050195312499999 
0.7872460937499999 
0.8493554687499998 
0.6893945312499998 
0.9015039062499999 
0.8933007812499999 
0.6243554687499998 
0.6659570312499998 
0.8681054687499998 
0.6753320312499999 
0.7737695312499999 
0.97064453125 
0.6454492187499998 
0.7169335937499999 
1.07962890625 
0.7960351562499999 
0.60267578125 
0.5364648437499999 
0.7298242187499997 
0.8534570312499998 
0.8809960937499998 
0.6753320312499999 
0.8370507812499999 
1.20150390625 
0.7849023437499999 
0.5493554687499999 
0.4485742187499999 
1.02103515625 
0.7462304687499998 
1.13822265625 
0.6917382812499998 
0.8528710937499998 
0.6606835937499999 
0.9800195312500001 
0.8739648437499998 
0.8792382812499998 
0.9044335937499999 
0.6220117187499998 
0.95130859375 
0.8763085937499998 
0.9003320312499998 
0.5997460937499999 
0.7743554687499998 
0.7491601562499998 
0.7790429687499999 
0.7251367187499997 
0.91263671875 
0.8141992187499998 
0.43216796874999996 
0.7544335937499999 
0.7585351562499998 
1.0257226562500001 
0.6079492187499999 
0.6015039062499999 
0.6893945312499998 
0.5540429687499999 
0.7099023437499998 
1.29525390625 
0.7702539062499999 
0.7907617187499999 
1.10365234375 
0.8522851562499998 
0.8938867187499998 
0.7731835937499999 
0.98236328125 
1.0433007812500001 
0.7462304687499998 
0.8007226562499998 
0.6009179687499999 
0.7503320312499998 
0.7585351562499998 
0.8833398437499999 
0.7948632812499999 
0.7643945312499999 
0.7110742187499998 
0.6647851562499998 
0.5634179687499999 
0.7995507812499999 
0.8089257812499999 
0.7122460937499998 
0.8921289062499999 
0.7374414062499998 
0.7819726562499999 
0.7813867187499999 
0.6917382812499998 
0.7397851562499997 
0.9390039062500001 
0.8558007812499999 
0.6319726562499999 
0.8522851562499998 
0.96126953125 
0.6477929687499998 
0.6747460937499998 
0.8634179687499999 
0.8399804687499998 
0.93197265625 
0.7268945312499998 
0.8710351562499998 
0.7257226562499998 
0.7661523437499999 
1.09544921875 
0.8710351562499998 
0.6987695312499999 
0.6946679687499998 
0.5850976562499999 
0.8329492187499998 
0.8505273437499998 
0.7075585937499999 
0.7550195312499999 
0.8323632812499999 
0.6882226562499998 
0.59330078125 
0.6032617187499999 
0.7831445312499999 
1.04095703125 
0.8821679687499998 
0.8118554687499998 
0.52064453125 
0.5815820312499999 
0.7433007812499999 
0.7602929687499999 
0.8259179687499999 
1.02044921875 
0.7819726562499999 
0.7655664062499998 
0.7438867187499998 
1.06966796875 
0.8130273437499999 
0.6934960937499998 
0.97064453125 
0.7028710937499998 
0.8229882812499999 
1.0063867187500002 
0.9448632812500001 
0.5786523437499999 
0.94955078125 
0.8599023437499999 
0.6208398437499999 
0.7374414062499998 
0.8839257812499999 
0.7339257812499999 
0.9038476562499999 
