33 25 42 
0.9618554687499999 
0.8968164062499998 
0.5716210937499999 
1.24017578125 
0.5065820312499999 
0.6888085937499998 
0.5306054687499999 
0.6800195312499999 
0.8616601562499998 
0.7497460937499998 
0.8153710937499998 
0.5874414062499999 
0.6337304687499998 
0.6266992187499998 
0.5845117187499999 
0.4456445312499999 
0.7169335937499999 
0.7860742187499998 
0.8423242187499997 
0.40697265624999995 
0.6466210937499999 
0.97298828125 
0.8393945312499999 
0.7649804687499998 
0.8452539062499999 
0.8007226562499998 
0.5739648437499999 
0.7210351562499998 
0.5440820312499999 
0.6542382812499998 
1.1124414062499999 
0.8991601562499998 
0.7597070312499998 
0.9501367187499999 
0.6905664062499998 
0.7327539062499998 
0.6776757812499999 
0.6003320312499999 
0.6284570312499999 
0.6548242187499997 
0.7989648437499999 
0.6776757812499999 
0.6559960937499998 
0.6372460937499999 
0.6513085937499998 
0.6606835937499999 
0.7743554687499998 
0.7251367187499997 
0.6167382812499999 
0.6735742187499998 
0.7714257812499999 
0.8218164062499999 
0.6466210937499999 
0.8001367187499998 
0.8171289062499999 
0.7649804687499998 
0.6811914062499999 
0.97533203125 
0.8341210937499999 
0.6958398437499999 
0.5001367187499999 
0.6741601562499998 
0.6858789062499998 
0.6061914062499999 
0.6225976562499999 
0.6495507812499999 
0.7122460937499998 
0.8792382812499998 
0.6694726562499999 
0.7532617187499998 
0.9917382812499999 
0.6114648437499999 
0.8335351562499999 
0.8475976562499998 
0.7011132812499998 
0.8042382812499999 
0.5815820312499999 
0.60501953125 
0.6214257812499999 
0.8317773437499999 
1.03392578125 
0.6958398437499999 
0.5845117187499999 
0.7058007812499999 
0.6184960937499998 
0.96244140625 
0.8669335937499999 
0.7444726562499998 
0.9061914062499998 
0.7608789062499999 
0.7948632812499999 
0.5839257812499999 
1.0081445312500001 
0.94076171875 
0.6003320312499999 
1.01517578125 
0.8927148437499999 
0.6870507812499999 
0.7813867187499999 
0.6472070312499999 
0.8757226562499998 
0.6202539062499999 
0.8821679687499998 
0.7655664062499998 
0.5575585937499999 
0.6149804687499998 
0.7046289062499999 
0.6495507812499999 
0.7679101562499998 
0.6958398437499999 
0.6407617187499999 
0.6542382812499998 
0.5604882812499999 
0.6413476562499999 
0.6841210937499999 
1.1499414062499997 
0.7948632812499999 
0.7356835937499998 
0.92962890625 
0.7128320312499998 
0.6360742187499998 
0.8733789062499998 
0.56751953125 
0.6313867187499999 
0.7280664062499997 
0.7579492187499998 
0.5153710937499999 
0.7667382812499999 
0.9331445312500001 
0.56458984375 
0.4860742187499999 
0.8622460937499998 
0.8798242187499997 
0.6683007812499999 
0.6431054687499999 
0.8329492187499998 
0.7532617187499998 
0.8962304687499998 
0.8065820312499998 
0.6964257812499999 
0.6917382812499998 
0.6671289062499999 
1.0444726562500002 
0.7544335937499999 
0.8610742187499998 
0.91615234375 
0.6765039062499999 
0.7538476562499998 
0.6097070312499999 
0.6794335937499999 
0.6085351562499999 
0.6483789062499998 
0.6513085937499998 
0.55521484375 
0.8511132812499999 
0.79017578125 
0.8429101562499998 
0.5739648437499999 
0.8950585937499999 
0.6425195312499999 
0.7573632812499999 
0.5247460937499999 
1.06615234375 
0.7761132812499999 
0.6067773437499999 
0.6208398437499999 
0.6577539062499999 
0.6735742187499998 
0.6073632812499999 
0.9987695312499999 
0.91439453125 
0.7157617187499998 
0.6214257812499999 
0.7181054687499998 
0.6524804687499998 
0.94720703125 
0.9308007812500001 
0.6231835937499999 
0.5511132812499999 
0.60501953125 
0.47259765624999994 
0.8686914062499999 
0.5985742187499998 
0.6671289062499999 
0.6647851562499998 
0.6864648437499998 
0.7878320312499999 
0.7573632812499999 
0.7614648437499999 
0.7708398437499999 
0.7210351562499998 
0.8077539062499999 
0.6759179687499999 
0.8862695312499999 
0.7192773437499999 
0.7157617187499998 
0.9091210937499998 
0.5141992187499999 
0.7556054687499998 
0.6184960937499998 
