41 25 34 
0.7022851562499998 
0.7778710937499999 
0.7919335937499999 
0.6255273437499999 
0.53470703125 
0.6729882812499999 
0.7339257812499999 
0.5856835937499999 
0.6970117187499998 
0.8212304687499998 
0.96361328125 
0.7011132812499998 
0.7602929687499999 
0.6518945312499999 
0.6518945312499999 
0.7544335937499999 
0.9917382812499999 
0.8089257812499999 
0.6577539062499999 
1.0075585937500002 
0.92083984375 
0.6589257812499999 
0.5042382812499999 
0.7608789062499999 
0.6114648437499999 
0.7614648437499999 
0.5077539062499999 
0.7866601562499999 
0.7304101562499997 
0.6677148437499999 
0.6284570312499999 
0.6934960937499998 
0.6243554687499998 
0.6378320312499999 
0.6331445312499999 
0.5909570312499999 
0.7977929687499998 
0.8399804687499998 
0.6061914062499999 
0.6964257812499999 
0.7204492187499998 
0.8124414062499998 
0.6940820312499998 
0.7216210937499998 
0.93197265625 
0.5124414062499999 
0.6114648437499999 
0.7280664062499997 
0.6149804687499998 
0.7819726562499999 
0.6952539062499998 
0.9149804687499999 
0.8903710937499998 
0.6882226562499998 
0.7790429687499999 
0.6688867187499998 
0.6706445312499999 
0.78080078125 
0.7087304687499998 
0.7169335937499999 
0.6073632812499999 
0.7966210937499999 
0.7391992187499997 
0.6864648437499998 
0.6888085937499998 
0.5880273437499999 
0.6536523437499998 
0.7345117187499998 
0.7438867187499998 
0.8458398437499999 
0.6677148437499999 
0.56693359375 
0.52591796875 
0.6893945312499998 
0.7169335937499999 
0.8452539062499999 
0.4819726562499999 
0.6747460937499998 
0.6331445312499999 
0.7556054687499998 
0.5311914062499999 
0.8282617187499999 
0.8048242187499998 
0.91849609375 
0.5839257812499999 
0.8124414062499998 
0.6888085937499998 
0.6507226562499998 
0.47435546874999995 
0.7116601562499998 
0.6179101562499998 
0.5874414062499999 
0.6688867187499998 
0.5798242187499998 
0.7462304687499998 
0.6284570312499999 
0.48548828124999993 
0.7333398437499998 
0.8311914062499999 
0.9893945312499999 
0.8757226562499998 
0.8423242187499997 
0.8880273437499998 
0.7866601562499999 
0.6911523437499998 
0.5399804687499998 
0.6782617187499999 
0.8516992187499998 
0.5868554687499998 
0.6378320312499999 
0.95892578125 
0.7450585937499998 
0.7755273437499999 
0.5809960937499998 
0.91380859375 
0.6097070312499999 
0.6747460937499998 
0.7960351562499999 
0.7860742187499998 
0.7995507812499999 
0.6372460937499999 
0.6483789062499998 
0.6407617187499999 
0.7391992187499997 
0.6934960937499998 
0.8452539062499999 
0.6554101562499998 
0.8897851562499998 
0.7058007812499999 
0.56986328125 
0.6442773437499999 
0.8317773437499999 
0.5194726562499999 
0.5886132812499999 
0.6952539062499998 
0.8933007812499999 
0.6038476562499999 
0.50833984375 
0.6946679687499998 
0.6108789062499999 
0.6700585937499999 
0.6149804687499998 
0.7046289062499999 
0.7755273437499999 
0.8399804687499998 
0.56693359375 
0.6067773437499999 
0.8974023437499998 
0.6038476562499999 
0.5446679687499999 
0.6372460937499999 
0.8692773437499999 
0.92552734375 
0.7602929687499999 
0.8575585937499999 
0.7556054687499998 
1.05853515625 
0.6817773437499999 
0.7825585937499999 
0.7702539062499999 
0.8534570312499998 
0.6143945312499999 
0.6149804687499998 
0.5610742187499999 
0.9899804687499998 
0.8634179687499999 
0.6372460937499999 
0.6225976562499999 
0.7661523437499999 
0.8915429687499998 
0.6759179687499999 
0.6817773437499999 
0.6454492187499998 
0.97123046875 
0.8153710937499998 
0.6290429687499999 
0.5686914062499999 
0.7327539062499998 
0.7942773437499999 
0.7913476562499999 
0.7251367187499997 
0.7192773437499999 
0.6249414062499998 
0.8434960937499998 
0.6893945312499998 
0.7579492187499998 
0.6636132812499999 
0.7567773437499998 
0.6056054687499999 
0.6214257812499999 
0.8183007812499999 
0.6688867187499998 
0.7667382812499999 
0.6143945312499999 
0.93138671875 
0.7872460937499999 
0.7356835937499998 
0.5393945312499999 
0.7356835937499998 
0.6741601562499998 
