64 25 11 
0.91615234375 
0.8487695312499999 
0.7638085937499999 
0.7298242187499997 
0.6501367187499998 
0.7216210937499998 
0.5809960937499998 
0.6102929687499998 
0.7485742187499997 
0.6800195312499999 
0.6958398437499999 
0.6079492187499999 
0.8540429687499999 
0.7192773437499999 
0.8177148437499999 
0.7515039062499999 
0.8282617187499999 
0.7878320312499999 
0.6337304687499998 
0.5727929687499999 
0.7614648437499999 
0.8071679687499999 
0.8681054687499998 
0.6577539062499999 
0.7438867187499998 
0.79251953125 
0.5909570312499999 
0.5470117187499999 
0.7450585937499998 
0.6102929687499998 
0.6448632812499999 
0.5663476562499999 
0.47025390624999996 
0.8686914062499999 
1.0011132812499999 
0.6483789062499998 
0.7309960937499997 
0.6477929687499998 
0.7315820312499998 
0.8751367187499998 
0.6184960937499998 
0.5768945312499999 
0.7005273437499998 
0.6161523437499998 
0.8944726562499998 
0.6999414062499998 
0.7813867187499999 
0.6097070312499999 
0.6032617187499999 
0.9905664062499998 
0.7802148437499999 
0.8423242187499997 
0.5944726562499999 
0.5686914062499999 
0.6120507812499999 
0.5188867187499999 
0.6085351562499999 
0.6694726562499999 
0.92376953125 
0.5540429687499999 
0.6841210937499999 
0.7649804687499998 
0.8153710937499998 
0.8622460937499998 
0.6624414062499998 
0.7333398437499998 
0.5364648437499999 
0.7163476562499999 
0.6952539062499998 
0.5839257812499999 
0.5440820312499999 
0.6835351562499998 
0.6220117187499998 
0.92904296875 
0.8464257812499999 
0.7016992187499997 
0.7192773437499999 
0.6079492187499999 
0.6776757812499999 
1.1698632812499998 
0.60501953125 
0.8077539062499999 
0.5804101562499998 
0.6823632812499999 
0.8897851562499998 
0.56400390625 
0.5956445312499999 
0.6929101562499997 
0.8675195312499999 
0.5306054687499999 
0.5335351562499999 
0.6477929687499998 
0.6589257812499999 
0.6800195312499999 
0.7626367187499998 
0.6571679687499998 
0.5663476562499999 
0.5516992187499998 
0.7268945312499998 
0.6214257812499999 
0.7696679687499999 
0.8921289062499999 
0.7350976562499998 
0.6302148437499999 
0.94662109375 
0.8077539062499999 
0.7954492187499999 
0.6981835937499998 
0.6583398437499999 
0.7854882812499999 
0.53177734375 
0.7907617187499999 
0.6126367187499998 
0.9020898437499999 
0.7755273437499999 
0.5757226562499999 
0.6155664062499998 
0.8294335937499999 
0.6466210937499999 
0.5763085937499999 
0.8065820312499998 
0.7608789062499999 
0.7884179687499999 
0.7573632812499999 
0.5745507812499999 
0.7766992187499998 
0.8171289062499999 
0.6061914062499999 
0.8335351562499999 
0.7438867187499998 
0.6255273437499999 
0.7005273437499998 
0.6647851562499998 
0.8253320312499999 
0.7386132812499998 
1.06966796875 
0.48841796874999993 
0.5065820312499999 
0.8153710937499998 
0.4544335937499999 
0.7485742187499997 
0.6882226562499998 
0.6829492187499998 
0.7315820312499998 
0.8487695312499999 
0.4966210937499999 
0.6911523437499998 
0.6155664062499998 
0.6636132812499999 
0.8434960937499998 
0.8417382812499998 
0.6354882812499999 
0.8516992187499998 
0.7145898437499999 
0.7532617187499998 
0.5499414062499999 
0.6102929687499998 
0.6929101562499997 
0.4825585937499999 
0.53236328125 
0.7099023437499998 
0.6729882812499999 
0.8487695312499999 
0.8030664062499998 
0.6220117187499998 
0.6694726562499999 
0.96302734375 
0.7403710937499998 
0.7016992187499997 
0.6700585937499999 
1.01341796875 
0.5944726562499999 
0.7585351562499998 
0.8358789062499998 
0.5282617187499999 
0.82767578125 
0.8241601562499998 
0.8522851562499998 
0.8065820312499998 
0.6360742187499998 
0.7972070312499999 
0.7485742187499997 
0.7561914062499998 
0.5792382812499999 
0.7368554687499997 
0.93607421875 
0.5054101562499999 
0.6923242187499997 
0.8528710937499998 
0.6372460937499999 
0.64017578125 
0.7227929687499998 
0.7526757812499999 
0.56693359375 
0.7462304687499998 
0.92904296875 
0.5897851562499998 
0.5628320312499999 
0.8827539062499998 
0.7690820312499999 
