65 25 10 
0.7766992187499998 
0.6442773437499999 
0.5757226562499999 
0.8763085937499998 
0.7620507812499999 
0.4819726562499999 
0.6448632812499999 
0.9618554687499999 
0.53470703125 
0.6688867187499998 
0.8833398437499999 
0.7134179687499999 
0.6718164062499998 
0.6729882812499999 
0.8112695312499999 
0.6893945312499998 
0.8675195312499999 
0.6700585937499999 
0.6161523437499998 
0.7772851562499998 
0.6800195312499999 
0.7538476562499998 
0.8470117187499998 
0.93841796875 
0.6507226562499998 
0.5886132812499999 
0.5440820312499999 
0.5306054687499999 
0.6958398437499999 
0.8194726562499999 
0.7140039062499999 
0.6296289062499999 
0.8323632812499999 
0.7743554687499998 
0.5382226562499999 
0.7046289062499999 
0.6823632812499999 
0.6091210937499999 
0.6923242187499997 
0.6829492187499998 
0.7479882812499998 
0.5470117187499999 
0.8634179687499999 
0.6009179687499999 
0.5997460937499999 
0.5599023437499999 
0.7140039062499999 
0.8938867187499998 
0.96244140625 
0.8095117187499998 
0.7433007812499999 
0.8727929687499998 
0.94310546875 
0.6308007812499999 
0.6225976562499999 
0.6337304687499998 
0.5704492187499999 
0.7679101562499998 
0.6800195312499999 
0.6870507812499999 
0.7011132812499998 
0.6641992187499998 
0.6038476562499999 
0.6208398437499999 
0.7456445312499999 
0.6184960937499998 
0.48431640624999994 
0.6577539062499999 
0.6917382812499998 
0.6794335937499999 
0.5100976562499999 
0.6606835937499999 
0.6477929687499998 
0.7081445312499999 
0.5763085937499999 
0.7186914062499998 
0.8780664062499998 
0.6665429687499999 
0.59330078125 
0.5763085937499999 
0.8991601562499998 
0.6759179687499999 
0.7081445312499999 
0.6706445312499999 
0.8136132812499999 
0.5915429687499999 
0.7075585937499999 
0.8235742187499998 
0.7720117187499999 
0.6085351562499999 
0.6571679687499998 
0.5921289062499999 
0.6149804687499998 
0.8493554687499998 
1.0702539062499998 
0.6536523437499998 
0.6765039062499999 
0.8774804687499997 
0.6161523437499998 
0.6243554687499998 
0.6501367187499998 
0.5845117187499999 
0.8370507812499999 
0.7104882812499999 
0.7737695312499999 
0.6718164062499998 
0.7116601562499998 
0.6231835937499999 
0.5095117187499999 
0.8153710937499998 
0.49486328124999995 
0.52884765625 
0.7532617187499998 
0.8786523437499998 
0.5979882812499999 
0.6847070312499999 
0.8388085937499998 
0.8722070312499999 
0.5903710937499999 
0.5956445312499999 
0.4995507812499999 
0.7755273437499999 
0.6343164062499999 
1.29525390625 
0.5985742187499998 
0.8388085937499998 
0.6911523437499998 
0.78080078125 
0.6167382812499999 
0.8616601562499998 
0.6155664062499998 
0.7679101562499998 
0.7462304687499998 
0.8106835937499999 
0.7286523437499998 
0.49369140624999996 
0.6630273437499998 
0.7210351562499998 
0.6987695312499999 
0.5399804687499998 
0.5833398437499999 
0.5897851562499998 
0.7286523437499998 
0.5710351562499999 
0.6981835937499998 
0.7104882812499999 
0.6817773437499999 
0.7620507812499999 
0.5780664062499998 
0.7145898437499999 
0.7989648437499999 
0.5739648437499999 
0.6530664062499998 
0.7802148437499999 
0.6167382812499999 
0.8013085937499999 
0.6665429687499999 
0.93841796875 
0.5593164062499999 
0.8259179687499999 
0.5815820312499999 
0.91146484375 
0.7362695312499998 
0.9958398437499999 
0.4989648437499999 
0.7831445312499999 
0.6061914062499999 
0.5780664062499998 
0.6308007812499999 
0.6243554687499998 
0.6753320312499999 
0.52884765625 
0.7380273437499998 
0.7667382812499999 
0.6589257812499999 
1.05560546875 
0.6056054687499999 
0.6208398437499999 
0.6501367187499998 
0.56986328125 
0.7556054687499998 
0.7216210937499998 
0.6354882812499999 
0.8511132812499999 
0.95072265625 
0.5194726562499999 
1.10658203125 
0.7099023437499998 
0.6618554687499998 
0.8282617187499999 
0.6384179687499999 
0.7380273437499998 
0.6811914062499999 
0.7198632812499999 
0.9852929687499998 
0.7216210937499998 
0.6284570312499999 
0.7052148437499999 
0.7216210937499998 
0.7532617187499998 
