71 25 4 
0.7309960937499997 
0.7608789062499999 
0.7614648437499999 
0.92318359375 
0.8253320312499999 
0.6126367187499998 
0.6970117187499998 
0.6817773437499999 
0.8962304687499998 
0.7005273437499998 
0.6952539062499998 
0.5505273437499999 
0.7802148437499999 
0.6852929687499998 
0.7960351562499999 
0.7520898437499999 
0.7011132812499998 
0.5763085937499999 
0.6507226562499998 
0.9870507812499999 
0.9061914062499998 
0.6155664062499998 
0.8956445312499999 
0.6243554687499998 
0.6448632812499999 
0.6126367187499998 
0.6266992187499998 
0.6483789062499998 
0.5997460937499999 
0.8059960937499998 
1.00697265625 
0.8452539062499999 
0.6495507812499999 
0.5364648437499999 
0.5077539062499999 
0.9149804687499999 
0.6952539062499998 
0.8692773437499999 
0.7204492187499998 
0.94427734375 
0.5909570312499999 
0.7802148437499999 
0.8622460937499998 
0.5423242187499998 
0.6302148437499999 
0.8177148437499999 
0.8376367187499998 
0.8224023437499999 
0.7983789062499999 
0.95365234375 
0.6425195312499999 
0.6800195312499999 
0.9266992187499999 
0.7286523437499998 
0.6290429687499999 
0.5376367187499999 
0.5745507812499999 
0.7233789062499998 
0.50892578125 
0.7110742187499998 
0.7608789062499999 
0.9079492187499998 
0.7714257812499999 
0.7989648437499999 
0.5974023437499999 
0.5856835937499999 
0.52064453125 
0.7983789062499999 
0.7509179687499998 
0.40052734375 
0.8780664062499998 
0.6325585937499999 
0.6249414062499998 
1.0579492187500001 
0.7989648437499999 
0.6841210937499999 
0.6143945312499999 
0.7198632812499999 
0.8915429687499998 
0.5364648437499999 
0.7532617187499998 
0.6114648437499999 
0.6870507812499999 
0.7825585937499999 
0.5511132812499999 
0.6302148437499999 
0.5686914062499999 
0.7292382812499998 
0.6179101562499998 
0.6806054687499998 
0.6091210937499999 
0.7040429687499998 
0.6817773437499999 
1.02044921875 
0.7163476562499999 
0.5106835937499999 
0.7854882812499999 
0.8007226562499998 
0.5757226562499999 
0.6923242187499997 
0.6964257812499999 
0.7415429687499998 
0.98236328125 
0.6214257812499999 
0.8007226562499998 
0.7884179687499999 
0.6870507812499999 
0.94134765625 
1.23548828125 
0.6899804687499997 
0.8845117187499998 
0.7140039062499999 
0.6970117187499998 
0.6671289062499999 
0.6284570312499999 
0.6724023437499999 
0.6120507812499999 
0.6981835937499998 
0.7227929687499998 
0.7796289062499999 
0.6958398437499999 
1.03978515625 
0.7690820312499999 
0.5364648437499999 
0.8311914062499999 
0.7116601562499998 
0.6108789062499999 
0.6577539062499999 
0.6524804687499998 
0.7339257812499999 
0.6694726562499999 
0.95189453125 
0.7391992187499997 
0.5054101562499999 
0.6911523437499998 
0.5927148437499999 
0.5241601562499999 
0.94662109375 
0.6694726562499999 
0.8587304687499998 
0.8587304687499998 
0.6214257812499999 
0.7907617187499999 
0.6782617187499999 
0.6085351562499999 
0.8194726562499999 
0.6354882812499999 
0.6524804687499998 
0.7479882812499998 
0.7028710937499998 
0.7474023437499998 
0.7485742187499997 
0.4907617187499999 
0.8850976562499998 
0.6202539062499999 
0.7749414062499999 
0.6589257812499999 
0.8727929687499998 
0.7181054687499998 
0.8786523437499998 
0.6108789062499999 
0.5809960937499998 
0.6788476562499999 
0.6530664062499998 
0.6483789062499998 
0.6577539062499999 
0.93783203125 
0.6782617187499999 
0.7005273437499998 
0.5716210937499999 
0.8241601562499998 
0.8013085937499999 
0.6056054687499999 
0.6888085937499998 
0.8575585937499999 
0.9026757812499999 
0.8393945312499999 
0.8692773437499999 
0.6993554687499998 
0.8212304687499998 
0.7245507812499998 
0.6759179687499999 
0.8704492187499998 
0.8194726562499999 
0.6495507812499999 
0.7134179687499999 
0.8399804687499998 
0.7708398437499999 
1.0075585937500002 
0.79251953125 
0.8077539062499999 
0.8399804687499998 
0.78080078125 
0.8235742187499998 
0.7690820312499999 
0.7479882812499998 
0.7655664062499998 
0.8095117187499998 
0.7515039062499999 
0.8558007812499999 
