3 26 71 
1.2888085937500002 
1.33275390625 
1.2466210937500002 
1.2477929687500002 
1.17748046875 
1.24720703125 
1.29759765625 
1.45404296875 
1.29056640625 
1.2518945312500003 
1.2559960937500003 
1.3485742187500003 
1.19037109375 
1.3075585937500003 
1.30111328125 
1.20912109375 
1.2501367187500003 
1.2319726562500002 
1.3075585937500003 
1.2677148437500003 
1.22611328125 
1.3157617187500001 
1.3069726562500001 
1.2302148437500002 
1.3099023437500001 
1.24486328125 
1.19681640625 
1.3567773437500001 
1.2747460937500004 
1.2999414062499999 
1.3110742187500002 
1.29466796875 
1.2659570312500001 
1.31166015625 
1.2671289062500002 
1.2876367187500002 
1.2800195312500002 
1.2319726562500002 
1.28705078125 
1.2999414062499999 
1.3433007812500002 
1.2477929687500002 
1.3128320312500001 
1.2606835937500003 
1.31634765625 
1.36908203125 
1.2847070312500002 
1.29759765625 
1.2876367187500002 
1.30345703125 
1.3421289062500001 
1.30931640625 
1.32337890625 
1.31634765625 
1.24134765625 
1.2600976562500001 
1.2466210937500002 
1.2888085937500002 
1.26361328125 
1.2542382812500001 
1.2612695312500002 
1.37259765625 
1.2331445312500002 
1.2653710937500002 
1.26361328125 
1.40306640625 
1.31166015625 
1.2653710937500002 
1.2806054687500001 
1.23841796875 
1.3227929687500002 
1.26361328125 
1.1751367187500001 
1.2606835937500003 
1.32220703125 
1.31927734375 
1.2466210937500002 
1.30287109375 
1.2143945312500002 
1.32337890625 
1.29759765625 
1.2366601562500001 
1.2683007812500002 
1.21556640625 
1.2671289062500002 
1.31810546875 
1.22611328125 
1.2653710937500002 
1.2653710937500002 
1.1985742187500001 
1.22552734375 
1.2817773437500002 
1.4235742187500002 
1.35736328125 
1.29701171875 
1.29056640625 
1.2419335937500002 
1.2776757812500001 
1.2501367187500003 
1.2653710937500002 
1.29056640625 
1.2923242187500001 
1.3128320312500001 
1.20677734375 
1.23900390625 
1.3128320312500001 
1.30052734375 
1.2337304687500001 
1.3503320312500002 
1.22025390625 
1.24486328125 
1.38197265625 
1.40423828125 
1.37669921875 
1.2864648437500001 
1.22845703125 
1.2735742187500003 
1.2893945312500001 
1.30580078125 
1.23431640625 
1.26478515625 
1.2829492187500002 
1.09251953125 
1.2893945312500001 
1.2735742187500003 
1.22083984375 
1.19681640625 
1.24310546875 
1.36322265625 
1.3268945312500002 
1.3081445312500002 
1.2331445312500002 
1.25775390625 
1.3268945312500002 
1.2712304687500002 
1.2806054687500001 
1.2366601562500001 
1.3268945312500002 
1.41302734375 
1.2302148437500002 
1.2741601562500002 
1.2477929687500002 
1.3069726562500001 
1.2981835937500001 
1.32923828125 
1.2524804687500002 
1.2524804687500002 
1.40892578125 
1.20501953125 
1.2688867187500004 
1.2753320312500003 
1.2600976562500001 
1.2360742187500002 
1.26478515625 
1.3239648437500002 
1.18041015625 
1.24134765625 
1.29115234375 
1.29876953125 
1.19095703125 
1.2999414062499999 
1.33802734375 
1.24017578125 
1.2612695312500002 
1.3591210937500002 
1.3239648437500002 
1.2847070312500002 
1.2483789062500001 
1.23431640625 
1.31986328125 
1.2483789062500001 
1.2683007812500002 
1.2518945312500003 
1.3110742187500002 
1.3040429687500001 
1.2724023437500003 
1.28529296875 
1.23548828125 
1.28998046875 
1.2290429687500002 
1.2319726562500002 
1.2893945312500001 
1.18802734375 
1.20794921875 
1.2741601562500002 
1.2302148437500002 
1.2548242187500003 
1.2782617187500003 
1.36908203125 
1.2524804687500002 
1.2583398437500002 
1.30462890625 
1.3157617187500001 
1.3069726562500001 
1.31634765625 
1.2425195312500001 
1.39076171875 
1.2782617187500003 
1.2554101562500002 
1.2788476562500002 
