4 26 70 
1.19037109375 
1.15638671875 
1.29115234375 
1.13998046875 
1.2407617187500002 
1.3345117187500002 
1.29759765625 
1.2665429687500003 
1.14232421875 
1.1950585937500002 
1.36029296875 
1.07376953125 
1.28998046875 
1.2694726562500003 
1.30052734375 
1.2606835937500003 
1.2583398437500002 
1.21556640625 
1.13177734375 
1.2847070312500002 
0.91029296875 
0.9864648437499999 
1.22435546875 
1.22376953125 
1.25892578125 
1.10365234375 
1.23900390625 
1.3315820312500002 
1.26361328125 
0.6893945312499998 
0.7391992187499997 
1.2753320312500003 
1.2138085937500003 
1.13529296875 
1.34095703125 
1.21498046875 
1.2735742187500003 
1.3298242187500002 
0.98236328125 
1.2659570312500001 
1.3081445312500002 
1.2718164062500001 
0.8669335937499999 
1.07318359375 
1.0989648437500001 
1.2395898437500001 
1.2501367187500003 
1.22435546875 
0.8897851562499998 
1.3251367187500003 
1.21966796875 
1.28529296875 
1.24134765625 
1.2934960937500002 
1.22083984375 
1.2712304687500002 
1.25775390625 
1.3550195312500002 
1.2395898437500001 
1.06791015625 
1.2981835937500001 
1.2337304687500001 
1.22728515625 
1.2888085937500002 
1.2612695312500002 
0.7509179687499998 
1.2694726562500003 
1.2466210937500002 
1.20560546875 
1.3122460937500002 
1.2366601562500001 
1.0456445312500002 
0.7468164062499998 
1.30228515625 
0.8194726562499999 
1.20033203125 
1.0825585937500002 
1.28236328125 
1.22259765625 
1.22025390625 
1.2794335937500003 
1.29173828125 
1.2893945312500001 
1.19681640625 
1.18802734375 
1.2735742187500003 
1.2893945312500001 
0.8903710937499998 
1.2454492187500001 
1.36732421875 
1.2337304687500001 
1.2706445312500003 
1.21966796875 
1.07669921875 
1.2290429687500002 
1.0579492187500001 
1.2524804687500002 
1.18568359375 
1.2395898437500001 
1.26244140625 
1.31986328125 
1.3052148437500002 
1.1446679687499999 
1.3128320312500001 
1.1997460937500002 
1.24720703125 
1.22552734375 
1.26478515625 
1.2132226562500001 
1.25306640625 
1.30462890625 
1.22259765625 
1.28587890625 
0.6378320312499999 
0.96009765625 
1.0936914062499998 
1.2606835937500003 
1.2524804687500002 
1.1493554687499998 
1.2495507812500002 
0.6331445312499999 
1.2718164062500001 
1.08783203125 
1.24427734375 
1.20736328125 
1.2665429687500003 
1.09603515625 
1.2536523437500002 
1.2788476562500002 
1.12650390625 
1.29056640625 
1.17865234375 
1.12767578125 
1.2044335937500001 
1.2513085937500004 
1.2770898437500002 
1.31166015625 
1.17572265625 
1.2712304687500002 
1.24427734375 
1.18568359375 
1.2190820312500001 
1.2114648437500002 
1.24603515625 
1.2583398437500002 
1.3128320312500001 
1.2360742187500002 
1.28705078125 
1.29876953125 
1.2876367187500002 
1.2659570312500001 
1.22552734375 
1.3052148437500002 
1.22025390625 
1.2483789062500001 
1.22552734375 
1.29642578125 
1.16048828125 
1.12298828125 
1.2513085937500004 
1.10775390625 
1.16693359375 
1.29642578125 
1.22552734375 
1.17396484375 
1.20853515625 
1.19447265625 
1.28705078125 
1.30462890625 
1.2507226562500002 
1.22494140625 
1.08314453125 
1.23431640625 
0.9056054687499998 
1.23900390625 
1.3040429687500001 
1.22669921875 
1.3128320312500001 
0.9993554687499997 
1.2565820312500002 
1.24134765625 
0.96595703125 
1.17748046875 
1.22669921875 
1.1997460937500002 
1.2489648437500003 
1.2671289062500002 
1.26244140625 
1.2665429687500003 
1.25306640625 
1.22376953125 
1.1446679687499999 
1.22259765625 
1.20970703125 
1.2565820312500002 
1.17337890625 
1.3362695312500001 
1.2419335937500002 
1.13939453125 
1.20267578125 
