10 26 64 
1.12767578125 
1.28705078125 
0.8587304687499998 
1.0263085937500003 
0.8030664062499998 
1.10541015625 
1.2565820312500002 
0.8218164062499999 
0.91439453125 
0.8862695312499999 
0.8112695312499999 
0.95365234375 
0.9425195312500001 
1.2600976562500001 
1.21205078125 
0.96537109375 
1.0936914062499998 
1.3040429687500001 
1.2595117187500002 
1.31634765625 
0.9448632812500001 
0.8587304687499998 
1.1593164062499999 
0.9524804687499999 
0.8575585937499999 
1.22845703125 
0.91087890625 
0.94955078125 
1.1499414062499997 
1.03333984375 
0.8118554687499998 
0.42396484374999993 
0.6518945312499999 
0.8921289062499999 
0.8141992187499998 
0.96771484375 
0.93197265625 
0.9331445312500001 
0.8552148437499999 
0.7772851562499998 
0.7245507812499998 
0.8763085937499998 
0.8804101562499997 
0.8493554687499998 
0.9876367187499998 
1.29935546875 
0.8552148437499999 
1.08958984375 
0.6600976562499998 
1.2770898437500002 
0.9530664062499999 
1.07962890625 
0.8306054687499999 
0.8300195312499999 
0.92435546875 
1.1640039062499998 
0.95189453125 
0.7063867187499998 
0.6618554687499998 
0.8440820312499998 
1.10248046875 
0.9940820312499998 
0.91263671875 
0.6864648437499998 
0.8792382812499998 
0.7257226562499998 
0.9934960937499998 
0.8007226562499998 
1.30169921875 
1.29935546875 
0.9026757812499999 
0.7263085937499998 
0.92025390625 
0.7679101562499998 
0.7222070312499999 
1.24134765625 
0.91029296875 
0.7579492187499998 
0.93724609375 
1.06908203125 
0.7602929687499999 
0.7391992187499997 
0.8001367187499998 
1.17279296875 
0.6671289062499999 
0.7825585937499999 
1.01048828125 
0.6641992187499998 
1.3391992187500001 
1.01283203125 
0.8997460937499998 
0.8364648437499999 
1.2308007812500001 
1.2337304687500001 
1.3040429687500001 
0.92025390625 
0.91322265625 
0.91615234375 
0.8241601562499998 
0.96654296875 
1.3597070312500001 
0.6044335937499999 
1.3315820312500002 
1.2806054687500001 
0.9079492187499998 
1.17923828125 
0.97943359375 
0.5897851562499998 
1.2595117187500002 
0.7614648437499999 
1.0011132812499999 
0.96771484375 
0.6173242187499998 
1.0433007812500001 
1.2331445312500002 
0.5763085937499999 
1.19916015625 
0.9993554687499997 
0.8247460937499999 
1.24017578125 
0.6735742187499998 
0.82767578125 
0.8024804687499998 
1.22728515625 
0.8212304687499998 
1.17689453125 
1.07552734375 
0.8792382812499998 
0.7579492187499998 
1.28529296875 
0.8933007812499999 
1.11595703125 
1.01341796875 
0.8382226562499998 
0.9776757812500001 
0.8206445312499999 
1.15169921875 
0.94134765625 
0.56693359375 
1.07962890625 
1.0227929687500001 
1.2313867187500003 
0.8950585937499999 
0.8136132812499999 
0.8558007812499999 
0.8839257812499999 
1.1575585937500001 
0.97884765625 
0.7309960937499997 
0.92552734375 
0.8522851562499998 
0.7022851562499998 
0.6729882812499999 
0.98294921875 
0.9946679687499999 
1.20326171875 
0.8024804687499998 
0.96009765625 
0.7673242187499998 
0.9970117187499998 
1.24603515625 
1.17396484375 
0.9618554687499999 
1.10892578125 
0.6161523437499998 
0.97650390625 
0.95951171875 
0.7186914062499998 
0.8645898437499999 
0.8470117187499998 
1.0948632812499999 
0.6917382812499998 
1.2659570312500001 
1.06908203125 
1.01986328125 
0.6413476562499999 
0.8335351562499999 
1.2513085937500004 
0.7022851562499998 
0.7931054687499999 
1.13705078125 
1.0497460937500003 
1.13060546875 
1.1247460937500002 
0.8850976562499998 
0.95951171875 
0.98236328125 
1.1763085937500002 
0.8083398437499999 
0.8997460937499998 
0.8651757812499999 
1.29056640625 
1.03509765625 
0.91205078125 
1.2513085937500004 
0.6858789062499998 
1.16107421875 
0.9934960937499998 
1.09134765625 
1.03685546875 
