14 26 60 
0.6706445312499999 
0.7022851562499998 
0.8862695312499999 
0.91087890625 
0.9641992187499999 
1.2102929687500001 
0.5546289062499999 
0.5962304687499999 
0.8475976562499998 
0.9097070312499999 
1.12884765625 
0.6132226562499998 
0.7520898437499999 
0.9917382812499999 
0.8188867187499999 
1.29115234375 
0.7520898437499999 
1.29408203125 
0.78080078125 
0.92611328125 
0.7497460937499998 
0.5874414062499999 
1.08080078125 
0.97591796875 
1.17396484375 
0.7989648437499999 
0.6864648437499998 
0.6425195312499999 
0.78958984375 
0.52708984375 
0.6958398437499999 
0.8224023437499999 
1.05970703125 
1.06263671875 
0.7995507812499999 
0.8751367187499998 
0.7655664062499998 
0.53236328125 
0.7931054687499999 
0.8347070312499999 
0.6559960937499998 
0.8024804687499998 
0.8329492187499998 
0.7421289062499998 
0.9683007812500001 
0.6653710937499998 
0.6085351562499999 
0.6378320312499999 
0.8446679687499998 
0.8757226562499998 
0.6888085937499998 
0.53236328125 
0.6266992187499998 
1.2231835937500002 
0.7339257812499999 
0.7327539062499998 
0.9085351562499998 
0.9302148437500001 
0.9073632812499999 
0.95775390625 
0.7772851562499998 
0.6472070312499999 
0.6882226562499998 
1.10365234375 
1.05677734375 
0.7380273437499998 
0.8909570312499998 
1.0011132812499999 
0.7216210937499998 
1.32923828125 
0.9179101562499999 
0.93197265625 
0.7866601562499999 
0.9056054687499998 
0.7233789062499998 
0.6671289062499999 
0.6132226562499998 
0.6436914062499999 
1.1194726562500001 
0.9266992187499999 
0.6864648437499998 
0.6794335937499999 
1.2337304687500001 
0.91380859375 
0.6179101562499998 
1.08490234375 
0.6442773437499999 
1.01634765625 
0.7128320312499998 
0.95130859375 
0.8886132812499998 
0.7714257812499999 
0.7597070312499998 
0.8218164062499999 
1.0655664062499999 
0.92025390625 
0.8974023437499998 
0.8692773437499999 
0.94955078125 
1.10248046875 
0.8522851562499998 
0.7227929687499998 
0.8229882812499999 
1.02162109375 
0.9266992187499999 
0.9032617187499998 
0.8933007812499999 
0.8722070312499999 
0.7608789062499999 
0.7438867187499998 
0.7503320312499998 
0.6325585937499999 
1.02044921875 
0.7907617187499999 
0.96361328125 
0.7485742187499997 
0.7040429687499998 
0.6114648437499999 
0.96712890625 
0.5599023437499999 
0.7655664062499998 
0.6800195312499999 
0.5956445312499999 
0.7263085937499998 
0.96595703125 
0.6454492187499998 
0.9618554687499999 
1.0433007812500001 
0.7227929687499998 
0.8282617187499999 
0.6905664062499998 
0.98060546875 
0.7210351562499998 
0.7649804687499998 
0.9061914062499998 
0.7813867187499999 
0.56751953125 
0.91029296875 
0.8358789062499998 
0.8306054687499999 
0.8663476562499999 
0.7099023437499998 
0.60501953125 
0.7579492187499998 
0.6495507812499999 
0.9091210937499998 
0.96244140625 
0.7093164062499998 
0.6372460937499999 
0.8552148437499999 
1.11419921875 
0.5569726562499999 
1.06498046875 
0.6384179687499999 
0.5833398437499999 
0.5235742187499999 
1.22376953125 
0.8827539062499998 
0.8393945312499999 
0.6917382812499998 
0.6243554687499998 
0.7837304687499999 
0.94134765625 
0.7409570312499998 
0.91029296875 
0.6085351562499999 
0.6688867187499998 
0.8768945312499998 
0.9038476562499999 
0.8030664062499998 
0.6044335937499999 
0.5915429687499999 
0.8827539062499998 
0.8364648437499999 
0.7175195312499999 
0.8616601562499998 
0.7890039062499999 
1.2331445312500002 
0.8815820312499998 
0.7345117187499998 
0.8798242187499997 
0.8868554687499998 
0.8722070312499999 
0.8270898437499999 
0.8183007812499999 
0.9079492187499998 
0.8317773437499999 
0.7720117187499999 
1.23548828125 
0.97826171875 
0.6694726562499999 
0.8200585937499999 
0.7099023437499998 
0.6694726562499999 
0.7561914062499998 
0.6436914062499999 
0.95951171875 
0.6888085937499998 
0.6079492187499999 
0.8569726562499999 
