19 26 55 
0.5657617187499999 
0.7655664062499998 
0.94662109375 
0.6395898437499999 
0.8048242187499998 
0.6882226562499998 
0.7222070312499999 
1.03626953125 
0.7690820312499999 
0.6718164062499998 
0.6975976562499998 
0.8587304687499998 
0.7831445312499999 
0.6811914062499999 
0.6425195312499999 
1.0356835937500002 
0.6296289062499999 
0.6577539062499999 
0.7966210937499999 
0.91615234375 
0.9079492187499998 
0.53470703125 
0.8376367187499998 
0.41986328125 
0.8130273437499999 
0.7638085937499999 
0.7497460937499998 
0.92552734375 
0.8657617187499999 
0.7942773437499999 
0.6243554687499998 
0.6073632812499999 
0.7942773437499999 
0.7813867187499999 
0.8036523437499998 
0.92904296875 
0.96302734375 
0.5850976562499999 
0.9308007812500001 
0.91205078125 
0.78958984375 
1.24134765625 
0.6143945312499999 
0.7345117187499998 
0.5212304687499999 
1.01048828125 
1.2466210937500002 
0.7298242187499997 
0.8833398437499999 
0.97943359375 
0.6641992187499998 
0.8470117187499998 
0.92552734375 
0.8464257812499999 
0.8599023437499999 
0.9073632812499999 
1.05091796875 
0.7690820312499999 
0.7474023437499998 
0.7725976562499999 
0.97123046875 
0.7245507812499998 
0.8042382812499999 
0.98353515625 
0.7345117187499998 
0.6724023437499999 
0.8423242187499997 
0.6114648437499999 
0.6718164062499998 
0.8599023437499999 
1.0110742187500001 
0.5587304687499999 
0.93138671875 
0.7099023437499998 
0.7339257812499999 
0.8475976562499998 
0.8481835937499999 
0.7286523437499998 
0.98236328125 
0.6624414062499998 
0.7403710937499998 
0.6296289062499999 
0.9266992187499999 
0.6618554687499998 
0.8587304687499998 
0.6858789062499998 
0.9999414062499997 
0.8558007812499999 
0.9214257812500001 
0.5306054687499999 
0.6530664062499998 
0.7503320312499998 
0.8452539062499999 
1.1282617187500001 
0.4720117187499999 
0.97533203125 
0.8493554687499998 
0.9097070312499999 
0.6835351562499998 
0.6923242187499997 
0.52591796875 
0.6419335937499999 
0.7755273437499999 
0.5704492187499999 
1.1985742187500001 
0.7046289062499999 
0.8352929687499998 
0.7550195312499999 
0.7491601562499998 
0.8018945312499999 
0.8985742187499998 
0.5921289062499999 
0.7520898437499999 
0.5874414062499999 
0.6981835937499998 
0.8698632812499999 
0.7421289062499998 
0.6536523437499998 
0.8809960937499998 
0.95892578125 
0.8962304687499998 
0.6835351562499998 
0.8352929687499998 
0.9020898437499999 
0.8112695312499999 
0.9331445312500001 
0.6079492187499999 
0.7368554687499997 
0.7526757812499999 
0.94662109375 
0.9003320312499998 
0.7661523437499999 
1.0239648437500002 
0.6548242187499997 
0.8007226562499998 
0.7268945312499998 
0.7292382812499998 
0.8434960937499998 
1.02337890625 
0.94779296875 
0.8288476562499999 
0.7837304687499999 
0.9056054687499998 
0.54642578125 
0.7157617187499998 
0.5036523437499999 
0.8183007812499999 
1.1282617187500001 
0.8059960937499998 
0.7509179687499998 
0.6700585937499999 
0.7766992187499998 
0.6589257812499999 
0.6161523437499998 
0.7134179687499999 
0.6483789062499998 
0.8153710937499998 
0.7913476562499999 
0.7854882812499999 
0.8001367187499998 
0.7515039062499999 
0.93548828125 
0.8657617187499999 
0.9331445312500001 
0.6278710937499998 
0.7849023437499999 
0.5815820312499999 
0.8722070312499999 
0.7022851562499998 
0.8628320312499999 
0.6641992187499998 
0.6595117187499998 
1.2378320312500002 
0.8388085937499998 
0.8399804687499998 
0.8938867187499998 
0.7497460937499998 
0.7444726562499998 
0.6981835937499998 
0.6606835937499999 
1.32923828125 
0.6852929687499998 
0.97240234375 
1.07318359375 
0.5968164062499999 
0.8212304687499998 
0.91439453125 
0.5452539062499999 
0.7163476562499999 
0.91146484375 
1.00287109375 
0.8575585937499999 
0.7866601562499999 
0.7872460937499999 
0.9003320312499998 
0.92083984375 
0.7380273437499998 
0.7966210937499999 
0.8985742187499998 
1.0591210937500002 
