24 3 73 
1.2190820312500001 
1.3099023437500001 
1.32337890625 
1.22728515625 
1.2788476562500002 
1.2126367187500002 
1.24310546875 
1.2595117187500002 
1.2290429687500002 
0.79251953125 
1.2735742187500003 
1.22142578125 
1.35853515625 
1.3081445312500002 
1.3245507812500001 
1.30580078125 
1.3438867187500003 
1.2559960937500003 
1.2724023437500003 
1.2425195312500001 
1.22142578125 
1.32806640625 
1.2630273437500001 
1.31341796875 
1.30931640625 
1.31400390625 
1.2501367187500003 
1.2606835937500003 
1.2835351562500001 
1.38900390625 
1.3274804687500001 
1.17279296875 
1.2817773437500002 
1.30580078125 
1.1534570312499999 
1.2378320312500002 
1.3702539062499999 
1.29291015625 
1.36087890625 
1.28529296875 
1.30345703125 
1.2641992187500002 
1.2782617187500003 
1.22376953125 
1.28236328125 
1.23841796875 
1.2806054687500001 
1.2536523437500002 
1.2425195312500001 
1.24017578125 
1.2683007812500002 
1.2934960937500002 
1.2630273437500001 
1.3872460937500002 
1.28705078125 
1.4452539062499998 
1.2817773437500002 
1.2518945312500003 
1.24486328125 
1.2806054687500001 
1.2548242187500003 
1.23841796875 
1.32044921875 
1.3263085937500003 
1.3304101562500001 
1.2600976562500001 
1.33978515625 
1.2712304687500002 
1.2829492187500002 
1.2454492187500001 
1.4241601562500001 
1.2665429687500003 
1.2483789062500001 
1.3069726562500001 
1.2741601562500002 
1.3251367187500003 
1.24427734375 
1.21966796875 
1.2220117187500001 
1.24486328125 
1.3063867187500002 
1.1874414062499998 
1.2753320312500003 
1.2559960937500003 
1.2888085937500002 
1.29876953125 
1.2806054687500001 
1.41185546875 
1.2893945312500001 
1.45287109375 
1.2706445312500003 
1.24369140625 
1.2349023437500002 
1.3122460937500002 
1.2325585937500003 
1.32337890625 
1.3591210937500002 
1.2847070312500002 
1.37669921875 
1.30873046875 
1.25306640625 
1.28236328125 
1.3456445312500003 
1.3597070312500001 
1.2419335937500002 
1.1886132812499999 
1.2782617187500003 
1.31927734375 
1.4499414062499998 
1.2524804687500002 
1.2770898437500002 
1.3052148437500002 
1.32923828125 
1.2876367187500002 
1.2829492187500002 
1.2888085937500002 
1.33802734375 
1.2349023437500002 
1.2278710937500001 
1.22728515625 
1.1938867187500002 
1.2536523437500002 
0.9905664062499998 
1.32806640625 
1.28529296875 
1.3052148437500002 
1.28998046875 
1.3245507812500001 
1.2554101562500002 
1.32220703125 
1.33392578125 
1.18978515625 
1.2489648437500003 
1.22962890625 
1.2724023437500003 
1.3860742187500001 
1.2630273437500001 
1.30287109375 
1.33216796875 
1.39310546875 
1.2665429687500003 
1.2700585937500004 
1.2173242187500002 
1.2829492187500002 
1.2806054687500001 
1.29291015625 
1.2325585937500003 
1.20150390625 
1.2688867187500004 
1.2360742187500002 
1.15814453125 
1.2735742187500003 
1.2747460937500004 
1.2841210937500003 
1.31869140625 
1.3304101562500001 
1.32337890625 
1.2630273437500001 
1.30169921875 
1.28119140625 
1.30228515625 
1.2606835937500003 
1.2372460937500003 
1.3268945312500002 
1.26478515625 
1.3122460937500002 
1.2220117187500001 
1.19330078125 
1.2278710937500001 
1.33509765625 
1.2806054687500001 
1.29291015625 
1.2495507812500002 
1.28822265625 
1.23548828125 
1.3239648437500002 
1.28705078125 
1.04681640625 
1.2606835937500003 
1.3075585937500003 
1.30345703125 
1.3268945312500002 
1.2718164062500001 
1.2776757812500001 
1.3802148437500001 
1.2483789062500001 
1.2524804687500002 
1.33744140625 
1.2788476562500002 
1.2770898437500002 
1.2659570312500001 
1.2893945312500001 
1.2325585937500003 
1.38783203125 
1.2700585937500004 
1.17982421875 
1.32044921875 
1.3052148437500002 
1.28529296875 
1.2981835937500001 
