37 26 37 
0.6266992187499998 
0.5956445312499999 
0.7005273437499998 
0.7058007812499999 
0.5429101562499998 
0.7444726562499998 
0.6407617187499999 
0.6876367187499998 
1.2143945312500002 
0.6097070312499999 
0.7509179687499998 
0.7462304687499998 
0.55521484375 
0.5868554687499998 
0.6061914062499999 
0.6384179687499999 
0.6501367187499998 
0.6477929687499998 
0.7843164062499999 
0.95892578125 
0.93373046875 
1.0063867187500002 
0.8997460937499998 
0.6003320312499999 
0.6641992187499998 
0.8194726562499999 
0.6425195312499999 
0.9530664062499999 
0.7022851562499998 
0.6794335937499999 
0.6852929687499998 
0.7210351562499998 
0.6571679687499998 
0.6126367187499998 
0.6765039062499999 
0.5388085937499999 
0.6073632812499999 
0.8018945312499999 
0.4919335937499999 
0.8083398437499999 
0.8118554687499998 
0.5716210937499999 
0.5903710937499999 
0.5024804687499999 
0.6056054687499999 
0.7380273437499998 
0.6489648437499999 
0.7550195312499999 
0.8880273437499998 
0.7321679687499998 
0.8704492187499998 
0.6308007812499999 
0.5241601562499999 
0.7157617187499998 
0.7122460937499998 
0.7561914062499998 
0.7931054687499999 
0.6061914062499999 
0.8962304687499998 
0.6806054687499998 
0.6442773437499999 
0.5071679687499999 
0.82767578125 
0.8698632812499999 
0.7321679687499998 
0.7391992187499997 
0.7134179687499999 
0.6841210937499999 
0.7854882812499999 
0.7304101562499997 
0.5411523437499999 
0.8054101562499998 
0.8393945312499999 
0.6554101562499998 
0.8546289062499999 
1.10833984375 
0.6870507812499999 
0.5886132812499999 
0.7585351562499998 
0.7362695312499998 
0.7532617187499998 
0.7022851562499998 
0.5241601562499999 
0.5423242187499998 
0.97884765625 
0.8024804687499998 
0.8089257812499999 
1.0263085937500003 
0.5599023437499999 
0.7186914062499998 
0.6009179687499999 
0.7450585937499998 
0.5722070312499999 
0.6975976562499998 
0.5979882812499999 
0.5434960937499999 
0.7643945312499999 
0.7163476562499999 
0.7327539062499998 
0.48548828124999993 
0.7456445312499999 
0.7005273437499998 
0.6009179687499999 
0.8270898437499999 
0.6249414062499998 
0.6565820312499998 
0.7321679687499998 
0.8593164062499998 
0.7520898437499999 
0.6284570312499999 
0.8405664062499998 
0.6126367187499998 
0.6712304687499998 
0.9683007812500001 
0.8247460937499999 
0.6852929687499998 
0.8915429687499998 
0.92025390625 
0.6946679687499998 
0.7474023437499998 
0.92025390625 
0.5030664062499999 
0.7702539062499999 
0.8856835937499998 
0.5610742187499999 
0.8282617187499999 
0.97181640625 
0.91263671875 
0.7526757812499999 
0.8317773437499999 
1.01927734375 
0.8821679687499998 
0.6987695312499999 
0.7063867187499998 
0.7878320312499999 
0.8962304687499998 
0.53001953125 
0.4860742187499999 
0.8188867187499999 
0.7227929687499998 
0.93373046875 
0.7386132812499998 
0.56693359375 
0.8141992187499998 
0.5804101562499998 
0.8059960937499998 
0.8452539062499999 
0.7673242187499998 
0.5663476562499999 
0.8083398437499999 
0.6829492187499998 
0.6747460937499998 
0.6143945312499999 
0.6425195312499999 
0.5874414062499999 
0.6571679687499998 
0.7327539062499998 
0.7216210937499998 
0.8106835937499999 
0.94427734375 
0.5833398437499999 
0.7427148437499999 
0.8393945312499999 
0.7720117187499999 
0.8200585937499999 
0.6841210937499999 
0.5897851562499998 
0.7655664062499998 
0.52591796875 
0.4673242187499999 
0.98412109375 
0.60208984375 
0.8358789062499998 
0.7309960937499997 
1.11478515625 
0.7339257812499999 
0.7696679687499999 
0.6852929687499998 
0.5815820312499999 
0.8259179687499999 
0.7526757812499999 
0.91263671875 
0.6554101562499998 
0.6255273437499999 
1.0591210937500002 
0.5306054687499999 
0.7872460937499999 
0.8376367187499998 
0.6981835937499998 
0.7661523437499999 
0.8979882812499999 
0.6337304687499998 
0.7397851562499997 
0.6284570312499999 
0.7315820312499998 
0.7597070312499998 
0.7919335937499999 
0.49603515624999994 
0.6952539062499998 
0.7919335937499999 
