40 26 34 
0.7315820312499998 
0.7345117187499998 
0.5786523437499999 
0.9800195312500001 
0.5979882812499999 
0.7614648437499999 
0.8288476562499999 
0.49134765624999993 
0.5575585937499999 
0.8194726562499999 
0.7872460937499999 
1.07201171875 
0.7462304687499998 
0.96888671875 
0.8862695312499999 
0.98412109375 
0.4919335937499999 
0.6946679687499998 
0.56517578125 
0.7356835937499998 
0.6782617187499999 
0.6858789062499998 
0.5991601562499999 
0.6524804687499998 
0.6712304687499998 
0.94779296875 
0.6770898437499999 
0.5393945312499999 
0.6530664062499998 
0.8493554687499998 
0.7198632812499999 
0.6395898437499999 
0.6542382812499998 
0.7093164062499998 
0.7561914062499998 
0.7274804687499997 
0.6120507812499999 
0.7151757812499999 
0.7614648437499999 
0.8710351562499998 
0.5634179687499999 
0.91673828125 
0.7737695312499999 
0.8622460937499998 
0.7995507812499999 
0.7474023437499998 
0.5739648437499999 
0.7960351562499999 
0.7854882812499999 
0.6085351562499999 
0.7725976562499999 
0.7649804687499998 
0.8704492187499998 
1.21791015625 
0.6102929687499998 
0.8100976562499999 
0.7356835937499998 
0.8106835937499999 
0.7315820312499998 
0.8886132812499998 
0.42396484374999993 
0.7204492187499998 
0.6237695312499999 
0.7333398437499998 
0.8224023437499999 
0.8364648437499999 
0.6102929687499998 
0.6337304687499998 
0.5909570312499999 
0.7268945312499998 
0.7679101562499998 
0.7268945312499998 
0.6472070312499999 
0.6208398437499999 
0.9530664062499999 
0.7602929687499999 
0.5804101562499998 
0.7315820312499998 
0.6249414062499998 
0.6390039062499999 
0.8399804687499998 
0.7245507812499998 
0.7315820312499998 
0.6319726562499999 
0.8581445312499999 
0.5241601562499999 
0.7222070312499999 
0.7034570312499998 
0.7110742187499998 
0.7948632812499999 
0.8388085937499998 
0.7186914062499998 
0.7550195312499999 
0.5704492187499999 
0.6278710937499998 
0.6993554687499998 
0.6513085937499998 
0.7843164062499999 
0.5575585937499999 
0.5739648437499999 
0.7409570312499998 
0.8100976562499999 
0.9876367187499998 
0.9050195312499999 
0.6325585937499999 
0.6003320312499999 
0.97474609375 
0.8575585937499999 
0.7286523437499998 
0.64017578125 
0.6220117187499998 
0.4895898437499999 
0.7368554687499997 
0.8470117187499998 
0.7016992187499997 
0.5815820312499999 
0.94544921875 
0.6624414062499998 
0.5850976562499999 
0.6571679687499998 
0.6958398437499999 
0.7591210937499998 
0.7163476562499999 
0.7104882812499999 
0.5470117187499999 
0.7919335937499999 
0.8546289062499999 
0.53470703125 
0.8024804687499998 
1.15287109375 
0.7175195312499999 
0.8968164062499998 
0.4849023437499999 
0.8610742187499998 
0.7608789062499999 
0.97298828125 
0.6448632812499999 
0.49486328124999995 
0.95833984375 
0.6741601562499998 
0.5106835937499999 
0.6612695312499999 
0.7544335937499999 
0.6888085937499998 
0.7491601562499998 
0.6641992187499998 
0.94427734375 
0.91087890625 
0.5054101562499999 
0.6741601562499998 
0.5710351562499999 
0.5657617187499999 
0.6770898437499999 
0.8722070312499999 
0.7761132812499999 
0.5341210937499999 
0.6349023437499999 
0.7784570312499999 
0.7544335937499999 
0.5956445312499999 
0.7175195312499999 
0.7579492187499998 
0.7655664062499998 
0.7948632812499999 
0.52064453125 
0.91380859375 
0.7005273437499998 
0.6044335937499999 
0.6981835937499998 
0.7532617187499998 
0.8458398437499999 
0.7620507812499999 
0.8417382812499998 
0.6454492187499998 
0.7995507812499999 
0.7362695312499998 
0.7263085937499998 
0.8358789062499998 
0.56458984375 
0.8499414062499998 
0.7075585937499999 
0.7321679687499998 
0.8546289062499999 
0.6923242187499997 
0.8259179687499999 
0.5610742187499999 
0.6501367187499998 
0.5470117187499999 
0.5950585937499999 
0.7397851562499997 
0.5663476562499999 
0.8763085937499998 
0.7122460937499998 
0.5282617187499999 
0.6425195312499999 
0.5534570312499999 
0.7292382812499998 
0.6407617187499999 
0.6636132812499999 
0.7216210937499998 
