42 26 32 
0.6319726562499999 
0.6097070312499999 
0.7649804687499998 
0.6220117187499998 
0.6577539062499999 
0.6759179687499999 
0.6636132812499999 
0.6899804687499997 
0.5798242187499998 
0.9559960937499999 
0.6231835937499999 
0.7321679687499998 
0.6278710937499998 
0.6015039062499999 
0.6747460937499998 
0.8716210937499999 
0.8188867187499999 
0.6220117187499998 
0.6009179687499999 
0.6729882812499999 
0.8891992187499997 
0.6190820312499998 
0.8329492187499998 
0.6800195312499999 
0.6636132812499999 
0.6261132812499999 
0.7755273437499999 
0.6472070312499999 
0.6823632812499999 
0.92728515625 
0.4837304687499999 
0.8171289062499999 
0.6272851562499998 
0.7942773437499999 
0.7198632812499999 
0.7485742187499997 
1.00990234375 
0.7708398437499999 
0.7737695312499999 
0.6999414062499998 
0.6003320312499999 
0.8739648437499998 
0.7638085937499999 
0.6583398437499999 
0.8329492187499998 
0.6981835937499998 
0.5376367187499999 
0.7204492187499998 
0.9067773437499999 
0.5692773437499999 
0.7368554687499997 
0.6917382812499998 
0.6208398437499999 
0.8604882812499999 
0.7192773437499999 
0.8622460937499998 
0.7556054687499998 
0.52298828125 
0.7597070312499998 
0.6964257812499999 
0.6554101562499998 
0.6559960937499998 
0.7972070312499999 
0.8036523437499998 
0.7966210937499999 
0.6858789062499998 
0.6372460937499999 
0.6155664062499998 
0.5429101562499998 
0.6641992187499998 
0.5862695312499999 
0.7456445312499999 
0.9091210937499998 
0.93431640625 
0.7186914062499998 
0.6700585937499999 
0.7520898437499999 
0.7884179687499999 
0.6143945312499999 
0.6600976562499998 
0.91029296875 
0.5036523437499999 
0.5956445312499999 
0.5757226562499999 
0.6313867187499999 
0.93431640625 
0.6149804687499998 
0.5927148437499999 
0.7391992187499997 
0.8036523437499998 
1.03919921875 
0.5903710937499999 
0.9091210937499998 
0.8194726562499999 
0.52767578125 
0.5575585937499999 
0.8921289062499999 
0.8013085937499999 
0.6290429687499999 
0.7866601562499999 
0.5352929687499999 
0.7673242187499998 
0.6595117187499998 
0.7239648437499998 
0.8604882812499999 
0.91556640625 
0.8710351562499998 
0.7350976562499998 
0.5927148437499999 
0.5915429687499999 
0.5903710937499999 
0.52591796875 
0.8809960937499998 
0.92494140625 
0.7526757812499999 
0.7485742187499997 
0.7210351562499998 
0.7257226562499998 
0.8311914062499999 
0.5739648437499999 
0.6694726562499999 
0.6431054687499999 
1.0309960937500002 
0.6548242187499997 
0.6442773437499999 
0.7702539062499999 
0.7198632812499999 
0.6712304687499998 
0.7550195312499999 
0.7579492187499998 
0.97826171875 
0.5909570312499999 
0.8452539062499999 
0.5845117187499999 
0.8141992187499998 
0.6718164062499998 
1.11595703125 
0.8804101562499997 
0.9009179687499999 
0.5868554687499998 
0.7046289062499999 
0.8739648437499998 
0.60208984375 
0.8212304687499998 
0.6343164062499999 
0.7843164062499999 
0.7052148437499999 
0.5839257812499999 
0.8247460937499999 
0.7122460937499998 
0.6788476562499999 
0.6970117187499998 
0.6882226562499998 
0.6934960937499998 
0.9173242187499999 
1.01166015625 
0.7515039062499999 
0.7397851562499997 
0.5534570312499999 
0.7069726562499998 
0.7122460937499998 
0.8083398437499999 
0.6765039062499999 
0.5352929687499999 
0.56517578125 
0.8499414062499998 
0.6266992187499998 
0.7058007812499999 
0.6073632812499999 
0.7977929687499998 
0.6102929687499998 
0.7286523437499998 
0.6448632812499999 
0.7708398437499999 
0.6929101562499997 
0.7175195312499999 
0.6466210937499999 
0.5663476562499999 
0.7286523437499998 
0.5915429687499999 
0.8722070312499999 
0.7110742187499998 
0.6882226562499998 
0.6718164062499998 
0.52943359375 
0.6290429687499999 
0.7163476562499999 
0.6220117187499998 
0.7632226562499999 
0.8218164062499999 
0.7380273437499998 
0.8751367187499998 
0.5757226562499999 
1.05970703125 
0.5757226562499999 
0.7438867187499998 
0.96595703125 
0.55580078125 
0.6630273437499998 
0.6630273437499998 
