61 26 13 
0.5880273437499999 
0.6536523437499998 
0.7755273437499999 
0.6765039062499999 
0.7163476562499999 
0.6870507812499999 
1.0761132812499998 
0.5247460937499999 
0.6870507812499999 
0.8059960937499998 
0.6811914062499999 
0.8036523437499998 
0.8968164062499998 
0.6015039062499999 
0.6595117187499998 
0.7942773437499999 
1.1235742187500002 
0.6934960937499998 
0.6518945312499999 
0.6067773437499999 
0.7151757812499999 
0.7368554687499997 
0.5388085937499999 
0.6202539062499999 
0.5809960937499998 
0.6647851562499998 
0.98353515625 
0.7462304687499998 
0.6747460937499998 
0.8581445312499999 
0.6794335937499999 
0.7040429687499998 
0.7397851562499997 
0.60208984375 
0.6278710937499998 
0.91966796875 
0.7550195312499999 
0.7175195312499999 
0.5311914062499999 
0.7532617187499998 
0.6636132812499999 
0.7286523437499998 
0.6794335937499999 
0.5880273437499999 
0.6431054687499999 
0.8259179687499999 
0.6817773437499999 
0.7210351562499998 
0.53177734375 
0.8376367187499998 
0.6190820312499998 
0.6659570312499998 
0.7474023437499998 
0.47259765624999994 
0.6530664062499998 
0.7526757812499999 
0.8024804687499998 
0.93666015625 
0.7175195312499999 
0.6542382812499998 
0.7755273437499999 
0.6466210937499999 
0.8411523437499998 
0.7052148437499999 
0.8042382812499999 
0.6372460937499999 
0.6542382812499998 
0.8651757812499999 
0.7251367187499997 
0.8686914062499999 
0.8059960937499998 
0.7046289062499999 
0.6788476562499999 
0.9214257812500001 
0.6120507812499999 
0.5968164062499999 
0.7145898437499999 
0.7913476562499999 
0.6237695312499999 
0.5886132812499999 
0.6419335937499999 
0.8722070312499999 
0.7362695312499998 
0.4632226562499999 
0.9050195312499999 
0.8821679687499998 
0.92318359375 
0.4995507812499999 
0.7134179687499999 
0.4966210937499999 
0.8886132812499998 
0.6395898437499999 
0.6454492187499998 
0.7245507812499998 
0.7491601562499998 
0.7567773437499998 
0.9800195312500001 
0.6067773437499999 
0.93373046875 
0.6419335937499999 
0.6782617187499999 
0.6677148437499999 
0.6419335937499999 
0.8704492187499998 
0.7397851562499997 
0.6899804687499997 
0.8200585937499999 
0.8745507812499999 
0.7339257812499999 
0.7995507812499999 
1.02748046875 
0.7134179687499999 
0.6929101562499997 
0.8042382812499999 
1.01166015625 
0.8839257812499999 
0.5804101562499998 
0.6712304687499998 
0.7421289062499998 
0.93255859375 
0.7427148437499999 
0.6882226562499998 
0.8856835937499998 
0.5897851562499998 
0.8030664062499998 
0.6120507812499999 
0.8470117187499998 
0.6718164062499998 
0.6161523437499998 
0.8048242187499998 
0.6120507812499999 
0.93841796875 
0.6495507812499999 
0.6899804687499997 
0.5540429687499999 
0.5194726562499999 
0.6659570312499998 
1.23548828125 
0.5897851562499998 
0.6747460937499998 
0.5569726562499999 
0.7720117187499999 
0.93431640625 
0.5891992187499998 
0.7515039062499999 
0.7280664062499997 
0.6964257812499999 
0.5909570312499999 
0.7421289062499998 
0.7145898437499999 
0.7626367187499998 
0.8347070312499999 
0.6097070312499999 
0.8270898437499999 
0.7819726562499999 
1.0286523437500001 
0.7690820312499999 
0.8628320312499999 
0.6595117187499998 
0.5974023437499999 
0.95072265625 
0.6817773437499999 
0.7538476562499998 
0.5487695312499999 
0.8704492187499998 
0.8933007812499999 
0.7790429687499999 
0.5956445312499999 
0.6220117187499998 
0.60208984375 
0.51771484375 
0.7350976562499998 
0.6589257812499999 
0.7116601562499998 
0.6683007812499999 
0.47142578124999995 
0.6261132812499999 
0.6489648437499999 
0.6161523437499998 
0.6946679687499998 
0.91205078125 
0.6477929687499998 
0.7016992187499997 
0.8640039062499999 
0.6442773437499999 
0.7884179687499999 
0.8569726562499999 
0.6196679687499999 
0.6554101562499998 
0.51771484375 
0.5897851562499998 
0.7983789062499999 
0.6811914062499999 
0.6788476562499999 
0.7145898437499999 
0.91849609375 
0.8798242187499997 
0.7784570312499999 
0.8089257812499999 
0.78958984375 
