74 26 0 
0.8727929687499998 
1.01634765625 
0.6841210937499999 
0.5821679687499999 
0.6542382812499998 
0.9032617187499998 
0.6149804687499998 
0.7561914062499998 
0.6929101562499997 
0.8341210937499999 
0.7456445312499999 
0.6337304687499998 
0.64017578125 
0.7175195312499999 
0.6325585937499999 
0.7075585937499999 
0.6114648437499999 
0.8153710937499998 
0.9179101562499999 
0.6788476562499999 
0.8059960937499998 
0.6554101562499998 
0.6964257812499999 
0.7813867187499999 
0.7931054687499999 
0.8722070312499999 
0.7479882812499998 
0.52650390625 
0.7145898437499999 
0.8106835937499999 
0.5141992187499999 
0.6184960937499998 
0.7438867187499998 
0.8511132812499999 
0.6290429687499999 
0.5786523437499999 
0.6085351562499999 
1.19330078125 
0.7684960937499998 
0.8516992187499998 
0.6073632812499999 
0.7350976562499998 
0.6114648437499999 
0.6823632812499999 
0.7737695312499999 
0.7046289062499999 
0.8745507812499999 
0.6559960937499998 
0.6366601562499998 
0.8188867187499999 
0.7122460937499998 
0.7239648437499998 
0.5411523437499999 
0.7216210937499998 
0.8909570312499998 
0.6688867187499998 
0.7649804687499998 
0.5429101562499998 
0.6589257812499999 
0.6724023437499999 
0.7286523437499998 
0.6120507812499999 
0.7725976562499999 
0.6882226562499998 
0.8997460937499998 
0.7766992187499998 
0.8352929687499998 
0.94896484375 
0.8569726562499999 
0.5522851562499999 
0.6536523437499998 
0.7099023437499998 
0.5962304687499999 
0.7140039062499999 
1.0872460937500001 
0.92552734375 
0.6366601562499998 
0.6595117187499998 
0.8323632812499999 
0.6729882812499999 
0.5141992187499999 
0.7860742187499998 
0.7778710937499999 
0.7140039062499999 
0.6823632812499999 
0.7327539062499998 
0.7977929687499998 
0.6565820312499998 
0.6852929687499998 
0.6495507812499999 
0.5962304687499999 
0.7421289062499998 
0.42982421874999993 
0.6835351562499998 
0.91380859375 
0.6489648437499999 
0.5036523437499999 
0.6448632812499999 
0.98236328125 
0.78958984375 
0.5950585937499999 
0.5985742187499998 
0.7186914062499998 
0.5663476562499999 
0.7456445312499999 
0.8007226562499998 
0.7175195312499999 
0.6811914062499999 
0.8036523437499998 
0.6149804687499998 
0.5827539062499999 
0.7175195312499999 
0.7022851562499998 
0.8868554687499998 
0.7368554687499997 
0.7474023437499998 
0.7778710937499999 
0.49603515624999994 
0.5569726562499999 
0.64017578125 
0.6893945312499998 
0.47025390624999996 
0.49603515624999994 
0.7720117187499999 
0.4802148437499999 
0.5786523437499999 
0.8891992187499997 
0.7778710937499999 
0.5341210937499999 
0.6120507812499999 
0.6442773437499999 
0.7204492187499998 
0.6190820312499998 
0.8335351562499999 
0.6067773437499999 
0.7825585937499999 
0.6911523437499998 
0.8475976562499998 
0.45677734374999995 
0.8335351562499999 
0.6501367187499998 
0.6061914062499999 
0.8130273437499999 
0.6477929687499998 
0.7509179687499998 
0.5440820312499999 
0.48431640624999994 
0.8897851562499998 
0.5692773437499999 
0.8388085937499998 
0.5757226562499999 
0.7649804687499998 
0.7790429687499999 
0.7380273437499998 
0.7743554687499998 
0.7708398437499999 
0.7597070312499998 
0.9905664062499998 
0.5159570312499999 
0.6659570312499998 
0.56517578125 
0.60267578125 
0.7333398437499998 
0.5833398437499999 
0.7040429687499998 
0.7409570312499998 
0.7462304687499998 
0.8604882812499999 
0.95189453125 
0.6565820312499998 
0.78958984375 
0.5440820312499999 
0.7233789062499998 
0.94076171875 
0.6489648437499999 
0.6882226562499998 
0.6806054687499998 
0.4720117187499999 
0.7890039062499999 
0.96302734375 
0.6876367187499998 
0.7075585937499999 
0.8370507812499999 
0.7069726562499998 
0.6911523437499998 
0.8475976562499998 
0.7626367187499998 
0.5891992187499998 
0.7556054687499998 
0.8106835937499999 
0.46087890624999994 
0.6173242187499998 
0.9061914062499998 
0.92435546875 
0.92728515625 
0.6278710937499998 
0.6190820312499998 
0.7257226562499998 
0.5446679687499999 
0.6688867187499998 
