1 27 72 
1.44876953125 
1.4194726562500002 
1.40541015625 
1.39662109375 
1.3749414062499998 
1.3989648437500002 
1.39603515625 
1.41185546875 
1.41361328125 
1.39134765625 
1.40716796875 
1.4270898437500001 
1.41302734375 
1.4001367187500002 
1.38373046875 
1.39017578125 
1.41009765625 
1.4294335937500002 
1.42298828125 
1.40716796875 
1.40306640625 
1.42591796875 
1.43177734375 
1.40306640625 
1.40716796875 
1.40833984375 
1.4294335937500002 
1.3813867187500002 
1.4270898437500001 
1.4018945312500002 
1.41595703125 
1.38783203125 
1.4499414062499998 
1.4095117187500001 
1.38841796875 
1.42767578125 
1.4253320312500002 
1.4200585937500003 
1.4294335937500002 
1.43353515625 
1.45580078125 
1.3989648437500002 
1.4300195312500001 
1.44701171875 
1.3936914062499999 
1.43177734375 
1.4153710937500001 
1.4253320312500002 
1.4188867187500003 
1.4388085937500001 
1.41712890625 
1.37259765625 
1.4206445312500002 
1.44408203125 
1.4212304687500001 
1.44818359375 
1.4452539062499998 
1.4188867187500003 
1.4253320312500002 
1.46166015625 
1.41185546875 
1.42298828125 
1.42181640625 
1.43119140625 
1.40541015625 
1.41419921875 
1.4200585937500003 
1.4048242187500002 
1.4212304687500001 
1.41712890625 
1.44173828125 
1.38841796875 
1.43705078125 
1.42181640625 
1.4018945312500002 
1.3919335937500001 
1.40306640625 
1.40833984375 
1.4212304687500001 
1.41302734375 
1.44232421875 
1.39603515625 
1.4048242187500002 
1.39251953125 
1.44818359375 
1.3860742187500001 
1.41712890625 
1.4013085937500003 
1.4165429687500002 
1.4165429687500002 
1.4007226562500001 
1.43998046875 
1.4048242187500002 
1.41009765625 
1.43177734375 
1.38548828125 
1.44349609375 
1.45052734375 
1.43177734375 
1.40833984375 
1.44876953125 
1.4300195312500001 
1.39251953125 
1.38666015625 
1.4253320312500002 
1.40306640625 
1.39662109375 
1.4452539062499998 
1.41361328125 
1.43705078125 
1.41361328125 
1.4095117187500001 
1.4247460937500003 
1.38431640625 
1.43705078125 
1.41185546875 
1.40248046875 
1.44115234375 
1.4048242187500002 
1.4341210937500002 
1.44876953125 
1.3802148437500001 
1.39310546875 
1.43705078125 
1.41712890625 
1.4065820312500001 
1.39486328125 
1.3813867187500002 
1.4452539062499998 
1.38958984375 
1.40716796875 
1.43119140625 
1.38841796875 
1.4007226562500001 
1.43177734375 
1.38958984375 
1.4206445312500002 
1.40775390625 
1.41302734375 
1.4153710937500001 
1.4405664062499999 
1.3977929687500001 
1.3825585937500002 
1.40775390625 
1.4575585937500002 
1.4575585937500002 
1.43060546875 
1.43529296875 
1.39955078125 
1.39017578125 
1.43587890625 
1.41712890625 
1.38958984375 
1.38490234375 
1.44408203125 
1.40248046875 
1.41244140625 
1.39837890625 
1.4048242187500002 
1.38197265625 
1.40775390625 
1.4200585937500003 
1.3936914062499999 
1.42591796875 
1.37904296875 
1.38373046875 
1.40306640625 
1.4300195312500001 
1.39603515625 
1.41302734375 
1.4405664062499999 
1.44701171875 
1.4224023437500002 
1.4563867187500001 
1.44701171875 
1.37318359375 
1.39837890625 
1.41126953125 
1.4013085937500003 
1.41712890625 
1.44408203125 
1.43529296875 
1.43529296875 
1.4253320312500002 
1.44408203125 
1.4200585937500003 
1.45287109375 
1.40775390625 
1.4106835937500002 
1.41302734375 
1.3989648437500002 
1.39017578125 
1.37728515625 
1.41244140625 
1.40541015625 
1.4007226562500001 
1.44818359375 
1.38958984375 
1.4165429687500002 
1.44583984375 
