19 27 54 
0.51830078125 
0.5335351562499999 
0.93490234375 
0.6888085937499998 
1.16048828125 
0.8300195312499999 
0.8206445312499999 
0.8798242187499997 
0.7175195312499999 
0.8640039062499999 
0.6495507812499999 
0.7931054687499999 
0.6964257812499999 
0.96068359375 
0.6548242187499997 
0.7075585937499999 
0.5399804687499998 
0.8059960937499998 
0.8393945312499999 
1.10833984375 
0.6419335937499999 
0.9020898437499999 
0.8183007812499999 
0.7192773437499999 
1.1651757812499999 
0.7866601562499999 
1.0761132812499998 
0.7854882812499999 
0.6091210937499999 
0.6876367187499998 
0.7948632812499999 
0.8610742187499998 
0.8147851562499998 
0.9876367187499998 
0.6677148437499999 
0.5224023437499999 
0.7380273437499998 
0.6794335937499999 
0.9870507812499999 
0.91439453125 
0.6489648437499999 
0.92025390625 
0.8112695312499999 
0.92552734375 
0.7766992187499998 
1.0298242187500002 
0.8657617187499999 
0.8534570312499998 
0.6770898437499999 
0.8511132812499999 
0.6366601562499998 
0.7433007812499999 
0.7831445312499999 
0.6823632812499999 
0.5352929687499999 
0.8440820312499998 
0.7585351562499998 
1.0268945312500002 
0.6272851562499998 
0.7772851562499998 
0.9559960937499999 
0.7638085937499999 
0.8130273437499999 
0.9015039062499999 
0.95951171875 
0.7450585937499998 
0.91029296875 
1.0081445312500001 
0.7333398437499998 
1.01341796875 
0.6196679687499999 
0.6413476562499999 
1.15287109375 
0.8429101562499998 
0.7567773437499998 
0.8153710937499998 
0.9067773437499999 
0.96888671875 
0.7966210937499999 
0.8124414062499998 
0.6729882812499999 
0.7907617187499999 
0.9050195312499999 
0.6003320312499999 
0.91322265625 
0.7075585937499999 
0.7960351562499999 
0.7561914062499998 
1.03919921875 
0.9067773437499999 
0.6255273437499999 
0.5534570312499999 
1.2518945312500003 
0.9554101562499999 
0.6870507812499999 
0.7444726562499998 
0.78080078125 
0.8850976562499998 
0.7778710937499999 
0.6870507812499999 
0.5141992187499999 
0.7198632812499999 
0.6765039062499999 
0.8147851562499998 
0.8188867187499999 
0.49427734374999993 
0.7831445312499999 
0.6817773437499999 
0.7790429687499999 
0.7251367187499997 
0.8317773437499999 
0.7972070312499999 
0.7186914062499998 
0.7737695312499999 
0.7181054687499998 
1.0503320312500002 
0.7983789062499999 
0.7532617187499998 
1.0532617187500002 
0.6571679687499998 
0.8809960937499998 
0.5809960937499998 
0.7409570312499998 
0.6167382812499999 
0.6806054687499998 
0.8018945312499999 
0.5833398437499999 
0.8147851562499998 
0.60501953125 
0.93490234375 
0.6911523437499998 
0.6190820312499998 
0.6759179687499999 
1.02748046875 
0.7632226562499999 
0.8306054687499999 
0.7573632812499999 
0.7796289062499999 
0.7884179687499999 
0.8306054687499999 
0.91439453125 
0.7391992187499997 
0.7292382812499998 
0.6618554687499998 
0.60501953125 
0.6718164062499998 
0.6600976562499998 
0.7585351562499998 
0.5962304687499999 
0.92728515625 
0.8716210937499999 
0.8294335937499999 
0.6940820312499998 
0.7280664062499997 
0.6647851562499998 
0.6255273437499999 
0.8188867187499999 
0.7954492187499999 
0.8809960937499998 
0.91908203125 
1.2372460937500003 
0.91673828125 
0.5663476562499999 
0.7468164062499998 
0.7620507812499999 
0.7204492187499998 
0.6712304687499998 
0.7263085937499998 
0.7028710937499998 
0.8610742187499998 
0.6507226562499998 
0.6149804687499998 
0.7257226562499998 
0.8288476562499999 
0.8774804687499997 
0.7485742187499997 
0.95892578125 
0.6378320312499999 
0.7913476562499999 
0.7433007812499999 
0.9923242187499998 
1.10775390625 
0.7983789062499999 
0.7456445312499999 
0.8018945312499999 
0.7626367187499998 
0.6987695312499999 
0.42396484374999993 
0.6665429687499999 
0.91263671875 
0.56986328125 
0.5165429687499999 
0.8177148437499999 
0.6384179687499999 
1.00931640625 
0.5487695312499999 
0.7040429687499998 
0.7860742187499998 
0.7796289062499999 
0.6671289062499999 
