22 27 51 
0.7544335937499999 
0.7632226562499999 
0.5974023437499999 
0.6308007812499999 
1.0702539062499998 
0.7345117187499998 
0.6999414062499998 
0.6618554687499998 
1.10892578125 
0.4720117187499999 
1.02103515625 
0.8177148437499999 
0.6577539062499999 
0.8933007812499999 
0.8839257812499999 
0.7210351562499998 
0.8071679687499999 
1.0749414062499998 
0.5927148437499999 
1.15462890625 
0.7245507812499998 
0.7034570312499998 
0.8475976562499998 
0.7843164062499999 
0.6571679687499998 
0.5868554687499998 
0.8710351562499998 
0.96712890625 
0.9882226562499998 
1.0772851562499999 
0.9009179687499999 
0.92318359375 
0.4778710937499999 
0.7708398437499999 
0.6934960937499998 
0.5440820312499999 
0.7690820312499999 
0.39935546875 
0.7503320312499998 
0.7304101562499997 
0.8763085937499998 
0.6800195312499999 
0.5335351562499999 
0.6384179687499999 
0.6958398437499999 
0.6261132812499999 
1.07318359375 
0.7778710937499999 
0.8112695312499999 
0.6823632812499999 
0.6395898437499999 
1.05560546875 
0.8880273437499998 
0.7116601562499998 
0.8282617187499999 
0.6782617187499999 
0.8200585937499999 
0.7227929687499998 
0.7614648437499999 
0.5774804687499998 
0.6308007812499999 
0.94896484375 
0.8440820312499998 
0.8757226562499998 
0.91322265625 
0.7409570312499998 
0.6923242187499997 
0.7210351562499998 
0.7509179687499998 
0.5921289062499999 
1.0186914062499999 
0.6190820312499998 
0.6003320312499999 
0.5768945312499999 
1.05560546875 
0.7474023437499998 
0.7614648437499999 
0.5927148437499999 
0.7702539062499999 
0.6946679687499998 
0.7643945312499999 
0.6173242187499998 
0.8065820312499998 
0.7380273437499998 
0.7292382812499998 
0.9067773437499999 
0.8850976562499998 
0.7731835937499999 
1.00873046875 
0.7374414062499998 
0.7403710937499998 
0.8780664062499998 
0.6518945312499999 
0.8933007812499999 
0.8669335937499999 
0.5007226562499999 
0.6665429687499999 
0.7093164062499998 
0.7052148437499999 
0.8106835937499999 
0.8393945312499999 
0.5921289062499999 
1.17044921875 
0.8030664062499998 
0.7626367187499998 
0.8692773437499999 
0.8470117187499998 
0.8177148437499999 
0.7614648437499999 
0.6196679687499999 
1.01517578125 
0.6589257812499999 
0.7837304687499999 
0.6442773437499999 
0.5991601562499999 
0.7831445312499999 
0.7462304687499998 
0.8306054687499999 
0.8106835937499999 
0.7134179687499999 
0.8235742187499998 
0.6384179687499999 
0.7585351562499998 
0.7684960937499998 
0.5880273437499999 
0.7157617187499998 
0.7391992187499997 
0.6876367187499998 
0.7737695312499999 
1.0268945312500002 
0.6032617187499999 
0.6958398437499999 
1.06615234375 
0.6155664062499998 
0.8950585937499999 
0.8077539062499999 
0.6905664062499998 
0.6788476562499999 
1.02806640625 
0.6630273437499998 
1.0345117187500001 
0.7415429687499998 
0.7011132812499998 
0.93373046875 
0.8452539062499999 
0.78080078125 
0.8528710937499998 
0.5798242187499998 
0.6009179687499999 
0.8183007812499999 
0.7239648437499998 
0.5393945312499999 
0.92611328125 
0.7327539062499998 
0.7579492187499998 
0.7403710937499998 
0.5405664062499999 
0.7427148437499999 
0.7679101562499998 
0.6794335937499999 
0.6337304687499998 
0.5722070312499999 
0.6700585937499999 
0.91029296875 
0.6975976562499998 
0.8024804687499998 
0.8850976562499998 
0.93548828125 
0.5727929687499999 
0.7040429687499998 
0.7561914062499998 
0.6735742187499998 
0.78080078125 
0.7415429687499998 
0.6138085937499999 
0.7772851562499998 
0.6653710937499998 
0.45853515624999996 
0.8288476562499999 
1.11185546875 
0.6589257812499999 
0.8311914062499999 
0.9079492187499998 
0.64017578125 
0.7778710937499999 
0.7280664062499997 
1.00697265625 
0.5018945312499999 
0.8141992187499998 
0.94603515625 
0.5329492187499999 
0.93783203125 
0.7977929687499998 
0.7497460937499998 
0.8751367187499998 
0.7702539062499999 
0.6565820312499998 
0.8745507812499999 
0.7567773437499998 
0.6847070312499999 
