35 27 38 
0.6466210937499999 
0.6489648437499999 
0.7725976562499999 
0.64017578125 
0.9009179687499999 
0.7638085937499999 
0.5136132812499999 
0.6688867187499998 
0.5956445312499999 
0.7819726562499999 
0.6313867187499999 
0.92083984375 
0.8452539062499999 
0.6718164062499998 
0.7772851562499998 
0.7696679687499999 
0.8938867187499998 
0.5722070312499999 
0.5587304687499999 
0.5862695312499999 
0.7309960937499997 
1.00873046875 
0.7884179687499999 
0.5710351562499999 
0.6999414062499998 
0.5522851562499999 
0.7825585937499999 
0.7110742187499998 
0.6378320312499999 
0.7093164062499998 
0.7151757812499999 
0.7550195312499999 
0.6923242187499997 
0.7046289062499999 
1.06439453125 
0.5962304687499999 
0.7579492187499998 
0.6554101562499998 
0.5979882812499999 
0.7181054687499998 
0.7245507812499998 
0.7046289062499999 
0.6190820312499998 
0.6565820312499998 
1.0081445312500001 
0.7679101562499998 
0.7913476562499999 
0.7684960937499998 
0.6501367187499998 
0.7433007812499999 
0.7169335937499999 
0.42806640625 
0.6331445312499999 
0.95365234375 
0.7567773437499998 
0.8534570312499998 
0.6706445312499999 
0.7643945312499999 
0.7210351562499998 
0.6032617187499999 
0.6179101562499998 
0.5212304687499999 
0.8159570312499999 
0.44623046874999994 
0.8628320312499999 
0.7268945312499998 
0.6331445312499999 
0.6472070312499999 
0.7374414062499998 
1.06087890625 
0.6688867187499998 
0.7479882812499998 
0.7643945312499999 
0.5839257812499999 
0.8845117187499998 
0.6671289062499999 
0.4778710937499999 
0.94310546875 
0.5610742187499999 
0.7245507812499998 
0.7427148437499999 
0.9917382812499999 
0.6554101562499998 
0.6612695312499999 
0.56751953125 
0.7690820312499999 
0.6893945312499998 
0.8200585937499999 
0.6641992187499998 
0.7257226562499998 
0.96595703125 
0.6108789062499999 
0.7380273437499998 
0.7222070312499999 
0.7632226562499999 
0.4544335937499999 
0.8933007812499999 
0.8546289062499999 
0.53001953125 
0.5862695312499999 
0.7058007812499999 
0.7251367187499997 
0.8891992187499997 
0.8229882812499999 
0.7491601562499998 
0.7837304687499999 
0.6477929687499998 
0.8434960937499998 
0.8218164062499999 
0.7304101562499997 
0.6237695312499999 
0.5862695312499999 
0.7046289062499999 
0.7907617187499999 
0.6308007812499999 
0.5792382812499999 
0.64017578125 
0.7257226562499998 
0.7649804687499998 
0.6671289062499999 
0.8827539062499998 
0.7040429687499998 
0.5768945312499999 
0.5306054687499999 
1.06908203125 
0.8745507812499999 
0.8558007812499999 
0.7802148437499999 
0.56400390625 
0.6823632812499999 
0.5704492187499999 
0.8388085937499998 
0.55814453125 
0.9395898437500001 
0.7198632812499999 
0.9061914062499998 
0.5991601562499999 
0.7075585937499999 
0.6864648437499998 
0.8962304687499998 
0.6800195312499999 
0.7409570312499998 
0.7028710937499998 
0.5944726562499999 
0.7538476562499998 
0.7591210937499998 
0.6073632812499999 
0.6354882812499999 
0.5868554687499998 
0.7972070312499999 
0.8470117187499998 
0.6823632812499999 
0.5839257812499999 
0.6132226562499998 
0.8077539062499999 
0.6313867187499999 
0.7239648437499998 
0.8464257812499999 
0.7011132812499998 
0.7878320312499999 
0.43744140625 
0.7216210937499998 
0.7157617187499998 
0.4966210937499999 
0.5440820312499999 
0.6724023437499999 
0.7034570312499998 
0.6009179687499999 
0.8188867187499999 
0.7907617187499999 
0.6542382812499998 
0.56400390625 
0.6138085937499999 
0.5862695312499999 
1.03919921875 
0.7292382812499998 
0.6102929687499998 
0.43568359374999993 
0.7890039062499999 
0.8024804687499998 
0.7058007812499999 
0.7280664062499997 
0.5382226562499999 
0.6032617187499999 
0.8335351562499999 
0.8640039062499999 
0.5862695312499999 
0.6149804687499998 
0.5663476562499999 
0.7854882812499999 
0.5997460937499999 
0.7573632812499999 
0.97181640625 
0.7708398437499999 
0.6179101562499998 
0.95189453125 
0.8054101562499998 
0.7526757812499999 
0.7339257812499999 
0.7977929687499998 
