44 27 29 
0.6518945312499999 
0.6190820312499998 
0.7556054687499998 
0.7362695312499998 
0.7632226562499999 
0.7626367187499998 
0.5692773437499999 
0.8552148437499999 
0.7819726562499999 
0.7016992187499997 
0.7731835937499999 
0.8809960937499998 
0.8036523437499998 
0.6589257812499999 
0.7456445312499999 
0.5968164062499999 
0.6231835937499999 
0.8511132812499999 
0.6536523437499998 
0.5809960937499998 
0.7163476562499999 
0.7046289062499999 
0.7433007812499999 
0.9395898437500001 
0.7942773437499999 
0.5077539062499999 
0.6044335937499999 
0.8481835937499999 
0.6284570312499999 
0.7509179687499998 
0.6378320312499999 
0.6524804687499998 
0.7081445312499999 
0.7409570312499998 
0.7239648437499998 
0.8868554687499998 
0.7181054687499998 
0.6513085937499998 
0.8177148437499999 
0.4919335937499999 
0.5786523437499999 
0.6729882812499999 
0.7673242187499998 
0.6870507812499999 
0.6806054687499998 
0.6120507812499999 
0.7503320312499998 
0.7614648437499999 
0.6724023437499999 
0.6600976562499998 
0.6624414062499998 
0.6688867187499998 
0.8100976562499999 
0.6806054687499998 
0.98412109375 
0.7122460937499998 
0.5153710937499999 
0.6184960937499998 
0.7145898437499999 
0.5974023437499999 
0.8651757812499999 
0.6788476562499999 
0.8657617187499999 
0.6829492187499998 
0.64017578125 
0.93607421875 
0.7286523437499998 
0.5540429687499999 
0.7684960937499998 
0.5745507812499999 
0.8944726562499998 
0.8358789062499998 
0.6653710937499998 
0.6091210937499999 
0.6460351562499999 
0.8388085937499998 
0.8499414062499998 
0.6794335937499999 
0.6559960937499998 
0.6970117187499998 
0.51126953125 
0.7157617187499998 
0.7181054687499998 
0.6952539062499998 
0.6513085937499998 
0.8464257812499999 
0.5423242187499998 
0.7919335937499999 
0.6829492187499998 
0.56693359375 
0.7116601562499998 
0.6202539062499999 
0.6624414062499998 
0.6747460937499998 
0.8657617187499999 
0.78080078125 
0.8212304687499998 
0.5944726562499999 
0.7345117187499998 
0.4831445312499999 
0.94779296875 
0.6477929687499998 
0.8007226562499998 
0.6934960937499998 
0.6618554687499998 
0.5716210937499999 
0.7849023437499999 
1.05384765625 
0.8065820312499998 
0.6847070312499999 
0.8059960937499998 
0.6899804687499997 
0.6325585937499999 
0.6788476562499999 
0.6641992187499998 
0.91966796875 
0.6823632812499999 
0.7433007812499999 
0.5282617187499999 
0.52591796875 
0.6378320312499999 
0.7140039062499999 
0.7427148437499999 
0.6583398437499999 
0.92025390625 
0.7813867187499999 
0.6718164062499998 
0.5891992187499998 
0.6349023437499999 
0.6788476562499999 
0.59330078125 
0.8165429687499999 
0.7063867187499998 
0.7520898437499999 
0.5692773437499999 
0.7702539062499999 
0.5423242187499998 
0.8657617187499999 
0.8253320312499999 
0.7409570312499998 
0.7766992187499998 
0.9946679687499999 
0.7140039062499999 
0.5692773437499999 
0.6612695312499999 
0.5224023437499999 
0.6858789062499998 
0.5792382812499999 
0.6507226562499998 
0.6015039062499999 
0.6237695312499999 
0.8716210937499999 
0.5593164062499999 
0.5001367187499999 
0.5141992187499999 
0.7755273437499999 
0.6395898437499999 
0.52767578125 
0.7175195312499999 
0.5593164062499999 
0.7761132812499999 
0.7890039062499999 
0.8528710937499998 
0.5042382812499999 
0.46966796874999994 
0.7813867187499999 
0.6893945312499998 
0.6577539062499999 
0.5059960937499999 
0.7339257812499999 
0.6501367187499998 
0.92435546875 
0.6970117187499998 
0.6653710937499998 
0.6559960937499998 
0.9179101562499999 
0.7251367187499997 
0.7714257812499999 
0.7163476562499999 
0.6313867187499999 
0.6683007812499999 
0.6612695312499999 
0.6671289062499999 
0.5417382812499999 
0.6214257812499999 
0.56751953125 
0.6999414062499998 
0.8733789062499998 
0.6313867187499999 
0.7474023437499998 
0.6202539062499999 
0.6138085937499999 
0.7356835937499998 
0.6911523437499998 
1.08666015625 
0.6190820312499998 
0.6126367187499998 
0.6120507812499999 
0.5077539062499999 
0.51830078125 
