55 27 18 
0.6413476562499999 
0.79017578125 
0.79017578125 
0.8733789062499998 
0.7362695312499998 
0.6735742187499998 
0.5686914062499999 
0.7813867187499999 
0.8511132812499999 
0.5897851562499998 
0.7438867187499998 
0.7813867187499999 
0.93197265625 
0.47142578124999995 
0.7128320312499998 
0.5657617187499999 
0.6231835937499999 
0.8112695312499999 
0.8335351562499999 
0.8616601562499998 
0.7526757812499999 
0.6413476562499999 
0.6612695312499999 
1.07318359375 
0.6319726562499999 
0.7520898437499999 
0.6255273437499999 
0.6700585937499999 
0.7216210937499998 
0.53001953125 
0.7673242187499998 
0.9302148437500001 
0.6917382812499998 
0.5739648437499999 
0.6337304687499998 
0.8241601562499998 
0.5452539062499999 
0.7362695312499998 
0.7239648437499998 
0.64017578125 
0.6126367187499998 
0.5968164062499999 
0.9085351562499998 
0.5792382812499999 
0.6647851562499998 
0.8710351562499998 
0.5891992187499998 
0.7907617187499999 
0.5376367187499999 
0.7210351562499998 
0.7022851562499998 
0.5845117187499999 
0.49310546874999994 
0.7854882812499999 
0.7186914062499998 
0.5335351562499999 
0.8265039062499999 
0.6524804687499998 
0.8311914062499999 
0.6876367187499998 
0.5722070312499999 
0.6917382812499998 
0.6266992187499998 
0.5979882812499999 
0.7321679687499998 
0.7380273437499998 
0.7286523437499998 
0.8130273437499999 
0.7433007812499999 
0.8106835937499999 
0.7128320312499998 
0.7227929687499998 
0.5903710937499999 
0.8669335937499999 
0.5850976562499999 
0.7058007812499999 
0.7561914062499998 
0.6015039062499999 
0.6044335937499999 
0.6823632812499999 
0.7216210937499998 
0.6706445312499999 
0.6876367187499998 
0.7104882812499999 
0.7081445312499999 
0.7790429687499999 
1.02923828125 
0.6278710937499998 
0.6284570312499999 
0.7210351562499998 
0.8229882812499999 
0.7884179687499999 
0.95365234375 
0.6548242187499997 
0.7544335937499999 
0.7251367187499997 
0.7321679687499998 
0.7509179687499998 
1.0081445312500001 
0.6390039062499999 
0.7350976562499998 
0.7772851562499998 
0.6472070312499999 
0.6366601562499998 
0.7397851562499997 
0.8505273437499998 
0.6688867187499998 
0.92611328125 
0.7081445312499999 
0.6477929687499998 
0.6436914062499999 
0.6565820312499998 
0.5786523437499999 
0.43744140625 
0.6712304687499998 
0.6606835937499999 
0.7356835937499998 
0.6817773437499999 
0.8388085937499998 
0.91439453125 
0.8270898437499999 
0.6893945312499998 
0.6108789062499999 
0.6624414062499998 
0.7321679687499998 
0.6665429687499999 
0.6718164062499998 
0.8763085937499998 
0.6179101562499998 
0.7561914062499998 
0.7679101562499998 
0.6677148437499999 
0.9009179687499999 
0.5411523437499999 
0.6442773437499999 
1.03041015625 
0.5569726562499999 
0.7333398437499998 
0.5399804687499998 
0.56751953125 
0.96771484375 
0.7585351562499998 
0.6184960937499998 
0.7198632812499999 
0.6864648437499998 
0.5446679687499999 
0.8552148437499999 
0.7110742187499998 
0.6431054687499999 
0.7766992187499998 
0.7292382812499998 
0.5253320312499999 
1.1206445312500002 
1.01751953125 
0.53470703125 
0.7011132812499998 
0.7813867187499999 
0.7274804687499997 
0.6495507812499999 
0.6765039062499999 
0.6032617187499999 
0.7936914062499999 
0.6231835937499999 
0.7544335937499999 
0.6337304687499998 
0.5798242187499998 
0.6243554687499998 
0.6167382812499999 
0.6143945312499999 
0.7585351562499998 
0.5733789062499999 
0.7608789062499999 
0.8880273437499998 
0.6143945312499999 
0.6835351562499998 
0.4966210937499999 
0.5991601562499999 
0.8059960937499998 
0.5007226562499999 
0.47376953124999993 
0.6899804687499997 
0.8341210937499999 
0.6530664062499998 
0.8077539062499999 
0.8335351562499999 
0.4075585937499999 
0.6308007812499999 
0.7474023437499998 
0.6143945312499999 
0.9559960937499999 
0.7491601562499998 
0.7503320312499998 
0.6747460937499998 
0.6524804687499998 
0.6161523437499998 
0.44798828124999995 
0.6706445312499999 
0.9401757812500001 
0.6378320312499999 
0.5809960937499998 
