59 27 14 
0.6770898437499999 
0.5821679687499999 
0.8780664062499998 
0.5616601562499999 
0.8124414062499998 
0.7093164062499998 
0.5850976562499999 
0.5903710937499999 
0.7391992187499997 
0.7485742187499997 
0.8036523437499998 
0.7737695312499999 
0.6589257812499999 
0.7216210937499998 
0.6337304687499998 
0.8558007812499999 
0.5997460937499999 
0.6272851562499998 
0.6372460937499999 
0.6091210937499999 
0.51830078125 
0.7257226562499998 
0.7386132812499998 
0.6425195312499999 
0.6559960937499998 
0.5757226562499999 
0.5809960937499998 
0.5991601562499999 
0.7579492187499998 
0.7509179687499998 
0.7661523437499999 
0.6694726562499999 
0.7016992187499997 
0.6126367187499998 
0.8868554687499998 
0.8563867187499998 
0.8768945312499998 
0.6489648437499999 
0.7403710937499998 
0.54642578125 
0.5804101562499998 
0.6161523437499998 
0.6841210937499999 
0.5604882812499999 
0.6278710937499998 
0.5341210937499999 
0.5522851562499999 
0.8048242187499998 
0.6630273437499998 
0.4989648437499999 
0.6085351562499999 
0.8054101562499998 
0.8751367187499998 
0.7227929687499998 
0.6190820312499998 
0.5516992187499998 
0.6876367187499998 
0.49310546874999994 
0.79017578125 
0.5780664062499998 
0.6817773437499999 
0.4872460937499999 
0.7122460937499998 
0.6091210937499999 
0.6565820312499998 
0.7028710937499998 
0.6085351562499999 
0.6641992187499998 
0.6454492187499998 
0.8464257812499999 
0.7034570312499998 
0.7415429687499998 
0.7573632812499999 
0.4954492187499999 
1.07845703125 
0.6595117187499998 
0.7878320312499999 
0.5159570312499999 
0.6958398437499999 
0.7597070312499998 
0.7128320312499998 
0.7040429687499998 
0.6811914062499999 
0.5136132812499999 
0.6343164062499999 
0.6724023437499999 
0.6056054687499999 
0.6624414062499998 
0.6272851562499998 
0.5991601562499999 
0.5833398437499999 
0.6102929687499998 
0.5247460937499999 
0.6641992187499998 
0.6706445312499999 
0.7520898437499999 
0.6811914062499999 
0.5991601562499999 
0.7046289062499999 
0.7274804687499997 
0.6542382812499998 
0.6214257812499999 
0.7192773437499999 
0.8429101562499998 
0.7380273437499998 
0.78080078125 
0.6835351562499998 
0.6530664062499998 
0.5106835937499999 
0.55521484375 
0.45736328125 
0.6266992187499998 
0.5839257812499999 
0.8001367187499998 
0.6700585937499999 
0.6120507812499999 
0.8540429687499999 
0.7151757812499999 
0.6835351562499998 
0.7655664062499998 
0.6009179687499999 
0.7104882812499999 
0.5839257812499999 
0.8891992187499997 
0.4673242187499999 
0.6893945312499998 
0.55580078125 
0.8300195312499999 
0.6518945312499999 
0.7995507812499999 
0.7286523437499998 
0.8599023437499999 
0.7813867187499999 
0.5985742187499998 
0.7720117187499999 
0.7931054687499999 
0.8968164062499998 
0.6056054687499999 
0.7597070312499998 
0.5616601562499999 
0.8692773437499999 
0.5065820312499999 
0.6624414062499998 
0.5968164062499999 
0.5282617187499999 
0.7145898437499999 
0.8405664062499998 
0.7163476562499999 
0.8903710937499998 
0.91849609375 
0.6817773437499999 
0.9097070312499999 
0.5821679687499999 
0.7608789062499999 
0.7380273437499998 
0.6343164062499999 
0.6337304687499998 
0.6606835937499999 
0.7503320312499998 
0.5563867187499999 
0.46791015624999993 
0.7374414062499998 
0.7597070312499998 
0.8833398437499999 
0.56400390625 
0.5991601562499999 
0.8722070312499999 
0.5604882812499999 
0.5405664062499999 
0.6325585937499999 
0.9864648437499999 
0.5095117187499999 
0.6343164062499999 
0.6724023437499999 
0.6583398437499999 
0.7696679687499999 
0.5007226562499999 
0.7081445312499999 
0.7286523437499998 
0.5997460937499999 
0.6893945312499998 
0.6958398437499999 
0.6952539062499998 
0.6952539062499998 
0.92318359375 
0.7022851562499998 
0.5048242187499998 
0.8335351562499999 
0.64017578125 
0.8663476562499999 
0.7936914062499999 
0.7350976562499998 
0.8224023437499999 
0.8270898437499999 
0.9882226562499998 
0.5587304687499999 
0.7362695312499998 
0.55580078125 
0.7251367187499997 
0.4673242187499999 
