63 27 10 
0.7022851562499998 
0.7110742187499998 
0.7591210937499998 
0.7538476562499998 
0.7784570312499999 
0.91263671875 
0.8862695312499999 
0.8077539062499999 
0.5440820312499999 
0.7684960937499998 
0.6929101562499997 
0.8235742187499998 
0.41576171874999995 
0.6917382812499998 
0.7356835937499998 
0.7772851562499998 
1.06087890625 
0.9911523437499998 
0.6155664062499998 
0.7977929687499998 
0.6706445312499999 
0.7591210937499998 
0.5757226562499999 
0.59330078125 
0.7749414062499999 
0.6472070312499999 
0.6753320312499999 
0.7854882812499999 
0.6975976562499998 
0.5950585937499999 
0.4995507812499999 
0.7192773437499999 
0.6905664062499998 
0.6641992187499998 
0.9020898437499999 
0.7134179687499999 
0.6097070312499999 
0.5399804687499998 
0.6477929687499998 
0.6536523437499998 
0.47669921874999993 
0.5938867187499999 
0.6419335937499999 
0.7116601562499998 
0.6225976562499999 
0.7485742187499997 
0.7913476562499999 
0.4989648437499999 
0.5903710937499999 
0.5417382812499999 
0.8669335937499999 
0.94955078125 
0.5985742187499998 
0.6513085937499998 
0.4907617187499999 
0.6975976562499998 
0.7321679687499998 
0.6811914062499999 
0.6659570312499998 
0.6308007812499999 
0.6495507812499999 
0.5616601562499999 
0.7268945312499998 
0.7954492187499999 
0.7350976562499998 
0.7309960937499997 
0.7433007812499999 
0.6296289062499999 
0.6612695312499999 
0.7011132812499998 
0.6653710937499998 
0.7356835937499998 
0.6208398437499999 
0.7122460937499998 
0.7116601562499998 
0.7391992187499997 
0.8270898437499999 
0.6454492187499998 
0.7544335937499999 
0.5827539062499999 
0.6184960937499998 
0.50892578125 
0.5757226562499999 
0.92025390625 
0.8153710937499998 
0.6940820312499998 
0.5997460937499999 
0.7960351562499999 
0.6665429687499999 
0.8792382812499998 
0.8341210937499999 
0.5001367187499999 
0.7766992187499998 
0.7509179687499998 
0.5862695312499999 
0.5962304687499999 
0.7415429687499998 
1.0169335937500001 
0.7960351562499999 
0.6536523437499998 
0.7638085937499999 
0.92259765625 
0.5897851562499998 
0.6559960937499998 
0.7186914062499998 
0.7157617187499998 
0.8206445312499999 
0.7983789062499999 
0.4919335937499999 
0.6413476562499999 
0.7520898437499999 
0.5306054687499999 
0.6214257812499999 
0.7468164062499998 
0.6073632812499999 
0.6278710937499998 
0.7936914062499999 
0.5546289062499999 
0.8194726562499999 
0.7837304687499999 
0.6466210937499999 
0.8821679687499998 
0.5587304687499999 
0.7052148437499999 
0.7515039062499999 
1.1059960937500002 
0.5903710937499999 
0.7058007812499999 
0.7052148437499999 
0.6829492187499998 
0.8018945312499999 
0.6683007812499999 
0.6706445312499999 
0.6460351562499999 
0.93724609375 
0.60208984375 
0.5850976562499999 
0.49427734374999993 
0.7638085937499999 
0.7386132812499998 
0.6917382812499998 
0.7257226562499998 
0.7040429687499998 
0.5065820312499999 
0.6741601562499998 
0.6929101562499997 
0.7966210937499999 
0.9876367187499998 
0.6395898437499999 
0.6882226562499998 
0.6272851562499998 
0.7181054687499998 
0.6852929687499998 
0.6770898437499999 
0.5106835937499999 
0.6718164062499998 
0.7942773437499999 
0.92904296875 
0.8804101562499997 
0.6929101562499997 
0.5786523437499999 
0.6255273437499999 
0.6700585937499999 
0.7181054687499998 
0.5528710937499999 
0.7093164062499998 
0.6073632812499999 
0.7327539062499998 
0.7286523437499998 
0.5745507812499999 
0.7468164062499998 
0.7497460937499998 
0.7450585937499998 
0.7386132812499998 
0.7679101562499998 
0.9173242187499999 
0.6981835937499998 
0.6618554687499998 
0.9067773437499999 
0.7063867187499998 
0.8341210937499999 
0.6272851562499998 
0.6120507812499999 
0.42162109374999995 
0.8704492187499998 
0.8065820312499998 
0.6964257812499999 
0.8153710937499998 
0.5850976562499999 
0.78958984375 
0.7948632812499999 
0.6835351562499998 
0.6548242187499997 
0.6741601562499998 
0.6876367187499998 
0.8200585937499999 
0.95423828125 
0.7409570312499998 
0.5757226562499999 
0.6266992187499998 
