68 27 5 
0.5417382812499999 
0.6466210937499999 
0.6888085937499998 
0.6489648437499999 
0.8505273437499998 
0.8546289062499999 
0.8470117187499998 
0.8159570312499999 
0.6231835937499999 
0.6214257812499999 
0.8147851562499998 
0.7714257812499999 
0.8651757812499999 
0.6600976562499998 
0.9044335937499999 
0.7304101562499997 
0.6243554687499998 
0.8909570312499998 
0.7638085937499999 
0.8833398437499999 
0.5329492187499999 
0.5247460937499999 
0.7028710937499998 
0.5798242187499998 
0.7638085937499999 
0.5786523437499999 
0.7778710937499999 
0.7298242187499997 
0.7397851562499997 
0.6970117187499998 
0.4825585937499999 
0.7251367187499997 
0.8106835937499999 
0.8792382812499998 
0.6571679687499998 
0.5686914062499999 
0.6694726562499999 
0.6776757812499999 
0.7520898437499999 
0.6659570312499998 
0.6255273437499999 
0.7456445312499999 
0.6337304687499998 
0.45619140625 
0.7526757812499999 
0.6331445312499999 
0.5546289062499999 
0.6929101562499997 
0.6483789062499998 
0.5727929687499999 
0.9870507812499999 
0.5587304687499999 
0.93373046875 
0.7069726562499998 
0.4614648437499999 
0.7966210937499999 
0.7145898437499999 
0.8007226562499998 
0.7761132812499999 
0.4632226562499999 
0.7069726562499998 
0.7813867187499999 
0.8100976562499999 
0.7433007812499999 
0.5780664062499998 
0.9020898437499999 
0.6102929687499998 
0.6688867187499998 
0.8692773437499999 
0.6097070312499999 
0.5417382812499999 
0.7157617187499998 
0.6372460937499999 
0.78958984375 
0.7479882812499998 
0.7556054687499998 
0.8909570312499998 
0.6847070312499999 
0.6161523437499998 
0.5522851562499999 
0.8018945312499999 
0.5329492187499999 
0.60208984375 
0.8300195312499999 
0.5106835937499999 
1.00462890625 
0.4456445312499999 
0.6876367187499998 
0.5071679687499999 
0.7872460937499999 
0.6208398437499999 
0.5716210937499999 
0.9149804687499999 
0.6202539062499999 
0.5411523437499999 
0.56986328125 
0.7128320312499998 
0.8393945312499999 
0.8042382812499999 
0.6536523437499998 
0.6196679687499999 
0.91029296875 
0.5306054687499999 
0.8200585937499999 
0.8651757812499999 
0.8979882812499999 
0.7526757812499999 
0.6518945312499999 
0.8024804687499998 
0.6958398437499999 
0.6911523437499998 
0.8745507812499999 
0.6893945312499998 
0.6360742187499998 
0.5938867187499999 
0.49017578124999994 
0.7427148437499999 
0.8575585937499999 
0.8042382812499999 
0.7503320312499998 
0.7532617187499998 
0.6694726562499999 
0.7450585937499998 
0.8452539062499999 
0.7304101562499997 
0.6149804687499998 
0.6489648437499999 
0.7104882812499999 
0.8311914062499999 
0.7192773437499999 
0.6425195312499999 
0.8241601562499998 
0.7561914062499998 
1.07669921875 
0.7427148437499999 
0.6741601562499998 
0.8558007812499999 
0.8042382812499999 
0.5306054687499999 
0.44798828124999995 
0.52650390625 
0.8798242187499997 
0.47259765624999994 
0.7391992187499997 
0.6753320312499999 
0.7585351562499998 
0.47728515624999995 
0.8968164062499998 
0.7872460937499999 
0.6934960937499998 
0.47611328124999996 
0.7567773437499998 
0.7684960937499998 
0.6155664062499998 
0.7784570312499999 
0.6091210937499999 
0.6952539062499998 
0.5692773437499999 
0.8288476562499999 
0.6518945312499999 
0.6724023437499999 
0.5118554687499999 
0.7251367187499997 
0.8235742187499998 
0.6788476562499999 
0.8593164062499998 
0.8399804687499998 
0.6683007812499999 
0.7620507812499999 
0.6190820312499998 
0.9302148437500001 
0.6384179687499999 
0.5540429687499999 
0.96361328125 
0.8364648437499999 
0.5393945312499999 
0.5253320312499999 
0.7286523437499998 
0.9952539062499999 
0.6413476562499999 
0.7766992187499998 
0.56751953125 
0.78958984375 
0.7755273437499999 
0.6606835937499999 
0.7298242187499997 
0.6964257812499999 
0.8891992187499997 
0.5446679687499999 
0.6448632812499999 
0.6618554687499998 
0.6841210937499999 
0.8446679687499998 
0.5153710937499999 
0.5827539062499999 
0.52298828125 
0.8716210937499999 
0.7872460937499999 
0.5628320312499999 
0.79017578125 
