4 28 68 
0.8481835937499999 
1.36087890625 
1.25892578125 
1.23900390625 
1.19154296875 
1.05560546875 
1.21498046875 
1.12298828125 
1.28998046875 
1.22728515625 
1.2741601562500002 
0.7731835937499999 
1.33392578125 
1.3040429687500001 
1.2729882812500002 
1.27650390625 
1.2513085937500004 
1.26361328125 
1.2700585937500004 
1.2981835937500001 
1.3403710937500002 
1.22728515625 
1.2559960937500003 
1.20970703125 
1.0579492187500001 
1.2372460937500003 
1.16224609375 
1.3157617187500001 
0.9395898437500001 
1.24017578125 
1.20912109375 
1.2747460937500004 
1.1686914062499998 
1.2495507812500002 
0.8962304687499998 
0.8915429687499998 
1.2677148437500003 
1.3075585937500003 
1.31400390625 
0.97240234375 
1.26478515625 
1.2495507812500002 
1.12591796875 
1.2290429687500002 
1.2536523437500002 
1.2360742187500002 
1.2565820312500002 
1.28587890625 
1.2061914062499999 
1.23900390625 
1.2489648437500003 
0.94310546875 
1.30873046875 
1.2378320312500002 
1.2138085937500003 
1.2513085937500004 
1.2331445312500002 
1.23900390625 
1.17162109375 
0.93431640625 
1.2366601562500001 
1.24134765625 
1.22962890625 
1.2876367187500002 
1.10833984375 
1.29701171875 
1.2407617187500002 
1.2220117187500001 
1.16107421875 
1.22962890625 
1.22728515625 
1.2061914062499999 
1.2630273437500001 
1.22728515625 
1.22728515625 
1.2571679687500001 
1.13646484375 
1.2184960937500002 
1.21966796875 
1.2501367187500003 
1.2706445312500003 
1.31517578125 
1.19095703125 
1.25306640625 
1.2489648437500003 
1.25892578125 
1.2776757812500001 
1.2513085937500004 
1.2501367187500003 
1.2571679687500001 
1.22962890625 
0.8968164062499998 
1.15580078125 
1.23900390625 
1.2600976562500001 
1.21556640625 
1.23841796875 
0.8440820312499998 
0.7350976562499998 
1.2378320312500002 
1.0948632812499999 
1.20560546875 
1.26185546875 
1.11361328125 
1.29408203125 
1.28529296875 
1.06322265625 
1.25306640625 
1.3362695312500001 
1.3122460937500002 
1.20970703125 
1.21498046875 
1.2770898437500002 
1.2360742187500002 
0.7831445312499999 
1.2571679687500001 
1.04212890625 
1.0268945312500002 
1.2688867187500004 
1.2694726562500003 
1.27650390625 
1.2331445312500002 
1.36673828125 
0.9940820312499998 
1.17220703125 
1.2524804687500002 
1.2278710937500001 
1.22376953125 
1.18568359375 
0.7784570312499999 
1.31810546875 
1.2325585937500003 
1.2313867187500003 
1.21498046875 
1.09603515625 
0.8259179687499999 
1.3315820312500002 
1.29583984375 
1.28998046875 
1.24427734375 
1.3227929687500002 
1.2999414062499999 
1.31166015625 
1.27650390625 
1.06849609375 
1.11361328125 
1.2454492187500001 
1.33216796875 
1.2759179687500002 
1.26361328125 
0.95423828125 
1.2688867187500004 
1.2630273437500001 
1.2407617187500002 
1.35619140625 
1.16341796875 
1.28998046875 
1.2776757812500001 
1.09720703125 
1.0825585937500002 
1.13529296875 
1.2981835937500001 
1.30287109375 
1.22025390625 
1.2888085937500002 
1.2349023437500002 
1.2847070312500002 
1.25306640625 
1.3245507812500001 
1.26361328125 
1.20267578125 
0.8352929687499998 
1.24310546875 
1.24134765625 
1.13646484375 
1.28236328125 
1.28587890625 
1.16107421875 
1.30111328125 
1.2806054687500001 
1.03861328125 
1.2349023437500002 
1.20912109375 
1.20150390625 
1.1493554687499998 
1.39310546875 
1.2554101562500002 
1.24017578125 
1.21791015625 
1.2372460937500003 
1.2407617187500002 
1.2981835937500001 
1.2325585937500003 
1.2184960937500002 
1.2513085937500004 
1.2138085937500003 
1.21966796875 
1.2741601562500002 
1.26244140625 
1.2466210937500002 
