13 28 59 
0.6495507812499999 
0.96654296875 
0.7796289062499999 
0.98470703125 
0.8071679687499999 
0.6167382812499999 
0.8809960937499998 
0.8165429687499999 
1.1534570312499999 
1.2806054687500001 
0.8616601562499998 
0.8153710937499998 
0.6313867187499999 
0.8452539062499999 
1.1886132812499999 
0.9800195312500001 
0.7532617187499998 
0.6981835937499998 
0.8100976562499999 
0.92435546875 
0.8886132812499998 
0.6056054687499999 
0.7684960937499998 
0.7679101562499998 
1.24603515625 
1.02162109375 
1.13822265625 
1.3169335937500002 
0.6946679687499998 
0.9524804687499999 
0.8265039062499999 
1.01048828125 
1.2477929687500002 
0.8206445312499999 
0.8007226562499998 
0.6413476562499999 
0.8921289062499999 
0.8681054687499998 
0.9419335937500001 
0.7181054687499998 
0.7679101562499998 
0.6360742187499998 
0.7450585937499998 
0.7274804687499997 
0.7280664062499997 
0.60208984375 
1.1511132812499998 
0.5001367187499999 
0.97591796875 
0.6735742187499998 
0.7538476562499998 
1.05677734375 
0.92025390625 
1.33802734375 
0.6167382812499999 
0.7520898437499999 
0.8141992187499998 
0.8411523437499998 
0.93490234375 
0.79251953125 
0.7819726562499999 
1.09427734375 
1.0257226562500001 
0.94310546875 
0.8604882812499999 
0.7181054687499998 
1.0427148437500002 
1.0257226562500001 
0.7620507812499999 
0.8675195312499999 
0.8329492187499998 
0.5950585937499999 
0.7257226562499998 
1.02337890625 
0.7667382812499999 
1.2524804687500002 
1.0186914062499999 
0.6735742187499998 
0.7942773437499999 
0.96595703125 
0.97826171875 
0.93841796875 
0.9266992187499999 
0.8804101562499997 
0.7819726562499999 
1.21556640625 
1.07376953125 
0.7075585937499999 
0.7526757812499999 
0.8429101562499998 
1.0239648437500002 
0.6782617187499999 
1.16283203125 
0.96068359375 
1.0403710937500001 
0.8710351562499998 
0.9173242187499999 
0.94134765625 
1.13529296875 
0.6841210937499999 
0.8839257812499999 
0.8628320312499999 
0.8218164062499999 
0.8329492187499998 
0.8136132812499999 
0.7286523437499998 
0.8733789062499998 
1.29173828125 
0.9149804687499999 
0.5850976562499999 
0.9964257812499999 
0.7052148437499999 
0.9308007812500001 
0.7380273437499998 
0.91966796875 
0.8259179687499999 
0.7942773437499999 
0.78958984375 
0.7649804687499998 
0.6905664062499998 
0.8464257812499999 
0.94955078125 
1.1188867187500002 
1.30931640625 
0.5798242187499998 
0.9067773437499999 
0.7509179687499998 
0.7063867187499998 
0.8651757812499999 
0.6864648437499998 
1.2425195312500001 
0.8909570312499998 
0.7462304687499998 
0.91087890625 
1.06087890625 
0.7790429687499999 
0.8335351562499999 
0.91087890625 
0.8183007812499999 
0.6788476562499999 
1.30287109375 
0.7643945312499999 
0.95716796875 
0.8411523437499998 
0.5839257812499999 
0.9020898437499999 
0.7075585937499999 
0.8516992187499998 
0.8194726562499999 
1.17455078125 
0.8358789062499998 
0.5657617187499999 
1.13939453125 
1.09544921875 
0.92552734375 
0.94310546875 
0.45501953124999994 
0.7673242187499998 
0.8528710937499998 
0.7784570312499999 
0.97416015625 
0.97064453125 
0.8018945312499999 
1.2126367187500002 
0.9149804687499999 
0.7977929687499998 
0.5587304687499999 
1.00287109375 
0.8288476562499999 
0.8452539062499999 
0.8218164062499999 
0.6360742187499998 
0.6817773437499999 
0.7866601562499999 
0.8815820312499998 
1.09076171875 
0.9448632812500001 
0.9038476562499999 
0.8915429687499998 
0.6161523437499998 
0.7819726562499999 
1.07845703125 
0.8968164062499998 
0.6724023437499999 
0.8259179687499999 
0.6472070312499999 
0.93607421875 
0.8229882812499999 
1.2349023437500002 
1.08841796875 
0.6694726562499999 
0.8429101562499998 
0.97533203125 
0.9425195312500001 
0.9618554687499999 
0.5593164062499999 
0.7099023437499998 
0.7122460937499998 
0.98236328125 
0.9800195312500001 
