24 28 48 
0.8440820312499998 
0.6934960937499998 
0.96126953125 
0.4690820312499999 
0.4544335937499999 
0.8311914062499999 
0.8194726562499999 
0.94544921875 
0.9683007812500001 
0.8645898437499999 
0.5663476562499999 
0.6102929687499998 
0.7474023437499998 
0.6993554687499998 
0.6120507812499999 
0.7104882812499999 
0.8593164062499998 
0.97884765625 
0.8663476562499999 
0.7222070312499999 
0.8100976562499999 
0.7198632812499999 
0.5727929687499999 
0.7878320312499999 
0.8282617187499999 
0.6917382812499998 
0.7315820312499998 
0.7210351562499998 
0.7960351562499999 
0.6636132812499999 
0.9050195312499999 
0.8235742187499998 
0.8452539062499999 
0.6917382812499998 
0.8036523437499998 
1.11126953125 
0.6923242187499997 
0.8681054687499998 
0.6800195312499999 
0.7274804687499997 
0.6770898437499999 
1.0825585937500002 
0.6261132812499999 
0.6993554687499998 
0.7755273437499999 
0.8645898437499999 
0.5856835937499999 
1.0462304687500001 
0.6097070312499999 
0.7110742187499998 
0.8282617187499999 
0.60267578125 
0.6577539062499999 
0.8610742187499998 
0.6354882812499999 
0.6970117187499998 
0.6923242187499997 
0.8200585937499999 
0.8106835937499999 
0.8563867187499998 
0.94896484375 
0.93666015625 
0.7380273437499998 
0.92845703125 
0.7122460937499998 
0.8071679687499999 
0.5839257812499999 
0.6823632812499999 
0.82767578125 
0.5921289062499999 
0.8253320312499999 
0.7761132812499999 
0.6782617187499999 
0.6981835937499998 
0.6349023437499999 
0.7573632812499999 
0.6472070312499999 
0.6507226562499998 
0.6149804687499998 
0.6993554687499998 
0.7766992187499998 
0.8833398437499999 
0.5247460937499999 
0.7755273437499999 
0.6138085937499999 
0.7614648437499999 
0.7474023437499998 
0.7157617187499998 
0.5434960937499999 
0.6366601562499998 
0.6243554687499998 
0.5938867187499999 
0.97240234375 
0.7579492187499998 
0.7421289062499998 
0.6466210937499999 
0.7567773437499998 
0.9987695312499999 
0.7122460937499998 
0.6630273437499998 
0.7614648437499999 
0.7427148437499999 
0.7948632812499999 
0.6038476562499999 
0.8470117187499998 
0.7813867187499999 
0.7602929687499999 
0.9302148437500001 
0.45150390625 
0.6009179687499999 
0.7550195312499999 
0.9044335937499999 
0.7011132812499998 
0.6454492187499998 
0.78958984375 
0.5429101562499998 
0.93607421875 
0.7438867187499998 
0.5938867187499999 
0.6196679687499999 
0.8645898437499999 
0.6472070312499999 
0.7878320312499999 
0.8429101562499998 
0.7421289062499998 
0.6518945312499999 
0.8153710937499998 
0.7702539062499999 
0.6208398437499999 
0.6225976562499999 
0.7972070312499999 
1.0474023437500002 
0.5446679687499999 
0.6431054687499999 
0.64017578125 
0.7280664062499997 
0.8487695312499999 
0.6882226562499998 
0.7778710937499999 
0.93431640625 
0.7386132812499998 
0.4790429687499999 
0.6079492187499999 
0.6360742187499998 
0.7005273437499998 
0.5710351562499999 
0.6472070312499999 
0.6952539062499998 
0.6337304687499998 
1.13001953125 
0.97591796875 
0.6149804687499998 
0.6770898437499999 
0.7649804687499998 
0.6987695312499999 
0.7456445312499999 
0.8511132812499999 
0.8897851562499998 
0.9893945312499999 
0.6231835937499999 
0.8651757812499999 
0.7263085937499998 
0.95658203125 
0.8933007812499999 
1.29583984375 
0.7579492187499998 
0.9425195312500001 
0.6770898437499999 
0.6184960937499998 
0.8727929687499998 
0.43275390625 
0.8317773437499999 
0.6419335937499999 
0.7368554687499997 
0.8358789062499998 
0.8481835937499999 
0.6659570312499998 
0.7632226562499999 
0.7766992187499998 
0.8165429687499999 
0.7989648437499999 
0.7233789062499998 
0.7462304687499998 
0.6372460937499999 
0.8470117187499998 
0.79251953125 
0.6243554687499998 
0.9395898437500001 
1.0169335937500001 
0.7550195312499999 
0.5575585937499999 
0.8880273437499998 
0.7602929687499999 
0.6817773437499999 
0.5692773437499999 
0.6806054687499998 
0.6483789062499998 
0.8522851562499998 
0.7333398437499998 
0.6524804687499998 
