41 28 31 
0.8130273437499999 
0.7268945312499998 
0.5335351562499999 
0.6278710937499998 
0.9911523437499998 
0.6442773437499999 
0.6600976562499998 
0.7620507812499999 
0.5880273437499999 
0.6460351562499999 
0.6899804687499997 
0.5540429687499999 
0.6425195312499999 
0.7556054687499998 
0.5534570312499999 
0.5393945312499999 
0.8727929687499998 
0.5809960937499998 
0.7181054687499998 
0.7679101562499998 
0.6917382812499998 
0.6108789062499999 
0.7368554687499997 
0.6641992187499998 
0.5856835937499999 
0.6688867187499998 
0.6278710937499998 
0.8083398437499999 
0.6472070312499999 
0.94955078125 
0.6308007812499999 
0.7140039062499999 
0.8341210937499999 
0.6325585937499999 
0.8018945312499999 
0.6870507812499999 
0.47083984374999993 
0.8376367187499998 
0.8171289062499999 
0.6097070312499999 
0.9800195312500001 
0.5774804687499998 
0.7227929687499998 
0.8065820312499998 
0.95658203125 
0.5804101562499998 
0.8347070312499999 
0.4872460937499999 
0.8839257812499999 
0.5370507812499999 
0.5763085937499999 
0.6190820312499998 
0.38119140625 
0.6472070312499999 
0.5710351562499999 
0.7778710937499999 
0.5540429687499999 
0.6126367187499998 
0.6477929687499998 
0.6946679687499998 
0.6460351562499999 
0.9958398437499999 
0.6266992187499998 
0.7561914062499998 
0.6477929687499998 
0.5985742187499998 
0.6589257812499999 
0.7591210937499998 
0.8716210937499999 
0.7837304687499999 
0.6577539062499999 
0.6132226562499998 
0.7556054687499998 
0.5909570312499999 
0.34662109374999994 
0.53470703125 
0.6999414062499998 
0.6360742187499998 
0.5722070312499999 
0.7011132812499998 
0.6841210937499999 
0.8306054687499999 
0.6794335937499999 
0.52064453125 
0.7655664062499998 
0.7397851562499997 
0.7233789062499998 
0.6220117187499998 
0.8868554687499998 
0.7708398437499999 
0.5411523437499999 
0.9003320312499998 
0.6888085937499998 
0.7907617187499999 
0.7696679687499999 
0.7761132812499999 
0.6964257812499999 
0.7802148437499999 
0.95130859375 
0.6155664062499998 
0.7397851562499997 
0.6460351562499999 
0.6501367187499998 
0.6952539062499998 
0.6735742187499998 
1.12884765625 
0.8194726562499999 
0.6934960937499998 
0.5985742187499998 
0.6858789062499998 
0.7960351562499999 
0.5792382812499999 
0.6067773437499999 
0.6999414062499998 
0.5411523437499999 
0.5569726562499999 
0.6237695312499999 
0.7227929687499998 
0.7198632812499999 
0.7163476562499999 
0.5253320312499999 
0.7532617187499998 
0.6220117187499998 
0.7608789062499999 
0.8815820312499998 
1.1206445312500002 
0.7444726562499998 
0.92201171875 
0.7778710937499999 
0.6852929687499998 
0.6425195312499999 
0.5968164062499999 
0.7251367187499997 
0.6741601562499998 
0.92904296875 
0.5458398437499999 
0.5065820312499999 
0.8200585937499999 
0.78958984375 
0.7766992187499998 
0.7649804687499998 
0.8599023437499999 
0.39349609374999994 
0.6102929687499998 
0.7444726562499998 
0.7186914062499998 
0.7608789062499999 
0.8569726562499999 
0.7884179687499999 
0.7216210937499998 
0.6179101562499998 
0.6606835937499999 
0.52767578125 
0.8300195312499999 
0.6823632812499999 
0.7368554687499997 
0.6015039062499999 
0.6495507812499999 
0.56400390625 
0.5013085937499999 
0.8054101562499998 
0.8347070312499999 
0.4831445312499999 
0.6196679687499999 
0.7081445312499999 
0.5341210937499999 
0.6999414062499998 
0.6835351562499998 
0.7936914062499999 
1.0403710937500001 
0.6366601562499998 
0.59330078125 
0.9923242187499998 
0.7831445312499999 
0.5013085937499999 
0.6888085937499998 
0.45033203124999993 
0.6225976562499999 
0.7931054687499999 
0.49603515624999994 
1.0655664062499999 
0.7538476562499998 
0.7491601562499998 
1.06498046875 
0.7198632812499999 
0.6184960937499998 
0.7778710937499999 
0.7538476562499998 
0.5048242187499998 
1.1511132812499998 
0.8329492187499998 
0.6149804687499998 
0.8821679687499998 
0.9425195312500001 
0.6847070312499999 
0.78958984375 
0.4720117187499999 
0.7561914062499998 
0.7872460937499999 
0.8112695312499999 
