53 28 19 
0.6981835937499998 
0.6975976562499998 
0.6495507812499999 
0.7274804687499997 
0.8083398437499999 
0.8452539062499999 
0.56751953125 
0.56751953125 
0.7309960937499997 
0.7128320312499998 
0.7960351562499999 
0.7497460937499998 
0.6917382812499998 
0.6507226562499998 
0.5475976562499999 
1.0052148437500001 
0.8417382812499998 
0.7134179687499999 
0.8686914062499999 
0.56986328125 
0.6231835937499999 
0.95658203125 
0.6817773437499999 
0.7292382812499998 
0.6366601562499998 
0.8821679687499998 
0.9530664062499999 
0.8141992187499998 
0.7679101562499998 
0.7116601562499998 
0.7227929687499998 
0.6149804687499998 
0.56986328125 
0.6929101562499997 
0.6308007812499999 
0.7620507812499999 
0.4878320312499999 
0.59330078125 
0.6208398437499999 
0.91908203125 
0.7866601562499999 
0.6518945312499999 
0.6261132812499999 
0.7538476562499998 
0.6612695312499999 
0.8388085937499998 
0.7468164062499998 
0.9032617187499998 
0.6882226562499998 
0.5745507812499999 
0.6835351562499998 
0.43333984374999995 
0.6261132812499999 
0.5868554687499998 
0.7380273437499998 
0.49720703124999993 
0.7837304687499999 
0.7309960937499997 
0.92552734375 
0.6108789062499999 
0.82767578125 
0.7391992187499997 
0.7497460937499998 
1.2302148437500002 
0.8886132812499998 
0.8030664062499998 
0.7714257812499999 
0.7468164062499998 
0.7181054687499998 
0.6577539062499999 
0.7532617187499998 
0.6987695312499999 
0.7456445312499999 
0.8757226562499998 
0.8317773437499999 
0.7227929687499998 
0.8095117187499998 
0.6876367187499998 
0.6302148437499999 
0.5434960937499999 
1.08783203125 
0.8212304687499998 
0.7116601562499998 
0.78958984375 
0.5927148437499999 
0.8458398437499999 
0.6788476562499999 
0.7286523437499998 
0.7438867187499998 
0.7263085937499998 
0.6266992187499998 
1.05619140625 
0.6202539062499999 
0.6296289062499999 
0.5868554687499998 
0.6173242187499998 
0.5628320312499999 
0.7298242187499997 
0.5745507812499999 
0.6776757812499999 
0.6729882812499999 
0.6477929687499998 
0.56400390625 
0.7983789062499999 
0.5862695312499999 
0.8604882812499999 
0.8007226562499998 
0.7854882812499999 
0.52064453125 
0.6196679687499999 
1.00697265625 
0.51712890625 
0.7345117187499998 
0.7977929687499998 
0.8757226562499998 
0.91146484375 
0.6442773437499999 
0.4954492187499999 
0.6518945312499999 
1.00052734375 
0.6407617187499999 
0.42982421874999993 
0.6718164062499998 
0.5599023437499999 
0.6378320312499999 
0.8903710937499998 
0.42982421874999993 
0.8522851562499998 
0.5909570312499999 
0.7526757812499999 
0.5792382812499999 
0.5411523437499999 
0.7743554687499998 
0.6659570312499998 
0.5997460937499999 
0.6431054687499999 
0.7216210937499998 
0.6671289062499999 
0.6624414062499998 
0.91966796875 
0.7825585937499999 
0.8294335937499999 
0.6548242187499997 
0.8124414062499998 
0.9091210937499998 
0.7866601562499999 
0.4790429687499999 
0.6495507812499999 
0.7274804687499997 
0.8604882812499999 
0.49427734374999993 
0.6934960937499998 
0.6214257812499999 
0.6466210937499999 
0.7749414062499999 
0.7368554687499997 
0.8792382812499998 
0.8722070312499999 
0.8804101562499997 
0.6202539062499999 
1.08314453125 
0.5903710937499999 
0.6999414062499998 
0.7339257812499999 
0.6155664062499998 
0.6800195312499999 
0.6530664062499998 
0.7661523437499999 
0.9888085937499999 
0.5944726562499999 
0.7058007812499999 
0.6272851562499998 
0.6559960937499998 
0.7380273437499998 
0.64017578125 
0.6612695312499999 
0.7093164062499998 
0.6800195312499999 
1.0503320312500002 
0.6923242187499997 
0.8329492187499998 
0.7532617187499998 
0.6858789062499998 
0.8903710937499998 
0.7638085937499999 
0.7333398437499998 
0.95775390625 
0.7368554687499997 
0.7186914062499998 
0.7720117187499999 
0.5833398437499999 
0.6114648437499999 
0.7391992187499997 
0.7222070312499999 
0.5798242187499998 
0.7608789062499999 
0.5077539062499999 
0.8007226562499998 
0.9975976562499999 
0.5622460937499999 
