69 28 3 
0.7409570312499998 
0.5616601562499999 
0.6899804687499997 
0.50892578125 
0.7063867187499998 
0.7204492187499998 
0.52591796875 
0.5809960937499998 
0.7251367187499997 
0.5833398437499999 
0.5241601562499999 
0.6975976562499998 
0.6360742187499998 
0.6003320312499999 
0.8763085937499998 
0.5868554687499998 
0.5610742187499999 
0.6214257812499999 
0.6249414062499998 
0.95833984375 
0.6835351562499998 
0.7802148437499999 
0.5850976562499999 
0.5253320312499999 
0.5991601562499999 
0.5938867187499999 
0.9214257812500001 
0.5903710937499999 
0.6472070312499999 
0.6847070312499999 
0.4895898437499999 
0.7772851562499998 
0.55521484375 
0.7239648437499998 
0.6606835937499999 
0.6888085937499998 
0.6993554687499998 
0.8727929687499998 
0.5546289062499999 
0.6934960937499998 
0.6448632812499999 
0.56693359375 
0.6214257812499999 
0.45794921874999994 
0.6694726562499999 
0.6407617187499999 
0.5147851562499999 
0.6958398437499999 
0.5886132812499999 
0.7837304687499999 
0.5833398437499999 
0.7778710937499999 
0.8013085937499999 
0.7069726562499998 
0.8106835937499999 
0.56693359375 
0.53236328125 
0.8481835937499999 
0.5475976562499999 
0.7485742187499997 
0.55521484375 
0.6882226562499998 
0.7632226562499999 
0.6718164062499998 
0.79017578125 
0.8464257812499999 
0.6600976562499998 
0.5903710937499999 
0.6870507812499999 
0.7263085937499998 
0.7210351562499998 
0.5224023437499999 
0.6911523437499998 
0.7942773437499999 
0.6835351562499998 
0.6759179687499999 
0.6624414062499998 
0.6372460937499999 
0.8100976562499999 
0.7016992187499997 
0.6349023437499999 
0.5036523437499999 
0.5692773437499999 
0.6460351562499999 
0.7556054687499998 
0.7690820312499999 
0.5809960937499998 
0.7720117187499999 
0.6841210937499999 
0.6044335937499999 
0.7890039062499999 
0.53236328125 
0.5997460937499999 
0.7063867187499998 
0.6788476562499999 
0.5358789062499999 
0.7802148437499999 
0.6266992187499998 
0.6044335937499999 
0.7333398437499998 
0.6425195312499999 
0.7116601562499998 
0.8036523437499998 
0.7386132812499998 
0.56693359375 
0.9390039062500001 
0.54642578125 
0.52884765625 
0.8265039062499999 
0.7743554687499998 
0.78958984375 
0.7263085937499998 
0.6108789062499999 
0.5505273437499999 
1.1013085937500002 
0.9091210937499998 
0.6636132812499999 
0.8347070312499999 
0.7433007812499999 
0.45033203124999993 
0.6108789062499999 
0.7210351562499998 
0.5165429687499999 
0.6747460937499998 
0.5716210937499999 
0.7679101562499998 
1.17865234375 
0.56517578125 
0.56517578125 
0.6009179687499999 
0.7263085937499998 
0.6138085937499999 
0.6659570312499998 
0.5710351562499999 
0.8686914062499999 
0.6806054687499998 
0.7309960937499997 
0.6612695312499999 
0.8968164062499998 
0.7409570312499998 
0.7333398437499998 
0.8944726562499998 
0.7673242187499998 
0.5423242187499998 
0.93431640625 
0.6073632812499999 
0.7274804687499997 
0.4825585937499999 
0.50833984375 
0.5915429687499999 
0.7409570312499998 
0.91556640625 
0.6179101562499998 
0.6079492187499999 
0.6999414062499998 
0.6255273437499999 
0.9870507812499999 
0.5528710937499999 
0.7538476562499998 
0.6665429687499999 
0.8048242187499998 
0.51830078125 
0.45208984374999994 
0.7532617187499998 
0.6143945312499999 
0.5886132812499999 
0.6196679687499999 
0.8599023437499999 
0.6296289062499999 
0.7186914062499998 
0.5921289062499999 
0.6530664062499998 
0.9173242187499999 
0.5399804687499998 
0.5546289062499999 
0.8083398437499999 
0.7966210937499999 
0.8997460937499998 
0.5610742187499999 
0.6114648437499999 
0.6220117187499998 
0.5686914062499999 
0.6302148437499999 
0.7614648437499999 
0.6788476562499999 
0.6395898437499999 
0.6138085937499999 
0.6091210937499999 
0.6085351562499999 
0.8692773437499999 
0.6061914062499999 
0.9448632812500001 
0.7216210937499998 
0.6981835937499998 
0.6823632812499999 
0.5915429687499999 
0.8352929687499998 
0.6495507812499999 
0.6548242187499997 
0.6319726562499999 
