20 29 51 
1.2759179687500002 
0.7597070312499998 
1.14349609375 
0.8042382812499999 
0.7397851562499997 
0.6852929687499998 
0.7936914062499999 
0.7556054687499998 
0.92259765625 
0.94544921875 
1.18802734375 
0.8487695312499999 
0.8464257812499999 
0.95892578125 
0.6225976562499999 
0.6999414062499998 
0.6964257812499999 
0.7919335937499999 
0.7907617187499999 
0.7831445312499999 
0.6888085937499998 
0.97298828125 
0.4995507812499999 
0.5610742187499999 
0.5944726562499999 
0.7843164062499999 
0.7755273437499999 
0.7339257812499999 
0.8124414062499998 
1.02806640625 
0.8505273437499998 
0.7491601562499998 
0.7415429687499998 
0.6899804687499997 
0.5774804687499998 
0.7550195312499999 
1.15287109375 
1.16927734375 
0.7638085937499999 
0.92552734375 
0.8423242187499997 
0.7034570312499998 
0.7544335937499999 
0.6331445312499999 
0.7257226562499998 
0.7755273437499999 
0.8522851562499998 
0.7040429687499998 
0.92904296875 
0.6981835937499998 
1.05853515625 
0.7913476562499999 
0.5727929687499999 
0.6366601562499998 
1.01458984375 
0.7011132812499998 
0.7099023437499998 
0.5511132812499999 
0.79251953125 
0.7374414062499998 
1.01517578125 
0.7134179687499999 
0.7720117187499999 
0.7052148437499999 
0.96244140625 
0.96712890625 
0.6683007812499999 
0.7315820312499998 
0.5247460937499999 
0.6278710937499998 
0.6032617187499999 
0.6770898437499999 
0.9009179687499999 
0.93490234375 
0.7075585937499999 
0.7989648437499999 
0.6712304687499998 
0.6911523437499998 
0.5194726562499999 
0.60267578125 
0.7140039062499999 
0.7058007812499999 
0.6817773437499999 
0.4690820312499999 
0.6700585937499999 
0.8218164062499999 
0.7837304687499999 
0.6589257812499999 
0.7386132812499998 
0.92376953125 
0.7784570312499999 
0.7960351562499999 
0.8733789062499998 
0.6395898437499999 
0.7034570312499998 
0.7977929687499998 
0.8188867187499999 
0.7931054687499999 
0.8722070312499999 
0.9214257812500001 
1.09017578125 
0.6700585937499999 
0.8288476562499999 
0.8921289062499999 
0.8059960937499998 
0.5716210937499999 
0.8388085937499998 
0.9390039062500001 
0.5979882812499999 
0.7034570312499998 
0.92552734375 
0.5569726562499999 
0.94720703125 
0.8323632812499999 
0.6548242187499997 
0.8411523437499998 
0.52767578125 
0.7333398437499998 
0.7005273437499998 
0.9958398437499999 
0.6747460937499998 
0.49310546874999994 
0.45970703124999995 
0.6917382812499998 
0.5733789062499999 
0.45033203124999993 
0.9390039062500001 
0.8546289062499999 
0.6419335937499999 
0.7227929687499998 
0.8850976562499998 
0.6559960937499998 
0.6800195312499999 
0.7157617187499998 
0.6472070312499999 
0.43451171874999994 
0.7977929687499998 
0.8739648437499998 
0.6612695312499999 
0.8991601562499998 
0.7772851562499998 
0.6419335937499999 
0.5763085937499999 
0.6524804687499998 
0.9073632812499999 
0.6823632812499999 
0.8815820312499998 
0.6893945312499998 
0.8593164062499998 
0.9501367187499999 
0.8780664062499998 
0.9015039062499999 
0.6770898437499999 
1.08197265625 
0.7532617187499998 
0.8177148437499999 
0.5768945312499999 
0.5118554687499999 
0.7245507812499998 
0.91146484375 
0.5845117187499999 
0.60267578125 
0.7497460937499998 
0.6559960937499998 
0.7368554687499997 
0.6993554687499998 
0.7309960937499997 
0.94955078125 
0.8681054687499998 
0.8727929687499998 
0.8007226562499998 
1.1018945312500001 
0.8235742187499998 
0.94662109375 
0.8692773437499999 
0.7268945312499998 
0.96595703125 
0.7679101562499998 
0.96361328125 
0.92083984375 
0.8710351562499998 
0.8341210937499999 
0.6308007812499999 
0.78958984375 
0.8224023437499999 
0.7081445312499999 
0.8171289062499999 
1.0550195312500001 
0.8663476562499999 
0.8809960937499998 
0.8534570312499998 
1.02337890625 
0.7104882812499999 
0.7052148437499999 
0.7374414062499998 
0.9911523437499998 
0.7239648437499998 
0.8001367187499998 
0.8183007812499999 
1.1177148437500002 
