34 29 37 
0.8153710937499998 
0.7087304687499998 
0.7772851562499998 
0.5587304687499999 
0.6038476562499999 
0.7766992187499998 
0.6724023437499999 
0.92611328125 
0.6331445312499999 
0.60501953125 
0.6384179687499999 
0.7011132812499998 
0.5048242187499998 
0.6858789062499998 
0.94134765625 
0.6893945312499998 
0.48548828124999993 
0.7450585937499998 
0.6847070312499999 
0.7638085937499999 
0.5446679687499999 
0.7761132812499999 
0.6114648437499999 
0.7520898437499999 
0.7714257812499999 
0.5388085937499999 
0.6975976562499998 
0.6583398437499999 
0.6155664062499998 
0.6091210937499999 
0.5470117187499999 
0.6946679687499998 
0.7110742187499998 
1.09251953125 
0.8558007812499999 
0.5358789062499999 
0.9067773437499999 
0.6196679687499999 
0.5774804687499998 
0.5903710937499999 
0.8218164062499999 
0.8159570312499999 
0.5915429687499999 
0.8300195312499999 
0.7198632812499999 
0.6179101562499998 
0.7087304687499998 
0.7696679687499999 
0.6167382812499999 
0.8727929687499998 
0.6149804687499998 
0.6454492187499998 
0.7391992187499997 
0.91029296875 
0.8604882812499999 
0.45619140625 
0.6354882812499999 
0.93666015625 
0.5956445312499999 
0.6208398437499999 
0.46791015624999993 
0.7556054687499998 
0.7409570312499998 
0.6595117187499998 
0.5628320312499999 
0.7099023437499998 
0.6829492187499998 
0.7585351562499998 
0.8376367187499998 
0.6905664062499998 
0.6940820312499998 
0.7878320312499999 
0.6173242187499998 
0.6290429687499999 
0.9015039062499999 
0.51771484375 
0.6858789062499998 
0.7520898437499999 
0.6595117187499998 
0.7878320312499999 
0.8751367187499998 
0.8001367187499998 
0.7040429687499998 
1.2302148437500002 
0.5891992187499998 
0.8511132812499999 
0.5364648437499999 
0.7556054687499998 
0.95072265625 
0.6554101562499998 
0.94662109375 
0.7069726562499998 
0.5727929687499999 
0.7011132812499998 
0.8212304687499998 
0.6460351562499999 
0.7626367187499998 
0.6647851562499998 
0.6448632812499999 
0.6706445312499999 
0.6073632812499999 
0.6747460937499998 
0.9214257812500001 
0.7327539062499998 
0.6905664062499998 
0.5376367187499999 
0.6313867187499999 
0.56751953125 
0.7421289062499998 
0.96537109375 
0.5194726562499999 
0.7544335937499999 
0.7796289062499999 
0.9085351562499998 
0.7819726562499999 
0.8306054687499999 
0.6149804687499998 
0.5095117187499999 
0.6378320312499999 
0.6079492187499999 
0.47728515624999995 
0.6981835937499998 
0.5815820312499999 
0.6472070312499999 
0.5997460937499999 
0.7766992187499998 
0.6952539062499998 
0.5950585937499999 
0.8323632812499999 
0.7585351562499998 
0.8159570312499999 
0.7274804687499997 
0.6343164062499999 
0.6530664062499998 
0.6981835937499998 
0.6413476562499999 
0.7620507812499999 
0.6776757812499999 
0.5681054687499999 
0.6202539062499999 
0.6876367187499998 
0.5944726562499999 
0.8218164062499999 
0.7421289062499998 
0.7884179687499999 
0.7268945312499998 
0.6835351562499998 
0.9618554687499999 
0.7743554687499998 
0.6759179687499999 
0.5634179687499999 
0.6964257812499999 
0.6073632812499999 
0.54642578125 
0.8710351562499998 
0.6753320312499999 
0.6231835937499999 
0.8423242187499997 
0.49310546874999994 
0.6102929687499998 
0.7374414062499998 
0.91966796875 
0.7309960937499997 
0.5493554687499999 
0.7391992187499997 
0.7251367187499997 
0.5786523437499999 
0.5815820312499999 
0.7567773437499998 
0.6694726562499999 
0.6542382812499998 
0.8833398437499999 
0.8534570312499998 
0.8071679687499999 
0.6577539062499999 
0.7819726562499999 
0.6138085937499999 
0.7638085937499999 
0.5827539062499999 
0.6079492187499999 
0.7339257812499999 
0.7274804687499997 
0.8077539062499999 
0.7825585937499999 
0.5241601562499999 
0.5710351562499999 
0.6788476562499999 
0.7116601562499998 
0.7515039062499999 
0.7936914062499999 
0.8259179687499999 
0.6231835937499999 
0.7040429687499998 
0.6665429687499999 
0.7409570312499998 
0.5370507812499999 
0.5915429687499999 
0.8089257812499999 
0.5745507812499999 
0.8968164062499998 
