49 29 22 
0.6987695312499999 
0.47083984374999993 
0.7099023437499998 
0.6888085937499998 
0.7737695312499999 
0.8024804687499998 
0.6735742187499998 
0.6501367187499998 
0.6015039062499999 
0.6794335937499999 
0.96595703125 
0.7339257812499999 
0.7497460937499998 
0.6934960937499998 
0.5528710937499999 
0.94603515625 
0.9501367187499999 
0.7485742187499997 
0.5306054687499999 
0.7104882812499999 
0.5804101562499998 
0.6507226562499998 
0.7268945312499998 
0.5634179687499999 
0.6425195312499999 
0.8833398437499999 
0.6483789062499998 
0.6501367187499998 
0.5798242187499998 
0.6559960937499998 
0.6571679687499998 
0.7632226562499999 
0.7257226562499998 
0.8036523437499998 
0.7972070312499999 
0.7362695312499998 
0.91029296875 
0.52943359375 
0.55814453125 
0.7813867187499999 
0.8235742187499998 
0.6296289062499999 
0.6015039062499999 
0.6911523437499998 
0.6741601562499998 
0.79251953125 
0.6589257812499999 
0.6114648437499999 
0.6237695312499999 
0.5903710937499999 
0.6735742187499998 
0.5001367187499999 
0.6313867187499999 
0.5751367187499998 
0.8675195312499999 
0.6952539062499998 
0.51830078125 
0.8335351562499999 
0.5599023437499999 
0.52767578125 
0.7743554687499998 
0.6038476562499999 
0.7380273437499998 
0.47728515624999995 
1.0456445312500002 
0.6577539062499999 
0.5587304687499999 
0.6466210937499999 
0.5411523437499999 
0.7626367187499998 
0.7286523437499998 
0.6659570312499998 
0.4825585937499999 
0.5100976562499999 
0.4802148437499999 
0.6290429687499999 
0.9876367187499998 
0.7233789062499998 
0.6290429687499999 
0.6056054687499999 
0.6073632812499999 
0.5007226562499999 
0.8540429687499999 
0.7104882812499999 
0.7597070312499998 
0.8417382812499998 
0.6624414062499998 
0.6003320312499999 
0.6518945312499999 
0.8663476562499999 
0.5950585937499999 
0.5077539062499999 
0.6770898437499999 
0.6477929687499998 
0.51126953125 
0.6513085937499998 
0.7263085937499998 
0.6794335937499999 
0.8921289062499999 
0.5610742187499999 
0.5815820312499999 
0.7356835937499998 
0.7485742187499997 
1.09720703125 
0.7333398437499998 
0.7977929687499998 
0.6852929687499998 
0.6466210937499999 
0.6056054687499999 
0.52591796875 
0.8364648437499999 
0.59330078125 
0.60208984375 
0.5909570312499999 
0.5821679687499999 
0.5001367187499999 
0.7034570312499998 
0.8827539062499998 
0.6618554687499998 
0.6981835937499998 
0.8845117187499998 
0.5862695312499999 
0.5727929687499999 
0.8317773437499999 
0.7122460937499998 
0.8546289062499999 
0.8698632812499999 
0.9940820312499998 
0.7755273437499999 
0.55521484375 
0.6952539062499998 
0.8171289062499999 
0.6384179687499999 
0.59330078125 
0.6595117187499998 
0.5534570312499999 
0.6665429687499999 
0.4895898437499999 
0.6372460937499999 
0.8704492187499998 
0.7638085937499999 
0.5792382812499999 
0.7169335937499999 
0.8663476562499999 
0.52005859375 
0.5733789062499999 
0.5587304687499999 
0.5792382812499999 
0.6237695312499999 
0.6395898437499999 
0.5587304687499999 
0.49486328124999995 
0.7251367187499997 
0.7122460937499998 
0.52298828125 
0.9940820312499998 
0.8095117187499998 
0.5376367187499999 
0.6419335937499999 
0.7485742187499997 
0.6530664062499998 
0.95072265625 
0.5979882812499999 
0.7198632812499999 
0.7608789062499999 
0.45384765624999995 
0.6782617187499999 
0.5335351562499999 
0.8528710937499998 
0.7655664062499998 
0.6624414062499998 
0.5165429687499999 
0.5100976562499999 
0.93197265625 
0.6518945312499999 
0.6847070312499999 
0.7268945312499998 
0.8141992187499998 
0.59330078125 
0.7350976562499998 
0.6647851562499998 
0.6606835937499999 
0.8640039062499999 
0.7192773437499999 
0.5938867187499999 
0.6184960937499998 
0.7169335937499999 
0.8165429687499999 
0.5897851562499998 
0.5745507812499999 
0.53236328125 
0.5821679687499999 
0.52767578125 
0.7022851562499998 
0.5774804687499998 
0.7690820312499999 
0.7690820312499999 
0.9888085937499999 
0.6917382812499998 
0.5657617187499999 
