55 29 16 
0.79251953125 
0.6384179687499999 
0.7040429687499998 
0.6202539062499999 
0.49603515624999994 
0.6571679687499998 
0.8493554687499998 
0.37123046874999993 
0.7497460937499998 
0.6724023437499999 
0.6852929687499998 
0.6694726562499999 
0.7708398437499999 
0.7075585937499999 
0.60208984375 
0.6565820312499998 
0.6290429687499999 
0.7579492187499998 
0.7052148437499999 
0.5727929687499999 
0.6413476562499999 
0.6524804687499998 
0.5382226562499999 
0.5974023437499999 
0.6442773437499999 
0.5862695312499999 
0.7421289062499998 
0.6085351562499999 
0.5364648437499999 
0.5804101562499998 
0.8505273437499998 
0.4813867187499999 
0.6313867187499999 
0.7386132812499998 
0.6946679687499998 
0.5634179687499999 
0.7163476562499999 
0.9852929687499998 
0.6870507812499999 
0.7450585937499998 
0.7333398437499998 
0.6337304687499998 
0.5856835937499999 
0.7421289062499998 
0.6419335937499999 
0.8200585937499999 
0.6759179687499999 
0.6132226562499998 
0.97298828125 
0.5921289062499999 
0.8540429687499999 
0.45794921874999994 
0.6472070312499999 
0.7515039062499999 
0.8183007812499999 
0.53236328125 
0.6149804687499998 
0.7380273437499998 
0.6765039062499999 
0.5780664062499998 
0.91908203125 
0.5036523437499999 
0.7890039062499999 
0.7333398437499998 
0.5522851562499999 
0.7485742187499997 
0.5505273437499999 
0.7696679687499999 
0.7450585937499998 
0.6518945312499999 
0.7151757812499999 
0.8675195312499999 
0.6290429687499999 
0.5909570312499999 
0.53001953125 
0.6911523437499998 
0.7175195312499999 
0.6788476562499999 
0.6143945312499999 
0.6647851562499998 
0.6272851562499998 
0.6788476562499999 
0.8141992187499998 
0.7140039062499999 
0.7497460937499998 
0.5997460937499999 
0.6138085937499999 
0.6970117187499998 
0.6683007812499999 
0.9548242187499999 
0.7819726562499999 
0.6706445312499999 
0.6507226562499998 
0.6559960937499998 
0.6278710937499998 
0.8100976562499999 
0.7755273437499999 
0.6934960937499998 
0.5364648437499999 
0.95189453125 
0.6114648437499999 
0.8388085937499998 
0.91849609375 
0.7520898437499999 
0.6454492187499998 
0.7960351562499999 
0.7813867187499999 
1.02748046875 
0.6038476562499999 
0.40169921875 
0.6466210937499999 
0.8757226562499998 
0.60208984375 
0.5757226562499999 
0.6472070312499999 
0.52884765625 
0.6940820312499998 
0.7556054687499998 
0.7058007812499999 
0.5511132812499999 
0.6829492187499998 
0.7696679687499999 
0.7819726562499999 
0.7069726562499998 
0.5370507812499999 
0.8850976562499998 
0.6940820312499998 
0.7843164062499999 
0.6331445312499999 
0.6618554687499998 
0.7333398437499998 
0.7058007812499999 
0.8388085937499998 
0.7468164062499998 
0.93548828125 
0.7421289062499998 
0.7309960937499997 
0.9530664062499999 
0.6999414062499998 
0.7960351562499999 
0.6542382812499998 
0.8505273437499998 
1.12298828125 
0.5575585937499999 
0.7725976562499999 
0.4995507812499999 
0.6431054687499999 
0.5780664062499998 
0.49017578124999994 
0.6032617187499999 
0.8206445312499999 
0.7843164062499999 
0.6442773437499999 
0.7245507812499998 
0.7122460937499998 
0.6911523437499998 
0.7550195312499999 
0.5224023437499999 
0.6677148437499999 
0.6653710937499998 
0.6858789062499998 
0.5106835937499999 
0.4925195312499999 
0.6835351562499998 
0.5159570312499999 
0.7602929687499999 
0.92435546875 
0.95716796875 
0.5241601562499999 
0.5804101562499998 
0.7643945312499999 
0.60267578125 
0.95130859375 
0.6548242187499997 
0.6905664062499998 
0.5944726562499999 
0.7995507812499999 
0.6524804687499998 
0.6126367187499998 
0.5511132812499999 
0.6448632812499999 
0.92787109375 
0.5833398437499999 
0.5909570312499999 
0.8270898437499999 
0.5891992187499998 
0.6278710937499998 
0.7602929687499999 
0.7058007812499999 
0.6600976562499998 
0.8821679687499998 
0.7931054687499999 
0.6665429687499999 
0.7620507812499999 
0.5704492187499999 
0.7198632812499999 
0.8558007812499999 
0.6419335937499999 
0.7157617187499998 
0.7995507812499999 
