59 29 12 
0.6899804687499997 
0.7556054687499998 
0.5423242187499998 
0.7749414062499999 
0.7749414062499999 
0.8177148437499999 
0.7585351562499998 
0.6618554687499998 
0.96361328125 
0.54642578125 
0.7620507812499999 
0.7532617187499998 
0.7022851562499998 
0.6554101562499998 
0.8188867187499999 
0.7104882812499999 
1.06029296875 
0.7468164062499998 
0.6964257812499999 
0.7122460937499998 
0.8393945312499999 
0.6653710937499998 
0.6548242187499997 
0.5610742187499999 
0.5979882812499999 
0.6513085937499998 
0.6442773437499999 
0.7022851562499998 
0.6641992187499998 
0.6952539062499998 
0.4808007812499999 
0.6472070312499999 
0.7725976562499999 
0.5979882812499999 
0.6683007812499999 
0.5856835937499999 
0.60501953125 
0.6167382812499999 
0.5745507812499999 
0.9073632812499999 
0.49427734374999993 
0.6483789062499998 
0.5546289062499999 
0.6184960937499998 
0.8640039062499999 
0.7116601562499998 
0.7720117187499999 
0.7544335937499999 
0.6231835937499999 
0.6934960937499998 
0.6296289062499999 
0.7263085937499998 
0.5587304687499999 
0.7526757812499999 
0.9524804687499999 
0.7602929687499999 
0.8933007812499999 
0.7386132812499998 
0.6372460937499999 
0.5153710937499999 
1.0579492187500001 
0.8235742187499998 
0.6612695312499999 
0.7778710937499999 
0.5927148437499999 
0.8569726562499999 
0.6794335937499999 
0.6472070312499999 
0.55521484375 
0.7104882812499999 
0.7251367187499997 
0.8311914062499999 
0.5874414062499999 
0.51126953125 
0.7790429687499999 
0.5739648437499999 
0.7638085937499999 
0.8229882812499999 
0.6155664062499998 
0.6044335937499999 
0.7456445312499999 
0.8018945312499999 
0.6155664062499998 
0.6378320312499999 
0.6378320312499999 
0.5546289062499999 
0.7503320312499998 
0.5856835937499999 
0.8774804687499997 
0.5106835937499999 
0.7309960937499997 
0.8663476562499999 
0.6472070312499999 
0.7198632812499999 
0.6407617187499999 
0.6003320312499999 
0.8270898437499999 
0.6770898437499999 
0.5411523437499999 
0.5657617187499999 
0.5247460937499999 
0.60501953125 
0.6999414062499998 
0.6524804687499998 
0.5329492187499999 
0.7233789062499998 
0.49369140624999996 
0.6143945312499999 
0.5821679687499999 
0.6747460937499998 
0.6776757812499999 
0.5663476562499999 
0.6653710937499998 
0.8727929687499998 
0.6097070312499999 
0.9091210937499998 
0.7602929687499999 
0.5335351562499999 
0.5897851562499998 
0.9020898437499999 
0.6067773437499999 
0.6003320312499999 
0.6577539062499999 
0.6923242187499997 
0.8446679687499998 
0.8528710937499998 
0.5921289062499999 
0.4626367187499999 
0.7720117187499999 
0.7515039062499999 
0.8042382812499999 
0.6706445312499999 
0.7866601562499999 
0.6536523437499998 
1.09603515625 
0.6419335937499999 
0.6782617187499999 
0.8054101562499998 
0.6501367187499998 
0.4925195312499999 
0.50833984375 
0.8429101562499998 
0.55580078125 
0.5516992187499998 
0.6524804687499998 
0.43333984374999995 
0.6923242187499997 
0.52708984375 
0.5423242187499998 
0.45501953124999994 
0.5569726562499999 
0.6975976562499998 
0.7110742187499998 
0.7415429687499998 
0.7784570312499999 
0.7145898437499999 
0.8516992187499998 
0.8411523437499998 
0.9009179687499999 
0.6477929687499998 
0.6782617187499999 
0.7087304687499998 
0.7063867187499998 
0.6975976562499998 
0.7005273437499998 
0.7977929687499998 
0.7421289062499998 
0.6091210937499999 
0.97943359375 
0.7591210937499998 
0.78080078125 
0.4456445312499999 
0.93724609375 
0.91439453125 
0.6266992187499998 
0.8891992187499997 
0.8475976562499998 
0.6800195312499999 
0.6360742187499998 
0.7257226562499998 
0.7556054687499998 
0.6917382812499998 
0.7649804687499998 
0.6220117187499998 
0.6600976562499998 
0.5681054687499999 
0.7022851562499998 
0.7292382812499998 
0.7731835937499999 
0.7005273437499998 
0.6923242187499997 
0.6917382812499998 
0.56517578125 
0.5915429687499999 
0.8141992187499998 
0.6126367187499998 
0.6741601562499998 
0.8335351562499999 
0.6665429687499999 
0.6688867187499998 
