2 30 68 
1.3444726562500002 
1.3538476562500001 
1.34095703125 
1.2712304687500002 
1.3977929687500001 
1.43998046875 
1.3122460937500002 
1.3099023437500001 
1.42591796875 
1.3315820312500002 
1.3579492187500002 
1.3749414062499998 
1.2806054687500001 
1.31517578125 
1.3040429687500001 
1.3579492187500002 
1.2934960937500002 
1.31927734375 
1.2366601562500001 
1.36322265625 
1.41185546875 
1.38490234375 
1.28998046875 
1.3169335937500002 
1.30462890625 
1.3304101562500001 
1.3626367187500001 
1.37201171875 
1.33509765625 
1.33216796875 
1.31751953125 
1.29583984375 
1.37201171875 
1.3122460937500002 
1.28998046875 
1.28822265625 
1.3479882812500001 
1.43060546875 
1.30931640625 
1.4001367187500002 
1.3075585937500003 
1.36673828125 
1.31751953125 
1.31634765625 
1.31869140625 
1.38841796875 
1.29056640625 
1.41361328125 
1.3684960937500001 
1.3263085937500003 
1.38900390625 
1.3239648437500002 
1.29173828125 
1.30169921875 
1.33275390625 
1.3052148437500002 
1.31458984375 
1.3391992187500001 
1.29173828125 
1.3157617187500001 
1.44173828125 
1.45052734375 
1.2688867187500004 
1.44291015625 
1.36205078125 
1.29466796875 
1.29525390625 
1.32044921875 
1.3579492187500002 
1.3263085937500003 
1.2923242187500001 
1.3860742187500001 
1.3268945312500002 
1.29876953125 
1.3251367187500003 
1.39603515625 
1.29935546875 
1.4270898437500001 
1.3304101562500001 
1.3239648437500002 
1.3110742187500002 
1.3749414062499998 
1.42767578125 
1.31927734375 
1.31751953125 
1.3638085937500002 
1.3251367187500003 
1.3251367187500003 
1.37259765625 
1.31400390625 
1.3503320312500002 
1.32337890625 
1.35736328125 
1.2981835937500001 
1.3157617187500001 
1.2788476562500002 
1.2806054687500001 
1.2864648437500001 
1.30580078125 
1.3438867187500003 
1.33978515625 
1.3421289062500001 
1.3315820312500002 
1.36791015625 
1.3403710937500002 
1.39603515625 
1.3298242187500002 
1.31400390625 
1.2753320312500003 
1.31869140625 
1.4013085937500003 
1.3251367187500003 
1.37083984375 
1.3362695312500001 
1.3309960937500003 
1.3427148437500003 
1.3491601562500002 
1.32103515625 
1.2700585937500004 
1.2934960937500002 
1.36556640625 
1.2800195312500002 
1.26244140625 
1.2893945312500001 
1.2981835937500001 
1.46048828125 
1.41419921875 
1.37318359375 
1.3075585937500003 
1.35619140625 
1.3444726562500002 
1.30287109375 
1.38080078125 
1.3702539062499999 
1.28529296875 
1.3075585937500003 
1.3702539062499999 
1.36087890625 
1.3315820312500002 
1.3263085937500003 
1.3544335937500003 
1.32044921875 
1.29935546875 
1.3251367187500003 
1.29525390625 
1.29876953125 
1.28587890625 
1.3391992187500001 
1.39955078125 
1.38197265625 
1.2999414062499999 
1.3286523437500002 
1.3485742187500003 
1.36029296875 
1.29115234375 
1.3485742187500003 
1.37376953125 
1.2893945312500001 
1.4212304687500001 
1.4206445312500002 
1.36732421875 
1.4341210937500002 
1.31869140625 
1.3591210937500002 
1.4036523437500001 
1.38080078125 
1.32337890625 
1.2735742187500003 
1.3444726562500002 
1.4001367187500002 
1.4329492187500001 
1.3702539062499999 
1.3069726562500001 
1.3450585937500004 
1.39076171875 
1.36673828125 
1.2770898437500002 
1.2835351562500001 
1.3315820312500002 
1.42298828125 
1.30169921875 
1.39427734375 
1.2700585937500004 
1.38548828125 
1.3919335937500001 
1.3298242187500002 
1.4464257812499999 
1.3462304687500002 
1.3110742187500002 
1.2671289062500002 
1.29759765625 
1.3315820312500002 
1.2665429687500003 
1.31400390625 
1.3474023437500002 
1.30052734375 
1.31634765625 
1.3128320312500001 
1.39427734375 
1.3069726562500001 
