6 30 64 
1.25892578125 
0.9530664062499999 
1.26361328125 
1.14408203125 
0.96537109375 
1.00404296875 
1.2565820312500002 
1.07904296875 
0.7233789062499998 
1.00287109375 
0.93255859375 
0.8458398437499999 
1.19330078125 
0.5247460937499999 
0.6811914062499999 
0.8874414062499998 
1.0989648437500001 
0.8329492187499998 
0.7122460937499998 
1.3462304687500002 
0.96009765625 
1.24603515625 
1.2782617187500003 
1.17162109375 
0.8083398437499999 
1.22376953125 
1.3052148437500002 
1.2143945312500002 
1.18802734375 
1.22376953125 
1.1235742187500002 
0.8933007812499999 
1.0315820312500001 
1.20384765625 
1.2729882812500002 
1.22845703125 
0.8224023437499999 
1.2495507812500002 
1.2231835937500002 
1.0415429687500002 
1.16751953125 
0.94544921875 
1.02748046875 
1.2331445312500002 
1.18802734375 
1.02220703125 
1.24486328125 
1.12650390625 
1.20970703125 
1.17923828125 
1.09955078125 
0.96712890625 
1.2466210937500002 
1.2595117187500002 
1.21673828125 
1.2425195312500001 
1.36146484375 
1.18802734375 
1.2302148437500002 
1.13353515625 
1.0936914062499998 
1.2835351562500001 
1.03744140625 
0.8188867187499999 
0.7175195312499999 
1.12123046875 
0.7040429687499998 
1.3122460937500002 
1.07962890625 
1.1253320312500001 
1.24369140625 
0.97533203125 
0.93431640625 
0.9009179687499999 
1.2700585937500004 
0.9852929687499998 
1.3099023437500001 
1.0890039062499999 
1.2612695312500002 
1.19740234375 
0.9981835937499999 
0.9079492187499998 
1.24603515625 
1.22611328125 
1.1282617187500001 
0.9050195312499999 
1.13822265625 
0.93490234375 
1.0403710937500001 
1.24017578125 
1.2776757812500001 
1.19623046875 
0.9085351562499998 
1.18626953125 
1.30287109375 
0.7186914062499998 
1.20267578125 
1.16693359375 
1.06673828125 
1.2231835937500002 
0.8663476562499999 
1.2835351562500001 
1.18685546875 
1.2612695312500002 
0.8845117187499998 
0.9214257812500001 
1.34681640625 
1.0427148437500002 
1.09076171875 
1.20326171875 
1.0532617187500002 
1.2653710937500002 
0.96009765625 
1.2395898437500001 
0.9038476562499999 
1.02337890625 
0.91146484375 
1.2483789062500001 
1.2372460937500003 
1.20677734375 
1.09134765625 
1.0813867187500001 
1.22083984375 
1.2331445312500002 
1.27650390625 
1.19798828125 
1.2794335937500003 
1.0456445312500002 
0.91439453125 
1.0415429687500002 
1.08666015625 
0.8727929687499998 
1.20794921875 
0.8124414062499998 
1.11478515625 
1.2571679687500001 
0.8628320312499999 
1.16283203125 
0.97064453125 
0.8405664062499998 
1.15638671875 
1.2313867187500003 
1.23900390625 
1.0638085937500001 
1.0579492187500001 
1.2366601562500001 
0.6929101562499997 
1.2524804687500002 
1.2559960937500003 
0.7415429687499998 
1.18978515625 
1.2659570312500001 
1.24427734375 
1.21791015625 
1.20970703125 
1.0936914062499998 
0.8763085937499998 
1.22435546875 
1.06673828125 
0.7913476562499999 
0.9964257812499999 
0.98353515625 
1.2190820312500001 
0.9530664062499999 
1.2718164062500001 
1.09955078125 
1.3813867187500002 
1.0356835937500002 
0.97474609375 
1.1106835937500001 
1.22376953125 
1.24310546875 
1.12650390625 
1.25892578125 
0.8745507812499999 
1.25892578125 
1.2138085937500003 
1.2138085937500003 
1.29701171875 
1.0298242187500002 
1.1827539062499999 
1.22083984375 
1.2331445312500002 
1.37669921875 
1.31458984375 
1.2349023437500002 
0.94837890625 
1.1985742187500001 
1.1997460937500002 
1.14349609375 
1.24486328125 
1.26361328125 
1.04798828125 
1.2220117187500001 
1.23900390625 
1.2173242187500002 
1.06322265625 
1.2454492187500001 
0.93841796875 
1.22494140625 
