51 3 46 
1.2114648437500002 
1.2559960937500003 
1.3216210937500001 
1.2788476562500002 
1.28119140625 
1.33744140625 
1.2876367187500002 
1.2841210937500003 
1.2665429687500003 
1.2700585937500004 
1.27650390625 
1.2817773437500002 
1.3597070312500001 
1.3684960937500001 
1.22259765625 
1.21791015625 
1.29642578125 
1.2548242187500003 
1.2841210937500003 
1.3315820312500002 
1.2876367187500002 
1.2349023437500002 
1.2999414062499999 
1.23431640625 
1.3444726562500002 
1.31517578125 
1.2600976562500001 
1.2923242187500001 
1.2290429687500002 
1.41712890625 
1.3239648437500002 
1.2923242187500001 
1.32044921875 
1.27650390625 
1.28705078125 
1.17162109375 
1.2776757812500001 
1.2378320312500002 
1.33392578125 
1.3286523437500002 
1.2706445312500003 
1.2548242187500003 
1.3110742187500002 
1.29759765625 
1.2683007812500002 
1.3333398437500001 
1.26361328125 
1.1950585937500002 
1.29408203125 
1.20853515625 
1.29701171875 
1.29583984375 
1.33861328125 
1.33861328125 
1.3245507812500001 
1.2864648437500001 
1.22845703125 
1.3315820312500002 
1.2788476562500002 
1.2518945312500003 
1.2507226562500002 
1.3333398437500001 
1.2372460937500003 
1.2770898437500002 
1.3040429687500001 
1.2677148437500003 
1.3544335937500003 
1.22728515625 
1.29291015625 
1.2747460937500004 
1.2747460937500004 
1.2747460937500004 
1.29173828125 
1.2542382812500001 
1.28587890625 
1.2495507812500002 
1.2788476562500002 
1.2829492187500002 
1.21205078125 
1.2753320312500003 
1.3216210937500001 
1.30345703125 
1.3544335937500003 
1.2641992187500002 
1.20736328125 
1.21673828125 
1.32806640625 
1.29935546875 
1.2542382812500001 
1.29408203125 
1.2817773437500002 
1.26244140625 
1.2395898437500001 
1.32220703125 
1.33685546875 
1.29525390625 
1.3081445312500002 
1.3497460937500003 
1.2559960937500003 
1.29876953125 
1.3069726562500001 
1.2864648437500001 
1.2466210937500002 
1.2524804687500002 
1.2788476562500002 
1.29935546875 
1.28119140625 
1.3538476562500001 
1.29291015625 
1.2231835937500002 
1.3509179687500001 
1.25775390625 
1.24603515625 
1.33392578125 
1.22142578125 
1.33275390625 
1.31458984375 
1.3069726562500001 
1.2454492187500001 
1.3403710937500002 
1.21498046875 
1.2770898437500002 
1.2776757812500001 
1.2688867187500004 
1.2841210937500003 
1.2630273437500001 
1.2419335937500002 
1.2466210937500002 
1.3257226562500002 
1.3298242187500002 
1.2724023437500003 
1.28998046875 
1.30111328125 
1.2378320312500002 
1.2876367187500002 
1.2829492187500002 
1.2513085937500004 
1.26185546875 
1.2612695312500002 
1.3169335937500002 
1.3069726562500001 
1.2337304687500001 
1.2395898437500001 
1.3456445312500003 
1.31400390625 
1.2688867187500004 
1.22025390625 
1.22494140625 
1.2923242187500001 
1.36205078125 
1.22962890625 
1.35267578125 
1.3052148437500002 
1.2542382812500001 
1.31751953125 
1.2466210937500002 
1.28587890625 
1.2782617187500003 
1.29701171875 
1.29935546875 
1.26478515625 
1.2114648437500002 
1.2741601562500002 
1.30287109375 
1.3263085937500003 
1.3122460937500002 
1.3063867187500002 
1.29642578125 
1.2583398437500002 
1.2800195312500002 
1.24369140625 
1.2184960937500002 
1.4013085937500003 
1.2454492187500001 
1.2847070312500002 
1.2747460937500004 
1.29583984375 
1.24310546875 
1.3040429687500001 
1.2923242187500001 
1.3122460937500002 
1.39310546875 
1.2559960937500003 
1.28998046875 
1.2419335937500002 
1.29876953125 
1.3081445312500002 
1.2893945312500001 
1.27650390625 
1.20970703125 
1.2319726562500002 
1.3216210937500001 
1.3099023437500001 
1.2817773437500002 
1.2313867187500003 
1.2981835937500001 
1.2735742187500003 
1.2677148437500003 
1.3315820312500002 
1.3391992187500001 
