17 30 53 
0.6817773437499999 
1.01341796875 
1.08783203125 
0.7462304687499998 
0.8599023437499999 
0.98353515625 
0.7761132812499999 
0.5745507812499999 
0.8229882812499999 
1.0474023437500002 
0.8921289062499999 
0.7632226562499999 
0.7327539062499998 
0.8569726562499999 
0.6243554687499998 
0.7708398437499999 
0.8686914062499999 
0.5997460937499999 
0.8001367187499998 
0.7673242187499998 
0.7585351562499998 
0.8229882812499999 
0.7995507812499999 
1.13880859375 
0.7743554687499998 
0.8259179687499999 
0.6683007812499999 
0.6911523437499998 
0.52591796875 
0.6893945312499998 
0.6712304687499998 
0.7479882812499998 
0.6313867187499999 
0.7725976562499999 
0.7474023437499998 
0.5616601562499999 
0.8657617187499999 
0.5956445312499999 
0.8827539062499998 
0.9179101562499999 
0.6852929687499998 
1.05970703125 
0.6718164062499998 
0.7198632812499999 
0.6179101562499998 
1.03509765625 
0.8821679687499998 
0.7643945312499999 
0.5821679687499999 
0.8886132812499998 
0.6313867187499999 
0.8540429687499999 
0.8124414062499998 
0.8188867187499999 
0.5569726562499999 
0.53470703125 
0.7526757812499999 
0.6097070312499999 
0.5499414062499999 
0.7222070312499999 
0.8288476562499999 
0.4731835937499999 
1.0268945312500002 
0.6589257812499999 
0.8388085937499998 
0.8018945312499999 
1.0544335937500002 
0.8329492187499998 
0.7099023437499998 
0.8048242187499998 
0.9800195312500001 
0.8423242187499997 
0.6524804687499998 
0.78958984375 
0.92025390625 
0.7145898437499999 
0.60267578125 
0.6477929687499998 
0.6085351562499999 
0.8903710937499998 
1.0052148437500001 
0.7216210937499998 
0.6741601562499998 
0.7345117187499998 
0.5804101562499998 
0.91908203125 
0.7362695312499998 
0.7772851562499998 
0.9425195312500001 
0.7585351562499998 
0.7538476562499998 
0.7585351562499998 
0.8874414062499998 
1.0591210937500002 
0.6325585937499999 
0.7731835937499999 
0.7772851562499998 
1.1938867187500002 
0.9038476562499999 
0.6384179687499999 
0.9917382812499999 
0.7638085937499999 
0.8968164062499998 
0.8921289062499999 
0.6577539062499999 
0.7192773437499999 
0.7391992187499997 
0.53236328125 
0.8552148437499999 
0.95775390625 
0.92845703125 
0.8657617187499999 
0.7919335937499999 
0.8593164062499998 
0.7427148437499999 
0.9958398437499999 
0.8376367187499998 
0.6225976562499999 
0.7444726562499998 
0.5927148437499999 
0.78958984375 
0.98294921875 
0.55814453125 
0.8487695312499999 
0.7263085937499998 
0.8042382812499999 
0.8645898437499999 
0.8224023437499999 
1.20267578125 
1.07962890625 
0.7620507812499999 
0.6917382812499998 
0.6905664062499998 
0.92083984375 
0.7356835937499998 
0.7011132812499998 
0.7356835937499998 
0.94310546875 
0.7684960937499998 
0.8657617187499999 
0.7520898437499999 
0.6554101562499998 
0.7345117187499998 
1.07083984375 
0.6196679687499999 
1.18978515625 
0.8364648437499999 
0.5915429687499999 
0.6559960937499998 
0.6700585937499999 
0.9858789062499999 
0.8247460937499999 
0.6583398437499999 
0.7497460937499998 
1.06732421875 
0.95189453125 
0.92611328125 
0.7749414062499999 
0.8698632812499999 
0.7011132812499998 
0.7186914062499998 
1.0890039062499999 
0.7890039062499999 
0.8487695312499999 
0.7128320312499998 
1.13646484375 
0.8048242187499998 
0.8048242187499998 
1.23841796875 
0.5399804687499998 
0.7192773437499999 
0.5845117187499999 
1.0532617187500002 
0.7784570312499999 
0.8827539062499998 
0.98470703125 
0.8054101562499998 
0.8804101562499997 
0.8763085937499998 
0.8481835937499999 
0.6975976562499998 
0.8042382812499999 
0.6009179687499999 
0.6788476562499999 
0.6466210937499999 
0.7731835937499999 
1.0474023437500002 
0.8235742187499998 
0.7948632812499999 
0.95892578125 
1.16283203125 
0.6120507812499999 
0.7380273437499998 
0.7046289062499999 
0.8393945312499999 
0.7099023437499998 
0.94896484375 
0.6313867187499999 
0.8153710937499998 
0.8452539062499999 
