24 30 46 
0.91673828125 
0.9524804687499999 
0.7222070312499999 
0.8722070312499999 
0.5780664062499998 
0.7843164062499999 
0.6319726562499999 
0.6747460937499998 
0.6911523437499998 
1.00873046875 
0.8516992187499998 
0.6454492187499998 
0.8546289062499999 
0.9015039062499999 
0.6091210937499999 
0.8194726562499999 
0.41458984374999996 
0.8739648437499998 
0.7356835937499998 
0.6923242187499997 
0.7632226562499999 
0.7362695312499998 
0.8722070312499999 
0.8323632812499999 
0.9800195312500001 
0.7884179687499999 
0.6302148437499999 
0.7280664062499997 
0.7485742187499997 
0.8036523437499998 
0.7081445312499999 
0.7450585937499998 
0.5376367187499999 
1.06908203125 
0.7104882812499999 
0.5247460937499999 
0.7186914062499998 
0.7960351562499999 
0.8370507812499999 
0.7204492187499998 
0.7948632812499999 
0.7597070312499998 
0.6981835937499998 
0.97240234375 
0.5921289062499999 
0.6044335937499999 
0.6442773437499999 
0.6653710937499998 
0.7591210937499998 
0.5979882812499999 
1.06439453125 
1.1253320312500001 
0.8569726562499999 
0.7602929687499999 
0.7192773437499999 
0.8393945312499999 
0.5751367187499998 
0.5739648437499999 
0.6454492187499998 
0.5440820312499999 
0.5417382812499999 
0.5511132812499999 
0.8188867187499999 
0.97884765625 
0.7034570312499998 
0.7474023437499998 
0.6061914062499999 
0.92259765625 
0.6823632812499999 
0.6899804687499997 
0.5716210937499999 
0.47142578124999995 
0.7532617187499998 
0.7731835937499999 
0.7239648437499998 
0.7520898437499999 
0.8335351562499999 
0.41986328125 
0.8329492187499998 
0.5634179687499999 
0.8610742187499998 
0.8218164062499999 
0.7790429687499999 
0.97533203125 
0.7362695312499998 
0.5704492187499999 
0.7761132812499999 
0.6149804687499998 
0.7380273437499998 
0.6343164062499999 
0.6641992187499998 
0.94779296875 
1.03392578125 
0.7819726562499999 
0.7972070312499999 
0.8891992187499997 
0.8224023437499999 
0.7591210937499998 
0.45267578124999996 
0.6940820312499998 
0.7427148437499999 
0.9044335937499999 
0.7274804687499997 
0.8458398437499999 
0.7140039062499999 
0.8036523437499998 
0.8880273437499998 
0.7561914062499998 
0.7679101562499998 
0.6600976562499998 
0.5821679687499999 
0.7462304687499998 
0.7989648437499999 
0.93548828125 
0.6114648437499999 
0.8745507812499999 
0.93841796875 
0.5733789062499999 
0.6630273437499998 
0.9390039062500001 
0.52708984375 
0.6507226562499998 
0.7977929687499998 
0.6811914062499999 
0.8827539062499998 
0.8024804687499998 
1.1247460937500002 
0.7362695312499998 
0.96712890625 
0.96244140625 
0.6770898437499999 
0.6079492187499999 
0.7550195312499999 
0.6677148437499999 
0.6618554687499998 
0.5979882812499999 
0.6132226562499998 
0.7438867187499998 
0.9911523437499998 
0.6407617187499999 
0.8147851562499998 
0.9618554687499999 
0.8880273437499998 
0.5727929687499999 
0.7222070312499999 
0.7831445312499999 
0.8558007812499999 
0.8013085937499999 
0.8106835937499999 
0.6817773437499999 
0.79017578125 
0.6360742187499998 
1.2395898437500001 
0.6893945312499998 
0.8470117187499998 
0.8317773437499999 
0.8024804687499998 
0.7544335937499999 
0.6495507812499999 
0.6647851562499998 
0.8991601562499998 
0.8136132812499999 
0.98353515625 
0.8417382812499998 
0.7831445312499999 
0.6501367187499998 
0.7608789062499999 
0.6278710937499998 
0.7690820312499999 
0.6460351562499999 
0.6460351562499999 
0.7116601562499998 
0.6108789062499999 
0.7409570312499998 
0.6132226562499998 
0.8528710937499998 
0.46966796874999994 
1.08783203125 
0.7731835937499999 
0.8370507812499999 
0.6589257812499999 
0.5968164062499999 
0.6337304687499998 
1.03919921875 
1.11009765625 
0.8481835937499999 
0.91556640625 
0.7802148437499999 
0.6724023437499999 
0.6688867187499998 
0.6770898437499999 
0.6214257812499999 
0.7614648437499999 
0.7257226562499998 
0.5809960937499998 
0.8065820312499998 
0.7884179687499999 
0.9401757812500001 
0.8821679687499998 
0.6835351562499998 
