27 30 43 
0.7597070312499998 
0.6583398437499999 
0.7280664062499997 
0.97416015625 
0.8218164062499999 
0.7573632812499999 
1.14583984375 
0.92962890625 
0.4819726562499999 
0.6179101562499998 
0.6724023437499999 
0.6138085937499999 
0.5809960937499998 
0.6606835937499999 
0.7567773437499998 
0.6659570312499998 
0.7474023437499998 
0.5224023437499999 
0.6395898437499999 
0.7087304687499998 
0.8405664062499998 
1.01283203125 
0.5886132812499999 
0.8370507812499999 
0.8071679687499999 
0.6489648437499999 
0.6003320312499999 
0.6858789062499998 
0.7503320312499998 
0.6952539062499998 
0.8815820312499998 
0.7368554687499997 
0.60208984375 
0.7304101562499997 
0.7766992187499998 
0.8405664062499998 
0.6999414062499998 
0.5733789062499999 
0.6313867187499999 
0.8147851562499998 
0.6893945312499998 
0.7016992187499997 
0.5927148437499999 
0.6893945312499998 
0.5798242187499998 
0.6272851562499998 
0.6489648437499999 
0.8265039062499999 
0.7784570312499999 
0.5499414062499999 
0.9501367187499999 
0.92025390625 
0.6390039062499999 
0.7708398437499999 
0.7345117187499998 
0.5253320312499999 
0.6835351562499998 
0.8042382812499999 
0.5891992187499998 
0.7415429687499998 
0.5686914062499999 
0.6138085937499999 
0.94603515625 
0.5962304687499999 
0.97064453125 
0.7327539062499998 
0.7456445312499999 
0.7667382812499999 
0.7456445312499999 
0.97650390625 
0.6390039062499999 
0.6589257812499999 
0.56751953125 
0.6091210937499999 
0.7099023437499998 
0.44095703124999996 
0.8944726562499998 
1.12650390625 
0.7468164062499998 
0.78958984375 
0.5751367187499998 
0.5522851562499999 
0.6577539062499999 
0.5024804687499999 
0.6466210937499999 
0.8376367187499998 
0.7040429687499998 
0.5845117187499999 
0.7977929687499998 
0.7339257812499999 
0.8042382812499999 
0.5692773437499999 
0.5153710937499999 
0.7931054687499999 
0.6384179687499999 
0.92259765625 
0.7474023437499998 
0.45384765624999995 
0.5985742187499998 
0.7350976562499998 
1.0081445312500001 
0.7403710937499998 
0.6454492187499998 
0.8124414062499998 
0.5235742187499999 
0.8218164062499999 
0.54642578125 
0.6477929687499998 
0.8183007812499999 
0.6554101562499998 
0.6513085937499998 
0.91322265625 
0.7913476562499999 
0.6589257812499999 
0.5974023437499999 
1.02748046875 
0.7913476562499999 
0.7227929687499998 
0.8265039062499999 
0.8499414062499998 
0.8915429687499998 
0.5311914062499999 
0.8306054687499999 
0.96947265625 
0.7573632812499999 
0.6202539062499999 
0.7585351562499998 
0.93373046875 
0.91615234375 
0.97298828125 
0.7626367187499998 
0.6108789062499999 
0.7643945312499999 
0.6231835937499999 
0.7450585937499998 
0.6612695312499999 
0.5751367187499998 
0.5745507812499999 
0.6571679687499998 
0.97298828125 
0.6817773437499999 
0.8106835937499999 
0.8745507812499999 
0.7954492187499999 
0.6606835937499999 
0.6847070312499999 
0.8352929687499998 
0.7233789062499998 
0.8628320312499999 
0.52650390625 
0.8534570312499998 
0.4966210937499999 
0.6852929687499998 
0.51771484375 
0.7538476562499998 
0.7268945312499998 
0.5247460937499999 
0.7251367187499997 
0.7251367187499997 
0.7731835937499999 
0.7907617187499999 
0.6513085937499998 
0.6782617187499999 
0.8604882812499999 
0.6706445312499999 
0.6167382812499999 
0.47083984374999993 
0.7227929687499998 
0.6776757812499999 
0.6964257812499999 
0.7380273437499998 
0.8159570312499999 
0.7192773437499999 
0.6366601562499998 
0.6477929687499998 
0.6548242187499997 
0.5768945312499999 
0.53236328125 
0.8411523437499998 
0.6940820312499998 
0.8054101562499998 
0.9970117187499998 
0.8247460937499999 
1.05384765625 
0.5774804687499998 
0.6149804687499998 
0.8042382812499999 
0.7520898437499999 
0.50892578125 
0.7274804687499997 
0.8393945312499999 
0.7315820312499998 
0.6899804687499997 
0.7626367187499998 
0.7843164062499999 
0.7602929687499999 
0.8259179687499999 
0.45208984374999994 
0.8018945312499999 
0.8229882812499999 
