28 30 42 
0.8018945312499999 
0.6056054687499999 
0.78080078125 
0.8317773437499999 
0.6847070312499999 
0.8505273437499998 
0.6981835937499998 
0.7602929687499999 
0.6747460937499998 
0.7063867187499998 
0.6501367187499998 
0.7011132812499998 
0.8024804687499998 
0.7016992187499997 
0.6806054687499998 
0.47025390624999996 
0.8177148437499999 
0.7069726562499998 
0.8628320312499999 
0.9050195312499999 
0.6589257812499999 
0.6934960937499998 
0.92435546875 
1.2366601562500001 
0.8692773437499999 
0.92201171875 
0.8985742187499998 
0.6372460937499999 
0.54642578125 
0.7614648437499999 
0.5194726562499999 
0.7005273437499998 
0.9020898437499999 
0.8229882812499999 
0.60208984375 
0.6677148437499999 
0.6806054687499998 
0.6395898437499999 
0.8458398437499999 
0.6061914062499999 
0.7005273437499998 
0.9331445312500001 
0.7854882812499999 
0.7034570312499998 
0.8183007812499999 
0.6864648437499998 
0.6237695312499999 
0.7942773437499999 
0.52298828125 
0.8850976562499998 
0.5979882812499999 
0.8382226562499998 
0.7890039062499999 
0.6290429687499999 
0.5212304687499999 
0.7544335937499999 
0.52767578125 
0.7632226562499999 
1.2161523437500001 
0.5809960937499998 
0.6899804687499997 
0.6454492187499998 
0.6741601562499998 
0.5938867187499999 
0.8540429687499999 
0.6600976562499998 
0.6583398437499999 
0.7626367187499998 
0.7591210937499998 
0.6407617187499999 
0.8722070312499999 
0.5282617187499999 
1.0444726562500002 
0.8464257812499999 
0.7409570312499998 
0.6524804687499998 
0.7034570312499998 
0.8727929687499998 
0.7843164062499999 
0.7684960937499998 
0.5886132812499999 
0.7157617187499998 
0.7028710937499998 
0.8511132812499999 
0.7731835937499999 
0.5804101562499998 
0.8370507812499999 
0.7866601562499999 
0.5499414062499999 
0.5891992187499998 
0.6565820312499998 
0.9899804687499998 
0.7069726562499998 
1.00228515625 
1.1997460937500002 
0.5821679687499999 
0.8253320312499999 
0.94779296875 
0.7860742187499998 
0.8921289062499999 
0.92787109375 
0.5745507812499999 
0.5950585937499999 
0.6243554687499998 
0.5868554687499998 
0.8282617187499999 
0.7790429687499999 
0.8979882812499999 
0.5487695312499999 
0.43978515625 
0.6425195312499999 
0.5241601562499999 
0.41458984374999996 
0.6272851562499998 
0.6917382812499998 
0.6981835937499998 
1.0227929687500001 
0.6513085937499998 
0.7233789062499998 
0.7772851562499998 
0.55580078125 
0.7567773437499998 
0.6513085937499998 
0.8183007812499999 
0.5798242187499998 
1.09017578125 
0.8071679687499999 
0.6425195312499999 
0.8616601562499998 
0.5563867187499999 
0.5727929687499999 
0.78958984375 
0.6600976562499998 
0.8862695312499999 
0.6243554687499998 
0.7011132812499998 
0.98060546875 
0.7140039062499999 
0.6044335937499999 
0.6477929687499998 
0.7526757812499999 
0.8505273437499998 
0.9020898437499999 
0.6595117187499998 
0.6852929687499998 
0.6934960937499998 
0.8575585937499999 
0.5985742187499998 
0.7339257812499999 
0.7011132812499998 
0.8868554687499998 
0.7966210937499999 
0.7491601562499998 
0.8774804687499997 
0.6009179687499999 
0.6946679687499998 
0.5628320312499999 
0.8335351562499999 
0.7766992187499998 
0.5944726562499999 
0.6987695312499999 
0.8030664062499998 
0.6747460937499998 
0.7526757812499999 
0.5147851562499999 
0.7550195312499999 
0.5786523437499999 
0.6249414062499998 
0.6606835937499999 
0.7245507812499998 
0.8663476562499999 
0.91966796875 
0.7011132812499998 
0.6460351562499999 
0.7210351562499998 
0.8921289062499999 
0.7708398437499999 
0.92494140625 
0.6647851562499998 
0.7790429687499999 
0.56751953125 
0.7309960937499997 
0.5159570312499999 
0.93666015625 
0.6448632812499999 
0.6114648437499999 
0.8065820312499998 
0.52884765625 
0.8136132812499999 
0.6847070312499999 
0.6747460937499998 
0.8944726562499998 
0.5634179687499999 
0.9266992187499999 
0.8716210937499999 
0.8177148437499999 
0.6753320312499999 
0.6999414062499998 
0.6097070312499999 
0.6788476562499999 
