53 3 44 
1.3128320312500001 
1.2583398437500002 
1.2747460937500004 
1.2600976562500001 
1.2741601562500002 
1.22845703125 
1.30345703125 
1.35150390625 
1.18509765625 
1.35619140625 
1.2770898437500002 
1.25892578125 
1.3099023437500001 
1.2923242187500001 
1.29408203125 
1.2507226562500002 
1.2132226562500001 
1.29291015625 
1.3110742187500002 
1.29056640625 
1.26244140625 
1.20912109375 
1.2718164062500001 
1.30052734375 
1.2641992187500002 
1.2735742187500003 
1.2724023437500003 
1.29056640625 
1.36439453125 
1.2999414062499999 
1.3263085937500003 
1.3503320312500002 
1.30111328125 
1.20853515625 
1.30228515625 
1.29701171875 
1.24017578125 
1.1698632812499998 
1.28529296875 
1.3227929687500002 
1.2729882812500002 
1.3122460937500002 
1.2759179687500002 
1.2308007812500001 
1.2847070312500002 
1.2407617187500002 
1.2571679687500001 
1.3532617187500002 
1.2934960937500002 
1.32923828125 
1.17396484375 
1.2759179687500002 
1.36791015625 
1.2595117187500002 
1.3415429687500002 
1.2893945312500001 
1.30111328125 
1.2600976562500001 
1.29408203125 
1.3274804687500001 
1.31634765625 
1.2559960937500003 
1.36556640625 
1.24427734375 
1.2788476562500002 
1.2595117187500002 
1.28119140625 
1.2700585937500004 
1.2061914062499999 
1.3356835937500002 
1.2571679687500001 
1.2483789062500001 
1.2548242187500003 
1.2501367187500003 
1.3069726562500001 
1.36908203125 
1.2741601562500002 
1.2741601562500002 
1.3122460937500002 
1.3110742187500002 
1.2800195312500002 
1.30052734375 
1.3456445312500003 
1.3532617187500002 
1.42884765625 
1.2319726562500002 
1.3128320312500001 
1.2806054687500001 
1.24486328125 
1.25892578125 
1.31341796875 
1.2934960937500002 
1.30228515625 
1.31517578125 
1.2847070312500002 
1.2548242187500003 
1.33978515625 
1.20677734375 
1.3315820312500002 
1.32044921875 
1.3591210937500002 
1.27650390625 
1.28119140625 
1.26244140625 
1.2759179687500002 
1.29701171875 
1.2536523437500002 
1.2806054687500001 
1.27650390625 
1.2501367187500003 
1.3157617187500001 
1.28587890625 
1.2161523437500001 
1.31048828125 
1.28236328125 
1.2712304687500002 
1.20794921875 
1.3263085937500003 
1.2718164062500001 
1.2349023437500002 
1.24134765625 
1.2847070312500002 
1.2706445312500003 
1.2888085937500002 
1.31166015625 
1.2477929687500002 
1.2712304687500002 
1.2513085937500004 
1.30873046875 
1.2706445312500003 
1.26361328125 
1.21556640625 
1.2847070312500002 
1.31341796875 
1.2653710937500002 
1.1452539062499998 
1.25306640625 
1.26185546875 
1.3110742187500002 
1.30931640625 
1.32923828125 
1.2847070312500002 
1.2724023437500003 
1.2606835937500003 
1.3520898437500002 
1.2536523437500002 
1.2817773437500002 
1.2847070312500002 
1.24720703125 
1.2548242187500003 
1.33509765625 
1.3040429687500001 
1.3227929687500002 
1.2841210937500003 
1.1651757812499999 
1.2378320312500002 
1.2706445312500003 
1.3415429687500002 
1.2923242187500001 
1.2518945312500003 
1.2407617187500002 
1.3075585937500003 
1.2061914062499999 
1.30873046875 
1.31048828125 
1.29583984375 
1.29935546875 
1.33216796875 
1.2694726562500003 
1.3438867187500003 
1.2395898437500001 
1.20970703125 
1.2583398437500002 
1.24720703125 
1.2542382812500001 
1.2864648437500001 
1.44291015625 
1.28998046875 
1.29583984375 
1.3069726562500001 
1.28529296875 
1.30873046875 
1.20736328125 
1.2612695312500002 
1.29759765625 
1.29115234375 
1.33392578125 
1.3251367187500003 
1.31458984375 
1.2548242187500003 
1.2477929687500002 
1.36673828125 
1.28236328125 
1.30931640625 
1.22083984375 
1.2653710937500002 
1.2741601562500002 
1.18802734375 
1.2893945312500001 
1.29408203125 
