43 30 27 
0.5850976562499999 
0.6138085937499999 
0.6823632812499999 
1.02748046875 
0.9917382812499999 
0.5850976562499999 
0.7157617187499998 
0.8130273437499999 
0.5897851562499998 
0.7702539062499999 
0.8581445312499999 
0.91380859375 
0.8294335937499999 
0.7433007812499999 
0.8411523437499998 
0.7327539062499998 
0.9149804687499999 
0.7081445312499999 
0.6559960937499998 
0.5475976562499999 
0.6425195312499999 
0.6067773437499999 
0.4450585937499999 
0.9899804687499998 
0.6888085937499998 
0.6600976562499998 
0.5458398437499999 
0.7860742187499998 
0.8095117187499998 
0.6677148437499999 
0.5417382812499999 
0.7321679687499998 
0.5634179687499999 
0.5850976562499999 
0.7608789062499999 
0.6606835937499999 
0.6548242187499997 
0.6308007812499999 
0.6636132812499999 
0.7280664062499997 
0.6231835937499999 
0.7345117187499998 
0.45677734374999995 
0.97591796875 
0.7837304687499999 
0.5827539062499999 
0.8874414062499998 
0.5751367187499998 
0.7614648437499999 
0.7919335937499999 
0.5897851562499998 
0.9079492187499998 
0.6038476562499999 
0.7397851562499997 
0.7286523437499998 
0.7081445312499999 
0.5024804687499999 
0.52884765625 
0.6384179687499999 
0.6184960937499998 
0.8558007812499999 
0.7731835937499999 
0.6770898437499999 
0.4673242187499999 
0.8083398437499999 
0.7298242187499997 
0.7356835937499998 
0.8493554687499998 
0.5018945312499999 
0.7561914062499998 
0.7919335937499999 
0.53001953125 
0.9085351562499998 
0.7720117187499999 
0.7005273437499998 
0.6694726562499999 
0.5054101562499999 
0.6864648437499998 
0.6278710937499998 
0.6823632812499999 
0.6647851562499998 
0.53177734375 
0.5862695312499999 
0.7210351562499998 
0.6653710937499998 
0.6811914062499999 
0.5821679687499999 
0.6513085937499998 
0.98177734375 
0.5358789062499999 
0.7626367187499998 
0.5991601562499999 
0.6993554687499998 
0.6688867187499998 
0.51126953125 
0.7415429687499998 
0.6138085937499999 
0.6407617187499999 
0.43509765624999996 
0.7643945312499999 
0.8856835937499998 
1.07787109375 
0.6524804687499998 
0.6261132812499999 
0.8440820312499998 
0.5915429687499999 
0.7667382812499999 
0.91380859375 
0.6724023437499999 
0.8516992187499998 
0.7186914062499998 
0.6606835937499999 
0.7790429687499999 
0.52943359375 
0.8845117187499998 
0.7749414062499999 
0.6296289062499999 
0.7169335937499999 
0.6923242187499997 
0.6161523437499998 
0.7626367187499998 
0.6436914062499999 
0.5493554687499999 
0.7093164062499998 
0.8956445312499999 
0.82767578125 
1.01751953125 
0.8997460937499998 
0.60208984375 
0.7368554687499997 
0.6923242187499997 
0.9952539062499999 
0.5763085937499999 
0.8552148437499999 
0.4907617187499999 
0.8165429687499999 
0.8229882812499999 
0.7725976562499999 
0.7878320312499999 
0.6970117187499998 
0.8487695312499999 
0.6343164062499999 
0.6220117187499998 
0.6061914062499999 
0.8270898437499999 
0.7204492187499998 
0.6155664062499998 
0.7216210937499998 
0.8405664062499998 
0.7122460937499998 
0.5827539062499999 
0.7561914062499998 
0.5868554687499998 
0.98236328125 
0.91673828125 
0.94603515625 
0.6149804687499998 
0.7374414062499998 
0.8663476562499999 
0.79017578125 
0.5891992187499998 
0.5563867187499999 
0.92318359375 
0.6442773437499999 
0.46673828124999994 
0.6436914062499999 
0.5845117187499999 
0.7995507812499999 
0.7421289062499998 
0.6278710937499998 
0.4872460937499999 
0.6536523437499998 
0.7016992187499997 
0.8634179687499999 
0.6208398437499999 
0.6091210937499999 
0.7919335937499999 
0.7509179687499998 
0.6870507812499999 
0.7181054687499998 
0.6472070312499999 
0.52767578125 
0.52708984375 
0.6671289062499999 
0.6460351562499999 
0.7761132812499999 
0.7169335937499999 
0.7227929687499998 
0.6419335937499999 
0.6542382812499998 
0.5663476562499999 
0.94955078125 
0.5979882812499999 
0.6724023437499999 
0.7661523437499999 
0.8306054687499999 
0.6120507812499999 
0.6882226562499998 
0.8013085937499999 
0.9079492187499998 
