51 30 19 
0.56986328125 
0.5657617187499999 
0.9091210937499998 
0.6442773437499999 
0.6173242187499998 
0.6138085937499999 
0.6483789062499998 
0.5909570312499999 
0.8089257812499999 
0.8159570312499999 
0.6390039062499999 
0.7204492187499998 
0.7462304687499998 
0.8247460937499999 
0.6085351562499999 
0.5587304687499999 
0.6495507812499999 
0.6776757812499999 
0.6126367187499998 
0.5850976562499999 
0.7755273437499999 
0.6114648437499999 
0.5241601562499999 
0.7966210937499999 
0.7227929687499998 
0.52005859375 
0.5048242187499998 
0.7766992187499998 
0.6132226562499998 
0.6067773437499999 
0.7632226562499999 
0.7790429687499999 
0.5311914062499999 
0.7046289062499999 
0.7309960937499997 
0.7046289062499999 
0.6208398437499999 
0.5329492187499999 
0.7532617187499998 
0.6975976562499998 
0.8376367187499998 
0.5845117187499999 
0.7708398437499999 
0.5956445312499999 
0.6788476562499999 
0.7058007812499999 
0.4966210937499999 
0.6653710937499998 
0.6888085937499998 
0.6190820312499998 
0.8024804687499998 
0.6337304687499998 
0.6577539062499999 
0.7245507812499998 
0.6061914062499999 
0.5716210937499999 
0.7515039062499999 
0.6618554687499998 
0.52591796875 
0.45326171874999993 
0.6718164062499998 
0.9331445312500001 
0.8235742187499998 
0.6636132812499999 
0.6319726562499999 
0.6888085937499998 
0.6132226562499998 
0.6167382812499999 
0.7157617187499998 
0.8546289062499999 
0.6624414062499998 
0.7884179687499999 
0.8235742187499998 
0.5804101562499998 
0.6753320312499999 
0.8095117187499998 
0.6630273437499998 
0.7046289062499999 
0.4720117187499999 
0.6999414062499998 
0.91615234375 
0.7509179687499998 
0.7497460937499998 
0.7304101562499997 
0.5897851562499998 
0.6436914062499999 
0.7140039062499999 
0.7503320312499998 
0.6308007812499999 
0.6583398437499999 
0.7122460937499998 
0.6899804687499997 
0.5827539062499999 
0.6501367187499998 
0.6841210937499999 
0.7198632812499999 
0.6559960937499998 
0.5118554687499999 
0.92435546875 
0.6225976562499999 
0.8300195312499999 
0.7433007812499999 
0.5487695312499999 
0.8891992187499997 
0.6184960937499998 
0.8534570312499998 
0.7591210937499998 
0.56458984375 
0.7345117187499998 
0.8177148437499999 
0.5809960937499998 
0.6683007812499999 
0.6975976562499998 
0.7462304687499998 
0.7749414062499999 
0.60501953125 
0.6501367187499998 
0.5657617187499999 
0.7643945312499999 
0.6378320312499999 
0.7409570312499998 
0.5563867187499999 
0.5657617187499999 
0.6056054687499999 
0.7163476562499999 
0.8007226562499998 
0.7972070312499999 
0.59330078125 
0.8188867187499999 
0.5692773437499999 
0.98060546875 
0.5417382812499999 
0.9044335937499999 
0.6513085937499998 
0.7333398437499998 
0.6612695312499999 
0.7597070312499998 
0.6530664062499998 
0.6600976562499998 
0.7198632812499999 
0.6179101562499998 
0.6073632812499999 
0.8259179687499999 
0.6454492187499998 
0.6993554687499998 
0.6893945312499998 
0.8440820312499998 
0.5886132812499999 
0.54642578125 
0.9044335937499999 
0.5997460937499999 
0.6940820312499998 
0.6372460937499999 
0.7649804687499998 
0.7778710937499999 
0.7872460937499999 
0.7034570312499998 
0.7526757812499999 
0.6571679687499998 
0.7567773437499998 
0.5405664062499999 
0.5311914062499999 
0.7421289062499998 
0.60267578125 
0.5106835937499999 
0.6354882812499999 
0.52650390625 
0.7515039062499999 
0.6138085937499999 
0.5827539062499999 
0.8253320312499999 
0.5827539062499999 
0.5657617187499999 
0.7222070312499999 
0.56751953125 
0.7942773437499999 
0.5774804687499998 
0.7046289062499999 
0.6395898437499999 
0.7110742187499998 
0.5335351562499999 
0.7321679687499998 
0.7034570312499998 
0.64017578125 
0.8516992187499998 
0.54642578125 
0.5534570312499999 
0.6266992187499998 
0.6097070312499999 
0.8147851562499998 
0.6390039062499999 
1.07845703125 
0.5212304687499999 
0.6876367187499998 
0.5124414062499999 
0.7638085937499999 
0.7843164062499999 
0.45619140625 
0.94720703125 
0.7995507812499999 
