63 30 7 
0.6688867187499998 
0.6612695312499999 
0.6378320312499999 
0.7942773437499999 
0.5159570312499999 
0.6659570312499998 
0.5763085937499999 
0.7356835937499998 
0.8780664062499998 
0.8071679687499999 
0.8493554687499998 
0.52767578125 
0.6964257812499999 
0.7140039062499999 
0.91556640625 
0.5716210937499999 
0.5692773437499999 
0.5499414062499999 
0.6425195312499999 
0.6630273437499998 
0.6999414062499998 
0.7544335937499999 
0.6671289062499999 
0.5921289062499999 
1.0433007812500001 
0.43744140625 
0.5792382812499999 
0.7966210937499999 
0.7034570312499998 
0.8768945312499998 
0.6208398437499999 
0.5153710937499999 
0.5886132812499999 
0.7386132812499998 
0.7667382812499999 
0.7766992187499998 
0.6214257812499999 
0.6091210937499999 
0.7409570312499998 
0.91322265625 
0.45326171874999993 
0.5956445312499999 
0.6460351562499999 
0.7608789062499999 
0.5335351562499999 
0.7843164062499999 
0.7421289062499998 
0.8634179687499999 
0.7046289062499999 
0.7110742187499998 
0.8546289062499999 
0.6589257812499999 
0.8393945312499999 
0.7327539062499998 
0.5599023437499999 
0.6647851562499998 
0.6765039062499999 
0.7931054687499999 
0.7163476562499999 
0.6554101562499998 
0.8259179687499999 
0.6694726562499999 
0.7274804687499997 
0.7427148437499999 
0.5007226562499999 
0.8370507812499999 
0.8024804687499998 
0.5376367187499999 
0.7749414062499999 
0.7216210937499998 
0.6700585937499999 
0.8124414062499998 
0.5446679687499999 
0.5804101562499998 
0.8317773437499999 
0.6202539062499999 
0.6296289062499999 
0.7772851562499998 
0.6800195312499999 
0.6454492187499998 
0.6747460937499998 
0.6612695312499999 
0.7397851562499997 
0.6899804687499997 
0.6126367187499998 
0.6923242187499997 
0.7298242187499997 
0.7638085937499999 
0.5880273437499999 
0.7058007812499999 
0.6460351562499999 
0.7468164062499998 
0.7585351562499998 
0.9559960937499999 
0.6653710937499998 
0.5974023437499999 
0.5751367187499998 
0.5393945312499999 
0.8341210937499999 
0.7766992187499998 
0.6729882812499999 
0.6290429687499999 
0.6360742187499998 
1.04212890625 
0.7274804687499997 
0.4602929687499999 
0.6595117187499998 
0.6671289062499999 
0.5663476562499999 
0.7643945312499999 
0.8218164062499999 
0.6331445312499999 
0.6612695312499999 
0.55521484375 
0.5686914062499999 
0.6261132812499999 
0.6970117187499998 
0.8083398437499999 
0.6196679687499999 
0.5786523437499999 
0.5804101562499998 
0.6313867187499999 
0.7198632812499999 
0.5921289062499999 
0.6349023437499999 
0.6659570312499998 
0.8511132812499999 
0.98470703125 
0.8827539062499998 
0.7907617187499999 
0.9067773437499999 
0.6138085937499999 
0.6565820312499998 
1.06498046875 
0.56986328125 
0.52064453125 
0.6102929687499998 
0.5124414062499999 
0.7456445312499999 
0.5306054687499999 
0.7157617187499998 
0.5974023437499999 
0.8095117187499998 
0.5358789062499999 
0.6735742187499998 
0.8569726562499999 
0.8112695312499999 
0.5030664062499999 
0.7702539062499999 
0.5534570312499999 
0.8552148437499999 
0.6038476562499999 
0.5382226562499999 
0.5985742187499998 
0.5886132812499999 
0.5903710937499999 
0.4983789062499999 
0.5874414062499999 
0.6647851562499998 
0.6677148437499999 
0.9993554687499997 
0.7163476562499999 
0.6249414062499998 
0.7099023437499998 
0.6940820312499998 
0.7573632812499999 
0.6823632812499999 
0.5604882812499999 
0.7919335937499999 
0.6735742187499998 
0.6419335937499999 
0.6032617187499999 
0.5974023437499999 
0.49017578124999994 
0.5563867187499999 
0.9091210937499998 
0.6835351562499998 
0.7368554687499997 
0.7403710937499998 
0.7263085937499998 
0.6554101562499998 
0.8177148437499999 
0.7796289062499999 
0.7321679687499998 
0.7597070312499998 
0.6319726562499999 
0.6138085937499999 
0.8956445312499999 
0.5891992187499998 
0.7421289062499998 
0.7509179687499998 
0.4825585937499999 
0.5411523437499999 
0.7151757812499999 
0.6929101562499997 
0.9302148437500001 
0.6237695312499999 
0.93548828125 
0.6694726562499999 
0.8165429687499999 
