56 3 41 
1.2694726562500003 
1.2981835937500001 
1.29642578125 
1.28587890625 
1.2513085937500004 
1.29408203125 
1.2829492187500002 
1.3550195312500002 
1.3391992187500001 
1.31751953125 
1.2794335937500003 
1.2507226562500002 
1.2641992187500002 
1.3099023437500001 
1.2595117187500002 
1.2712304687500002 
1.2606835937500003 
1.2524804687500002 
1.36146484375 
1.31458984375 
1.2630273437500001 
1.26478515625 
1.32220703125 
1.29701171875 
1.33978515625 
1.2747460937500004 
1.19798828125 
1.3069726562500001 
1.2308007812500001 
1.31458984375 
1.28236328125 
1.29935546875 
1.2735742187500003 
1.2495507812500002 
1.29173828125 
1.3052148437500002 
1.29876953125 
1.29642578125 
1.37376953125 
1.33275390625 
1.19623046875 
1.3403710937500002 
1.23841796875 
1.33685546875 
1.3251367187500003 
1.29935546875 
1.31517578125 
1.28236328125 
1.29642578125 
1.31751953125 
1.28822265625 
1.32044921875 
1.2753320312500003 
1.30052734375 
1.2794335937500003 
1.2548242187500003 
1.15580078125 
1.2366601562500001 
1.2671289062500002 
1.2600976562500001 
1.2536523437500002 
1.2319726562500002 
1.30873046875 
1.2425195312500001 
1.36029296875 
1.31458984375 
1.3415429687500002 
1.2817773437500002 
1.3075585937500003 
1.2794335937500003 
1.2712304687500002 
1.27650390625 
1.31048828125 
1.29291015625 
1.36498046875 
1.2835351562500001 
1.33392578125 
1.33978515625 
1.2934960937500002 
1.17572265625 
1.3128320312500001 
1.2606835937500003 
1.2606835937500003 
1.3286523437500002 
1.2770898437500002 
1.28705078125 
1.30287109375 
1.28529296875 
1.2934960937500002 
1.46810546875 
1.2753320312500003 
1.26478515625 
1.2606835937500003 
1.2278710937500001 
1.19916015625 
1.31048828125 
1.23431640625 
1.2536523437500002 
1.3157617187500001 
1.33216796875 
1.2653710937500002 
1.2724023437500003 
1.29701171875 
1.28822265625 
1.29525390625 
1.3309960937500003 
1.23548828125 
1.28529296875 
1.2800195312500002 
1.3274804687500001 
1.30462890625 
1.2753320312500003 
1.2606835937500003 
1.29583984375 
1.3591210937500002 
1.28822265625 
1.31927734375 
1.2524804687500002 
1.36205078125 
1.2999414062499999 
1.2688867187500004 
1.2606835937500003 
1.3391992187500001 
1.3456445312500003 
1.2659570312500001 
1.3128320312500001 
1.3251367187500003 
1.3110742187500002 
1.26244140625 
1.28822265625 
1.29466796875 
1.2981835937500001 
1.2466210937500002 
1.33861328125 
1.24310546875 
1.2583398437500002 
1.2817773437500002 
1.28705078125 
1.2641992187500002 
1.2753320312500003 
1.33685546875 
1.2741601562500002 
1.26244140625 
1.4183007812500001 
1.2571679687500001 
1.2747460937500004 
1.20560546875 
1.30345703125 
1.31927734375 
1.2829492187500002 
1.2677148437500003 
1.2817773437500002 
1.30111328125 
1.22259765625 
1.3169335937500002 
1.2694726562500003 
1.2565820312500002 
1.2524804687500002 
1.2735742187500003 
1.25775390625 
1.2507226562500002 
1.22259765625 
1.2841210937500003 
1.31048828125 
1.2876367187500002 
1.31810546875 
1.2759179687500002 
1.2220117187500001 
1.26478515625 
1.2600976562500001 
1.28998046875 
1.2694726562500003 
1.2425195312500001 
1.28236328125 
1.31517578125 
1.2806054687500001 
1.26478515625 
1.28587890625 
1.2378320312500002 
1.2747460937500004 
1.2700585937500004 
1.24310546875 
1.29759765625 
1.24017578125 
1.2706445312500003 
1.3069726562500001 
1.3421289062500001 
1.2841210937500003 
1.2466210937500002 
1.2501367187500003 
1.3315820312500002 
1.3421289062500001 
1.2536523437500002 
1.2554101562500002 
1.3239648437500002 
1.30462890625 
1.2325585937500003 
1.32044921875 
1.3110742187500002 
1.2536523437500002 
