70 30 0 
0.8458398437499999 
0.6929101562499997 
0.5141992187499999 
0.7327539062499998 
0.6641992187499998 
0.8599023437499999 
0.47083984374999993 
0.6964257812499999 
0.8470117187499998 
0.4456445312499999 
1.07318359375 
0.6513085937499998 
0.60267578125 
0.5452539062499999 
0.6647851562499998 
0.5927148437499999 
0.8991601562499998 
0.7257226562499998 
0.5370507812499999 
0.6015039062499999 
0.6753320312499999 
0.92728515625 
0.6143945312499999 
0.8979882812499999 
0.6425195312499999 
0.7046289062499999 
0.7391992187499997 
0.6442773437499999 
0.6243554687499998 
0.7333398437499998 
0.6770898437499999 
0.7157617187499998 
0.5136132812499999 
0.6618554687499998 
0.7239648437499998 
0.7081445312499999 
0.6319726562499999 
0.6120507812499999 
0.7315820312499998 
0.6618554687499998 
0.6923242187499997 
0.7280664062499997 
0.8136132812499999 
0.5054101562499999 
0.6395898437499999 
0.49720703124999993 
0.43744140625 
0.6882226562499998 
0.8991601562499998 
0.6530664062499998 
0.8446679687499998 
0.7198632812499999 
0.64017578125 
0.7040429687499998 
0.6759179687499999 
0.8288476562499999 
0.5481835937499999 
0.6190820312499998 
0.5868554687499998 
0.8716210937499999 
0.7251367187499997 
0.52884765625 
0.6319726562499999 
0.7415429687499998 
0.6313867187499999 
0.93841796875 
0.8774804687499997 
0.7602929687499999 
0.5311914062499999 
0.6653710937499998 
0.7509179687499998 
0.6243554687499998 
0.5798242187499998 
0.5370507812499999 
0.6888085937499998 
0.5804101562499998 
0.7708398437499999 
0.6753320312499999 
0.6554101562499998 
0.92904296875 
0.5921289062499999 
0.8036523437499998 
0.5610742187499999 
0.5434960937499999 
0.5909570312499999 
0.7403710937499998 
0.45619140625 
0.6302148437499999 
0.7304101562499997 
0.5874414062499999 
0.6155664062499998 
0.7479882812499998 
0.5100976562499999 
0.5751367187499998 
0.6981835937499998 
0.7192773437499999 
0.7028710937499998 
0.6249414062499998 
0.7936914062499999 
0.7843164062499999 
0.5968164062499999 
0.7585351562499998 
0.6290429687499999 
0.7485742187499997 
0.7714257812499999 
0.8938867187499998 
0.7175195312499999 
0.5382226562499999 
0.5534570312499999 
0.6747460937499998 
0.6518945312499999 
0.6852929687499998 
0.6624414062499998 
0.6659570312499998 
0.6747460937499998 
0.9015039062499999 
0.6413476562499999 
0.7462304687499998 
0.7333398437499998 
0.5511132812499999 
0.6108789062499999 
0.7298242187499997 
0.6507226562499998 
0.6208398437499999 
0.8487695312499999 
0.7233789062499998 
0.4954492187499999 
0.4995507812499999 
0.7145898437499999 
0.5979882812499999 
0.6671289062499999 
0.6952539062499998 
0.5839257812499999 
0.8446679687499998 
0.6255273437499999 
0.92728515625 
0.5798242187499998 
0.7104882812499999 
0.7796289062499999 
0.7028710937499998 
0.6964257812499999 
0.6817773437499999 
0.6337304687499998 
0.7280664062499997 
0.8675195312499999 
0.91205078125 
0.5722070312499999 
0.45384765624999995 
0.91908203125 
0.6829492187499998 
0.6683007812499999 
0.5001367187499999 
0.5657617187499999 
0.91146484375 
0.7819726562499999 
0.6495507812499999 
0.5804101562499998 
0.45091796874999995 
0.6806054687499998 
0.7479882812499998 
0.5054101562499999 
0.5364648437499999 
0.6184960937499998 
0.6132226562499998 
0.6759179687499999 
0.6747460937499998 
0.8839257812499999 
0.8845117187499998 
0.7034570312499998 
0.7169335937499999 
0.7374414062499998 
0.6413476562499999 
0.7081445312499999 
0.6759179687499999 
0.6829492187499998 
0.7977929687499998 
0.5827539062499999 
0.6507226562499998 
0.5587304687499999 
0.6765039062499999 
0.6477929687499998 
0.7503320312499998 
0.6308007812499999 
0.6056054687499999 
0.7591210937499998 
0.7022851562499998 
0.6390039062499999 
0.6349023437499999 
0.6589257812499999 
0.7181054687499998 
0.7104882812499999 
0.7304101562499997 
0.8177148437499999 
0.6015039062499999 
0.8253320312499999 
0.5136132812499999 
0.7227929687499998 
0.6407617187499999 
0.5599023437499999 
0.6079492187499999 
