4 31 65 
1.30345703125 
1.24427734375 
1.2325585937500003 
1.04095703125 
1.2554101562500002 
1.2190820312500001 
1.21673828125 
1.22435546875 
1.2712304687500002 
1.2319726562500002 
1.3345117187500002 
1.2677148437500003 
1.2360742187500002 
1.3040429687500001 
1.2712304687500002 
1.2612695312500002 
1.29701171875 
1.14349609375 
1.2489648437500003 
1.2061914062499999 
1.2583398437500002 
1.11419921875 
1.2724023437500003 
1.14291015625 
1.2513085937500004 
1.30580078125 
1.2630273437500001 
1.1950585937500002 
1.2559960937500003 
1.18451171875 
1.2044335937500001 
1.24310546875 
1.2565820312500002 
1.2489648437500003 
1.07376953125 
1.2061914062499999 
1.3169335937500002 
1.2718164062500001 
1.25892578125 
1.22435546875 
1.29466796875 
1.24720703125 
1.16576171875 
1.32103515625 
1.2190820312500001 
1.3315820312500002 
1.24603515625 
1.2677148437500003 
1.29115234375 
1.03802734375 
1.2641992187500002 
1.1763085937500002 
1.2665429687500003 
1.29056640625 
1.2337304687500001 
1.10072265625 
1.2395898437500001 
1.2923242187500001 
1.2683007812500002 
1.12298828125 
1.32923828125 
1.2407617187500002 
1.2694726562500003 
1.17220703125 
1.2718164062500001 
1.14583984375 
1.18216796875 
1.13880859375 
1.3356835937500002 
1.0474023437500002 
0.8839257812499999 
1.2395898437500001 
1.24603515625 
1.2554101562500002 
1.2425195312500001 
1.22845703125 
1.11595703125 
1.2132226562500001 
1.2513085937500004 
1.2501367187500003 
1.3239648437500002 
1.30111328125 
1.24603515625 
0.92318359375 
1.11478515625 
1.3075585937500003 
1.2466210937500002 
1.21556640625 
1.21556640625 
1.46107421875 
1.30345703125 
1.27650390625 
1.15462890625 
1.3315820312500002 
1.2132226562500001 
1.22552734375 
0.79251953125 
1.18392578125 
1.2495507812500002 
1.2841210937500003 
1.22025390625 
1.2659570312500001 
1.3503320312500002 
1.2559960937500003 
1.2888085937500002 
1.19916015625 
1.27650390625 
1.20853515625 
1.2483789062500001 
1.2595117187500002 
1.2501367187500003 
1.2489648437500003 
1.30169921875 
1.0550195312500001 
1.22435546875 
1.2753320312500003 
1.33802734375 
1.29876953125 
1.2161523437500001 
0.9946679687499999 
1.1698632812499998 
1.2518945312500003 
1.21087890625 
1.1499414062499997 
1.2278710937500001 
1.20033203125 
1.2407617187500002 
1.22669921875 
1.2536523437500002 
1.0772851562499999 
1.2559960937500003 
1.2143945312500002 
1.24486328125 
1.2606835937500003 
1.2360742187500002 
1.2548242187500003 
1.1048242187500001 
1.15404296875 
1.0239648437500002 
1.24310546875 
1.21791015625 
1.18685546875 
1.24603515625 
1.24017578125 
1.2290429687500002 
1.21205078125 
1.16283203125 
1.30052734375 
1.2677148437500003 
1.2694726562500003 
1.23900390625 
1.26478515625 
1.0122460937500002 
1.21498046875 
1.24310546875 
0.8850976562499998 
1.3438867187500003 
1.2466210937500002 
1.31400390625 
1.2700585937500004 
1.2606835937500003 
1.29701171875 
1.2395898437500001 
1.23548828125 
1.10072265625 
0.8610742187499998 
0.6624414062499998 
1.2518945312500003 
1.2683007812500002 
1.15521484375 
1.3544335937500003 
1.26478515625 
1.16166015625 
1.24720703125 
1.23548828125 
1.2161523437500001 
1.2513085937500004 
1.2864648437500001 
1.21087890625 
1.30873046875 
1.3550195312500002 
1.2735742187500003 
1.2477929687500002 
1.2630273437500001 
1.19623046875 
1.2114648437500002 
1.2606835937500003 
1.28236328125 
1.08548828125 
1.2677148437500003 
1.2220117187500001 
1.3597070312500001 
1.3286523437500002 
1.22611328125 
1.14583984375 
1.2753320312500003 
1.11009765625 
1.23900390625 
1.2407617187500002 
1.2395898437500001 
