30 31 39 
0.8183007812499999 
0.6132226562499998 
0.6337304687499998 
0.6530664062499998 
0.7415429687499998 
1.01400390625 
0.7433007812499999 
0.8968164062499998 
0.7854882812499999 
0.56986328125 
0.6882226562499998 
0.95951171875 
0.5792382812499999 
0.5241601562499999 
0.95423828125 
0.5827539062499999 
0.92435546875 
0.6489648437499999 
0.6114648437499999 
0.7491601562499998 
0.6788476562499999 
0.7849023437499999 
0.7380273437499998 
0.5475976562499999 
0.6173242187499998 
0.8106835937499999 
0.6413476562499999 
0.8024804687499998 
0.98294921875 
0.8710351562499998 
0.6577539062499999 
0.6284570312499999 
0.8159570312499999 
0.7766992187499998 
0.8124414062499998 
0.7784570312499999 
0.6735742187499998 
0.6559960937499998 
0.7720117187499999 
0.5833398437499999 
0.8763085937499998 
0.7567773437499998 
0.6091210937499999 
0.5763085937499999 
0.6296289062499999 
0.7714257812499999 
0.7052148437499999 
0.6102929687499998 
0.45501953124999994 
0.95423828125 
0.8733789062499998 
0.7257226562499998 
0.93490234375 
0.52943359375 
0.7198632812499999 
0.8048242187499998 
0.7749414062499999 
0.8095117187499998 
1.02044921875 
0.91263671875 
0.7198632812499999 
0.8891992187499997 
0.6688867187499998 
0.7878320312499999 
0.8405664062499998 
0.5218164062499999 
0.7743554687499998 
0.52767578125 
0.6671289062499999 
0.5622460937499999 
0.9097070312499999 
0.7743554687499998 
0.7192773437499999 
0.7479882812499998 
0.8505273437499998 
0.5798242187499998 
0.79017578125 
0.7022851562499998 
0.7544335937499999 
0.7638085937499999 
0.8042382812499999 
0.5921289062499999 
0.8194726562499999 
0.8364648437499999 
0.8030664062499998 
0.4895898437499999 
1.05091796875 
0.8481835937499999 
0.6120507812499999 
0.91615234375 
0.7415429687499998 
0.6835351562499998 
0.8206445312499999 
0.5686914062499999 
0.8516992187499998 
0.8218164062499999 
0.6677148437499999 
0.9091210937499998 
1.0075585937500002 
0.6284570312499999 
0.7186914062499998 
0.6981835937499998 
0.6852929687499998 
0.6184960937499998 
0.59330078125 
0.7720117187499999 
0.8048242187499998 
0.8376367187499998 
0.8188867187499999 
0.7884179687499999 
0.7099023437499998 
0.6800195312499999 
0.8352929687499998 
0.6565820312499998 
0.7591210937499998 
0.6671289062499999 
0.8856835937499998 
0.7257226562499998 
0.7380273437499998 
0.8018945312499999 
0.7831445312499999 
0.4813867187499999 
0.7485742187499997 
0.5845117187499999 
0.6214257812499999 
0.95658203125 
0.7403710937499998 
0.60501953125 
0.6776757812499999 
0.5792382812499999 
0.7872460937499999 
0.7585351562499998 
0.9067773437499999 
0.7714257812499999 
0.8786523437499998 
0.52298828125 
0.7731835937499999 
0.95423828125 
0.6032617187499999 
0.8692773437499999 
0.7450585937499998 
0.5399804687499998 
0.6665429687499999 
0.92728515625 
0.8440820312499998 
0.5341210937499999 
0.5563867187499999 
0.6255273437499999 
0.8792382812499998 
0.6946679687499998 
0.8118554687499998 
0.7438867187499998 
0.5370507812499999 
0.6946679687499998 
0.5886132812499999 
0.7597070312499998 
0.7649804687499998 
0.5927148437499999 
0.6712304687499998 
0.6225976562499999 
0.6407617187499999 
0.5423242187499998 
0.7772851562499998 
0.8505273437499998 
0.9419335937500001 
0.52884765625 
0.5944726562499999 
0.6208398437499999 
0.82767578125 
0.6032617187499999 
0.7022851562499998 
0.7421289062499998 
1.04095703125 
0.8253320312499999 
0.5891992187499998 
0.45794921874999994 
0.7456445312499999 
0.55521484375 
0.39994140625 
0.8827539062499998 
0.5130273437499999 
0.8300195312499999 
0.6079492187499999 
0.5587304687499999 
0.8493554687499998 
0.7374414062499998 
0.9067773437499999 
0.5739648437499999 
0.7966210937499999 
0.5944726562499999 
0.7233789062499998 
0.9893945312499999 
0.8481835937499999 
0.60208984375 
0.8405664062499998 
0.6536523437499998 
0.5722070312499999 
0.6770898437499999 
0.7462304687499998 
0.5915429687499999 
