53 31 16 
0.6993554687499998 
0.6683007812499999 
0.49720703124999993 
0.7280664062499997 
0.5880273437499999 
0.8552148437499999 
0.6249414062499998 
0.6934960937499998 
0.7731835937499999 
0.6624414062499998 
0.6308007812499999 
0.7544335937499999 
0.5622460937499999 
0.94662109375 
0.8159570312499999 
0.7567773437499998 
0.92787109375 
0.6888085937499998 
0.8481835937499999 
0.8100976562499999 
0.7567773437499998 
0.7075585937499999 
0.64017578125 
0.6091210937499999 
0.5569726562499999 
0.5616601562499999 
0.8423242187499997 
0.53177734375 
0.6665429687499999 
0.7579492187499998 
0.6061914062499999 
0.6893945312499998 
0.7485742187499997 
0.5809960937499998 
0.6454492187499998 
0.79251953125 
0.6729882812499999 
0.5909570312499999 
0.64017578125 
0.8798242187499997 
0.8481835937499999 
0.6114648437499999 
0.8118554687499998 
0.7614648437499999 
0.6313867187499999 
0.5329492187499999 
0.7251367187499997 
0.5950585937499999 
0.6600976562499998 
0.7573632812499999 
0.5657617187499999 
0.7890039062499999 
0.7386132812499998 
0.6272851562499998 
0.9618554687499999 
0.8645898437499999 
0.46791015624999993 
0.5815820312499999 
0.7046289062499999 
0.6952539062499998 
0.6724023437499999 
0.6759179687499999 
0.7761132812499999 
0.9911523437499998 
0.6524804687499998 
0.56693359375 
0.6595117187499998 
0.7597070312499998 
0.5886132812499999 
0.7684960937499998 
0.5311914062499999 
0.6448632812499999 
0.7878320312499999 
0.7936914062499999 
0.6483789062499998 
0.7368554687499997 
0.6296289062499999 
0.6794335937499999 
0.5780664062499998 
0.7181054687499998 
0.7843164062499999 
0.6741601562499998 
0.6864648437499998 
0.7819726562499999 
0.6360742187499998 
0.45208984374999994 
0.6243554687499998 
0.7854882812499999 
0.6647851562499998 
0.6015039062499999 
0.7890039062499999 
0.5991601562499999 
0.8100976562499999 
0.9401757812500001 
0.6530664062499998 
0.7737695312499999 
0.5136132812499999 
0.6349023437499999 
0.7005273437499998 
0.6776757812499999 
0.7608789062499999 
0.7380273437499998 
0.6800195312499999 
0.9179101562499999 
0.56458984375 
0.6220117187499998 
1.22552734375 
0.6360742187499998 
0.6858789062499998 
0.6102929687499998 
0.7720117187499999 
0.7216210937499998 
0.6384179687499999 
0.8341210937499999 
0.6196679687499999 
0.52767578125 
0.5950585937499999 
0.6079492187499999 
0.8968164062499998 
0.7737695312499999 
0.59330078125 
0.5927148437499999 
0.5827539062499999 
0.8352929687499998 
0.6788476562499999 
0.52591796875 
0.5054101562499999 
0.5604882812499999 
0.6354882812499999 
0.38294921874999993 
0.6559960937499998 
0.6331445312499999 
0.5938867187499999 
0.5991601562499999 
0.46498046874999993 
0.7011132812499998 
0.7456445312499999 
0.7819726562499999 
0.5059960937499999 
0.7040429687499998 
0.49427734374999993 
0.6102929687499998 
0.7843164062499999 
0.6009179687499999 
0.6876367187499998 
0.8200585937499999 
0.5423242187499998 
0.9302148437500001 
0.7438867187499998 
0.5358789062499999 
0.6319726562499999 
0.6272851562499998 
0.6079492187499999 
0.6138085937499999 
0.91673828125 
0.6272851562499998 
0.6477929687499998 
0.6202539062499999 
0.7667382812499999 
0.5188867187499999 
0.7169335937499999 
0.7104882812499999 
0.6214257812499999 
0.5780664062499998 
0.7110742187499998 
0.6688867187499998 
0.6413476562499999 
0.51771484375 
0.7755273437499999 
0.7016992187499997 
0.8815820312499998 
0.5370507812499999 
0.6472070312499999 
0.6975976562499998 
0.5616601562499999 
0.6196679687499999 
0.7063867187499998 
0.6425195312499999 
0.7538476562499998 
0.6173242187499998 
0.96947265625 
0.5739648437499999 
0.6126367187499998 
0.6888085937499998 
0.5141992187499999 
0.7579492187499998 
0.48900390624999995 
0.5979882812499999 
0.7087304687499998 
0.6835351562499998 
0.5827539062499999 
0.5604882812499999 
0.7433007812499999 
0.6120507812499999 
0.8599023437499999 
0.6261132812499999 
0.5792382812499999 
0.5610742187499999 
0.6571679687499998 
0.6940820312499998 
