55 31 14 
0.6536523437499998 
0.5364648437499999 
0.7368554687499997 
0.7397851562499997 
0.8153710937499998 
0.93783203125 
0.47376953124999993 
0.8317773437499999 
0.5827539062499999 
0.6993554687499998 
0.6852929687499998 
0.8663476562499999 
0.6618554687499998 
0.8868554687499998 
0.8710351562499998 
0.8897851562499998 
0.6671289062499999 
0.52005859375 
0.42982421874999993 
0.60501953125 
0.6788476562499999 
0.7140039062499999 
0.8768945312499998 
0.8692773437499999 
0.7468164062499998 
0.6436914062499999 
0.8411523437499998 
0.5974023437499999 
0.8001367187499998 
0.8001367187499998 
0.6073632812499999 
0.5540429687499999 
0.6067773437499999 
0.8136132812499999 
0.5804101562499998 
0.7169335937499999 
0.5733789062499999 
0.5141992187499999 
0.7122460937499998 
0.53470703125 
0.6390039062499999 
0.51830078125 
0.6266992187499998 
0.7520898437499999 
0.7708398437499999 
0.6917382812499998 
0.7386132812499998 
0.6852929687499998 
0.91439453125 
0.6952539062499998 
0.7134179687499999 
0.8563867187499998 
0.7796289062499999 
0.8804101562499997 
0.6366601562499998 
0.6653710937499998 
0.49603515624999994 
0.6618554687499998 
0.7931054687499999 
0.6641992187499998 
0.6331445312499999 
0.6600976562499998 
0.8727929687499998 
0.8030664062499998 
0.8552148437499999 
0.7280664062499997 
0.7884179687499999 
0.7327539062499998 
0.6964257812499999 
0.6946679687499998 
0.6343164062499999 
0.7866601562499999 
0.8417382812499998 
0.5915429687499999 
0.7444726562499998 
0.5610742187499999 
0.6882226562499998 
0.6337304687499998 
0.6114648437499999 
0.7099023437499998 
0.7304101562499997 
0.7140039062499999 
0.6847070312499999 
0.7790429687499999 
0.6308007812499999 
0.6835351562499998 
0.56400390625 
0.6220117187499998 
0.7421289062499998 
0.6114648437499999 
0.6114648437499999 
0.5886132812499999 
0.5868554687499998 
0.52650390625 
0.6554101562499998 
0.8083398437499999 
0.7339257812499999 
0.7122460937499998 
0.6999414062499998 
0.6706445312499999 
0.5739648437499999 
0.5891992187499998 
0.45677734374999995 
0.7304101562499997 
0.7608789062499999 
0.6337304687499998 
0.7890039062499999 
0.6817773437499999 
0.8757226562499998 
0.5886132812499999 
0.7016992187499997 
0.5968164062499999 
0.7251367187499997 
0.7977929687499998 
0.6249414062499998 
0.78958984375 
0.8710351562499998 
0.6290429687499999 
0.7280664062499997 
0.5188867187499999 
0.5897851562499998 
0.7333398437499998 
0.6765039062499999 
0.6349023437499999 
0.56517578125 
0.6056054687499999 
0.5938867187499999 
0.6600976562499998 
0.6284570312499999 
0.5434960937499999 
0.6067773437499999 
0.8681054687499998 
0.4837304687499999 
0.5739648437499999 
0.8194726562499999 
0.6442773437499999 
0.8487695312499999 
0.60501953125 
0.8423242187499997 
0.8212304687499998 
0.45677734374999995 
0.7468164062499998 
0.50892578125 
0.8868554687499998 
0.5962304687499999 
0.6806054687499998 
0.5663476562499999 
0.8071679687499999 
0.7597070312499998 
0.7790429687499999 
0.6009179687499999 
0.7837304687499999 
0.6225976562499999 
0.7286523437499998 
0.6899804687499997 
0.7474023437499998 
0.53470703125 
0.5153710937499999 
0.9302148437500001 
0.5604882812499999 
0.6225976562499999 
0.8194726562499999 
0.6097070312499999 
0.6571679687499998 
0.6337304687499998 
0.7632226562499999 
0.7567773437499998 
0.52943359375 
0.7040429687499998 
0.8077539062499999 
0.9934960937499998 
0.6132226562499998 
0.8370507812499999 
0.7749414062499999 
0.7397851562499997 
0.8886132812499998 
0.6313867187499999 
0.7954492187499999 
0.7345117187499998 
0.6231835937499999 
0.6577539062499999 
0.7245507812499998 
0.8171289062499999 
0.5827539062499999 
0.8452539062499999 
0.6249414062499998 
0.5938867187499999 
0.6940820312499998 
0.5241601562499999 
0.6085351562499999 
0.6829492187499998 
0.5440820312499999 
0.7438867187499998 
0.92728515625 
0.5399804687499998 
0.9079492187499998 
0.6225976562499999 
0.6934960937499998 
0.7151757812499999 
0.5247460937499999 
