69 31 0 
0.7743554687499998 
0.6061914062499999 
0.7749414062499999 
0.7192773437499999 
0.5827539062499999 
0.6641992187499998 
0.6911523437499998 
0.7163476562499999 
0.8153710937499998 
0.7696679687499999 
0.6788476562499999 
0.7374414062499998 
0.6864648437499998 
0.51771484375 
0.7585351562499998 
0.6800195312499999 
0.7550195312499999 
0.6126367187499998 
0.6893945312499998 
0.6665429687499999 
0.6595117187499998 
0.7725976562499999 
0.7444726562499998 
0.5235742187499999 
0.6143945312499999 
0.4485742187499999 
0.7837304687499999 
0.7749414062499999 
0.6173242187499998 
0.5815820312499999 
0.8282617187499999 
0.8270898437499999 
0.5815820312499999 
0.6407617187499999 
0.5013085937499999 
0.5124414062499999 
0.6782617187499999 
0.5850976562499999 
0.5434960937499999 
0.5997460937499999 
0.4450585937499999 
0.5827539062499999 
0.6372460937499999 
0.55521484375 
0.7638085937499999 
0.52005859375 
0.6565820312499998 
0.5710351562499999 
0.5165429687499999 
0.8112695312499999 
0.5874414062499999 
0.7532617187499998 
0.5475976562499999 
0.7151757812499999 
0.6225976562499999 
0.7813867187499999 
0.7280664062499997 
0.6056054687499999 
0.8821679687499998 
0.6712304687499998 
0.7175195312499999 
0.6243554687499998 
0.6817773437499999 
0.7872460937499999 
0.8282617187499999 
0.7462304687499998 
0.7181054687499998 
0.7714257812499999 
0.9038476562499999 
0.7309960937499997 
0.6419335937499999 
0.6724023437499999 
0.56751953125 
0.7702539062499999 
0.5751367187499998 
0.6214257812499999 
0.5165429687499999 
0.5388085937499999 
0.6694726562499999 
0.8089257812499999 
0.5499414062499999 
0.5065820312499999 
0.7403710937499998 
0.53236328125 
0.6208398437499999 
0.7948632812499999 
0.6870507812499999 
0.7046289062499999 
0.7825585937499999 
0.5921289062499999 
0.5446679687499999 
0.5599023437499999 
0.5534570312499999 
0.7679101562499998 
0.6249414062499998 
0.6448632812499999 
0.7333398437499998 
0.6513085937499998 
0.7298242187499997 
0.7227929687499998 
0.91966796875 
0.5845117187499999 
0.6934960937499998 
0.5927148437499999 
0.6179101562499998 
0.8458398437499999 
0.52064453125 
0.6524804687499998 
0.6009179687499999 
0.5991601562499999 
0.7696679687499999 
0.8270898437499999 
0.6513085937499998 
0.7216210937499998 
0.6349023437499999 
0.52005859375 
0.9038476562499999 
0.8112695312499999 
0.5399804687499998 
0.6413476562499999 
0.6671289062499999 
0.6952539062499998 
0.8575585937499999 
0.6448632812499999 
0.7479882812499998 
0.6179101562499998 
0.7438867187499998 
0.5241601562499999 
0.7315820312499998 
0.7948632812499999 
0.7444726562499998 
0.5224023437499999 
0.7479882812499998 
0.7286523437499998 
0.6454492187499998 
0.6454492187499998 
0.6671289062499999 
0.6056054687499999 
0.5985742187499998 
0.45619140625 
0.6384179687499999 
0.5341210937499999 
0.6518945312499999 
0.7315820312499998 
0.8106835937499999 
0.5095117187499999 
0.6302148437499999 
0.6015039062499999 
0.7960351562499999 
0.6126367187499998 
0.7860742187499998 
0.5663476562499999 
0.8481835937499999 
0.5727929687499999 
0.6489648437499999 
0.6811914062499999 
0.6817773437499999 
0.9173242187499999 
0.6647851562499998 
0.6085351562499999 
0.6776757812499999 
0.6765039062499999 
0.7040429687499998 
0.5891992187499998 
0.5440820312499999 
0.5470117187499999 
0.7227929687499998 
0.4626367187499999 
0.8487695312499999 
0.5487695312499999 
0.6665429687499999 
0.54642578125 
0.6665429687499999 
0.5224023437499999 
0.7995507812499999 
0.8218164062499999 
0.93607421875 
0.5886132812499999 
0.5909570312499999 
0.5388085937499999 
0.6284570312499999 
0.6729882812499999 
0.44798828124999995 
0.5921289062499999 
0.6425195312499999 
0.5827539062499999 
0.5751367187499998 
0.7222070312499999 
0.6641992187499998 
0.6729882812499999 
0.5587304687499999 
0.7643945312499999 
0.6431054687499999 
0.8323632812499999 
0.8124414062499998 
0.6536523437499998 
0.8007226562499998 
0.6073632812499999 
0.5850976562499999 
0.4263085937499999 
