4 32 64 
1.22611328125 
1.15873046875 
1.2454492187500001 
1.28236328125 
1.1405664062499998 
1.16224609375 
1.2372460937500003 
1.2782617187500003 
1.2776757812500001 
1.3456445312500003 
1.17572265625 
1.2841210937500003 
1.07904296875 
1.09544921875 
1.31048828125 
1.20912109375 
1.2524804687500002 
1.2378320312500002 
1.25775390625 
1.2735742187500003 
1.32044921875 
1.2220117187500001 
1.24369140625 
1.23841796875 
1.22845703125 
1.22435546875 
1.25775390625 
1.2518945312500003 
1.2806054687500001 
1.2548242187500003 
1.02748046875 
1.1950585937500002 
1.17337890625 
1.2677148437500003 
1.17865234375 
1.2835351562500001 
1.2847070312500002 
1.19447265625 
1.10775390625 
1.2143945312500002 
1.20033203125 
1.29115234375 
1.1358789062499999 
1.2571679687500001 
1.2337304687500001 
1.2770898437500002 
1.22728515625 
1.29583984375 
1.20560546875 
1.24603515625 
1.15638671875 
1.3052148437500002 
1.3315820312500002 
1.09310546875 
1.31458984375 
1.16341796875 
1.2683007812500002 
1.23431640625 
1.21087890625 
1.23841796875 
1.2864648437500001 
1.37259765625 
1.2126367187500002 
1.3333398437500001 
1.07552734375 
1.29876953125 
1.2583398437500002 
1.2817773437500002 
1.00345703125 
1.27650390625 
1.2893945312500001 
1.2466210937500002 
1.1235742187500002 
1.30111328125 
1.15462890625 
1.2102929687500001 
1.22142578125 
1.2847070312500002 
1.2788476562500002 
1.22728515625 
1.35150390625 
1.2659570312500001 
1.0122460937500002 
1.20501953125 
1.07552734375 
0.8229882812499999 
1.1956445312500001 
1.16693359375 
1.2290429687500002 
1.22962890625 
0.98060546875 
1.26478515625 
1.29583984375 
1.24134765625 
1.24603515625 
1.28587890625 
1.16166015625 
1.24017578125 
1.2841210937500003 
1.2143945312500002 
1.06029296875 
1.02923828125 
1.2700585937500004 
1.1247460937500002 
1.22025390625 
1.2630273437500001 
1.29115234375 
1.09779296875 
1.33685546875 
0.6870507812499999 
1.2524804687500002 
1.21966796875 
1.16166015625 
1.2349023437500002 
1.24310546875 
1.21087890625 
1.07259765625 
1.16341796875 
1.23841796875 
1.11126953125 
1.0503320312500002 
1.20853515625 
1.22142578125 
1.22552734375 
1.2794335937500003 
1.2735742187500003 
1.2741601562500002 
1.20853515625 
1.2694726562500003 
1.10775390625 
1.31517578125 
1.2360742187500002 
1.13470703125 
1.31517578125 
1.2513085937500004 
1.2829492187500002 
1.24486328125 
1.2595117187500002 
1.3069726562500001 
1.11712890625 
1.2542382812500001 
1.18392578125 
1.19095703125 
1.2349023437500002 
1.2876367187500002 
1.32103515625 
1.13470703125 
0.7257226562499998 
1.2554101562500002 
1.22611328125 
1.23841796875 
1.2548242187500003 
1.17220703125 
1.21087890625 
1.2571679687500001 
1.2278710937500001 
1.13646484375 
1.24310546875 
1.28119140625 
1.28998046875 
1.2888085937500002 
1.01400390625 
0.93548828125 
1.3069726562500001 
1.24134765625 
1.2706445312500003 
1.1534570312499999 
1.26478515625 
1.2313867187500003 
1.2313867187500003 
1.2653710937500002 
1.2419335937500002 
1.22083984375 
1.3438867187500003 
1.2776757812500001 
1.2700585937500004 
1.30052734375 
1.22669921875 
1.0186914062499999 
1.2999414062499999 
1.22611328125 
1.1522851562499998 
1.03744140625 
1.3509179687500001 
1.1927148437500001 
1.19212890625 
1.29173828125 
1.13294921875 
1.22845703125 
1.2641992187500002 
1.0263085937500003 
1.2893945312500001 
1.02455078125 
1.3239648437500002 
1.24017578125 
1.2477929687500002 
1.2325585937500003 
1.10775390625 
1.1200585937500003 
1.13236328125 
