11 32 57 
0.8856835937499998 
0.7462304687499998 
0.7913476562499999 
0.9073632812499999 
1.21087890625 
0.7825585937499999 
0.7491601562499998 
0.97123046875 
0.7591210937499998 
1.09310546875 
0.5786523437499999 
0.92259765625 
1.05384765625 
1.2231835937500002 
0.8897851562499998 
0.8645898437499999 
0.6794335937499999 
0.8493554687499998 
1.22962890625 
0.7790429687499999 
0.6653710937499998 
0.91205078125 
0.8071679687499999 
1.05677734375 
0.8071679687499999 
0.93548828125 
0.7063867187499998 
0.7251367187499997 
0.6349023437499999 
0.8013085937499999 
1.02923828125 
0.9331445312500001 
0.9530664062499999 
0.7093164062499998 
0.7468164062499998 
0.7520898437499999 
1.0655664062499999 
0.7216210937499998 
1.03802734375 
1.10365234375 
0.8786523437499998 
0.8640039062499999 
1.2565820312500002 
0.93490234375 
1.0655664062499999 
1.01986328125 
1.22552734375 
0.94544921875 
0.7749414062499999 
1.2554101562500002 
0.8669335937499999 
0.6864648437499998 
1.14291015625 
0.8194726562499999 
1.07904296875 
0.7655664062499998 
1.2835351562500001 
0.8341210937499999 
0.7591210937499998 
1.32103515625 
1.0309960937500002 
1.16576171875 
0.94134765625 
0.92611328125 
1.2495507812500002 
0.9800195312500001 
1.08783203125 
0.95423828125 
0.96654296875 
0.96771484375 
0.56517578125 
0.56400390625 
0.92845703125 
1.06498046875 
0.6407617187499999 
0.9401757812500001 
1.09779296875 
0.8458398437499999 
0.7983789062499999 
1.2729882812500002 
1.0075585937500002 
0.9395898437500001 
0.8306054687499999 
1.07669921875 
0.7175195312499999 
1.18041015625 
0.6934960937499998 
1.18568359375 
0.8569726562499999 
0.7110742187499998 
0.8265039062499999 
1.22259765625 
0.9923242187499998 
0.6407617187499999 
0.91673828125 
0.5944726562499999 
0.7110742187499998 
0.7626367187499998 
0.8054101562499998 
0.8815820312499998 
0.8200585937499999 
0.7884179687499999 
0.7731835937499999 
1.2061914062499999 
0.8171289062499999 
0.9149804687499999 
0.6665429687499999 
0.9003320312499998 
0.7374414062499998 
1.03978515625 
0.95365234375 
1.1950585937500002 
1.08373046875 
0.7116601562499998 
0.6741601562499998 
0.8909570312499998 
0.8270898437499999 
0.7737695312499999 
0.7602929687499999 
0.6899804687499997 
0.7409570312499998 
0.7157617187499998 
0.91556640625 
0.93548828125 
0.6354882812499999 
1.27650390625 
1.16283203125 
1.0749414062499998 
0.8663476562499999 
0.93373046875 
0.8042382812499999 
0.92904296875 
1.16927734375 
0.7421289062499998 
1.02748046875 
0.8663476562499999 
0.6595117187499998 
0.6870507812499999 
0.95833984375 
0.8112695312499999 
0.7784570312499999 
0.6999414062499998 
1.30111328125 
0.8921289062499999 
0.91029296875 
0.7684960937499998 
1.29056640625 
0.8018945312499999 
0.7714257812499999 
1.2876367187500002 
0.7286523437499998 
0.7655664062499998 
0.7749414062499999 
0.8593164062499998 
0.7913476562499999 
0.6630273437499998 
0.8669335937499999 
0.93783203125 
1.3245507812500001 
0.6806054687499998 
1.07201171875 
1.24486328125 
1.17982421875 
0.8575585937499999 
0.5739648437499999 
0.7339257812499999 
0.8001367187499998 
1.05560546875 
0.95775390625 
1.08958984375 
0.5727929687499999 
1.01517578125 
0.8856835937499998 
1.1809960937500001 
1.25306640625 
0.8007226562499998 
0.7444726562499998 
0.6612695312499999 
0.95892578125 
0.7509179687499998 
0.9308007812500001 
0.97298828125 
1.28236328125 
0.6647851562499998 
1.18216796875 
0.9876367187499998 
1.0268945312500002 
1.2548242187500003 
1.13353515625 
0.7796289062499999 
0.6190820312499998 
0.9524804687499999 
0.6565820312499998 
0.9067773437499999 
0.7368554687499997 
0.96595703125 
0.92728515625 
1.0520898437500001 
0.93197265625 
0.7204492187499998 
