15 32 53 
1.00931640625 
0.7591210937499998 
0.7239648437499998 
0.8675195312499999 
0.98412109375 
0.8224023437499999 
0.7597070312499998 
0.8411523437499998 
1.09427734375 
0.97474609375 
0.8698632812499999 
0.7532617187499998 
0.6530664062499998 
0.9864648437499999 
0.6460351562499999 
1.3497460937500003 
0.6442773437499999 
0.6835351562499998 
0.95775390625 
0.8024804687499998 
0.6841210937499999 
0.91966796875 
0.8382226562499998 
0.6794335937499999 
0.9899804687499998 
0.7638085937499999 
0.97533203125 
0.5657617187499999 
0.7186914062499998 
0.7327539062499998 
0.8669335937499999 
0.9770898437500001 
0.8487695312499999 
1.1417382812499999 
0.8083398437499999 
0.9020898437499999 
0.7438867187499998 
0.6800195312499999 
0.8979882812499999 
0.91263671875 
0.8347070312499999 
0.94134765625 
0.7673242187499998 
0.8112695312499999 
0.7989648437499999 
1.05853515625 
0.9975976562499999 
0.7386132812499998 
0.8165429687499999 
0.8024804687499998 
0.7743554687499998 
1.2366601562500001 
0.8153710937499998 
0.97474609375 
0.94603515625 
1.1651757812499999 
0.7479882812499998 
0.8065820312499998 
0.8610742187499998 
0.9923242187499998 
0.7743554687499998 
0.8722070312499999 
0.6085351562499999 
0.8229882812499999 
0.8013085937499999 
0.7854882812499999 
0.8856835937499998 
0.8481835937499999 
0.6460351562499999 
0.8915429687499998 
0.5757226562499999 
1.06029296875 
0.8183007812499999 
0.6325585937499999 
0.56693359375 
0.8493554687499998 
0.6712304687499998 
0.9020898437499999 
0.56751953125 
0.5915429687499999 
0.8458398437499999 
0.7052148437499999 
0.8048242187499998 
0.8411523437499998 
0.7509179687499998 
0.6460351562499999 
0.7468164062499998 
0.9097070312499999 
0.8722070312499999 
1.06263671875 
0.7075585937499999 
1.01283203125 
0.8763085937499998 
0.7391992187499997 
1.02220703125 
0.8968164062499998 
0.7977929687499998 
0.8399804687499998 
0.8083398437499999 
0.8575585937499999 
0.7028710937499998 
0.7684960937499998 
0.8083398437499999 
0.8458398437499999 
0.8388085937499998 
0.8792382812499998 
0.6419335937499999 
0.8306054687499999 
0.6964257812499999 
0.7280664062499997 
0.6636132812499999 
0.7140039062499999 
0.7110742187499998 
0.96947265625 
0.7333398437499998 
1.1358789062499999 
0.8183007812499999 
0.8241601562499998 
0.9061914062499998 
0.7186914062499998 
0.5434960937499999 
0.6009179687499999 
0.92259765625 
1.33744140625 
1.0257226562500001 
0.7339257812499999 
1.06673828125 
0.9647851562499999 
1.1417382812499999 
0.98177734375 
0.8593164062499998 
0.6870507812499999 
0.7251367187499997 
0.6911523437499998 
0.49603515624999994 
0.6290429687499999 
0.6975976562499998 
0.8815820312499998 
0.7257226562499998 
0.8352929687499998 
1.00990234375 
0.7591210937499998 
1.07962890625 
0.6852929687499998 
0.7995507812499999 
0.7673242187499998 
0.6624414062499998 
0.6917382812499998 
1.11537109375 
0.9618554687499999 
0.6518945312499999 
1.00169921875 
0.8311914062499999 
0.8704492187499998 
0.7339257812499999 
0.8903710937499998 
0.92904296875 
1.0813867187500001 
0.8604882812499999 
0.7602929687499999 
0.8323632812499999 
0.8048242187499998 
0.8183007812499999 
0.6753320312499999 
0.7216210937499998 
0.9800195312500001 
0.78958984375 
0.9987695312499999 
0.6513085937499998 
0.7503320312499998 
0.94662109375 
0.5727929687499999 
1.0989648437500001 
0.7046289062499999 
0.7257226562499998 
0.91029296875 
0.7356835937499998 
0.7374414062499998 
1.0075585937500002 
0.8780664062499998 
1.0427148437500002 
0.8610742187499998 
0.6589257812499999 
0.6970117187499998 
0.7866601562499999 
0.7181054687499998 
0.7913476562499999 
0.6108789062499999 
1.03216796875 
0.42982421874999993 
0.7632226562499999 
0.6102929687499998 
0.9073632812499999 
0.6091210937499999 
0.9073632812499999 
1.0532617187500002 
0.7386132812499998 
0.8452539062499999 
1.03509765625 
1.2718164062500001 
