17 32 51 
0.48548828124999993 
0.8206445312499999 
0.7597070312499998 
0.8306054687499999 
0.9067773437499999 
0.8270898437499999 
0.6735742187499998 
0.9618554687499999 
0.7819726562499999 
0.6606835937499999 
0.6518945312499999 
0.8968164062499998 
0.95892578125 
0.7526757812499999 
0.51771484375 
0.8739648437499998 
1.01048828125 
0.6442773437499999 
0.5628320312499999 
1.11185546875 
0.7526757812499999 
0.8177148437499999 
0.8347070312499999 
0.56458984375 
0.53001953125 
0.8686914062499999 
0.78958984375 
0.8118554687499998 
0.7849023437499999 
0.7104882812499999 
0.8470117187499998 
0.54642578125 
0.8095117187499998 
1.15638671875 
0.6888085937499998 
0.7063867187499998 
0.7854882812499999 
0.8798242187499997 
0.7497460937499998 
0.7380273437499998 
0.8475976562499998 
0.8265039062499999 
0.6823632812499999 
0.92259765625 
0.8341210937499999 
0.7620507812499999 
1.3345117187500002 
0.8241601562499998 
0.8452539062499999 
0.95716796875 
0.6694726562499999 
1.0456445312500002 
0.6671289062499999 
0.6477929687499998 
0.7268945312499998 
0.6366601562499998 
0.6964257812499999 
0.8013085937499999 
0.8968164062499998 
0.8077539062499999 
0.8370507812499999 
0.8511132812499999 
0.7907617187499999 
0.9501367187499999 
0.6747460937499998 
0.6126367187499998 
0.6917382812499998 
0.7245507812499998 
0.8013085937499999 
0.9390039062500001 
1.18451171875 
0.6595117187499998 
0.5774804687499998 
0.9179101562499999 
0.6513085937499998 
0.79017578125 
0.7866601562499999 
0.8077539062499999 
0.6132226562499998 
0.8352929687499998 
0.8903710937499998 
0.8124414062499998 
0.8815820312499998 
0.92552734375 
0.7274804687499997 
0.6964257812499999 
0.6765039062499999 
0.94603515625 
0.8962304687499998 
0.7966210937499999 
0.7368554687499997 
0.6770898437499999 
0.8059960937499998 
0.7169335937499999 
0.5827539062499999 
0.94955078125 
1.0591210937500002 
0.6800195312499999 
0.9917382812499999 
0.8499414062499998 
0.8024804687499998 
0.8229882812499999 
0.8253320312499999 
0.7802148437499999 
0.7491601562499998 
0.8329492187499998 
0.8979882812499999 
0.6647851562499998 
0.8311914062499999 
0.94837890625 
0.7438867187499998 
0.7274804687499997 
0.6097070312499999 
0.7046289062499999 
0.7403710937499998 
0.8710351562499998 
0.7544335937499999 
0.8534570312499998 
0.7438867187499998 
0.6466210937499999 
0.8054101562499998 
0.5845117187499999 
0.7274804687499997 
0.8915429687499998 
0.7802148437499999 
0.8206445312499999 
0.7186914062499998 
0.6472070312499999 
0.8083398437499999 
0.7819726562499999 
0.6847070312499999 
0.6302148437499999 
0.7151757812499999 
0.7679101562499998 
0.8446679687499998 
0.6489648437499999 
0.7479882812499998 
0.6888085937499998 
1.0345117187500001 
0.8270898437499999 
0.7034570312499998 
0.95072265625 
0.6659570312499998 
1.0497460937500003 
0.8071679687499999 
0.8124414062499998 
0.7380273437499998 
0.6138085937499999 
0.7298242187499997 
0.6882226562499998 
0.6729882812499999 
0.8001367187499998 
0.5130273437499999 
0.8200585937499999 
0.7690820312499999 
0.8552148437499999 
0.6817773437499999 
1.0743554687499999 
0.8663476562499999 
0.7679101562499998 
0.7638085937499999 
0.9015039062499999 
0.9530664062499999 
1.0081445312500001 
0.8200585937499999 
0.8165429687499999 
0.6173242187499998 
0.82767578125 
0.9044335937499999 
1.11361328125 
0.8552148437499999 
0.7380273437499998 
0.93431640625 
0.8177148437499999 
0.7649804687499998 
1.1048242187500001 
0.8141992187499998 
0.7438867187499998 
0.7063867187499998 
0.6149804687499998 
0.7790429687499999 
0.53470703125 
0.7309960937499997 
0.9683007812500001 
0.9044335937499999 
0.6788476562499999 
0.7591210937499998 
1.0268945312500002 
0.8124414062499998 
0.8493554687499998 
0.8634179687499999 
0.8804101562499997 
0.6735742187499998 
0.56986328125 
0.4643945312499999 
0.55580078125 
0.7491601562499998 
1.02923828125 
0.8347070312499999 
0.5710351562499999 
