23 32 45 
0.7433007812499999 
0.8177148437499999 
0.6554101562499998 
0.7714257812499999 
0.8610742187499998 
0.5891992187499998 
0.8224023437499999 
0.6524804687499998 
0.8364648437499999 
0.6776757812499999 
0.91556640625 
0.97005859375 
0.7198632812499999 
0.7778710937499999 
0.6442773437499999 
0.7093164062499998 
0.6366601562499998 
0.6987695312499999 
0.8288476562499999 
0.6061914062499999 
0.6694726562499999 
0.6208398437499999 
0.6196679687499999 
0.48548828124999993 
0.6729882812499999 
0.8599023437499999 
0.7655664062499998 
0.7233789062499998 
0.5903710937499999 
0.7977929687499998 
0.6179101562499998 
0.7720117187499999 
0.8669335937499999 
0.8124414062499998 
0.7292382812499998 
0.6999414062499998 
0.7433007812499999 
0.7737695312499999 
0.48900390624999995 
0.5499414062499999 
0.6554101562499998 
0.8681054687499998 
1.0497460937500003 
0.8434960937499998 
0.7204492187499998 
0.6858789062499998 
0.7046289062499999 
0.7315820312499998 
0.7632226562499999 
0.8686914062499999 
0.91322265625 
0.6923242187499997 
0.6782617187499999 
0.5194726562499999 
0.5604882812499999 
0.7749414062499999 
0.45912109374999993 
0.7515039062499999 
0.6507226562499998 
0.8335351562499999 
0.7339257812499999 
0.5985742187499998 
0.7878320312499999 
0.7684960937499998 
1.1358789062499999 
0.7274804687499997 
0.6460351562499999 
0.6407617187499999 
0.5657617187499999 
0.8288476562499999 
0.7227929687499998 
0.8048242187499998 
1.24017578125 
0.6524804687499998 
0.7122460937499998 
0.59330078125 
0.7649804687499998 
0.7813867187499999 
0.56693359375 
0.7474023437499998 
0.8100976562499999 
0.8552148437499999 
0.93138671875 
0.94779296875 
0.7145898437499999 
0.6114648437499999 
0.8013085937499999 
0.6296289062499999 
0.78080078125 
0.60501953125 
0.8352929687499998 
0.7011132812499998 
0.91849609375 
0.7298242187499997 
0.6143945312499999 
0.5979882812499999 
1.03275390625 
0.6934960937499998 
0.6495507812499999 
0.8141992187499998 
0.8306054687499999 
0.7573632812499999 
0.96068359375 
0.5481835937499999 
0.6091210937499999 
0.6876367187499998 
0.7561914062499998 
0.8399804687499998 
0.7204492187499998 
0.8944726562499998 
0.7081445312499999 
0.6870507812499999 
0.6694726562499999 
0.7755273437499999 
0.7515039062499999 
0.8657617187499999 
0.5352929687499999 
0.8440820312499998 
0.8311914062499999 
0.7315820312499998 
0.6981835937499998 
0.6214257812499999 
0.6302148437499999 
0.6225976562499999 
0.6495507812499999 
0.7544335937499999 
0.9003320312499998 
0.8809960937499998 
0.5950585937499999 
0.91966796875 
0.6741601562499998 
0.5575585937499999 
0.7345117187499998 
0.5007226562499999 
0.7128320312499998 
0.5382226562499999 
0.6120507812499999 
0.8317773437499999 
0.7556054687499998 
0.7573632812499999 
0.7368554687499997 
0.7128320312499998 
0.6337304687499998 
0.8030664062499998 
0.5903710937499999 
0.7245507812499998 
0.6888085937499998 
0.8599023437499999 
1.2753320312500003 
0.7948632812499999 
0.7620507812499999 
0.6384179687499999 
0.6554101562499998 
0.7298242187499997 
0.6149804687499998 
0.7890039062499999 
0.5909570312499999 
0.5915429687499999 
0.7614648437499999 
0.7778710937499999 
0.8253320312499999 
0.6308007812499999 
0.9009179687499999 
0.7374414062499998 
0.6782617187499999 
0.8604882812499999 
0.8347070312499999 
0.4638085937499999 
0.5141992187499999 
0.8933007812499999 
0.8335351562499999 
0.6143945312499999 
0.8622460937499998 
0.6038476562499999 
0.5938867187499999 
0.8235742187499998 
0.5798242187499998 
0.7772851562499998 
0.7181054687499998 
0.6923242187499997 
0.7690820312499999 
0.7350976562499998 
0.97591796875 
0.8751367187499998 
0.9091210937499998 
1.03333984375 
0.5036523437499999 
0.7456445312499999 
0.9770898437500001 
0.7608789062499999 
0.8370507812499999 
0.8001367187499998 
0.56986328125 
0.7362695312499998 
0.64017578125 
0.6266992187499998 
0.6067773437499999 
0.8628320312499999 
0.7462304687499998 
0.5311914062499999 
