36 32 32 
0.7526757812499999 
0.7186914062499998 
0.45853515624999996 
0.7655664062499998 
0.7579492187499998 
0.7977929687499998 
0.52708984375 
0.6190820312499998 
0.7157617187499998 
0.6940820312499998 
0.7755273437499999 
0.8042382812499999 
0.5927148437499999 
0.7620507812499999 
0.7497460937499998 
0.6852929687499998 
0.7720117187499999 
0.7298242187499997 
0.7040429687499998 
0.5141992187499999 
0.6665429687499999 
0.5880273437499999 
0.7374414062499998 
1.00228515625 
0.96302734375 
0.7872460937499999 
0.60267578125 
0.7151757812499999 
0.5704492187499999 
0.6003320312499999 
0.7749414062499999 
0.5616601562499999 
0.8558007812499999 
1.05267578125 
0.6097070312499999 
0.6653710937499998 
0.5763085937499999 
0.6606835937499999 
0.6296289062499999 
0.5991601562499999 
0.7386132812499998 
0.6114648437499999 
0.97943359375 
0.6829492187499998 
0.5991601562499999 
0.7093164062499998 
0.6243554687499998 
0.8300195312499999 
0.8399804687499998 
0.6419335937499999 
0.8112695312499999 
0.7052148437499999 
0.6671289062499999 
0.8352929687499998 
0.6079492187499999 
0.7028710937499998 
0.7468164062499998 
0.5429101562499998 
0.47611328124999996 
0.7977929687499998 
0.5681054687499999 
0.6934960937499998 
0.9559960937499999 
0.6173242187499998 
0.49310546874999994 
0.6190820312499998 
0.8891992187499997 
0.4966210937499999 
0.6413476562499999 
0.7743554687499998 
0.5470117187499999 
0.7907617187499999 
0.5745507812499999 
0.5071679687499999 
0.6548242187499997 
0.5763085937499999 
0.7702539062499999 
0.7333398437499998 
0.6841210937499999 
0.9864648437499999 
0.7046289062499999 
0.6536523437499998 
0.7725976562499999 
0.8909570312499998 
0.5850976562499999 
0.6612695312499999 
0.8974023437499998 
0.91087890625 
0.9015039062499999 
0.60267578125 
0.5710351562499999 
1.00580078125 
0.7526757812499999 
0.5704492187499999 
0.6770898437499999 
0.91966796875 
0.5950585937499999 
0.6858789062499998 
0.7128320312499998 
0.6688867187499998 
0.6747460937499998 
0.7684960937499998 
0.5487695312499999 
0.8487695312499999 
0.5136132812499999 
0.7409570312499998 
0.8306054687499999 
0.7462304687499998 
0.4878320312499999 
0.8382226562499998 
0.5628320312499999 
0.7380273437499998 
0.7333398437499998 
0.6888085937499998 
0.8241601562499998 
0.6759179687499999 
0.6565820312499998 
0.56693359375 
0.6677148437499999 
0.6636132812499999 
0.8141992187499998 
0.7421289062499998 
0.9864648437499999 
0.8487695312499999 
0.5030664062499999 
0.7573632812499999 
0.6665429687499999 
0.6349023437499999 
0.5833398437499999 
0.6929101562499997 
0.6372460937499999 
0.7509179687499998 
0.5722070312499999 
0.8165429687499999 
0.8774804687499997 
0.6138085937499999 
0.7016992187499997 
0.7696679687499999 
0.8962304687499998 
0.6360742187499998 
0.7286523437499998 
1.01576171875 
0.7222070312499999 
0.6630273437499998 
0.6143945312499999 
0.49720703124999993 
0.7456445312499999 
0.7608789062499999 
0.6946679687499998 
0.6120507812499999 
0.5880273437499999 
0.8675195312499999 
0.49603515624999994 
0.6138085937499999 
0.7438867187499998 
0.6003320312499999 
0.8024804687499998 
0.6665429687499999 
0.5417382812499999 
0.7544335937499999 
0.6858789062499998 
0.8218164062499999 
0.91673828125 
0.7702539062499999 
0.5897851562499998 
0.6243554687499998 
0.8774804687499997 
0.7169335937499999 
0.7210351562499998 
0.8147851562499998 
0.8669335937499999 
0.5423242187499998 
0.5827539062499999 
0.6061914062499999 
0.6911523437499998 
0.7796289062499999 
0.56693359375 
0.6589257812499999 
0.9173242187499999 
0.6940820312499998 
0.5991601562499999 
0.56693359375 
0.7093164062499998 
0.6858789062499998 
0.8352929687499998 
0.6102929687499998 
0.6952539062499998 
0.8440820312499998 
0.6372460937499999 
0.6893945312499998 
0.5985742187499998 
0.6530664062499998 
0.7509179687499998 
0.7046289062499999 
0.8751367187499998 
0.53236328125 
0.8663476562499999 
0.6741601562499998 
0.6067773437499999 
0.4849023437499999 
