37 32 31 
0.7632226562499999 
0.6413476562499999 
0.5944726562499999 
0.45150390625 
0.5487695312499999 
0.7550195312499999 
0.4632226562499999 
0.7989648437499999 
0.7778710937499999 
0.6472070312499999 
0.7081445312499999 
0.7427148437499999 
0.6056054687499999 
0.7040429687499998 
0.64017578125 
0.93138671875 
0.7532617187499998 
0.8979882812499999 
0.6407617187499999 
0.6149804687499998 
0.7403710937499998 
0.5604882812499999 
0.7866601562499999 
0.7157617187499998 
0.8001367187499998 
0.6249414062499998 
0.7690820312499999 
0.5862695312499999 
0.7643945312499999 
0.6460351562499999 
0.95365234375 
0.7573632812499999 
0.53236328125 
1.02220703125 
0.44798828124999995 
0.5915429687499999 
0.8874414062499998 
0.97298828125 
0.6331445312499999 
0.42455078124999995 
0.4673242187499999 
0.5487695312499999 
0.7227929687499998 
0.8616601562499998 
0.8259179687499999 
0.48841796874999993 
0.6518945312499999 
0.6565820312499998 
0.97005859375 
0.7251367187499997 
0.52650390625 
0.95833984375 
0.8809960937499998 
0.6190820312499998 
0.7403710937499998 
0.6700585937499999 
0.7280664062499997 
0.5546289062499999 
0.8886132812499998 
0.6712304687499998 
0.8886132812499998 
0.6589257812499999 
0.8183007812499999 
0.6583398437499999 
0.7696679687499999 
0.6700585937499999 
0.47494140625 
0.7497460937499998 
0.8007226562499998 
0.6770898437499999 
0.7802148437499999 
0.91205078125 
0.6741601562499998 
0.6009179687499999 
0.8177148437499999 
0.6653710937499998 
0.9056054687499998 
0.7292382812499998 
0.6044335937499999 
0.6067773437499999 
0.8411523437499998 
0.5739648437499999 
0.46087890624999994 
0.7163476562499999 
0.6770898437499999 
0.6308007812499999 
0.7058007812499999 
0.6266992187499998 
0.5780664062499998 
0.7104882812499999 
0.7016992187499997 
0.8130273437499999 
0.6683007812499999 
0.6308007812499999 
0.6085351562499999 
0.5440820312499999 
0.6888085937499998 
0.56751953125 
0.7544335937499999 
0.7620507812499999 
0.7151757812499999 
0.6653710937499998 
0.8440820312499998 
0.5188867187499999 
0.6641992187499998 
0.94720703125 
0.6888085937499998 
0.8399804687499998 
0.6817773437499999 
0.5505273437499999 
0.7913476562499999 
0.7479882812499998 
0.6589257812499999 
0.7110742187499998 
0.8001367187499998 
0.7386132812499998 
1.2102929687500001 
0.7966210937499999 
0.6806054687499998 
0.7028710937499998 
0.7731835937499999 
0.53177734375 
0.6817773437499999 
0.6419335937499999 
0.5768945312499999 
0.6542382812499998 
0.5575585937499999 
0.6061914062499999 
0.7011132812499998 
0.6770898437499999 
0.9395898437500001 
0.7942773437499999 
0.8862695312499999 
0.8434960937499998 
0.7157617187499998 
0.7198632812499999 
0.8493554687499998 
0.5434960937499999 
0.5751367187499998 
0.8757226562499998 
0.7884179687499999 
0.6302148437499999 
0.97650390625 
0.92904296875 
0.6882226562499998 
0.7550195312499999 
0.6829492187499998 
0.8991601562499998 
0.7040429687499998 
0.5569726562499999 
0.5599023437499999 
0.6606835937499999 
0.7602929687499999 
0.8470117187499998 
0.6595117187499998 
0.5786523437499999 
0.93431640625 
0.9641992187499999 
0.7878320312499999 
0.6413476562499999 
0.6870507812499999 
0.6659570312499998 
0.5282617187499999 
0.9214257812500001 
0.5440820312499999 
0.6466210937499999 
0.7462304687499998 
0.5862695312499999 
0.7216210937499998 
0.4778710937499999 
0.7503320312499998 
0.5763085937499999 
0.7679101562499998 
0.6278710937499998 
0.5405664062499999 
0.44037109374999994 
0.6641992187499998 
0.8065820312499998 
0.6261132812499999 
0.9214257812500001 
0.7034570312499998 
0.6970117187499998 
0.8692773437499999 
0.7058007812499999 
0.6261132812499999 
0.6536523437499998 
0.7028710937499998 
0.8241601562499998 
0.6683007812499999 
1.13822265625 
0.8048242187499998 
0.8341210937499999 
0.6349023437499999 
0.51126953125 
0.6507226562499998 
0.7104882812499999 
0.50833984375 
0.6513085937499998 
0.7479882812499998 
0.6888085937499998 
