42 32 26 
0.7602929687499999 
0.6647851562499998 
0.7298242187499997 
0.6114648437499999 
0.7966210937499999 
0.7515039062499999 
0.56517578125 
0.4790429687499999 
0.4808007812499999 
0.6179101562499998 
0.6671289062499999 
0.45619140625 
0.6729882812499999 
0.8311914062499999 
0.6530664062499998 
0.8722070312499999 
1.01458984375 
0.9097070312499999 
0.6495507812499999 
0.8388085937499998 
0.6155664062499998 
0.6343164062499999 
0.7919335937499999 
0.7233789062499998 
0.9852929687499998 
0.5704492187499999 
0.8177148437499999 
0.7257226562499998 
0.5048242187499998 
0.7708398437499999 
0.8733789062499998 
0.8130273437499999 
0.6518945312499999 
0.6747460937499998 
0.6132226562499998 
0.7550195312499999 
0.8294335937499999 
0.6196679687499999 
0.93607421875 
0.5856835937499999 
0.7210351562499998 
0.7216210937499998 
0.6706445312499999 
0.49427734374999993 
0.7450585937499998 
0.52884765625 
0.5575585937499999 
0.7069726562499998 
0.8323632812499999 
0.8458398437499999 
0.6501367187499998 
0.7755273437499999 
0.7093164062499998 
0.5282617187499999 
0.7186914062499998 
0.7087304687499998 
0.5528710937499999 
0.7268945312499998 
0.9401757812500001 
0.6899804687499997 
0.5141992187499999 
0.5850976562499999 
0.7099023437499998 
0.6524804687499998 
0.7134179687499999 
0.8686914062499999 
0.7315820312499998 
0.8306054687499999 
0.5798242187499998 
0.44681640624999996 
0.7169335937499999 
0.8446679687499998 
0.5657617187499999 
0.7450585937499998 
0.6548242187499997 
0.6266992187499998 
0.52943359375 
0.7321679687499998 
0.6606835937499999 
0.5405664062499999 
0.7286523437499998 
0.7544335937499999 
0.6776757812499999 
0.7116601562499998 
0.5938867187499999 
0.5370507812499999 
0.8628320312499999 
0.6507226562499998 
0.8183007812499999 
0.7878320312499999 
0.5511132812499999 
0.6290429687499999 
0.7239648437499998 
0.7661523437499999 
0.5891992187499998 
0.7544335937499999 
0.7860742187499998 
0.6143945312499999 
0.5100976562499999 
0.7362695312499998 
0.6864648437499998 
0.6706445312499999 
0.5909570312499999 
0.7579492187499998 
0.5722070312499999 
0.7573632812499999 
0.7421289062499998 
0.8786523437499998 
0.92259765625 
0.8716210937499999 
0.7878320312499999 
0.7667382812499999 
0.7989648437499999 
0.6964257812499999 
0.7720117187499999 
0.6677148437499999 
0.5997460937499999 
0.5341210937499999 
0.6114648437499999 
0.7011132812499998 
0.53001953125 
0.7766992187499998 
0.7761132812499999 
0.8528710937499998 
0.6079492187499999 
0.8540429687499999 
0.6179101562499998 
0.6343164062499999 
0.5927148437499999 
0.8364648437499999 
0.6729882812499999 
0.7110742187499998 
0.6202539062499999 
0.6759179687499999 
0.6694726562499999 
0.8405664062499998 
0.7110742187499998 
0.6548242187499997 
0.7011132812499998 
0.6970117187499998 
0.8282617187499999 
0.6501367187499998 
0.8997460937499998 
0.5212304687499999 
0.6354882812499999 
0.8558007812499999 
0.6466210937499999 
0.5458398437499999 
0.6817773437499999 
0.7913476562499999 
0.8528710937499998 
0.6255273437499999 
0.7063867187499998 
0.7790429687499999 
0.7714257812499999 
0.6888085937499998 
0.7649804687499998 
0.6155664062499998 
0.7983789062499999 
0.37181640624999995 
0.8616601562499998 
0.7784570312499999 
0.8985742187499998 
0.6911523437499998 
0.8558007812499999 
0.7298242187499997 
0.6934960937499998 
0.6225976562499999 
0.8224023437499999 
0.7099023437499998 
0.6694726562499999 
0.6641992187499998 
0.6442773437499999 
0.6132226562499998 
0.7872460937499999 
0.5704492187499999 
0.5804101562499998 
0.6097070312499999 
0.6829492187499998 
0.6770898437499999 
0.5909570312499999 
0.59330078125 
0.6079492187499999 
0.6975976562499998 
0.8247460937499999 
0.8153710937499998 
0.6782617187499999 
0.8446679687499998 
0.7087304687499998 
0.49603515624999994 
0.6138085937499999 
0.6120507812499999 
0.6794335937499999 
0.6724023437499999 
0.6559960937499998 
0.7679101562499998 
0.6823632812499999 
0.52591796875 
0.6530664062499998 
0.8558007812499999 
