2 33 65 
1.3532617187500002 
1.3298242187500002 
1.29291015625 
1.3157617187500001 
1.39837890625 
1.3684960937500001 
1.3315820312500002 
1.3263085937500003 
1.3245507812500001 
1.32220703125 
1.33978515625 
1.3520898437500002 
1.3538476562500001 
1.31341796875 
1.3474023437500002 
1.2999414062499999 
1.30228515625 
1.31341796875 
1.3702539062499999 
1.45169921875 
1.3438867187500003 
1.32103515625 
1.41302734375 
1.39017578125 
1.37259765625 
1.3052148437500002 
1.31517578125 
1.38197265625 
1.35619140625 
1.3274804687500001 
1.2893945312500001 
1.32044921875 
1.33861328125 
1.43529296875 
1.33685546875 
1.3298242187500002 
1.33392578125 
1.39076171875 
1.37962890625 
1.35560546875 
1.3081445312500002 
1.3169335937500002 
1.2583398437500002 
1.39076171875 
1.39076171875 
1.3550195312500002 
1.31400390625 
1.3936914062499999 
1.2770898437500002 
1.31751953125 
1.3227929687500002 
1.35560546875 
1.32103515625 
1.36673828125 
1.3081445312500002 
1.3075585937500003 
1.4294335937500002 
1.36673828125 
1.41185546875 
1.29115234375 
1.3538476562500001 
1.2999414062499999 
1.39603515625 
1.41712890625 
1.2841210937500003 
1.3239648437500002 
1.33861328125 
1.29173828125 
1.35267578125 
1.34681640625 
1.3503320312500002 
1.2829492187500002 
1.37669921875 
1.3450585937500004 
1.32220703125 
1.32806640625 
1.3286523437500002 
1.3421289062500001 
1.38490234375 
1.3591210937500002 
1.33275390625 
1.2829492187500002 
1.3298242187500002 
1.30873046875 
1.28529296875 
1.3597070312500001 
1.31810546875 
1.39251953125 
1.39486328125 
1.41302734375 
1.3450585937500004 
1.3503320312500002 
1.3813867187500002 
1.3860742187500001 
1.4095117187500001 
1.3872460937500002 
1.33978515625 
1.2694726562500003 
1.38841796875 
1.3462304687500002 
1.3227929687500002 
1.36615234375 
1.3403710937500002 
1.3315820312500002 
1.3075585937500003 
1.33275390625 
1.30169921875 
1.43646484375 
1.4253320312500002 
1.2934960937500002 
1.3157617187500001 
1.38666015625 
1.29935546875 
1.28529296875 
1.37083984375 
1.3081445312500002 
1.29642578125 
1.31869140625 
1.3802148437500001 
1.2653710937500002 
1.33216796875 
1.38666015625 
1.3122460937500002 
1.43939453125 
1.3099023437500001 
1.2847070312500002 
1.29466796875 
1.2841210937500003 
1.36439453125 
1.3550195312500002 
1.32220703125 
1.36556640625 
1.32044921875 
1.35853515625 
1.36087890625 
1.30287109375 
1.3239648437500002 
1.4013085937500003 
1.33802734375 
1.38490234375 
1.3268945312500002 
1.41302734375 
1.36146484375 
1.36732421875 
1.36556640625 
1.37962890625 
1.3761132812499999 
1.30287109375 
1.27650390625 
1.29642578125 
1.31869140625 
1.3128320312500001 
1.36146484375 
1.36205078125 
1.31341796875 
1.29642578125 
1.29935546875 
1.2712304687500002 
1.3063867187500002 
1.2999414062499999 
1.32220703125 
1.37962890625 
1.2729882812500002 
1.2934960937500002 
1.3075585937500003 
1.3860742187500001 
1.30169921875 
1.3532617187500002 
1.36439453125 
1.3169335937500002 
1.3626367187500001 
1.36615234375 
1.42298828125 
1.39720703125 
1.4739648437500001 
1.3550195312500002 
1.28998046875 
1.3456445312500003 
1.36908203125 
1.3251367187500003 
1.3128320312500001 
1.3403710937500002 
1.3749414062499998 
1.3052148437500002 
1.3802148437500001 
1.33861328125 
1.3438867187500003 
1.4200585937500003 
1.33275390625 
1.2893945312500001 
1.2893945312500001 
1.41419921875 
1.2934960937500002 
1.30169921875 
1.4341210937500002 
1.3567773437500001 
1.3485742187500003 
1.33509765625 
1.3579492187500002 
1.29466796875 
