4 33 63 
1.23548828125 
1.20853515625 
1.2425195312500001 
1.29876953125 
1.2477929687500002 
1.11126953125 
1.28822265625 
1.2489648437500003 
1.3304101562500001 
1.2835351562500001 
1.2366601562500001 
1.2290429687500002 
1.2513085937500004 
1.2518945312500003 
1.2313867187500003 
1.38490234375 
1.29173828125 
1.24603515625 
0.95775390625 
1.32103515625 
1.16751953125 
1.22962890625 
1.12767578125 
1.21673828125 
1.13294921875 
1.29701171875 
1.24427734375 
1.32923828125 
0.9067773437499999 
1.29583984375 
1.2753320312500003 
1.2548242187500003 
1.2806054687500001 
1.26478515625 
1.1956445312500001 
0.8247460937499999 
1.29408203125 
1.0356835937500002 
1.31986328125 
1.24603515625 
1.2665429687500003 
1.3497460937500003 
1.24603515625 
1.31517578125 
0.8938867187499998 
1.29642578125 
0.9917382812499999 
1.2231835937500002 
1.3122460937500002 
1.10072265625 
1.22669921875 
1.28705078125 
1.32103515625 
1.2759179687500002 
1.3040429687500001 
1.2841210937500003 
1.2554101562500002 
1.2378320312500002 
1.2999414062499999 
1.2817773437500002 
1.2114648437500002 
1.02806640625 
1.0433007812500001 
1.28705078125 
1.2583398437500002 
1.13119140625 
1.2876367187500002 
1.2319726562500002 
1.1640039062499998 
1.20501953125 
1.20033203125 
1.24720703125 
1.08197265625 
1.2641992187500002 
1.29173828125 
1.20677734375 
1.2600976562500001 
1.30580078125 
1.2683007812500002 
1.2671289062500002 
1.1341210937500001 
1.0503320312500002 
1.36615234375 
1.29525390625 
1.14291015625 
1.2841210937500003 
1.2407617187500002 
1.2366601562500001 
1.2600976562500001 
1.2565820312500002 
1.28822265625 
1.18919921875 
0.8118554687499998 
1.33275390625 
1.2981835937500001 
1.2559960937500003 
1.2583398437500002 
1.2132226562500001 
1.2565820312500002 
1.2741601562500002 
1.29935546875 
1.22962890625 
1.16634765625 
1.2724023437500003 
1.2888085937500002 
1.13646484375 
1.2612695312500002 
1.20970703125 
1.22494140625 
1.2542382812500001 
1.2817773437500002 
1.2712304687500002 
1.21673828125 
1.16751953125 
1.32923828125 
1.28998046875 
1.3245507812500001 
1.2753320312500003 
1.3802148437500001 
1.26185546875 
1.2483789062500001 
1.14818359375 
1.38958984375 
1.2782617187500003 
1.05267578125 
1.2583398437500002 
0.6571679687499998 
1.2407617187500002 
1.23900390625 
1.24603515625 
1.23841796875 
1.22435546875 
0.94076171875 
1.20912109375 
1.1997460937500002 
1.2565820312500002 
1.2466210937500002 
1.26478515625 
1.22494140625 
1.29466796875 
1.2419335937500002 
1.36322265625 
1.2606835937500003 
1.13646484375 
1.2501367187500003 
1.25775390625 
1.13763671875 
1.2747460937500004 
1.2542382812500001 
1.3216210937500001 
1.2518945312500003 
1.2806054687500001 
1.2302148437500002 
1.2565820312500002 
0.94603515625 
1.24603515625 
1.20033203125 
1.2595117187500002 
1.2829492187500002 
1.3315820312500002 
1.2565820312500002 
1.2847070312500002 
1.08080078125 
1.07962890625 
1.2190820312500001 
1.28998046875 
1.18158203125 
0.95951171875 
1.29173828125 
1.2513085937500004 
1.2888085937500002 
1.2513085937500004 
1.30287109375 
1.29935546875 
1.22962890625 
1.24603515625 
1.2583398437500002 
1.08958984375 
1.2981835937500001 
1.22728515625 
1.29525390625 
1.2782617187500003 
1.27650390625 
1.29525390625 
1.29115234375 
1.2835351562500001 
1.22845703125 
1.1464257812499998 
1.2559960937500003 
1.2981835937500001 
1.30052734375 
1.20560546875 
1.2507226562500002 
0.92962890625 
1.2331445312500002 
1.2724023437500003 
1.24369140625 
1.2741601562500002 
1.2741601562500002 
1.1809960937500001 
