11 33 56 
0.8616601562499998 
1.2817773437500002 
1.2999414062499999 
0.9173242187499999 
1.14583984375 
0.7356835937499998 
1.08607421875 
0.8856835937499998 
0.7093164062499998 
0.7438867187499998 
0.8311914062499999 
0.8704492187499998 
0.9970117187499998 
0.8511132812499999 
0.7696679687499999 
0.8522851562499998 
1.18041015625 
0.8270898437499999 
0.6653710937499998 
1.10833984375 
0.7890039062499999 
0.8358789062499998 
0.8141992187499998 
0.7731835937499999 
0.8651757812499999 
0.7761132812499999 
0.6290429687499999 
0.6765039062499999 
0.7690820312499999 
0.8306054687499999 
1.19916015625 
0.8388085937499998 
0.7292382812499998 
0.8241601562499998 
1.28236328125 
0.8054101562499998 
0.98177734375 
0.7849023437499999 
0.9308007812500001 
0.6372460937499999 
0.7825585937499999 
0.93490234375 
0.8956445312499999 
1.0638085937500001 
0.8821679687499998 
0.93490234375 
0.6893945312499998 
0.9026757812499999 
1.25892578125 
0.92025390625 
0.7497460937499998 
0.96126953125 
0.8669335937499999 
1.2612695312500002 
0.9073632812499999 
0.9214257812500001 
1.15873046875 
0.7567773437499998 
0.6454492187499998 
0.6864648437499998 
0.8974023437499998 
1.22494140625 
0.95892578125 
0.93841796875 
1.2835351562500001 
1.0257226562500001 
0.7046289062499999 
0.8516992187499998 
0.8698632812499999 
1.21205078125 
0.8247460937499999 
1.18626953125 
0.8704492187499998 
0.7737695312499999 
0.91087890625 
0.7315820312499998 
0.8317773437499999 
0.7942773437499999 
0.7977929687499998 
0.95072265625 
0.8429101562499998 
1.2542382812500001 
0.9981835937499999 
0.5927148437499999 
0.92376953125 
1.0263085937500003 
0.9179101562499999 
0.8821679687499998 
0.8317773437499999 
0.8493554687499998 
0.95658203125 
0.7790429687499999 
1.09544921875 
0.6683007812499999 
0.6518945312499999 
1.2132226562500001 
0.6882226562499998 
0.5634179687499999 
0.8036523437499998 
0.8745507812499999 
1.01986328125 
1.06966796875 
0.91615234375 
1.00873046875 
0.8470117187499998 
1.16751953125 
0.9015039062499999 
0.7450585937499998 
0.9911523437499998 
0.95189453125 
0.52884765625 
0.7813867187499999 
1.0251367187500002 
0.8352929687499998 
0.7632226562499999 
0.7222070312499999 
1.02103515625 
0.9026757812499999 
0.6618554687499998 
0.8470117187499998 
1.1446679687499999 
0.8487695312499999 
1.1417382812499999 
0.7485742187499997 
0.9395898437500001 
0.8405664062499998 
0.6770898437499999 
0.9331445312500001 
0.9683007812500001 
0.95365234375 
0.7731835937499999 
0.9003320312499998 
1.0263085937500003 
0.7245507812499998 
0.9876367187499998 
1.00052734375 
0.7989648437499999 
0.97298828125 
0.98353515625 
1.11478515625 
0.8921289062499999 
0.7081445312499999 
0.7087304687499998 
0.8511132812499999 
0.7989648437499999 
1.10892578125 
0.9091210937499998 
0.8481835937499999 
0.7790429687499999 
0.6718164062499998 
0.9870507812499999 
0.8651757812499999 
0.95189453125 
0.5809960937499998 
0.78958984375 
0.8071679687499999 
1.1575585937500001 
0.8335351562499999 
0.9999414062499997 
0.8927148437499999 
0.8511132812499999 
0.91439453125 
0.6852929687499998 
0.7456445312499999 
1.2794335937500003 
1.06673828125 
1.18685546875 
0.8259179687499999 
1.1247460937500002 
0.45150390625 
0.6677148437499999 
0.7866601562499999 
1.29642578125 
0.97533203125 
0.7327539062499998 
0.7679101562499998 
0.6970117187499998 
0.5845117187499999 
0.8827539062499998 
0.56986328125 
0.6811914062499999 
0.8018945312499999 
0.8804101562499997 
0.92201171875 
1.20970703125 
0.9091210937499998 
0.7561914062499998 
0.78958984375 
1.1341210937500001 
0.8991601562499998 
1.1165429687500001 
1.20091796875 
1.03919921875 
0.9864648437499999 
0.98353515625 
0.8358789062499998 
0.8891992187499997 
0.8399804687499998 
0.7257226562499998 
0.9870507812499999 
