16 33 51 
1.0122460937500002 
0.92845703125 
0.9067773437499999 
0.6981835937499998 
0.7819726562499999 
0.8522851562499998 
0.7128320312499998 
0.7638085937499999 
0.7227929687499998 
0.6911523437499998 
0.7550195312499999 
0.97826171875 
0.8552148437499999 
0.7227929687499998 
0.6044335937499999 
0.8118554687499998 
0.8341210937499999 
0.7403710937499998 
0.7350976562499998 
0.94837890625 
0.92201171875 
0.92787109375 
0.56693359375 
0.7151757812499999 
1.16224609375 
0.8962304687499998 
0.7327539062499998 
0.5446679687499999 
0.9530664062499999 
0.6800195312499999 
0.9214257812500001 
0.8200585937499999 
0.8997460937499998 
0.6249414062499998 
0.5511132812499999 
0.7755273437499999 
0.7192773437499999 
0.6466210937499999 
0.8915429687499998 
0.7409570312499998 
1.21966796875 
0.8446679687499998 
0.8183007812499999 
0.7755273437499999 
0.7368554687499997 
0.5897851562499998 
1.04095703125 
1.11595703125 
0.6753320312499999 
0.7333398437499998 
0.7913476562499999 
0.6296289062499999 
0.7327539062499998 
0.6161523437499998 
0.8054101562499998 
0.7263085937499998 
0.7069726562499998 
0.6724023437499999 
0.98470703125 
0.8130273437499999 
0.6683007812499999 
0.7128320312499998 
0.7093164062499998 
0.6061914062499999 
0.8212304687499998 
0.6735742187499998 
0.6852929687499998 
0.7427148437499999 
0.5370507812499999 
0.8616601562499998 
0.7649804687499998 
0.91673828125 
0.7942773437499999 
0.6583398437499999 
0.6671289062499999 
0.5499414062499999 
0.7380273437499998 
1.07259765625 
0.8083398437499999 
0.7104882812499999 
0.8716210937499999 
0.5382226562499999 
0.6085351562499999 
0.7005273437499998 
1.22845703125 
0.7087304687499998 
0.7409570312499998 
0.8083398437499999 
0.7175195312499999 
0.8306054687499999 
0.91966796875 
0.7163476562499999 
0.7058007812499999 
0.6706445312499999 
0.7766992187499998 
0.8358789062499998 
0.8083398437499999 
0.5792382812499999 
0.47611328124999996 
0.8206445312499999 
1.05677734375 
0.8833398437499999 
0.95716796875 
0.6308007812499999 
1.10833984375 
0.98060546875 
0.9085351562499998 
0.7327539062499998 
0.8341210937499999 
0.7292382812499998 
0.6372460937499999 
0.6888085937499998 
0.7016992187499997 
0.8516992187499998 
0.8604882812499999 
1.22611328125 
0.7690820312499999 
0.9419335937500001 
0.8798242187499997 
0.8610742187499998 
0.8364648437499999 
1.0298242187500002 
0.7263085937499998 
0.6132226562499998 
0.8622460937499998 
0.8065820312499998 
0.7585351562499998 
0.9056054687499998 
0.5938867187499999 
0.6343164062499999 
0.7227929687499998 
0.92845703125 
0.7983789062499999 
0.92025390625 
0.6249414062499998 
1.08958984375 
1.03392578125 
0.6448632812499999 
0.9266992187499999 
0.7479882812499998 
0.6829492187499998 
0.7175195312499999 
0.8024804687499998 
0.9554101562499999 
0.7843164062499999 
0.97123046875 
0.8429101562499998 
0.45619140625 
0.55814453125 
0.7140039062499999 
0.7069726562499998 
0.7509179687499998 
0.6788476562499999 
0.7913476562499999 
0.7977929687499998 
0.7309960937499997 
1.09193359375 
0.6870507812499999 
0.8224023437499999 
0.7268945312499998 
0.5657617187499999 
0.7309960937499997 
0.7116601562499998 
0.8141992187499998 
1.16224609375 
0.7579492187499998 
0.8218164062499999 
0.8048242187499998 
0.7210351562499998 
1.0075585937500002 
0.92318359375 
0.6964257812499999 
0.92318359375 
0.7720117187499999 
0.7866601562499999 
0.9009179687499999 
0.5774804687499998 
0.91439453125 
0.8036523437499998 
0.5915429687499999 
0.8757226562499998 
0.6835351562499998 
1.0655664062499999 
0.7702539062499999 
0.8891992187499997 
1.02748046875 
1.0356835937500002 
0.7561914062499998 
0.7509179687499998 
0.6847070312499999 
1.30287109375 
0.8651757812499999 
0.5540429687499999 
0.8388085937499998 
0.7016992187499997 
0.7438867187499998 
0.8018945312499999 
0.8317773437499999 
0.94837890625 
0.8634179687499999 
