44 33 23 
0.7304101562499997 
0.5136132812499999 
0.7063867187499998 
0.6425195312499999 
0.6899804687499997 
0.5938867187499999 
0.91966796875 
0.7602929687499999 
0.6196679687499999 
0.7011132812499998 
0.5774804687499998 
0.5475976562499999 
0.7995507812499999 
0.7093164062499998 
0.8985742187499998 
0.8288476562499999 
0.8522851562499998 
0.6349023437499999 
0.6940820312499998 
0.5903710937499999 
0.60501953125 
0.56986328125 
0.7216210937499998 
0.6126367187499998 
0.8815820312499998 
0.6390039062499999 
0.5516992187499998 
0.8938867187499998 
0.8095117187499998 
0.6436914062499999 
0.5716210937499999 
0.7860742187499998 
0.6700585937499999 
0.8827539062499998 
0.7772851562499998 
0.6858789062499998 
0.92318359375 
0.5850976562499999 
0.7122460937499998 
0.7116601562499998 
0.8686914062499999 
0.6284570312499999 
0.6765039062499999 
0.7796289062499999 
0.5968164062499999 
0.5411523437499999 
0.56400390625 
0.5048242187499998 
0.5382226562499999 
0.8440820312499998 
0.7550195312499999 
0.7831445312499999 
0.6559960937499998 
0.5599023437499999 
0.6056054687499999 
0.5997460937499999 
0.6489648437499999 
0.8212304687499998 
0.7309960937499997 
0.91029296875 
0.5921289062499999 
0.7192773437499999 
0.7696679687499999 
0.4643945312499999 
0.5751367187499998 
0.6067773437499999 
0.8745507812499999 
0.6870507812499999 
0.6847070312499999 
0.7450585937499998 
0.7673242187499998 
0.8405664062499998 
0.7438867187499998 
0.7737695312499999 
0.6811914062499999 
0.6343164062499999 
0.6413476562499999 
0.7772851562499998 
0.6237695312499999 
0.7052148437499999 
0.7122460937499998 
0.6665429687499999 
0.7222070312499999 
0.46556640624999995 
0.7556054687499998 
0.7679101562499998 
0.7186914062499998 
0.6349023437499999 
0.6536523437499998 
0.5604882812499999 
0.6032617187499999 
0.8329492187499998 
0.7040429687499998 
0.7438867187499998 
0.5897851562499998 
0.8153710937499998 
0.5774804687499998 
0.7890039062499999 
0.6899804687499997 
0.7661523437499999 
0.52650390625 
0.6413476562499999 
0.7960351562499999 
0.5241601562499999 
0.5681054687499999 
0.7397851562499997 
0.7327539062499998 
0.7749414062499999 
0.6114648437499999 
0.5358789062499999 
0.7567773437499998 
0.7345117187499998 
0.7186914062499998 
0.6003320312499999 
0.8323632812499999 
0.5540429687499999 
0.5774804687499998 
0.5429101562499998 
0.56458984375 
0.5599023437499999 
0.6454492187499998 
0.6190820312499998 
0.7069726562499998 
0.5944726562499999 
0.6929101562499997 
0.7087304687499998 
0.6700585937499999 
0.8083398437499999 
0.7081445312499999 
0.6554101562499998 
0.6876367187499998 
0.6975976562499998 
0.7309960937499997 
0.48841796874999993 
0.4954492187499999 
0.7784570312499999 
0.7778710937499999 
0.9003320312499998 
0.5815820312499999 
0.8042382812499999 
0.8224023437499999 
0.8071679687499999 
0.7421289062499998 
0.47083984374999993 
0.7802148437499999 
0.9009179687499999 
0.6841210937499999 
0.6659570312499998 
0.7884179687499999 
0.6032617187499999 
0.6677148437499999 
0.5768945312499999 
0.6079492187499999 
0.8429101562499998 
1.08958984375 
0.6079492187499999 
0.5563867187499999 
0.7181054687499998 
0.42220703125 
0.7702539062499999 
0.8956445312499999 
0.6308007812499999 
0.5042382812499999 
0.7058007812499999 
0.8798242187499997 
0.8470117187499998 
0.78958984375 
0.6390039062499999 
0.6091210937499999 
0.7380273437499998 
0.9050195312499999 
0.45619140625 
0.5194726562499999 
0.7069726562499998 
0.6173242187499998 
0.7192773437499999 
0.7345117187499998 
0.6694726562499999 
0.5733789062499999 
0.8821679687499998 
0.6179101562499998 
0.7573632812499999 
0.7620507812499999 
0.6940820312499998 
0.6278710937499998 
0.5809960937499998 
0.6097070312499999 
0.7825585937499999 
0.6472070312499999 
0.8159570312499999 
0.96537109375 
0.7274804687499997 
0.6964257812499999 
0.8358789062499998 
0.5470117187499999 
0.6700585937499999 
0.92611328125 
0.6964257812499999 
0.8604882812499999 
0.6800195312499999 
