75 3 22 
1.3052148437500002 
1.28119140625 
1.3122460937500002 
1.21087890625 
1.3081445312500002 
1.24603515625 
1.2847070312500002 
1.2571679687500001 
1.2700585937500004 
1.21087890625 
1.31927734375 
1.29642578125 
1.2641992187500002 
1.2454492187500001 
1.3257226562500002 
1.3128320312500001 
1.21791015625 
1.2507226562500002 
1.3251367187500003 
1.2934960937500002 
1.2788476562500002 
1.2806054687500001 
1.22435546875 
1.3391992187500001 
1.29291015625 
1.2671289062500002 
1.32044921875 
1.2524804687500002 
1.2694726562500003 
1.29759765625 
1.3274804687500001 
1.3263085937500003 
1.28529296875 
1.2893945312500001 
1.3438867187500003 
1.2893945312500001 
1.2724023437500003 
1.28236328125 
1.2659570312500001 
1.31400390625 
1.4235742187500002 
1.33275390625 
1.2653710937500002 
1.2542382812500001 
1.28587890625 
1.29642578125 
1.2600976562500001 
1.2806054687500001 
1.31400390625 
1.2841210937500003 
1.2718164062500001 
1.2706445312500003 
1.29759765625 
1.2893945312500001 
1.2542382812500001 
1.2893945312500001 
1.2893945312500001 
1.2864648437500001 
1.3362695312500001 
1.2419335937500002 
1.2495507812500002 
1.29642578125 
1.2554101562500002 
1.3427148437500003 
1.3362695312500001 
1.23841796875 
1.2600976562500001 
1.36205078125 
1.3227929687500002 
1.2923242187500001 
1.33216796875 
1.31166015625 
1.31048828125 
1.2536523437500002 
1.3356835937500002 
1.2126367187500002 
1.30580078125 
1.30111328125 
1.2817773437500002 
1.2806054687500001 
1.2554101562500002 
1.3298242187500002 
1.28236328125 
1.40248046875 
1.2665429687500003 
1.24134765625 
1.30228515625 
1.2454492187500001 
1.3403710937500002 
1.28236328125 
1.33861328125 
1.2143945312500002 
1.2934960937500002 
1.3251367187500003 
1.30228515625 
1.29525390625 
1.12650390625 
1.27650390625 
1.31986328125 
1.3239648437500002 
1.2847070312500002 
1.31869140625 
1.25306640625 
1.31986328125 
1.3110742187500002 
1.3081445312500002 
1.21791015625 
1.3257226562500002 
1.3309960937500003 
1.29408203125 
1.2782617187500003 
1.32806640625 
1.3333398437500001 
1.2518945312500003 
1.3456445312500003 
1.31927734375 
1.29935546875 
1.2724023437500003 
1.2665429687500003 
1.17923828125 
1.3391992187500001 
1.31166015625 
1.22962890625 
1.2841210937500003 
1.3315820312500002 
1.3081445312500002 
1.2641992187500002 
1.17396484375 
1.2302148437500002 
1.2325585937500003 
1.30111328125 
1.3450585937500004 
1.2782617187500003 
1.31400390625 
1.31986328125 
1.30052734375 
1.2641992187500002 
1.2630273437500001 
1.2718164062500001 
1.32923828125 
1.3345117187500002 
1.2653710937500002 
1.3286523437500002 
1.2753320312500003 
1.29115234375 
1.2507226562500002 
1.29408203125 
1.2671289062500002 
1.2776757812500001 
1.29935546875 
1.29935546875 
1.30111328125 
1.2641992187500002 
1.2981835937500001 
1.2571679687500001 
1.29583984375 
1.17748046875 
1.31341796875 
1.25892578125 
1.29701171875 
1.25775390625 
1.3251367187500003 
1.2800195312500002 
1.2841210937500003 
1.2694726562500003 
1.2518945312500003 
1.34095703125 
1.2542382812500001 
1.29759765625 
1.2747460937500004 
1.31986328125 
1.2888085937500002 
1.30287109375 
1.2806054687500001 
1.3099023437500001 
1.2759179687500002 
1.2600976562500001 
1.29701171875 
1.3345117187500002 
1.28529296875 
1.31517578125 
1.3251367187500003 
1.3063867187500002 
1.2893945312500001 
1.2800195312500002 
1.24720703125 
1.2893945312500001 
1.2841210937500003 
1.29642578125 
1.2864648437500001 
1.2659570312500001 
1.29525390625 
1.22259765625 
1.2659570312500001 
1.2712304687500002 
1.31458984375 
1.2788476562500002 
1.2806054687500001 
1.28998046875 
1.32103515625 
