58 33 9 
0.5306054687499999 
0.7304101562499997 
0.6934960937499998 
0.8007226562499998 
0.8546289062499999 
0.5938867187499999 
0.55814453125 
0.8177148437499999 
0.6067773437499999 
0.7567773437499998 
0.5856835937499999 
0.6964257812499999 
0.6161523437499998 
0.5692773437499999 
0.7602929687499999 
0.6507226562499998 
0.7878320312499999 
0.5470117187499999 
0.7339257812499999 
0.5850976562499999 
0.7304101562499997 
0.6225976562499999 
0.6513085937499998 
0.7479882812499998 
0.7743554687499998 
0.7315820312499998 
0.7239648437499998 
0.6513085937499998 
0.8522851562499998 
0.4632226562499999 
0.5493554687499999 
0.5915429687499999 
0.55814453125 
0.6003320312499999 
0.7356835937499998 
0.6354882812499999 
0.6231835937499999 
0.6718164062499998 
0.7315820312499998 
0.7087304687499998 
0.6501367187499998 
0.6606835937499999 
0.6384179687499999 
0.6600976562499998 
0.6044335937499999 
0.7151757812499999 
0.6079492187499999 
0.5569726562499999 
0.7163476562499999 
1.16283203125 
0.6999414062499998 
0.5599023437499999 
0.6413476562499999 
0.7702539062499999 
0.9554101562499999 
0.7649804687499998 
0.9524804687499999 
0.7280664062499997 
0.43685546875 
0.6372460937499999 
0.5358789062499999 
0.6413476562499999 
0.7438867187499998 
0.5124414062499999 
0.44212890624999995 
0.7585351562499998 
0.7421289062499998 
0.8259179687499999 
0.6009179687499999 
0.6747460937499998 
0.6483789062499998 
0.56693359375 
0.7380273437499998 
0.7116601562499998 
0.7649804687499998 
0.6665429687499999 
0.6413476562499999 
0.6501367187499998 
0.5634179687499999 
0.5446679687499999 
0.6073632812499999 
0.6501367187499998 
0.6225976562499999 
0.43216796874999996 
0.7186914062499998 
0.5927148437499999 
0.7204492187499998 
0.8417382812499998 
0.5751367187499998 
0.5399804687499998 
0.5458398437499999 
0.56986328125 
0.7216210937499998 
0.6378320312499999 
0.7579492187499998 
0.5042382812499999 
0.7438867187499998 
0.7503320312499998 
0.6442773437499999 
0.5030664062499999 
0.6811914062499999 
0.6085351562499999 
0.5405664062499999 
0.7081445312499999 
0.5991601562499999 
0.5147851562499999 
0.6559960937499998 
0.6724023437499999 
0.9149804687499999 
0.47435546874999995 
0.6577539062499999 
0.43978515625 
0.6272851562499998 
0.5604882812499999 
0.5739648437499999 
0.5768945312499999 
0.8265039062499999 
0.7538476562499998 
0.6507226562499998 
0.6190820312499998 
0.8540429687499999 
0.7802148437499999 
0.6718164062499998 
1.17220703125 
0.7421289062499998 
0.51712890625 
0.7128320312499998 
0.5716210937499999 
0.7391992187499997 
0.5681054687499999 
0.7239648437499998 
0.7620507812499999 
0.6413476562499999 
0.7515039062499999 
0.8118554687499998 
0.6343164062499999 
0.6524804687499998 
0.7474023437499998 
0.6671289062499999 
0.8136132812499999 
0.5768945312499999 
0.8188867187499999 
0.5546289062499999 
1.16634765625 
0.7063867187499998 
0.7614648437499999 
1.00462890625 
0.51126953125 
0.45033203124999993 
0.7233789062499998 
0.6044335937499999 
0.8464257812499999 
0.60208984375 
0.7497460937499998 
0.7919335937499999 
0.8183007812499999 
0.8862695312499999 
0.6296289062499999 
0.5833398437499999 
0.7796289062499999 
0.6349023437499999 
0.7386132812499998 
0.43919921874999995 
0.6190820312499998 
0.5059960937499999 
0.5985742187499998 
0.8083398437499999 
0.7878320312499999 
0.7772851562499998 
0.6220117187499998 
0.92904296875 
0.8100976562499999 
0.7145898437499999 
0.5563867187499999 
0.7784570312499999 
0.49603515624999994 
0.8411523437499998 
0.7825585937499999 
0.7755273437499999 
0.8376367187499998 
0.7415429687499998 
0.5745507812499999 
0.8212304687499998 
0.6296289062499999 
0.6964257812499999 
0.6249414062499998 
0.7620507812499999 
0.6659570312499998 
0.5716210937499999 
0.6993554687499998 
0.4872460937499999 
0.5452539062499999 
0.7345117187499998 
0.7128320312499998 
0.6419335937499999 
0.6366601562499998 
0.8065820312499998 
0.6606835937499999 
0.5141992187499999 
0.60267578125 
