3 34 63 
1.25775390625 
1.3567773437500001 
1.29876953125 
1.2712304687500002 
1.2893945312500001 
1.2706445312500003 
1.30580078125 
1.17806640625 
1.2143945312500002 
1.3257226562500002 
1.2776757812500001 
1.30580078125 
1.2466210937500002 
1.3456445312500003 
1.37376953125 
1.2395898437500001 
1.20501953125 
1.2501367187500003 
1.38900390625 
1.29935546875 
1.25775390625 
1.23548828125 
1.2759179687500002 
1.36556640625 
1.29466796875 
1.23900390625 
1.29642578125 
1.31927734375 
1.2888085937500002 
1.3626367187500001 
1.2554101562500002 
1.2132226562500001 
1.38373046875 
1.2724023437500003 
1.38080078125 
1.2630273437500001 
1.2806054687500001 
1.2888085937500002 
1.24603515625 
1.25306640625 
1.28998046875 
1.3298242187500002 
1.2653710937500002 
1.2653710937500002 
1.2489648437500003 
1.3304101562500001 
1.2507226562500002 
1.2571679687500001 
1.3110742187500002 
1.2184960937500002 
1.26244140625 
1.29056640625 
1.2688867187500004 
1.2806054687500001 
1.2565820312500002 
1.3520898437500002 
1.18978515625 
1.3063867187500002 
1.1827539062499999 
1.2659570312500001 
1.2776757812500001 
1.3040429687500001 
1.2102929687500001 
1.32337890625 
1.2712304687500002 
1.2630273437500001 
1.32044921875 
1.1341210937500001 
1.2677148437500003 
1.22962890625 
1.33216796875 
1.2565820312500002 
1.2337304687500001 
1.29115234375 
1.2407617187500002 
1.1886132812499999 
1.2595117187500002 
1.37435546875 
1.3075585937500003 
1.2313867187500003 
1.2495507812500002 
1.30345703125 
1.3075585937500003 
1.2706445312500003 
1.32337890625 
1.29759765625 
1.3110742187500002 
1.22376953125 
1.28822265625 
1.31927734375 
1.28529296875 
1.2641992187500002 
1.22494140625 
1.20033203125 
1.3304101562500001 
1.2753320312500003 
1.3122460937500002 
1.3069726562500001 
1.2829492187500002 
1.3040429687500001 
1.2513085937500004 
1.2794335937500003 
1.3491601562500002 
1.26361328125 
1.25775390625 
1.25775390625 
1.21087890625 
1.2419335937500002 
1.25892578125 
1.28705078125 
1.2688867187500004 
1.2747460937500004 
1.28119140625 
1.30052734375 
1.33392578125 
1.3497460937500003 
1.24310546875 
1.3345117187500002 
1.22083984375 
1.3450585937500004 
1.3128320312500001 
1.2841210937500003 
1.2841210937500003 
1.2876367187500002 
1.3075585937500003 
1.31458984375 
1.2302148437500002 
1.27650390625 
1.2677148437500003 
1.29935546875 
1.29935546875 
1.3157617187500001 
1.2501367187500003 
1.2583398437500002 
1.29583984375 
1.3075585937500003 
1.2800195312500002 
1.2794335937500003 
1.2893945312500001 
1.2630273437500001 
1.3257226562500002 
1.29583984375 
1.2700585937500004 
1.2729882812500002 
1.2847070312500002 
1.31634765625 
1.2378320312500002 
1.2507226562500002 
1.3128320312500001 
1.2700585937500004 
1.2278710937500001 
1.2407617187500002 
1.2565820312500002 
1.30228515625 
1.32103515625 
1.19330078125 
1.2278710937500001 
1.20677734375 
1.2395898437500001 
1.2876367187500002 
1.2712304687500002 
1.3128320312500001 
1.3251367187500003 
1.2688867187500004 
1.29115234375 
1.2800195312500002 
1.28705078125 
1.3257226562500002 
1.3040429687500001 
1.2788476562500002 
1.2600976562500001 
1.2489648437500003 
1.14115234375 
1.2313867187500003 
1.2548242187500003 
1.2477929687500002 
1.26185546875 
1.36439453125 
1.2630273437500001 
1.3462304687500002 
1.2419335937500002 
1.2542382812500001 
1.29466796875 
1.2782617187500003 
1.38197265625 
1.2630273437500001 
1.26478515625 
1.2981835937500001 
1.28998046875 
1.29642578125 
1.15814453125 
1.19095703125 
1.2542382812500001 
1.39720703125 
1.2641992187500002 
1.29466796875 
1.3040429687500001 
1.28705078125 
1.20326171875 
1.3286523437500002 
