16 34 50 
0.9905664062499998 
0.7274804687499997 
0.6390039062499999 
0.8616601562499998 
0.6477929687499998 
0.7245507812499998 
0.7649804687499998 
0.8153710937499998 
0.7292382812499998 
1.07083984375 
0.92259765625 
0.7046289062499999 
0.6161523437499998 
0.5774804687499998 
0.6806054687499998 
0.7708398437499999 
0.7778710937499999 
0.7638085937499999 
0.7526757812499999 
0.8634179687499999 
0.7684960937499998 
0.7075585937499999 
0.92259765625 
0.6419335937499999 
0.8036523437499998 
0.9038476562499999 
0.7251367187499997 
0.92083984375 
1.14876953125 
0.93607421875 
0.6220117187499998 
0.9073632812499999 
0.7948632812499999 
0.9173242187499999 
0.8024804687499998 
0.91322265625 
0.9044335937499999 
0.9331445312500001 
0.6079492187499999 
0.9079492187499998 
0.8147851562499998 
0.94310546875 
0.7485742187499997 
0.97240234375 
0.93255859375 
0.9056054687499998 
0.93255859375 
0.6970117187499998 
0.7690820312499999 
0.8018945312499999 
1.01927734375 
0.6653710937499998 
0.5546289062499999 
0.7661523437499999 
0.6038476562499999 
0.8727929687499998 
0.8247460937499999 
0.7227929687499998 
0.8294335937499999 
0.6507226562499998 
0.6507226562499998 
0.91556640625 
0.9999414062499997 
0.8610742187499998 
0.6835351562499998 
1.10716796875 
0.8845117187499998 
1.2220117187500001 
0.6384179687499999 
0.7362695312499998 
0.7497460937499998 
0.8188867187499999 
0.6237695312499999 
0.7181054687499998 
0.9448632812500001 
0.8558007812499999 
0.8774804687499997 
0.8388085937499998 
0.7315820312499998 
0.8434960937499998 
0.7046289062499999 
0.8792382812499998 
0.91205078125 
0.7890039062499999 
0.8751367187499998 
0.5388085937499999 
0.6829492187499998 
0.4995507812499999 
0.8727929687499998 
0.7684960937499998 
0.97298828125 
0.5798242187499998 
0.6495507812499999 
0.9530664062499999 
0.78080078125 
0.9917382812499999 
0.93548828125 
0.8558007812499999 
0.8229882812499999 
0.6729882812499999 
0.6706445312499999 
0.6319726562499999 
0.6255273437499999 
0.7573632812499999 
0.7145898437499999 
0.96244140625 
0.96009765625 
0.6384179687499999 
0.6911523437499998 
0.6583398437499999 
0.7380273437499998 
0.7374414062499998 
0.8024804687499998 
1.03333984375 
0.7573632812499999 
0.7210351562499998 
0.7526757812499999 
0.6964257812499999 
1.01634765625 
0.7872460937499999 
0.6817773437499999 
0.6835351562499998 
0.7520898437499999 
1.10248046875 
0.9091210937499998 
0.6495507812499999 
0.7151757812499999 
0.8347070312499999 
0.7843164062499999 
0.8024804687499998 
0.6390039062499999 
0.8188867187499999 
0.7350976562499998 
0.7052148437499999 
0.7028710937499998 
0.7263085937499998 
0.8311914062499999 
0.7913476562499999 
0.7140039062499999 
0.6583398437499999 
0.78958984375 
0.7491601562499998 
0.5915429687499999 
0.6079492187499999 
0.6700585937499999 
0.6231835937499999 
0.8569726562499999 
0.7239648437499998 
1.1358789062499999 
0.6395898437499999 
0.95658203125 
0.95833984375 
0.6466210937499999 
0.8423242187499997 
0.7509179687499998 
0.8511132812499999 
0.6565820312499998 
0.6349023437499999 
0.7052148437499999 
0.9020898437499999 
0.6659570312499998 
0.8681054687499998 
0.93666015625 
1.0544335937500002 
1.2102929687500001 
0.7087304687499998 
0.92845703125 
0.8059960937499998 
0.9999414062499997 
0.6665429687499999 
0.5891992187499998 
0.8059960937499998 
0.60267578125 
0.7145898437499999 
0.91380859375 
0.91908203125 
0.7345117187499998 
0.5827539062499999 
1.22259765625 
1.01810546875 
0.7011132812499998 
0.9893945312499999 
0.8933007812499999 
0.7462304687499998 
1.14115234375 
1.19037109375 
0.7093164062499998 
0.93255859375 
0.7268945312499998 
0.8347070312499999 
0.8481835937499999 
1.2513085937500004 
0.7936914062499999 
0.5106835937499999 
0.6735742187499998 
0.7321679687499998 
0.7063867187499998 
0.8059960937499998 
0.7069726562499998 
0.6278710937499998 
