21 34 45 
0.4778710937499999 
0.7632226562499999 
1.0456445312500002 
0.6225976562499999 
0.93666015625 
0.6987695312499999 
1.00404296875 
0.7391992187499997 
0.8364648437499999 
0.9149804687499999 
0.8669335937499999 
0.42044921874999996 
0.5856835937499999 
0.7058007812499999 
0.6565820312499998 
0.5716210937499999 
0.7585351562499998 
0.6964257812499999 
0.8722070312499999 
0.6630273437499998 
0.9050195312499999 
0.6466210937499999 
0.6331445312499999 
0.6249414062499998 
0.9958398437499999 
0.6806054687499998 
0.6085351562499999 
0.8048242187499998 
0.7766992187499998 
0.6108789062499999 
0.8423242187499997 
0.5909570312499999 
0.7714257812499999 
0.9946679687499999 
0.9091210937499998 
0.5985742187499998 
0.6747460937499998 
0.5968164062499999 
0.7128320312499998 
0.95775390625 
0.9559960937499999 
0.95833984375 
0.7743554687499998 
1.13763671875 
0.8429101562499998 
0.8481835937499999 
0.6225976562499999 
0.7134179687499999 
0.91146484375 
0.6999414062499998 
0.8147851562499998 
0.97650390625 
0.8458398437499999 
0.5429101562499998 
0.7239648437499998 
0.8850976562499998 
0.8159570312499999 
0.9870507812499999 
0.8165429687499999 
0.9501367187499999 
0.6882226562499998 
0.7520898437499999 
0.6677148437499999 
0.7063867187499998 
0.8188867187499999 
0.6372460937499999 
0.8071679687499999 
0.6677148437499999 
0.7532617187499998 
0.93607421875 
0.7942773437499999 
0.7585351562499998 
0.6003320312499999 
0.5874414062499999 
0.6970117187499998 
0.7778710937499999 
0.7280664062499997 
0.8417382812499998 
0.7661523437499999 
0.7192773437499999 
0.7954492187499999 
0.8944726562499998 
0.8065820312499998 
1.1001367187500002 
0.7919335937499999 
0.8200585937499999 
0.7386132812499998 
0.6618554687499998 
0.8868554687499998 
0.8704492187499998 
0.7737695312499999 
0.6419335937499999 
0.6302148437499999 
0.6272851562499998 
0.6243554687499998 
0.7749414062499999 
0.7005273437499998 
0.6442773437499999 
0.8112695312499999 
0.6823632812499999 
0.6747460937499998 
0.8880273437499998 
0.60267578125 
0.7350976562499998 
0.6501367187499998 
0.5757226562499999 
0.6782617187499999 
0.7403710937499998 
0.7515039062499999 
0.8786523437499998 
0.6870507812499999 
0.9079492187499998 
0.5780664062499998 
0.9015039062499999 
0.7046289062499999 
0.7708398437499999 
0.7456445312499999 
0.8534570312499998 
0.97650390625 
0.6308007812499999 
0.6513085937499998 
0.8710351562499998 
0.8681054687499998 
0.7104882812499999 
0.9061914062499998 
0.8845117187499998 
0.7766992187499998 
0.5874414062499999 
0.7122460937499998 
0.97005859375 
0.7813867187499999 
0.7743554687499998 
0.8405664062499998 
0.94544921875 
0.7298242187499997 
0.7520898437499999 
0.8393945312499999 
0.8147851562499998 
0.5681054687499999 
0.8235742187499998 
0.7597070312499998 
0.7591210937499998 
0.7128320312499998 
0.8745507812499999 
0.9050195312499999 
0.8241601562499998 
0.8487695312499999 
0.6161523437499998 
0.7579492187499998 
0.6624414062499998 
0.6436914062499999 
0.9401757812500001 
0.8265039062499999 
0.7391992187499997 
0.7368554687499997 
0.6436914062499999 
1.10716796875 
0.8927148437499999 
0.6349023437499999 
0.8376367187499998 
0.5499414062499999 
0.7128320312499998 
0.6483789062499998 
0.9302148437500001 
0.93373046875 
0.39876953125 
0.8686914062499999 
0.7052148437499999 
0.5681054687499999 
0.7690820312499999 
0.7778710937499999 
0.7433007812499999 
0.6694726562499999 
0.7972070312499999 
0.7796289062499999 
0.95423828125 
0.5405664062499999 
0.6483789062499998 
0.6349023437499999 
0.7819726562499999 
0.6272851562499998 
0.5821679687499999 
0.7450585937499998 
0.6477929687499998 
0.6718164062499998 
0.6524804687499998 
0.8118554687499998 
1.35560546875 
0.6577539062499999 
0.7936914062499999 
0.7251367187499997 
1.00873046875 
0.56458984375 
0.7602929687499999 
0.6741601562499998 
0.8804101562499997 
0.5335351562499999 
0.5997460937499999 
0.45091796874999995 
0.7104882812499999 
