24 34 42 
0.8493554687499998 
0.6940820312499998 
0.6852929687499998 
0.8780664062499998 
0.8241601562499998 
0.7573632812499999 
0.6554101562499998 
0.97005859375 
0.7602929687499999 
0.5915429687499999 
0.52943359375 
0.6981835937499998 
0.6501367187499998 
0.6290429687499999 
0.5774804687499998 
0.6829492187499998 
0.7380273437499998 
0.6788476562499999 
0.6548242187499997 
0.6225976562499999 
0.8886132812499998 
0.7655664062499998 
0.7573632812499999 
0.6173242187499998 
0.6600976562499998 
0.6313867187499999 
0.5985742187499998 
0.6559960937499998 
0.6811914062499999 
1.0655664062499999 
0.5862695312499999 
0.7526757812499999 
0.7515039062499999 
0.5833398437499999 
0.6108789062499999 
0.94603515625 
0.9026757812499999 
0.5013085937499999 
0.7597070312499998 
0.82767578125 
0.7966210937499999 
0.6354882812499999 
0.6794335937499999 
0.7415429687499998 
0.6770898437499999 
0.6079492187499999 
0.93138671875 
0.98470703125 
0.7415429687499998 
0.6665429687499999 
0.7327539062499998 
0.7561914062499998 
0.5569726562499999 
0.8364648437499999 
0.5991601562499999 
0.7145898437499999 
0.7345117187499998 
0.7626367187499998 
0.4925195312499999 
0.8253320312499999 
0.6237695312499999 
0.93255859375 
0.7391992187499997 
0.7585351562499998 
0.8042382812499999 
0.7515039062499999 
0.8106835937499999 
0.9097070312499999 
0.6559960937499998 
0.6835351562499998 
0.6296289062499999 
0.7532617187499998 
0.6770898437499999 
0.64017578125 
0.59330078125 
1.03919921875 
0.5475976562499999 
0.7714257812499999 
0.56517578125 
0.8311914062499999 
0.7802148437499999 
1.12650390625 
0.9946679687499999 
0.6431054687499999 
0.41634765625 
0.6220117187499998 
0.8177148437499999 
0.6624414062499998 
0.91087890625 
0.5722070312499999 
0.8341210937499999 
0.8558007812499999 
1.01166015625 
0.8581445312499999 
0.6970117187499998 
0.7960351562499999 
0.6518945312499999 
0.6841210937499999 
0.94896484375 
0.7327539062499998 
0.4895898437499999 
0.9032617187499998 
0.6337304687499998 
0.5739648437499999 
0.6618554687499998 
0.8095117187499998 
0.5364648437499999 
0.8124414062499998 
0.7667382812499999 
0.7661523437499999 
0.91029296875 
0.5241601562499999 
0.7608789062499999 
0.8645898437499999 
0.7362695312499998 
0.7222070312499999 
0.9056054687499998 
0.7286523437499998 
0.7872460937499999 
0.51712890625 
0.7286523437499998 
0.6800195312499999 
0.6688867187499998 
0.8059960937499998 
0.8294335937499999 
0.46087890624999994 
0.7116601562499998 
0.6571679687499998 
0.7708398437499999 
0.8522851562499998 
0.4661523437499999 
0.5880273437499999 
0.5991601562499999 
0.8997460937499998 
0.8663476562499999 
0.9893945312499999 
0.91029296875 
0.8077539062499999 
0.7790429687499999 
0.6466210937499999 
0.8434960937499998 
0.6061914062499999 
0.8991601562499998 
0.7280664062499997 
0.8311914062499999 
0.7802148437499999 
1.0268945312500002 
0.92552734375 
0.8247460937499999 
0.7849023437499999 
0.91556640625 
0.6243554687499998 
0.8382226562499998 
0.8306054687499999 
0.6864648437499998 
0.7585351562499998 
0.5546289062499999 
0.5780664062499998 
0.6741601562499998 
0.6495507812499999 
0.6108789062499999 
0.5850976562499999 
0.94955078125 
0.5481835937499999 
0.53470703125 
1.03275390625 
0.8083398437499999 
0.91205078125 
0.8856835937499998 
0.6893945312499998 
0.8007226562499998 
0.7725976562499999 
0.6202539062499999 
0.8516992187499998 
0.5862695312499999 
0.48900390624999995 
1.0268945312500002 
0.8423242187499997 
1.07962890625 
0.5563867187499999 
0.7374414062499998 
0.5874414062499999 
0.6079492187499999 
0.6993554687499998 
0.6296289062499999 
0.7878320312499999 
0.7345117187499998 
0.5944726562499999 
0.6618554687499998 
0.8587304687499998 
0.91087890625 
0.5974023437499999 
1.1247460937500002 
0.5915429687499999 
0.7497460937499998 
0.5821679687499999 
0.9067773437499999 
0.6472070312499999 
0.6940820312499998 
0.5891992187499998 
