40 34 26 
0.7602929687499999 
0.7532617187499998 
0.49427734374999993 
0.6495507812499999 
0.7673242187499998 
0.5575585937499999 
0.6864648437499998 
0.5534570312499999 
0.5733789062499999 
0.56400390625 
0.98353515625 
0.7327539062499998 
0.6870507812499999 
0.5798242187499998 
0.7948632812499999 
0.49720703124999993 
0.6261132812499999 
0.6946679687499998 
0.8704492187499998 
0.8505273437499998 
0.6477929687499998 
0.7016992187499997 
0.7479882812499998 
0.7878320312499999 
0.49720703124999993 
0.8018945312499999 
0.6683007812499999 
0.7878320312499999 
0.7245507812499998 
0.8124414062499998 
0.43568359374999993 
0.6354882812499999 
0.7673242187499998 
0.5546289062499999 
1.04212890625 
0.6167382812499999 
0.7667382812499999 
0.78958984375 
0.6530664062499998 
0.53470703125 
0.5593164062499999 
0.8001367187499998 
0.6466210937499999 
0.7257226562499998 
0.5815820312499999 
0.6829492187499998 
0.7520898437499999 
0.7263085937499998 
0.7233789062499998 
0.6407617187499999 
0.5692773437499999 
0.5165429687499999 
0.5692773437499999 
0.6811914062499999 
0.6688867187499998 
0.7052148437499999 
0.7427148437499999 
0.5956445312499999 
0.7725976562499999 
0.5405664062499999 
0.79017578125 
0.7526757812499999 
0.7339257812499999 
0.92962890625 
0.5100976562499999 
0.6630273437499998 
0.6665429687499999 
0.4544335937499999 
0.78958984375 
0.7597070312499998 
0.4720117187499999 
0.5868554687499998 
0.5757226562499999 
0.6208398437499999 
0.4684960937499999 
0.6905664062499998 
0.6149804687499998 
0.6911523437499998 
0.7309960937499997 
0.7884179687499999 
0.6507226562499998 
0.52708984375 
0.4778710937499999 
0.98236328125 
0.5938867187499999 
0.6272851562499998 
0.6559960937499998 
0.7268945312499998 
0.6173242187499998 
0.6864648437499998 
0.44740234374999993 
0.6905664062499998 
0.7819726562499999 
0.6202539062499999 
0.5821679687499999 
0.5903710937499999 
0.7497460937499998 
0.7216210937499998 
0.7233789062499998 
0.5628320312499999 
0.8352929687499998 
0.5944726562499999 
0.6413476562499999 
0.6184960937499998 
0.6618554687499998 
0.5130273437499999 
0.7620507812499999 
0.5487695312499999 
0.5804101562499998 
0.5095117187499999 
0.6278710937499998 
0.8903710937499998 
0.6114648437499999 
0.7327539062499998 
0.94662109375 
0.6858789062499998 
0.7491601562499998 
0.9056054687499998 
0.7520898437499999 
0.7204492187499998 
0.60501953125 
0.5968164062499999 
0.8839257812499999 
0.8563867187499998 
0.9003320312499998 
0.7110742187499998 
0.9097070312499999 
0.46498046874999993 
0.5569726562499999 
0.8757226562499998 
0.9893945312499999 
0.56400390625 
0.6313867187499999 
1.0122460937500002 
0.6694726562499999 
0.8376367187499998 
0.6413476562499999 
0.56458984375 
0.5827539062499999 
0.5306054687499999 
0.6448632812499999 
0.7561914062499998 
0.6179101562499998 
0.8727929687499998 
0.5311914062499999 
0.5874414062499999 
0.56458984375 
0.6870507812499999 
0.6800195312499999 
0.5575585937499999 
0.6794335937499999 
0.94662109375 
0.7655664062499998 
0.6015039062499999 
0.6999414062499998 
0.6378320312499999 
0.8645898437499999 
0.8651757812499999 
0.8018945312499999 
0.5891992187499998 
0.5774804687499998 
0.8042382812499999 
0.6888085937499998 
0.6378320312499999 
0.7766992187499998 
0.6852929687499998 
0.6987695312499999 
0.7831445312499999 
0.5622460937499999 
0.7602929687499999 
0.7239648437499998 
0.7679101562499998 
0.9302148437500001 
0.44623046874999994 
0.5411523437499999 
0.7825585937499999 
0.6384179687499999 
0.5141992187499999 
0.7608789062499999 
0.5850976562499999 
0.6255273437499999 
0.96595703125 
0.7069726562499998 
0.7620507812499999 
0.7204492187499998 
0.7022851562499998 
0.8874414062499998 
0.6319726562499999 
0.6009179687499999 
0.5739648437499999 
0.46087890624999994 
0.7087304687499998 
0.5921289062499999 
0.5100976562499999 
0.7134179687499999 
0.56458984375 
0.8833398437499999 
0.6114648437499999 
0.4802148437499999 
0.7913476562499999 
