48 34 18 
0.7028710937499998 
0.7977929687499998 
0.6548242187499997 
0.38529296874999996 
0.7409570312499998 
0.8077539062499999 
0.60208984375 
0.7263085937499998 
0.4977929687499999 
0.6202539062499999 
0.5511132812499999 
0.8393945312499999 
0.5399804687499998 
0.7468164062499998 
0.5722070312499999 
0.7409570312499998 
0.6794335937499999 
0.6173242187499998 
0.47728515624999995 
0.6671289062499999 
0.5528710937499999 
0.6366601562499998 
0.47142578124999995 
0.50892578125 
0.8200585937499999 
0.6255273437499999 
0.6852929687499998 
0.8364648437499999 
0.6659570312499998 
0.5505273437499999 
0.6431054687499999 
0.7995507812499999 
0.7309960937499997 
0.60208984375 
0.8042382812499999 
0.6225976562499999 
0.5522851562499999 
0.6337304687499998 
0.56693359375 
0.59330078125 
0.6741601562499998 
0.8335351562499999 
0.8616601562499998 
0.6003320312499999 
0.5833398437499999 
0.6419335937499999 
0.5915429687499999 
0.6425195312499999 
0.79251953125 
0.6337304687499998 
0.6056054687499999 
0.7620507812499999 
0.5827539062499999 
0.8177148437499999 
0.6126367187499998 
0.7790429687499999 
0.6067773437499999 
0.6806054687499998 
0.5839257812499999 
0.6571679687499998 
0.7503320312499998 
0.7233789062499998 
0.8505273437499998 
0.8657617187499999 
0.5757226562499999 
0.6530664062499998 
0.6003320312499999 
0.5341210937499999 
0.7075585937499999 
0.41634765625 
0.6466210937499999 
0.5727929687499999 
0.60501953125 
0.53236328125 
0.7532617187499998 
0.5587304687499999 
0.46673828124999994 
0.7784570312499999 
0.4919335937499999 
0.42865234374999994 
0.6946679687499998 
0.5511132812499999 
0.43275390625 
0.7462304687499998 
0.7579492187499998 
0.43685546875 
0.7421289062499998 
0.7497460937499998 
0.5798242187499998 
0.5364648437499999 
0.6261132812499999 
0.7227929687499998 
0.8991601562499998 
0.7702539062499999 
0.6102929687499998 
0.6929101562499997 
0.6536523437499998 
0.5757226562499999 
0.8440820312499998 
0.8364648437499999 
0.6231835937499999 
0.6442773437499999 
0.41810546875 
0.6237695312499999 
0.6155664062499998 
0.4614648437499999 
0.43626953124999995 
0.5956445312499999 
0.7532617187499998 
0.7837304687499999 
0.7579492187499998 
0.5018945312499999 
0.7866601562499999 
0.49603515624999994 
0.7210351562499998 
0.7509179687499998 
0.8974023437499998 
0.8452539062499999 
0.8581445312499999 
0.6302148437499999 
0.8077539062499999 
0.6349023437499999 
0.47376953124999993 
0.6870507812499999 
0.7620507812499999 
0.6448632812499999 
0.4813867187499999 
0.56986328125 
0.6653710937499998 
0.45384765624999995 
0.7509179687499998 
0.5716210937499999 
0.6261132812499999 
0.5147851562499999 
0.6888085937499998 
0.6343164062499999 
0.4731835937499999 
0.8270898437499999 
0.53236328125 
0.8335351562499999 
0.7157617187499998 
0.6337304687499998 
0.6477929687499998 
0.5856835937499999 
0.6290429687499999 
0.7140039062499999 
0.5903710937499999 
0.7210351562499998 
0.5792382812499999 
0.5563867187499999 
0.55814453125 
0.5487695312499999 
0.7063867187499998 
0.8177148437499999 
0.7643945312499999 
0.96537109375 
0.6425195312499999 
0.8065820312499998 
0.8370507812499999 
0.6548242187499997 
0.6343164062499999 
0.6565820312499998 
0.7327539062499998 
0.7468164062499998 
0.7046289062499999 
0.6202539062499999 
0.5218164062499999 
0.5405664062499999 
0.8563867187499998 
0.8950585937499999 
0.8411523437499998 
0.46556640624999995 
0.5862695312499999 
0.5124414062499999 
0.5311914062499999 
0.8171289062499999 
0.6343164062499999 
0.5827539062499999 
0.5393945312499999 
0.7620507812499999 
0.7192773437499999 
0.6337304687499998 
0.6741601562499998 
0.7058007812499999 
0.6360742187499998 
0.41283203124999995 
0.8663476562499999 
0.7591210937499998 
0.8417382812499998 
0.6495507812499999 
0.56986328125 
0.7163476562499999 
0.5821679687499999 
0.7192773437499999 
0.6308007812499999 
0.6694726562499999 
0.40228515625 
0.7169335937499999 
0.5897851562499998 
0.55521484375 
