82 3 15 
1.33216796875 
1.2595117187500002 
1.32044921875 
1.2893945312500001 
1.31869140625 
1.2641992187500002 
1.33802734375 
1.3157617187500001 
1.2776757812500001 
1.28822265625 
1.2495507812500002 
1.32806640625 
1.3263085937500003 
1.28529296875 
1.21966796875 
1.3345117187500002 
1.3128320312500001 
1.3157617187500001 
1.2794335937500003 
1.42298828125 
1.29291015625 
1.28587890625 
1.31341796875 
1.2507226562500002 
1.21791015625 
1.18978515625 
1.30580078125 
1.3315820312500002 
1.28119140625 
1.41185546875 
1.18041015625 
1.29173828125 
1.26244140625 
1.31986328125 
1.3075585937500003 
1.30345703125 
1.25306640625 
1.2829492187500002 
1.2518945312500003 
1.2671289062500002 
1.29173828125 
1.3936914062499999 
1.29291015625 
1.25306640625 
1.2999414062499999 
1.2688867187500004 
1.2835351562500001 
1.2507226562500002 
1.2735742187500003 
1.31634765625 
1.31166015625 
1.3391992187500001 
1.2659570312500001 
1.2600976562500001 
1.31458984375 
1.30931640625 
1.2706445312500003 
1.29525390625 
1.2893945312500001 
1.2630273437500001 
1.22494140625 
1.28705078125 
1.3063867187500002 
1.20853515625 
1.33861328125 
1.28119140625 
1.28529296875 
1.2876367187500002 
1.3298242187500002 
1.3040429687500001 
1.2981835937500001 
1.2278710937500001 
1.22845703125 
1.30580078125 
1.24369140625 
1.2542382812500001 
1.30345703125 
1.2923242187500001 
1.30931640625 
1.2759179687500002 
1.2712304687500002 
1.32337890625 
1.2893945312500001 
1.2548242187500003 
1.3122460937500002 
1.31634765625 
1.30580078125 
1.2841210937500003 
1.30287109375 
1.29291015625 
1.2671289062500002 
1.3110742187500002 
1.30873046875 
1.2554101562500002 
1.3257226562500002 
1.26244140625 
1.2776757812500001 
1.28822265625 
1.31048828125 
1.2630273437500001 
1.38783203125 
1.29056640625 
1.29701171875 
1.3063867187500002 
1.29701171875 
1.2841210937500003 
1.22435546875 
1.3345117187500002 
1.30169921875 
1.2923242187500001 
1.31986328125 
1.22494140625 
1.27650390625 
1.28705078125 
1.26478515625 
1.2665429687500003 
1.33392578125 
1.3122460937500002 
1.24134765625 
1.2706445312500003 
1.2770898437500002 
1.2923242187500001 
1.2718164062500001 
1.31458984375 
1.33392578125 
1.2466210937500002 
1.2606835937500003 
1.3128320312500001 
1.2788476562500002 
1.22083984375 
1.3157617187500001 
1.3040429687500001 
1.3069726562500001 
1.2700585937500004 
1.2776757812500001 
1.2612695312500002 
1.27650390625 
1.28822265625 
1.2923242187500001 
1.3315820312500002 
1.31166015625 
1.2999414062499999 
1.3345117187500002 
1.31166015625 
1.2788476562500002 
1.3040429687500001 
1.31986328125 
1.2829492187500002 
1.31048828125 
1.3309960937500003 
1.3245507812500001 
1.22552734375 
1.2741601562500002 
1.28998046875 
1.30931640625 
1.29173828125 
1.2677148437500003 
1.2513085937500004 
1.2554101562500002 
1.18451171875 
1.3075585937500003 
1.2606835937500003 
1.2606835937500003 
1.23548828125 
1.2747460937500004 
1.28119140625 
1.24603515625 
1.30111328125 
1.3040429687500001 
1.4206445312500002 
1.31751953125 
1.29115234375 
1.20267578125 
1.3309960937500003 
1.2794335937500003 
1.2542382812500001 
1.2747460937500004 
1.2770898437500002 
1.31341796875 
1.3040429687500001 
1.3216210937500001 
1.2319726562500002 
1.30228515625 
1.2583398437500002 
1.2729882812500002 
1.2759179687500002 
1.29583984375 
1.20736328125 
1.2788476562500002 
1.25306640625 
1.2718164062500001 
1.2776757812500001 
1.2220117187500001 
1.2653710937500002 
1.2161523437500001 
1.22611328125 
1.30111328125 
1.2290429687500002 
1.2776757812500001 
1.30345703125 
