55 34 11 
0.5399804687499998 
0.45267578124999996 
0.59330078125 
0.5792382812499999 
0.5235742187499999 
0.7292382812499998 
0.5839257812499999 
0.7614648437499999 
0.7655664062499998 
0.7339257812499999 
0.8054101562499998 
0.7526757812499999 
0.8856835937499998 
0.6606835937499999 
0.7567773437499998 
0.8417382812499998 
0.6718164062499998 
0.7227929687499998 
0.6190820312499998 
0.6102929687499998 
0.5434960937499999 
0.7081445312499999 
0.98060546875 
0.5880273437499999 
0.6167382812499999 
0.8628320312499999 
0.46556640624999995 
0.5704492187499999 
0.6647851562499998 
0.5891992187499998 
0.6190820312499998 
0.8768945312499998 
0.64017578125 
0.6237695312499999 
0.7673242187499998 
1.01048828125 
0.6946679687499998 
0.5909570312499999 
0.7222070312499999 
0.5991601562499999 
0.7456445312499999 
0.6120507812499999 
0.7573632812499999 
0.9050195312499999 
0.6706445312499999 
0.6677148437499999 
0.55814453125 
0.6454492187499998 
0.5241601562499999 
0.6929101562499997 
0.7327539062499998 
0.6220117187499998 
0.4925195312499999 
0.6899804687499997 
0.6167382812499999 
0.56751953125 
0.5411523437499999 
0.6999414062499998 
0.7263085937499998 
0.7708398437499999 
0.6876367187499998 
0.4849023437499999 
0.8229882812499999 
0.7597070312499998 
0.9050195312499999 
0.6870507812499999 
0.6770898437499999 
0.5974023437499999 
0.6993554687499998 
0.6688867187499998 
0.6706445312499999 
0.6120507812499999 
0.39291015625 
0.8563867187499998 
0.6952539062499998 
0.5575585937499999 
0.5938867187499999 
0.6958398437499999 
0.6102929687499998 
0.7309960937499997 
0.6852929687499998 
0.7245507812499998 
0.5956445312499999 
0.5827539062499999 
0.6360742187499998 
0.5358789062499999 
0.5874414062499999 
0.7509179687499998 
0.47435546874999995 
0.7755273437499999 
0.7567773437499998 
0.8382226562499998 
0.6958398437499999 
0.7380273437499998 
0.92845703125 
0.7005273437499998 
0.7151757812499999 
0.7515039062499999 
0.5364648437499999 
0.5282617187499999 
0.5593164062499999 
0.6431054687499999 
0.6858789062499998 
0.6964257812499999 
0.7772851562499998 
0.43275390625 
0.8481835937499999 
0.7081445312499999 
0.5985742187499998 
0.8153710937499998 
0.55521484375 
0.7509179687499998 
0.6600976562499998 
0.6454492187499998 
0.6829492187499998 
0.5159570312499999 
0.6946679687499998 
0.7503320312499998 
0.6454492187499998 
0.7843164062499999 
0.6688867187499998 
0.5727929687499999 
0.6893945312499998 
0.6653710937499998 
0.7450585937499998 
0.5493554687499999 
0.6940820312499998 
0.7110742187499998 
0.55521484375 
0.7755273437499999 
0.9097070312499999 
0.7227929687499998 
0.7356835937499998 
0.7772851562499998 
0.5891992187499998 
0.6425195312499999 
0.8071679687499999 
0.78080078125 
0.4632226562499999 
0.6917382812499998 
0.6747460937499998 
0.6243554687499998 
0.8563867187499998 
0.7579492187499998 
0.8077539062499999 
0.7268945312499998 
0.6114648437499999 
0.7608789062499999 
0.6864648437499998 
0.7204492187499998 
0.8634179687499999 
0.5218164062499999 
0.6395898437499999 
0.7649804687499998 
0.7216210937499998 
0.6970117187499998 
0.7456445312499999 
0.5979882812499999 
0.5106835937499999 
0.7292382812499998 
0.7028710937499998 
0.7028710937499998 
0.5739648437499999 
0.5839257812499999 
0.4878320312499999 
0.7520898437499999 
0.7122460937499998 
0.8042382812499999 
0.5522851562499999 
0.56986328125 
0.6161523437499998 
0.5739648437499999 
0.5634179687499999 
0.6753320312499999 
0.4544335937499999 
0.4808007812499999 
0.7954492187499999 
0.49720703124999993 
0.6472070312499999 
0.6249414062499998 
0.5440820312499999 
0.7626367187499998 
0.5804101562499998 
0.6665429687499999 
0.6729882812499999 
0.53001953125 
0.6612695312499999 
0.8786523437499998 
0.7450585937499998 
0.5241601562499999 
0.6483789062499998 
0.5991601562499999 
0.5979882812499999 
0.6876367187499998 
0.6097070312499999 
0.8071679687499999 
0.6138085937499999 
0.5077539062499999 
0.8013085937499999 
0.6225976562499999 
