60 34 6 
0.5493554687499999 
0.8610742187499998 
0.7239648437499998 
0.6190820312499998 
0.6378320312499999 
0.6847070312499999 
0.6964257812499999 
0.6841210937499999 
0.6677148437499999 
0.6179101562499998 
0.7374414062499998 
0.6993554687499998 
0.5763085937499999 
0.6747460937499998 
0.60208984375 
0.5405664062499999 
0.5540429687499999 
0.6372460937499999 
0.7046289062499999 
0.7696679687499999 
0.5388085937499999 
0.7099023437499998 
0.7684960937499998 
0.6870507812499999 
0.6981835937499998 
0.5938867187499999 
0.6565820312499998 
0.6102929687499998 
0.7216210937499998 
0.8604882812499999 
0.7309960937499997 
0.7268945312499998 
0.5429101562499998 
0.6554101562499998 
0.4614648437499999 
0.5880273437499999 
0.5434960937499999 
0.6929101562499997 
0.6477929687499998 
0.56517578125 
0.8007226562499998 
0.5751367187499998 
0.6126367187499998 
0.7573632812499999 
0.7175195312499999 
0.5722070312499999 
0.53001953125 
0.5417382812499999 
0.5985742187499998 
0.7186914062499998 
0.7614648437499999 
0.47845703124999994 
0.5487695312499999 
0.5962304687499999 
0.8768945312499998 
0.5891992187499998 
0.5610742187499999 
0.5704492187499999 
0.5153710937499999 
0.8065820312499998 
0.6571679687499998 
0.6806054687499998 
0.6085351562499999 
0.7708398437499999 
0.7854882812499999 
0.9302148437500001 
0.6044335937499999 
0.6220117187499998 
0.7198632812499999 
0.6630273437499998 
0.48548828124999993 
0.8136132812499999 
0.7175195312499999 
0.4995507812499999 
0.5130273437499999 
0.5130273437499999 
0.7186914062499998 
0.7854882812499999 
0.4626367187499999 
0.6958398437499999 
0.5815820312499999 
0.7069726562499998 
0.5042382812499999 
0.52650390625 
0.7737695312499999 
0.8300195312499999 
0.6507226562499998 
0.7890039062499999 
0.6559960937499998 
0.5886132812499999 
0.7977929687499998 
0.7140039062499999 
0.5821679687499999 
0.52005859375 
0.5915429687499999 
0.8352929687499998 
0.42572265624999994 
0.7427148437499999 
0.60501953125 
0.4866601562499999 
0.6841210937499999 
0.9067773437499999 
0.6032617187499999 
0.7790429687499999 
0.7731835937499999 
0.8013085937499999 
0.6964257812499999 
0.6847070312499999 
0.7696679687499999 
0.7251367187499997 
0.7720117187499999 
0.8130273437499999 
0.7520898437499999 
0.5546289062499999 
0.6102929687499998 
0.7192773437499999 
0.6378320312499999 
0.7602929687499999 
0.7391992187499997 
0.8388085937499998 
0.5915429687499999 
0.6753320312499999 
0.5212304687499999 
0.7116601562499998 
0.6653710937499998 
0.52708984375 
0.7040429687499998 
0.64017578125 
0.6331445312499999 
0.5950585937499999 
0.4860742187499999 
0.41517578125 
0.6138085937499999 
0.5938867187499999 
0.4907617187499999 
0.6114648437499999 
0.5505273437499999 
0.6946679687499998 
0.42572265624999994 
0.6513085937499998 
0.6067773437499999 
0.7140039062499999 
0.5018945312499999 
0.7667382812499999 
0.5329492187499999 
0.7327539062499998 
0.6706445312499999 
0.7825585937499999 
0.5563867187499999 
0.6108789062499999 
0.6536523437499998 
0.6888085937499998 
0.7468164062499998 
0.7597070312499998 
0.5751367187499998 
0.7286523437499998 
0.7960351562499999 
0.7655664062499998 
0.7040429687499998 
0.6823632812499999 
0.7813867187499999 
0.5388085937499999 
0.6600976562499998 
0.6964257812499999 
0.6735742187499998 
0.6349023437499999 
0.6858789062499998 
0.6448632812499999 
0.45501953124999994 
0.5839257812499999 
0.55580078125 
0.7257226562499998 
0.6765039062499999 
0.7520898437499999 
0.5604882812499999 
0.6056054687499999 
0.60267578125 
0.55521484375 
0.7427148437499999 
0.6993554687499998 
0.5704492187499999 
0.6143945312499999 
0.6477929687499998 
0.6606835937499999 
0.4632226562499999 
0.5013085937499999 
0.6038476562499999 
0.7743554687499998 
0.6636132812499999 
0.6852929687499998 
0.7673242187499998 
0.5739648437499999 
0.6700585937499999 
0.6360742187499998 
0.6647851562499998 
0.7872460937499999 
0.6378320312499999 
0.6138085937499999 
0.6641992187499998 
0.7532617187499998 
