62 34 4 
0.59330078125 
0.45794921874999994 
0.7638085937499999 
0.6220117187499998 
0.6272851562499998 
0.7831445312499999 
0.8780664062499998 
0.6893945312499998 
0.51126953125 
0.6870507812499999 
0.6782617187499999 
0.8798242187499997 
0.6202539062499999 
0.6466210937499999 
0.8048242187499998 
0.5985742187499998 
0.6595117187499998 
0.6120507812499999 
0.5247460937499999 
0.6102929687499998 
0.8335351562499999 
0.4720117187499999 
0.6712304687499998 
0.6718164062499998 
0.6659570312499998 
0.7884179687499999 
0.7099023437499998 
0.6630273437499998 
0.7122460937499998 
0.8335351562499999 
0.6278710937499998 
0.6190820312499998 
0.6102929687499998 
0.8071679687499999 
0.7356835937499998 
0.6542382812499998 
0.6583398437499999 
0.96068359375 
0.6179101562499998 
0.6489648437499999 
0.6835351562499998 
0.6940820312499998 
0.5188867187499999 
0.6091210937499999 
0.6325585937499999 
0.8528710937499998 
0.5130273437499999 
0.8821679687499998 
0.5891992187499998 
0.8054101562499998 
0.6220117187499998 
0.8522851562499998 
0.7515039062499999 
0.6565820312499998 
0.6331445312499999 
0.7819726562499999 
0.56986328125 
0.6858789062499998 
0.53470703125 
0.97884765625 
0.9003320312499998 
0.6548242187499997 
0.7796289062499999 
0.6841210937499999 
0.5804101562499998 
0.5710351562499999 
0.6425195312499999 
0.91966796875 
0.7104882812499999 
0.5311914062499999 
0.7725976562499999 
0.8130273437499999 
0.8358789062499998 
0.5839257812499999 
0.5921289062499999 
0.6929101562499997 
0.5774804687499998 
0.6091210937499999 
0.8388085937499998 
0.4638085937499999 
0.6958398437499999 
0.7128320312499998 
0.8013085937499999 
0.6765039062499999 
0.6372460937499999 
0.56986328125 
0.7491601562499998 
0.53177734375 
0.5786523437499999 
0.91556640625 
0.7368554687499997 
0.6184960937499998 
0.5364648437499999 
0.6184960937499998 
0.5306054687499999 
0.8440820312499998 
0.7368554687499997 
0.6091210937499999 
0.5733789062499999 
0.6495507812499999 
0.6120507812499999 
0.6044335937499999 
0.7210351562499998 
0.5985742187499998 
0.7556054687499998 
0.6970117187499998 
0.6565820312499998 
0.6067773437499999 
0.6964257812499999 
0.7626367187499998 
0.5563867187499999 
0.6360742187499998 
0.4720117187499999 
0.4790429687499999 
0.8809960937499998 
0.8100976562499999 
0.6108789062499999 
0.6641992187499998 
0.5938867187499999 
0.8528710937499998 
0.6518945312499999 
0.7397851562499997 
0.6835351562499998 
0.7784570312499999 
0.7239648437499998 
0.6413476562499999 
0.8452539062499999 
0.5845117187499999 
0.6970117187499998 
0.6876367187499998 
0.5979882812499999 
0.7456445312499999 
0.6184960937499998 
0.49486328124999995 
0.8505273437499998 
0.7843164062499999 
0.8288476562499999 
0.7374414062499998 
0.5950585937499999 
0.6518945312499999 
0.6466210937499999 
0.6208398437499999 
0.8487695312499999 
0.6806054687499998 
0.43451171874999994 
0.7075585937499999 
0.6987695312499999 
0.8306054687499999 
0.5054101562499999 
0.6237695312499999 
0.6313867187499999 
0.5540429687499999 
0.8757226562499998 
0.56400390625 
0.6600976562499998 
0.7884179687499999 
0.7052148437499999 
0.5968164062499999 
0.52298828125 
0.6858789062499998 
0.52708984375 
0.6442773437499999 
0.7286523437499998 
0.6589257812499999 
0.7005273437499998 
0.96947265625 
0.7140039062499999 
0.7438867187499998 
0.6308007812499999 
0.7790429687499999 
0.5962304687499999 
0.6413476562499999 
0.5733789062499999 
0.4866601562499999 
0.6612695312499999 
0.5411523437499999 
0.6917382812499998 
0.6811914062499999 
0.6688867187499998 
0.8516992187499998 
0.92025390625 
0.7321679687499998 
0.8552148437499999 
0.6524804687499998 
0.52767578125 
0.8136132812499999 
0.5048242187499998 
0.5827539062499999 
0.7497460937499998 
0.8165429687499999 
0.5446679687499999 
0.7948632812499999 
0.5024804687499999 
0.56400390625 
0.5335351562499999 
0.5405664062499999 
0.7837304687499999 
0.8253320312499999 
0.6237695312499999 
0.7509179687499998 
