63 34 3 
0.97298828125 
0.6653710937499998 
0.7350976562499998 
0.6097070312499999 
0.8030664062499998 
0.7626367187499998 
0.6132226562499998 
0.5821679687499999 
0.7591210937499998 
0.60267578125 
0.7474023437499998 
0.7298242187499997 
0.6811914062499999 
0.43333984374999995 
0.7116601562499998 
0.9085351562499998 
0.8188867187499999 
0.6858789062499998 
0.7093164062499998 
0.6706445312499999 
0.7567773437499998 
0.5798242187499998 
0.8188867187499999 
0.6091210937499999 
0.8593164062499998 
0.6718164062499998 
0.5845117187499999 
0.6120507812499999 
0.6477929687499998 
0.7415429687499998 
0.4966210937499999 
0.6237695312499999 
0.49603515624999994 
0.6589257812499999 
0.5628320312499999 
0.7181054687499998 
0.6354882812499999 
0.91146484375 
0.6284570312499999 
0.7034570312499998 
0.5511132812499999 
0.46498046874999993 
0.7567773437499998 
0.6395898437499999 
0.7725976562499999 
0.5880273437499999 
0.79017578125 
0.6940820312499998 
0.7204492187499998 
0.7638085937499999 
0.6114648437499999 
0.6718164062499998 
0.8036523437499998 
0.6811914062499999 
0.7538476562499998 
0.7058007812499999 
0.7632226562499999 
0.6278710937499998 
0.6044335937499999 
0.49603515624999994 
0.5821679687499999 
0.7075585937499999 
0.54642578125 
0.5727929687499999 
0.5475976562499999 
0.6143945312499999 
0.5962304687499999 
0.5722070312499999 
0.6349023437499999 
0.8616601562499998 
0.5950585937499999 
0.6741601562499998 
0.5188867187499999 
0.7544335937499999 
0.7093164062499998 
0.7761132812499999 
0.6665429687499999 
0.5218164062499999 
0.8013085937499999 
0.8253320312499999 
0.56458984375 
0.5710351562499999 
0.6513085937499998 
0.6278710937499998 
0.8458398437499999 
0.7561914062499998 
0.6102929687499998 
0.5815820312499999 
0.7198632812499999 
0.6536523437499998 
0.5411523437499999 
0.8528710937499998 
0.7245507812499998 
0.6641992187499998 
0.6600976562499998 
0.4808007812499999 
0.5716210937499999 
0.7122460937499998 
0.8874414062499998 
0.7597070312499998 
0.5874414062499999 
0.5165429687499999 
0.7931054687499999 
0.6841210937499999 
0.5921289062499999 
0.5757226562499999 
0.5657617187499999 
0.6272851562499998 
0.7034570312499998 
0.6442773437499999 
0.6290429687499999 
0.6015039062499999 
0.6331445312499999 
0.6308007812499999 
0.6659570312499998 
0.4778710937499999 
0.5751367187499998 
0.5147851562499999 
0.6700585937499999 
0.5774804687499998 
0.42455078124999995 
0.7175195312499999 
0.4632226562499999 
0.6442773437499999 
0.5768945312499999 
0.6911523437499998 
0.5716210937499999 
0.8200585937499999 
0.6044335937499999 
0.7438867187499998 
0.6595117187499998 
0.6097070312499999 
0.6395898437499999 
0.7673242187499998 
0.8528710937499998 
0.6981835937499998 
0.6712304687499998 
0.6858789062499998 
0.7485742187499997 
0.5845117187499999 
0.7192773437499999 
0.6196679687499999 
0.5974023437499999 
0.7122460937499998 
0.6653710937499998 
0.6565820312499998 
0.7327539062499998 
0.6073632812499999 
0.6618554687499998 
0.8698632812499999 
0.6261132812499999 
0.8241601562499998 
0.92904296875 
0.6823632812499999 
0.6349023437499999 
0.49369140624999996 
0.5692773437499999 
0.7468164062499998 
0.6729882812499999 
0.6835351562499998 
0.7163476562499999 
0.6448632812499999 
0.5616601562499999 
0.6243554687499998 
0.5153710937499999 
0.8915429687499998 
0.7339257812499999 
0.6161523437499998 
0.5927148437499999 
0.5235742187499999 
0.5968164062499999 
0.6161523437499998 
0.49017578124999994 
0.6325585937499999 
0.5686914062499999 
0.45912109374999993 
0.5399804687499998 
0.7679101562499998 
0.6606835937499999 
0.6390039062499999 
0.5891992187499998 
0.5915429687499999 
0.7813867187499999 
0.5382226562499999 
0.7292382812499998 
0.6196679687499999 
0.6038476562499999 
0.7661523437499999 
0.47845703124999994 
0.6876367187499998 
0.6149804687499998 
0.5335351562499999 
0.6372460937499999 
0.7479882812499998 
0.6126367187499998 
0.5405664062499999 
0.5938867187499999 
0.7714257812499999 
0.5927148437499999 
0.6056054687499999 
