8 35 57 
0.6085351562499999 
1.0544335937500002 
1.28236328125 
1.08021484375 
0.95189453125 
1.29642578125 
0.8493554687499998 
1.2817773437500002 
0.92787109375 
0.7497460937499998 
0.8405664062499998 
0.7263085937499998 
1.06029296875 
1.1640039062499998 
1.3169335937500002 
1.3052148437500002 
0.6313867187499999 
1.29759765625 
0.8546289062499999 
0.7304101562499997 
0.8241601562499998 
0.97240234375 
0.97416015625 
1.02220703125 
1.00169921875 
1.18333984375 
0.94310546875 
0.98060546875 
0.7544335937499999 
0.96302734375 
1.2524804687500002 
0.91146484375 
1.05619140625 
1.09193359375 
1.1048242187500001 
1.19681640625 
1.21966796875 
1.2302148437500002 
0.92611328125 
0.8669335937499999 
1.09017578125 
0.7679101562499998 
1.02806640625 
0.97826171875 
1.10306640625 
0.8845117187499998 
1.07669921875 
0.8546289062499999 
0.5329492187499999 
1.2653710937500002 
1.1013085937500002 
1.06732421875 
1.13177734375 
1.17279296875 
0.8850976562499998 
0.6788476562499999 
1.0456445312500002 
0.8862695312499999 
1.23900390625 
0.8675195312499999 
1.1499414062499997 
0.8891992187499997 
0.8212304687499998 
1.2542382812500001 
1.1956445312500001 
1.17748046875 
1.26185546875 
0.7948632812499999 
1.05970703125 
0.7907617187499999 
1.02220703125 
0.7708398437499999 
0.7356835937499998 
1.22962890625 
0.8423242187499997 
1.1194726562500001 
1.0052148437500001 
1.24134765625 
0.8563867187499998 
0.7755273437499999 
1.08197265625 
1.2542382812500001 
1.0075585937500002 
0.7239648437499998 
0.93373046875 
0.8903710937499998 
0.7784570312499999 
1.09837890625 
1.33978515625 
1.2806054687500001 
1.15521484375 
1.2477929687500002 
1.0491601562500001 
1.19212890625 
1.06146484375 
1.06966796875 
0.95951171875 
1.08021484375 
0.7667382812499999 
1.24310546875 
1.02044921875 
1.06791015625 
0.7298242187499997 
1.2477929687500002 
1.01927734375 
0.6741601562499998 
0.98294921875 
0.8968164062499998 
1.07845703125 
0.8563867187499998 
0.97005859375 
1.2759179687500002 
0.8569726562499999 
1.2325585937500003 
1.22142578125 
0.6009179687499999 
0.9302148437500001 
0.8347070312499999 
1.2337304687500001 
0.8815820312499998 
0.9091210937499998 
1.2653710937500002 
0.5475976562499999 
1.20970703125 
0.8417382812499998 
1.02337890625 
1.2847070312500002 
0.8640039062499999 
0.8657617187499999 
1.2776757812500001 
0.7415429687499998 
0.6495507812499999 
1.01517578125 
1.06966796875 
1.24427734375 
1.1200585937500003 
1.08197265625 
0.8733789062499998 
1.1124414062499999 
0.7854882812499999 
0.6981835937499998 
0.5956445312499999 
0.8657617187499999 
1.0743554687499999 
1.1997460937500002 
0.7227929687499998 
1.04095703125 
0.8774804687499997 
0.93841796875 
0.8534570312499998 
1.08607421875 
0.5710351562499999 
0.5751367187499998 
1.2595117187500002 
0.8622460937499998 
0.7544335937499999 
1.00697265625 
1.02748046875 
1.06146484375 
0.8493554687499998 
0.8716210937499999 
0.91380859375 
1.20208984375 
0.8194726562499999 
1.13705078125 
0.7509179687499998 
0.9559960937499999 
0.8294335937499999 
0.8704492187499998 
1.18802734375 
0.7761132812499999 
0.9038476562499999 
0.8288476562499999 
1.02162109375 
0.8681054687499998 
1.2794335937500003 
0.8282617187499999 
1.2888085937500002 
0.8827539062499998 
0.7936914062499999 
0.8745507812499999 
0.93841796875 
0.98353515625 
0.7919335937499999 
1.2507226562500002 
1.2278710937500001 
0.8241601562499998 
0.9173242187499999 
1.21673828125 
1.2378320312500002 
0.7134179687499999 
0.92728515625 
1.05619140625 
0.8880273437499998 
0.6747460937499998 
0.9079492187499998 
1.0122460937500002 
1.2759179687500002 
0.7643945312499999 
0.7304101562499997 
