36 35 29 
0.7268945312499998 
0.8300195312499999 
0.6981835937499998 
0.6436914062499999 
0.7737695312499999 
0.6102929687499998 
0.7954492187499999 
0.96068359375 
0.7743554687499998 
0.6823632812499999 
0.8640039062499999 
0.6431054687499999 
0.8733789062499998 
0.8511132812499999 
0.5768945312499999 
0.5751367187499998 
0.5095117187499999 
0.7356835937499998 
0.5821679687499999 
0.6431054687499999 
0.9173242187499999 
0.8880273437499998 
0.5891992187499998 
0.7198632812499999 
0.8300195312499999 
0.6360742187499998 
0.92494140625 
0.7655664062499998 
0.5780664062499998 
0.6038476562499999 
0.6952539062499998 
0.6231835937499999 
0.6466210937499999 
1.09134765625 
0.6495507812499999 
0.6806054687499998 
0.7450585937499998 
0.6097070312499999 
0.47611328124999996 
0.9073632812499999 
0.5716210937499999 
0.7104882812499999 
0.7661523437499999 
0.7825585937499999 
0.7339257812499999 
0.7046289062499999 
0.53236328125 
0.6700585937499999 
0.8505273437499998 
0.8634179687499999 
0.6489648437499999 
0.5874414062499999 
0.7362695312499998 
0.55580078125 
0.5253320312499999 
0.7503320312499998 
0.6712304687499998 
0.7081445312499999 
0.91146484375 
0.6056054687499999 
0.5475976562499999 
0.8587304687499998 
0.7561914062499998 
0.91029296875 
0.7520898437499999 
0.5124414062499999 
0.7386132812499998 
0.7866601562499999 
0.52298828125 
0.6624414062499998 
0.7602929687499999 
0.7854882812499999 
0.7761132812499999 
0.6179101562499998 
0.6987695312499999 
0.9530664062499999 
0.7989648437499999 
0.6079492187499999 
0.5399804687499998 
0.64017578125 
0.6624414062499998 
0.6665429687499999 
0.6999414062499998 
0.41927734375 
0.7872460937499999 
0.5622460937499999 
0.8628320312499999 
0.9647851562499999 
0.5481835937499999 
0.5856835937499999 
0.5499414062499999 
0.7339257812499999 
0.8751367187499998 
0.45677734374999995 
0.8481835937499999 
0.6173242187499998 
0.52708984375 
0.97943359375 
0.5745507812499999 
1.01810546875 
0.7145898437499999 
0.7474023437499998 
0.6893945312499998 
0.53236328125 
1.0309960937500002 
0.8329492187499998 
0.6589257812499999 
0.6102929687499998 
0.6665429687499999 
0.5745507812499999 
0.8722070312499999 
0.8247460937499999 
0.7479882812499998 
0.6079492187499999 
0.6302148437499999 
0.45677734374999995 
0.7485742187499997 
0.7198632812499999 
0.7186914062499998 
0.9524804687499999 
0.5921289062499999 
0.6847070312499999 
0.9554101562499999 
0.7497460937499998 
0.47376953124999993 
0.7075585937499999 
0.7614648437499999 
0.5423242187499998 
0.8458398437499999 
1.03333984375 
0.5399804687499998 
0.6378320312499999 
0.5780664062499998 
0.5839257812499999 
0.7579492187499998 
0.6946679687499998 
0.6618554687499998 
0.7837304687499999 
0.78958984375 
0.7462304687499998 
0.6214257812499999 
0.6571679687499998 
0.7444726562499998 
0.9993554687499997 
0.42923828124999996 
0.4878320312499999 
0.6466210937499999 
0.6114648437499999 
0.7702539062499999 
0.8306054687499999 
0.8552148437499999 
0.5434960937499999 
0.7632226562499999 
0.52005859375 
0.45208984374999994 
0.6747460937499998 
0.5751367187499998 
0.7427148437499999 
0.79251953125 
0.5224023437499999 
0.7321679687499998 
0.5634179687499999 
0.6940820312499998 
0.7345117187499998 
0.4813867187499999 
0.8558007812499999 
0.5809960937499998 
0.56458984375 
0.7391992187499997 
0.92728515625 
0.5950585937499999 
0.6466210937499999 
0.5616601562499999 
0.52650390625 
0.6255273437499999 
0.91380859375 
0.8827539062499998 
0.5804101562499998 
0.6225976562499999 
0.8218164062499999 
0.8434960937499998 
0.6231835937499999 
0.45970703124999995 
0.6688867187499998 
0.5974023437499999 
0.5763085937499999 
0.7849023437499999 
0.8516992187499998 
0.6905664062499998 
0.47611328124999996 
0.7813867187499999 
0.8475976562499998 
0.6366601562499998 
0.6161523437499998 
0.4919335937499999 
0.8727929687499998 
0.8405664062499998 
1.15521484375 
0.6184960937499998 
0.7286523437499998 
