44 35 21 
0.7058007812499999 
0.6917382812499998 
0.7315820312499998 
0.8985742187499998 
0.6858789062499998 
0.8294335937499999 
0.8294335937499999 
0.96068359375 
0.5153710937499999 
0.5909570312499999 
0.97884765625 
0.5147851562499999 
0.5382226562499999 
0.6700585937499999 
0.7321679687499998 
0.5938867187499999 
0.6102929687499998 
0.5716210937499999 
0.5862695312499999 
0.6542382812499998 
0.6765039062499999 
0.6255273437499999 
0.6712304687499998 
0.5862695312499999 
0.7368554687499997 
0.6425195312499999 
0.5118554687499999 
0.6993554687499998 
0.7116601562499998 
0.6852929687499998 
0.5733789062499999 
0.7796289062499999 
0.47435546874999995 
0.5821679687499999 
0.7737695312499999 
0.6530664062499998 
0.6179101562499998 
0.6770898437499999 
0.4866601562499999 
0.5311914062499999 
0.4919335937499999 
0.52943359375 
0.8212304687499998 
0.95951171875 
0.6677148437499999 
0.6606835937499999 
0.6964257812499999 
0.6589257812499999 
0.7854882812499999 
0.4895898437499999 
0.4895898437499999 
0.79017578125 
0.7456445312499999 
0.49017578124999994 
0.7104882812499999 
0.8440820312499998 
0.7327539062499998 
0.51126953125 
0.8640039062499999 
0.6501367187499998 
0.92435546875 
0.5962304687499999 
0.48841796874999993 
0.6196679687499999 
0.7684960937499998 
0.6425195312499999 
0.6360742187499998 
0.7040429687499998 
0.6870507812499999 
0.7298242187499997 
0.52298828125 
0.79251953125 
0.5997460937499999 
0.6472070312499999 
0.6718164062499998 
0.6313867187499999 
0.5224023437499999 
0.4878320312499999 
0.7731835937499999 
0.7069726562499998 
0.5727929687499999 
0.5868554687499998 
0.5587304687499999 
0.7966210937499999 
0.6741601562499998 
0.8071679687499999 
0.7720117187499999 
0.55521484375 
0.5434960937499999 
0.41576171874999995 
0.6852929687499998 
0.5692773437499999 
0.7286523437499998 
0.6899804687499997 
0.7210351562499998 
0.6290429687499999 
0.6349023437499999 
0.6331445312499999 
0.7450585937499998 
0.5903710937499999 
0.5991601562499999 
0.5382226562499999 
0.6765039062499999 
0.5681054687499999 
0.6624414062499998 
0.5950585937499999 
0.6091210937499999 
0.8206445312499999 
0.7509179687499998 
0.7122460937499998 
0.6899804687499997 
0.95365234375 
0.8036523437499998 
0.6606835937499999 
0.6536523437499998 
0.6823632812499999 
0.6870507812499999 
0.6571679687499998 
0.4720117187499999 
0.7954492187499999 
0.6735742187499998 
0.6015039062499999 
0.8294335937499999 
0.8458398437499999 
0.7022851562499998 
1.0169335937500001 
0.7110742187499998 
0.5716210937499999 
0.7890039062499999 
0.4602929687499999 
0.7661523437499999 
0.7690820312499999 
0.6929101562499997 
0.8991601562499998 
0.8218164062499999 
0.6958398437499999 
0.6108789062499999 
0.7186914062499998 
0.5751367187499998 
0.6091210937499999 
0.6776757812499999 
0.7151757812499999 
0.5634179687499999 
0.7597070312499998 
0.8938867187499998 
0.7274804687499997 
0.56751953125 
0.94720703125 
0.8171289062499999 
0.6395898437499999 
0.6806054687499998 
0.5528710937499999 
0.4813867187499999 
0.8780664062499998 
0.6155664062499998 
0.42572265624999994 
0.55521484375 
0.6501367187499998 
0.6729882812499999 
0.7333398437499998 
0.6975976562499998 
0.45560546874999996 
0.6114648437499999 
0.7497460937499998 
0.45091796874999995 
0.5563867187499999 
0.60208984375 
0.5686914062499999 
0.5499414062499999 
0.7936914062499999 
0.8774804687499997 
0.6085351562499999 
0.6554101562499998 
0.6466210937499999 
0.60267578125 
0.7708398437499999 
0.6929101562499997 
0.6143945312499999 
0.6079492187499999 
0.5604882812499999 
0.7890039062499999 
0.5845117187499999 
0.82767578125 
0.8610742187499998 
0.7749414062499999 
0.9073632812499999 
0.7485742187499997 
0.5253320312499999 
0.7714257812499999 
0.41283203124999995 
0.6624414062499998 
0.7239648437499998 
0.5528710937499999 
0.7708398437499999 
0.7058007812499999 
0.6788476562499999 
0.6378320312499999 
0.6800195312499999 
0.8270898437499999 
0.6794335937499999 
