45 35 20 
0.91087890625 
0.45619140625 
0.5716210937499999 
0.6266992187499998 
0.7427148437499999 
0.6061914062499999 
1.00580078125 
0.5411523437499999 
0.7720117187499999 
0.8669335937499999 
0.52591796875 
0.7011132812499998 
0.5921289062499999 
0.6208398437499999 
0.5001367187499999 
0.6003320312499999 
0.6366601562499998 
0.5897851562499998 
0.8452539062499999 
0.6454492187499998 
0.6454492187499998 
0.4813867187499999 
0.6882226562499998 
0.7362695312499998 
0.6360742187499998 
0.5774804687499998 
0.7468164062499998 
0.5095117187499999 
0.6360742187499998 
0.6595117187499998 
0.6536523437499998 
0.7790429687499999 
0.6302148437499999 
0.8083398437499999 
0.6741601562499998 
0.56751953125 
0.6700585937499999 
0.6923242187499997 
0.6571679687499998 
0.6477929687499998 
0.6390039062499999 
0.7497460937499998 
0.8317773437499999 
0.6747460937499998 
0.4643945312499999 
0.7620507812499999 
0.6284570312499999 
0.7831445312499999 
0.6577539062499999 
0.5815820312499999 
0.4895898437499999 
0.5745507812499999 
0.6513085937499998 
0.7040429687499998 
0.6577539062499999 
0.53470703125 
0.6940820312499998 
0.7022851562499998 
0.5136132812499999 
0.8522851562499998 
0.96009765625 
0.7772851562499998 
0.6448632812499999 
0.7380273437499998 
0.6876367187499998 
0.7679101562499998 
0.5897851562499998 
0.6354882812499999 
0.5622460937499999 
0.5681054687499999 
0.8558007812499999 
0.6612695312499999 
0.6530664062499998 
0.6817773437499999 
0.7005273437499998 
0.6483789062499998 
0.6184960937499998 
0.5393945312499999 
0.7608789062499999 
0.6987695312499999 
0.8481835937499999 
0.6624414062499998 
0.6518945312499999 
1.17572265625 
0.6671289062499999 
0.7362695312499998 
0.6138085937499999 
0.7626367187499998 
0.46673828124999994 
0.6196679687499999 
0.7075585937499999 
0.6032617187499999 
0.5030664062499999 
0.6770898437499999 
0.5915429687499999 
0.6202539062499999 
0.7263085937499998 
0.8300195312499999 
0.6630273437499998 
0.4966210937499999 
0.7462304687499998 
0.7515039062499999 
0.7632226562499999 
0.7186914062499998 
0.7134179687499999 
0.7022851562499998 
0.6677148437499999 
0.7673242187499998 
0.6225976562499999 
0.5147851562499999 
0.7356835937499998 
0.8212304687499998 
0.8522851562499998 
0.6196679687499999 
0.6173242187499998 
0.5739648437499999 
0.5622460937499999 
0.7491601562499998 
0.52298828125 
0.6852929687499998 
0.8581445312499999 
0.7960351562499999 
0.7309960937499997 
0.7509179687499998 
0.6407617187499999 
0.8030664062499998 
0.38587890625 
0.5768945312499999 
0.94779296875 
0.5968164062499999 
0.6559960937499998 
0.6155664062499998 
0.8464257812499999 
0.6524804687499998 
0.7397851562499997 
0.94837890625 
0.7210351562499998 
0.5493554687499999 
0.6067773437499999 
0.7497460937499998 
0.5352929687499999 
0.5165429687499999 
0.6120507812499999 
0.5522851562499999 
0.5370507812499999 
0.6600976562499998 
0.8007226562499998 
0.6688867187499998 
0.7368554687499997 
0.9559960937499999 
0.56517578125 
0.6600976562499998 
0.6706445312499999 
0.4661523437499999 
0.7931054687499999 
0.6677148437499999 
0.6753320312499999 
0.91029296875 
0.7931054687499999 
0.5622460937499999 
0.6870507812499999 
0.6741601562499998 
0.6595117187499998 
0.5862695312499999 
0.6454492187499998 
0.6776757812499999 
0.5768945312499999 
0.6964257812499999 
0.6934960937499998 
0.5663476562499999 
0.45736328125 
0.7567773437499998 
0.6911523437499998 
0.7134179687499999 
0.5692773437499999 
0.6220117187499998 
0.6759179687499999 
0.5827539062499999 
0.56458984375 
0.6741601562499998 
0.6577539062499999 
0.5124414062499999 
0.93138671875 
0.6712304687499998 
0.7948632812499999 
0.60208984375 
0.8352929687499998 
0.5991601562499999 
0.7198632812499999 
0.7942773437499999 
0.8815820312499998 
0.7216210937499998 
0.5141992187499999 
0.5768945312499999 
0.6606835937499999 
0.52591796875 
0.6683007812499999 
0.6466210937499999 
0.6700585937499999 
0.7145898437499999 
