46 35 19 
0.8007226562499998 
0.7673242187499998 
0.6038476562499999 
0.7556054687499998 
0.6970117187499998 
0.6618554687499998 
0.5405664062499999 
0.8927148437499999 
0.6641992187499998 
0.6753320312499999 
0.7638085937499999 
0.6782617187499999 
0.6876367187499998 
0.5059960937499999 
0.6917382812499998 
0.5071679687499999 
0.7186914062499998 
0.6325585937499999 
0.7403710937499998 
0.6466210937499999 
0.5540429687499999 
0.6876367187499998 
0.7643945312499999 
0.7022851562499998 
0.6308007812499999 
0.4544335937499999 
0.7573632812499999 
0.6431054687499999 
0.7421289062499998 
0.7573632812499999 
0.6395898437499999 
0.6354882812499999 
0.53236328125 
0.5850976562499999 
0.7632226562499999 
0.6964257812499999 
0.8897851562499998 
0.8323632812499999 
0.5429101562499998 
0.5985742187499998 
0.8446679687499998 
0.7778710937499999 
0.5546289062499999 
0.7620507812499999 
0.7866601562499999 
0.6296289062499999 
0.5716210937499999 
0.9917382812499999 
0.7684960937499998 
0.6952539062499998 
0.8604882812499999 
0.6243554687499998 
0.6390039062499999 
0.6419335937499999 
0.7491601562499998 
0.7216210937499998 
1.08841796875 
0.6905664062499998 
0.6413476562499999 
0.6501367187499998 
0.6952539062499998 
0.6302148437499999 
0.7497460937499998 
0.7491601562499998 
0.8048242187499998 
0.6659570312499998 
0.6436914062499999 
0.7602929687499999 
0.5774804687499998 
0.8393945312499999 
0.6161523437499998 
0.8007226562499998 
0.39876953125 
0.6876367187499998 
0.6167382812499999 
0.5587304687499999 
0.5622460937499999 
0.8235742187499998 
0.6372460937499999 
0.7977929687499998 
0.6284570312499999 
0.7819726562499999 
0.93666015625 
0.6472070312499999 
0.5534570312499999 
0.5827539062499999 
0.4825585937499999 
1.08197265625 
0.7649804687499998 
0.8505273437499998 
0.51712890625 
0.5845117187499999 
0.7749414062499999 
0.6108789062499999 
0.4544335937499999 
0.8382226562499998 
0.6929101562499997 
0.5599023437499999 
0.6067773437499999 
0.6653710937499998 
0.5341210937499999 
0.53177734375 
0.92376953125 
0.6700585937499999 
0.7468164062499998 
0.8077539062499999 
0.6278710937499998 
0.6220117187499998 
0.6970117187499998 
0.7239648437499998 
0.6524804687499998 
0.5235742187499999 
0.6208398437499999 
0.95775390625 
0.5751367187499998 
0.56986328125 
0.7350976562499998 
0.6302148437499999 
0.6770898437499999 
0.6724023437499999 
0.49603515624999994 
0.7327539062499998 
0.6284570312499999 
0.6999414062499998 
0.6911523437499998 
0.5393945312499999 
0.5798242187499998 
0.8540429687499999 
0.7450585937499998 
0.6589257812499999 
0.6331445312499999 
0.7116601562499998 
0.7427148437499999 
0.4995507812499999 
0.8722070312499999 
0.7216210937499998 
0.8065820312499998 
0.6624414062499998 
0.53236328125 
0.5159570312499999 
0.7567773437499998 
0.6899804687499997 
0.7350976562499998 
0.5997460937499999 
0.5692773437499999 
0.7936914062499999 
0.7134179687499999 
0.91673828125 
0.56458984375 
0.6360742187499998 
0.7186914062499998 
0.5522851562499999 
0.7737695312499999 
0.7661523437499999 
0.51771484375 
0.7561914062499998 
0.6507226562499998 
0.8997460937499998 
0.56400390625 
0.5493554687499999 
0.7972070312499999 
0.5827539062499999 
0.5786523437499999 
0.6325585937499999 
0.91029296875 
0.6061914062499999 
0.7257226562499998 
0.8048242187499998 
0.5376367187499999 
0.6184960937499998 
0.6852929687499998 
0.6999414062499998 
0.5704492187499999 
0.7063867187499998 
0.8065820312499998 
0.7972070312499999 
0.6354882812499999 
0.7034570312499998 
1.1253320312500001 
0.8933007812499999 
0.6061914062499999 
0.6970117187499998 
0.5481835937499999 
0.6741601562499998 
0.8007226562499998 
0.56693359375 
0.5628320312499999 
0.6864648437499998 
0.6929101562499997 
0.6852929687499998 
0.6431054687499999 
0.5716210937499999 
0.96888671875 
0.7216210937499998 
0.52767578125 
0.5593164062499999 
0.7960351562499999 
0.6905664062499998 
0.8962304687499998 
0.5411523437499999 
