89 3 8 
1.29642578125 
1.2981835937500001 
1.26244140625 
1.3268945312500002 
1.2724023437500003 
1.31166015625 
1.29466796875 
1.2893945312500001 
1.31810546875 
1.3274804687500001 
1.2847070312500002 
1.3063867187500002 
1.3216210937500001 
1.30287109375 
1.2612695312500002 
1.3063867187500002 
1.3227929687500002 
1.29876953125 
1.2694726562500003 
1.30111328125 
1.31341796875 
1.32337890625 
1.33861328125 
1.2278710937500001 
1.2864648437500001 
1.31869140625 
1.33509765625 
1.2788476562500002 
1.2923242187500001 
1.25306640625 
1.2653710937500002 
1.2888085937500002 
1.28705078125 
1.23431640625 
1.2688867187500004 
1.29291015625 
1.29642578125 
1.3081445312500002 
1.36556640625 
1.3216210937500001 
1.4241601562500001 
1.25306640625 
1.3239648437500002 
1.2794335937500003 
1.24310546875 
1.2999414062499999 
1.29173828125 
1.29466796875 
1.2864648437500001 
1.2999414062499999 
1.2806054687500001 
1.30345703125 
1.30228515625 
1.26361328125 
1.28119140625 
1.29583984375 
1.2806054687500001 
1.23900390625 
1.18451171875 
1.2923242187500001 
1.2600976562500001 
1.3063867187500002 
1.30931640625 
1.22728515625 
1.2829492187500002 
1.3239648437500002 
1.30287109375 
1.2360742187500002 
1.20208984375 
1.2161523437500001 
1.2600976562500001 
1.28236328125 
1.31458984375 
1.3304101562500001 
1.30873046875 
1.18509765625 
1.2524804687500002 
1.2349023437500002 
1.2524804687500002 
1.29408203125 
1.2794335937500003 
1.32103515625 
1.2753320312500003 
1.31517578125 
1.29056640625 
1.31869140625 
1.2319726562500002 
1.2138085937500003 
1.2600976562500001 
1.2694726562500003 
1.2747460937500004 
1.29876953125 
1.2806054687500001 
1.2847070312500002 
1.2806054687500001 
1.32923828125 
1.3356835937500002 
1.3081445312500002 
1.2800195312500002 
1.31400390625 
1.2753320312500003 
1.2653710937500002 
1.3274804687500001 
1.29466796875 
1.2419335937500002 
1.3309960937500003 
1.26185546875 
1.31927734375 
1.3438867187500003 
1.2893945312500001 
1.3245507812500001 
1.31810546875 
1.2770898437500002 
1.4095117187500001 
1.26244140625 
1.3081445312500002 
1.29466796875 
1.3169335937500002 
1.2595117187500002 
1.2829492187500002 
1.30931640625 
1.2794335937500003 
1.28587890625 
1.26185546875 
1.2688867187500004 
1.2923242187500001 
1.31751953125 
1.2741601562500002 
1.27650390625 
1.2606835937500003 
1.29701171875 
1.2694726562500003 
1.3122460937500002 
1.29291015625 
1.31634765625 
1.2677148437500003 
1.2378320312500002 
1.2782617187500003 
1.3268945312500002 
1.2653710937500002 
1.17162109375 
1.31048828125 
1.2835351562500001 
1.2712304687500002 
1.29056640625 
1.2794335937500003 
1.28236328125 
1.2337304687500001 
1.2876367187500002 
1.28236328125 
1.3433007812500002 
1.2712304687500002 
1.2741601562500002 
1.28119140625 
1.2606835937500003 
1.4013085937500003 
1.31341796875 
1.3245507812500001 
1.2688867187500004 
1.2794335937500003 
1.29115234375 
1.2735742187500003 
1.3286523437500002 
1.2782617187500003 
1.2835351562500001 
1.2923242187500001 
1.29759765625 
1.31048828125 
1.29701171875 
1.3063867187500002 
1.21087890625 
1.20677734375 
1.26361328125 
1.28529296875 
1.33861328125 
1.30462890625 
1.2718164062500001 
1.3110742187500002 
1.30111328125 
1.3263085937500003 
1.30111328125 
1.2319726562500002 
1.3099023437500001 
1.2893945312500001 
1.2466210937500002 
1.3239648437500002 
1.33392578125 
1.31517578125 
1.28822265625 
1.26361328125 
1.28587890625 
1.2688867187500004 
1.3052148437500002 
1.2489648437500003 
1.2893945312500001 
1.2706445312500003 
1.2630273437500001 
1.31458984375 
1.25892578125 
1.22845703125 
