57 35 8 
0.8013085937499999 
0.52591796875 
0.7684960937499998 
0.6120507812499999 
1.0315820312500001 
0.60501953125 
0.7626367187499998 
0.7239648437499998 
0.7222070312499999 
0.5434960937499999 
0.5868554687499998 
0.7790429687499999 
0.7356835937499998 
0.7854882812499999 
0.7714257812499999 
0.6852929687499998 
0.6061914062499999 
0.9934960937499998 
0.7737695312499999 
0.5915429687499999 
0.6888085937499998 
0.92611328125 
0.8370507812499999 
0.4456445312499999 
0.6079492187499999 
0.45384765624999995 
0.6495507812499999 
0.6354882812499999 
0.6952539062499998 
0.6841210937499999 
0.7520898437499999 
0.7444726562499998 
0.8434960937499998 
0.5944726562499999 
0.91615234375 
0.5909570312499999 
0.8218164062499999 
0.6718164062499998 
1.02162109375 
0.5599023437499999 
0.46556640624999995 
0.8235742187499998 
0.8341210937499999 
0.6923242187499997 
0.5868554687499998 
0.7016992187499997 
0.6261132812499999 
0.5903710937499999 
0.7151757812499999 
0.7995507812499999 
0.6032617187499999 
0.6431054687499999 
0.45033203124999993 
0.9015039062499999 
0.5382226562499999 
0.5282617187499999 
0.5997460937499999 
0.6015039062499999 
0.5997460937499999 
0.6073632812499999 
0.5616601562499999 
0.8663476562499999 
0.7315820312499998 
0.53177734375 
0.5874414062499999 
0.8475976562499998 
0.7268945312499998 
0.7462304687499998 
0.6612695312499999 
0.6079492187499999 
0.8716210937499999 
0.8265039062499999 
0.5862695312499999 
0.7251367187499997 
0.6325585937499999 
0.6659570312499998 
0.8300195312499999 
0.5845117187499999 
0.8675195312499999 
0.6770898437499999 
0.52884765625 
0.5540429687499999 
0.42572265624999994 
0.8516992187499998 
0.7684960937499998 
0.5540429687499999 
0.6934960937499998 
0.7052148437499999 
0.5657617187499999 
0.6343164062499999 
0.6975976562499998 
0.6155664062499998 
0.6753320312499999 
0.7462304687499998 
0.8405664062499998 
0.8042382812499999 
0.6407617187499999 
0.5786523437499999 
0.7075585937499999 
0.52884765625 
0.7069726562499998 
0.8100976562499999 
0.7567773437499998 
0.97943359375 
0.7474023437499998 
0.5341210937499999 
0.6237695312499999 
0.9214257812500001 
0.5282617187499999 
0.5165429687499999 
0.47025390624999996 
0.7597070312499998 
0.6852929687499998 
0.7655664062499998 
0.46791015624999993 
0.6184960937499998 
0.5065820312499999 
0.8370507812499999 
0.5429101562499998 
0.6261132812499999 
0.46791015624999993 
0.5458398437499999 
0.5141992187499999 
0.6858789062499998 
0.7409570312499998 
0.5628320312499999 
0.52767578125 
0.8007226562499998 
0.6975976562499998 
0.8686914062499999 
0.98119140625 
0.7122460937499998 
0.45267578124999996 
0.7380273437499998 
0.7485742187499997 
0.8434960937499998 
0.56517578125 
0.5944726562499999 
0.6659570312499998 
0.6056054687499999 
0.6249414062499998 
0.7561914062499998 
0.6630273437499998 
0.56751953125 
0.7251367187499997 
0.5341210937499999 
0.7667382812499999 
0.7403710937499998 
0.8774804687499997 
0.6940820312499998 
0.7790429687499999 
0.5692773437499999 
0.5798242187499998 
0.6231835937499999 
0.6278710937499998 
0.6261132812499999 
0.46556640624999995 
0.6308007812499999 
0.6366601562499998 
0.5874414062499999 
0.6893945312499998 
0.6800195312499999 
0.6003320312499999 
0.8364648437499999 
0.5417382812499999 
0.7350976562499998 
0.7796289062499999 
0.52298828125 
0.8270898437499999 
0.6009179687499999 
0.6864648437499998 
0.6700585937499999 
0.7058007812499999 
0.7831445312499999 
0.6507226562499998 
0.5610742187499999 
0.5968164062499999 
0.6589257812499999 
0.8393945312499999 
0.5710351562499999 
0.91966796875 
0.8247460937499999 
0.8540429687499999 
0.6360742187499998 
0.5751367187499998 
0.6817773437499999 
0.5159570312499999 
0.8388085937499998 
0.7309960937499997 
0.8147851562499998 
0.5827539062499999 
0.5546289062499999 
0.5452539062499999 
0.5593164062499999 
0.5534570312499999 
0.7052148437499999 
0.6143945312499999 
0.6179101562499998 
0.6360742187499998 
0.6665429687499999 
