2 36 62 
1.3438867187500003 
1.3227929687500002 
1.3444726562500002 
1.2888085937500002 
1.3251367187500003 
1.2847070312500002 
1.42650390625 
1.37728515625 
1.31869140625 
1.3169335937500002 
1.41361328125 
1.3251367187500003 
1.3263085937500003 
1.36673828125 
1.28587890625 
1.3251367187500003 
1.37669921875 
1.33392578125 
1.2735742187500003 
1.3268945312500002 
1.37142578125 
1.3075585937500003 
1.3456445312500003 
1.35853515625 
1.2712304687500002 
1.22259765625 
1.3227929687500002 
1.31166015625 
1.3263085937500003 
1.35150390625 
1.42767578125 
1.3052148437500002 
1.38197265625 
1.33978515625 
1.36498046875 
1.36205078125 
1.33978515625 
1.3069726562500001 
1.3544335937500003 
1.2981835937500001 
1.3749414062499998 
1.3415429687500002 
1.42298828125 
1.3263085937500003 
1.38783203125 
1.31751953125 
1.34681640625 
1.3456445312500003 
1.36146484375 
1.32923828125 
1.3456445312500003 
1.30931640625 
1.3298242187500002 
1.3444726562500002 
1.3063867187500002 
1.3110742187500002 
1.3831445312500001 
1.3268945312500002 
1.2888085937500002 
1.36029296875 
1.37318359375 
1.34095703125 
1.39310546875 
1.3239648437500002 
1.30228515625 
1.2864648437500001 
1.33685546875 
1.3216210937500001 
1.31400390625 
1.3403710937500002 
1.38431640625 
1.3069726562500001 
1.31986328125 
1.37142578125 
1.36498046875 
1.3099023437500001 
1.41009765625 
1.3274804687500001 
1.3872460937500002 
1.3532617187500002 
1.4294335937500002 
1.30169921875 
1.2841210937500003 
1.36029296875 
1.32044921875 
1.32923828125 
1.3298242187500002 
1.32923828125 
1.3444726562500002 
1.39603515625 
1.3427148437500003 
1.27650390625 
1.3391992187500001 
1.3333398437500001 
1.29935546875 
1.4165429687500002 
1.31517578125 
1.31458984375 
1.31810546875 
1.36615234375 
1.31341796875 
1.29876953125 
1.30931640625 
1.30931640625 
1.3315820312500002 
1.3550195312500002 
1.30345703125 
1.37083984375 
1.29056640625 
1.2800195312500002 
1.3550195312500002 
1.3268945312500002 
1.2864648437500001 
1.36146484375 
1.36029296875 
1.29583984375 
1.30228515625 
1.3052148437500002 
1.36498046875 
1.2800195312500002 
1.3286523437500002 
1.3684960937500001 
1.32220703125 
1.3497460937500003 
1.3520898437500002 
1.29115234375 
1.3345117187500002 
1.37962890625 
1.32806640625 
1.29701171875 
1.30580078125 
1.31810546875 
1.32103515625 
1.2770898437500002 
1.2981835937500001 
1.31810546875 
1.31048828125 
1.41244140625 
1.3638085937500002 
1.3544335937500003 
1.3415429687500002 
1.3069726562500001 
1.3532617187500002 
1.2788476562500002 
1.36205078125 
1.3509179687500001 
1.41009765625 
1.20970703125 
1.3286523437500002 
1.35150390625 
1.43470703125 
1.29759765625 
1.36439453125 
1.31927734375 
1.36322265625 
1.3813867187500002 
1.3831445312500001 
1.39427734375 
1.2102929687500001 
1.3345117187500002 
1.43353515625 
1.31927734375 
1.2800195312500002 
1.37083984375 
1.36087890625 
1.36439453125 
1.34095703125 
1.37669921875 
1.44408203125 
1.30462890625 
1.3626367187500001 
1.3251367187500003 
1.38490234375 
1.30052734375 
1.33392578125 
1.38666015625 
1.3345117187500002 
1.44408203125 
1.3438867187500003 
1.3169335937500002 
1.4183007812500001 
1.31341796875 
1.33509765625 
1.3702539062499999 
1.3274804687500001 
1.32806640625 
1.3438867187500003 
1.37904296875 
1.3497460937500003 
1.3579492187500002 
1.3415429687500002 
1.3626367187500001 
1.3503320312500002 
1.3509179687500001 
1.30228515625 
1.22025390625 
1.31634765625 
1.3421289062500001 
1.24017578125 
1.37845703125 
