5 36 59 
0.8317773437499999 
1.1206445312500002 
1.12416015625 
1.2220117187500001 
1.08080078125 
1.2407617187500002 
1.19212890625 
1.20208984375 
1.29583984375 
1.2190820312500001 
1.2337304687500001 
1.2302148437500002 
1.19623046875 
1.19330078125 
1.2565820312500002 
0.7561914062499998 
0.97943359375 
0.8763085937499998 
1.21791015625 
1.24720703125 
1.2190820312500001 
1.2559960937500003 
0.8452539062499999 
1.2425195312500001 
1.2507226562500002 
1.0474023437500002 
1.1282617187500001 
1.22669921875 
1.0356835937500002 
0.6841210937499999 
1.12416015625 
1.22728515625 
0.6395898437499999 
1.2190820312500001 
1.3128320312500001 
1.1956445312500001 
1.00345703125 
1.2190820312500001 
1.10951171875 
1.19798828125 
0.7766992187499998 
1.1341210937500001 
1.0257226562500001 
1.2061914062499999 
1.08431640625 
1.2694726562500003 
1.22083984375 
1.19037109375 
0.7913476562499999 
1.2366601562500001 
0.8704492187499998 
1.1593164062499999 
1.29583984375 
1.2507226562500002 
1.2454492187500001 
1.20501953125 
1.2741601562500002 
1.20912109375 
1.2454492187500001 
1.25892578125 
1.19623046875 
1.2184960937500002 
1.2864648437500001 
1.3315820312500002 
1.0813867187500001 
1.2407617187500002 
1.2706445312500003 
1.2466210937500002 
1.21498046875 
0.8247460937499999 
1.22435546875 
0.9970117187499998 
1.2114648437500002 
1.22142578125 
1.12416015625 
1.29173828125 
0.93783203125 
1.22669921875 
1.26244140625 
1.26478515625 
1.2372460937500003 
0.8306054687499999 
1.23548828125 
1.1874414062499998 
0.9038476562499999 
1.2864648437500001 
1.3052148437500002 
1.26361328125 
1.2349023437500002 
1.2308007812500001 
0.7468164062499998 
0.98177734375 
1.2753320312500003 
1.2700585937500004 
0.8979882812499999 
1.2513085937500004 
1.2161523437500001 
1.2495507812500002 
1.22494140625 
1.1997460937500002 
1.2302148437500002 
1.2542382812500001 
1.28587890625 
1.09720703125 
1.2700585937500004 
0.7849023437499999 
1.17337890625 
1.18978515625 
1.2407617187500002 
1.2835351562500001 
1.0638085937500001 
1.09720703125 
1.08490234375 
0.7567773437499998 
1.2683007812500002 
1.2606835937500003 
1.2395898437500001 
0.98294921875 
1.24134765625 
1.2302148437500002 
1.07669921875 
0.8001367187499998 
1.1048242187500001 
1.2302148437500002 
1.19623046875 
1.20267578125 
1.14115234375 
1.1253320312500001 
1.2718164062500001 
1.24017578125 
0.91029296875 
1.22611328125 
1.2683007812500002 
1.20560546875 
1.26361328125 
0.6313867187499999 
0.8505273437499998 
1.2337304687500001 
1.2671289062500002 
1.2706445312500003 
1.2337304687500001 
1.09662109375 
1.2554101562500002 
1.2612695312500002 
0.9923242187499998 
1.2653710937500002 
1.21205078125 
1.2337304687500001 
1.2477929687500002 
1.1206445312500002 
1.19330078125 
1.35853515625 
1.2548242187500003 
1.12416015625 
1.2782617187500003 
1.11126953125 
1.23900390625 
1.3239648437500002 
1.2565820312500002 
1.2495507812500002 
1.01400390625 
1.18685546875 
1.07669921875 
1.2583398437500002 
1.2524804687500002 
0.94955078125 
1.2788476562500002 
0.8100976562499999 
0.7198632812499999 
1.21966796875 
1.2571679687500001 
1.1358789062499999 
1.19330078125 
1.18216796875 
1.13001953125 
1.09603515625 
1.26361328125 
1.2477929687500002 
1.03978515625 
1.28119140625 
0.6524804687499998 
0.94076171875 
1.11595703125 
1.10892578125 
1.2489648437500003 
0.9097070312499999 
1.2770898437500002 
1.2688867187500004 
1.3122460937500002 
1.19740234375 
0.8809960937499998 
1.30580078125 
1.16166015625 
1.22962890625 
1.2571679687500001 
1.2132226562500001 
1.13763671875 
0.96126953125 
0.95951171875 
0.9026757812499999 
