19 36 45 
0.8159570312499999 
0.4808007812499999 
0.7333398437499998 
0.7450585937499998 
0.5335351562499999 
0.4925195312499999 
0.7151757812499999 
0.8147851562499998 
0.7040429687499998 
0.7134179687499999 
0.8599023437499999 
0.6993554687499998 
0.7175195312499999 
0.7116601562499998 
0.8534570312499998 
0.6319726562499999 
0.7790429687499999 
0.7163476562499999 
0.8300195312499999 
0.7790429687499999 
0.9888085937499999 
0.92259765625 
0.8868554687499998 
0.8727929687499998 
0.8599023437499999 
0.5903710937499999 
0.8470117187499998 
0.94955078125 
0.7251367187499997 
0.7602929687499999 
0.8095117187499998 
0.7632226562499999 
0.8540429687499999 
1.0433007812500001 
0.95775390625 
0.7438867187499998 
0.8716210937499999 
0.9548242187499999 
0.9302148437500001 
0.92787109375 
0.6536523437499998 
0.6565820312499998 
0.7251367187499997 
0.6841210937499999 
0.7649804687499998 
0.7989648437499999 
0.6729882812499999 
0.8065820312499998 
0.7233789062499998 
0.8288476562499999 
0.5891992187499998 
0.6958398437499999 
1.10072265625 
0.7081445312499999 
0.6835351562499998 
0.9395898437500001 
0.5897851562499998 
0.9390039062500001 
0.8048242187499998 
0.6829492187499998 
0.8265039062499999 
0.6554101562499998 
0.6934960937499998 
0.7954492187499999 
0.6208398437499999 
0.8358789062499998 
0.7415429687499998 
0.39408203124999996 
0.6606835937499999 
0.5013085937499999 
0.96068359375 
0.7972070312499999 
0.7368554687499997 
0.7649804687499998 
0.7356835937499998 
0.8710351562499998 
0.8604882812499999 
0.7649804687499998 
0.8968164062499998 
1.03041015625 
1.1593164062499999 
0.7860742187499998 
0.92611328125 
0.6718164062499998 
0.9923242187499998 
0.7755273437499999 
0.7198632812499999 
0.6630273437499998 
0.7702539062499999 
0.7708398437499999 
0.6349023437499999 
0.8352929687499998 
0.6003320312499999 
0.7315820312499998 
0.98353515625 
0.7837304687499999 
0.7327539062499998 
0.7591210937499998 
0.9073632812499999 
0.8681054687499998 
0.6870507812499999 
0.91087890625 
0.6571679687499998 
0.7222070312499999 
0.8645898437499999 
0.6548242187499997 
0.6940820312499998 
0.8024804687499998 
0.9419335937500001 
0.7298242187499997 
1.00697265625 
0.6647851562499998 
0.6595117187499998 
1.3063867187500002 
0.8581445312499999 
0.7087304687499998 
0.7222070312499999 
0.7327539062499998 
0.6882226562499998 
0.8692773437499999 
0.7421289062499998 
0.7831445312499999 
0.79251953125 
0.6671289062499999 
0.8294335937499999 
0.8317773437499999 
0.6284570312499999 
0.6442773437499999 
0.7825585937499999 
0.7028710937499998 
0.93724609375 
0.9852929687499998 
0.7239648437499998 
0.7169335937499999 
0.6829492187499998 
0.6167382812499999 
0.6964257812499999 
0.6454492187499998 
0.6554101562499998 
0.6835351562499998 
0.8147851562499998 
0.8628320312499999 
0.6776757812499999 
0.7872460937499999 
0.8399804687499998 
0.6835351562499998 
0.6595117187499998 
0.8364648437499999 
0.7339257812499999 
0.7796289062499999 
0.7989648437499999 
0.6923242187499997 
1.10658203125 
0.8399804687499998 
0.6595117187499998 
0.8546289062499999 
0.8007226562499998 
0.6905664062499998 
0.5282617187499999 
0.5886132812499999 
0.6407617187499999 
0.6970117187499998 
0.7104882812499999 
0.6448632812499999 
0.7725976562499999 
0.6817773437499999 
0.6015039062499999 
0.5393945312499999 
0.7093164062499998 
0.8317773437499999 
0.8282617187499999 
0.6999414062499998 
0.7503320312499998 
0.94369140625 
0.8768945312499998 
0.4849023437499999 
0.6981835937499998 
0.6009179687499999 
0.7233789062499998 
0.6067773437499999 
0.6431054687499999 
0.7268945312499998 
0.6630273437499998 
0.8581445312499999 
0.8681054687499998 
0.7526757812499999 
0.7468164062499998 
0.5974023437499999 
0.7655664062499998 
0.8030664062499998 
0.5446679687499999 
0.6114648437499999 
0.8540429687499999 
0.7884179687499999 
0.7960351562499999 
0.6208398437499999 
0.5563867187499999 
0.8042382812499999 
0.5042382812499999 
0.6061914062499999 
