27 36 37 
0.7673242187499998 
0.6636132812499999 
1.1106835937500001 
0.6214257812499999 
0.6618554687499998 
0.7350976562499998 
0.7216210937499998 
0.6425195312499999 
0.6841210937499999 
0.7380273437499998 
0.4690820312499999 
0.7257226562499998 
0.6114648437499999 
0.7257226562499998 
0.7391992187499997 
0.6477929687499998 
0.8552148437499999 
0.94720703125 
0.6378320312499999 
0.7632226562499999 
0.6847070312499999 
0.6864648437499998 
0.8704492187499998 
0.6641992187499998 
0.6466210937499999 
0.7210351562499998 
0.7720117187499999 
0.92376953125 
0.8147851562499998 
0.8036523437499998 
0.8880273437499998 
0.5575585937499999 
0.6612695312499999 
0.7040429687499998 
0.7790429687499999 
0.95365234375 
0.7784570312499999 
0.5727929687499999 
0.7321679687499998 
0.6671289062499999 
0.5446679687499999 
0.8534570312499998 
0.7292382812499998 
0.6729882812499999 
0.6940820312499998 
0.6841210937499999 
0.7526757812499999 
0.6729882812499999 
0.7450585937499998 
0.47728515624999995 
0.93724609375 
0.8347070312499999 
0.7714257812499999 
0.8563867187499998 
0.6190820312499998 
0.5411523437499999 
0.7356835937499998 
0.8300195312499999 
0.6061914062499999 
0.96302734375 
0.6653710937499998 
0.6665429687499999 
0.7491601562499998 
0.9964257812499999 
0.6811914062499999 
0.5516992187499998 
1.02220703125 
0.6044335937499999 
0.8657617187499999 
1.02806640625 
0.8540429687499999 
0.45794921874999994 
0.7890039062499999 
0.38880859374999993 
0.8341210937499999 
0.6032617187499999 
0.6220117187499998 
0.6782617187499999 
0.7585351562499998 
0.6946679687499998 
0.7995507812499999 
0.8095117187499998 
0.5616601562499999 
0.6583398437499999 
0.6308007812499999 
0.5716210937499999 
0.7356835937499998 
0.5417382812499999 
0.6056054687499999 
0.6917382812499998 
0.6747460937499998 
0.8130273437499999 
0.7128320312499998 
0.7157617187499998 
0.6888085937499998 
0.7790429687499999 
1.00873046875 
0.6513085937499998 
0.7696679687499999 
0.9864648437499999 
0.5710351562499999 
0.6272851562499998 
0.7380273437499998 
0.6577539062499999 
0.6683007812499999 
0.91205078125 
0.7972070312499999 
0.6665429687499999 
0.5856835937499999 
0.7140039062499999 
0.6712304687499998 
0.6899804687499997 
0.8423242187499997 
0.6800195312499999 
0.8100976562499999 
0.5622460937499999 
0.7016992187499997 
0.5686914062499999 
0.6735742187499998 
0.8405664062499998 
0.5540429687499999 
0.6249414062499998 
0.4907617187499999 
0.8481835937499999 
0.8300195312499999 
0.6231835937499999 
0.7192773437499999 
0.8974023437499998 
0.5282617187499999 
0.6940820312499998 
0.6407617187499999 
0.7720117187499999 
0.7063867187499998 
0.6688867187499998 
0.6729882812499999 
0.53236328125 
0.8270898437499999 
0.8569726562499999 
0.8634179687499999 
0.6571679687499998 
0.6964257812499999 
0.8206445312499999 
0.7679101562499998 
0.7257226562499998 
0.8440820312499998 
0.92435546875 
0.6794335937499999 
0.9009179687499999 
0.8341210937499999 
0.7339257812499999 
0.7620507812499999 
0.79251953125 
0.5253320312499999 
0.8429101562499998 
0.8528710937499998 
0.7479882812499998 
0.5880273437499999 
0.6905664062499998 
0.6882226562499998 
0.5845117187499999 
0.6788476562499999 
0.94369140625 
0.7134179687499999 
0.5850976562499999 
0.6870507812499999 
0.7315820312499998 
0.6091210937499999 
0.6431054687499999 
0.7602929687499999 
0.6337304687499998 
0.9993554687499997 
0.7134179687499999 
0.8329492187499998 
0.7802148437499999 
0.4925195312499999 
0.5727929687499999 
0.6495507812499999 
0.7772851562499998 
0.6220117187499998 
0.7397851562499997 
0.7825585937499999 
0.92259765625 
0.6946679687499998 
0.9425195312500001 
0.6308007812499999 
0.6184960937499998 
0.5663476562499999 
0.8265039062499999 
0.8792382812499998 
0.7005273437499998 
0.8399804687499998 
0.6835351562499998 
0.7022851562499998 
0.7210351562499998 
0.6847070312499999 
0.7350976562499998 
0.56986328125 
0.7380273437499998 
0.93373046875 
0.8317773437499999 
