29 36 35 
0.5528710937499999 
1.05267578125 
0.8944726562499998 
0.5956445312499999 
0.6671289062499999 
0.8358789062499998 
0.6829492187499998 
0.7731835937499999 
0.7778710937499999 
0.7169335937499999 
0.6958398437499999 
0.98353515625 
0.6302148437499999 
0.6964257812499999 
0.8048242187499998 
0.8558007812499999 
0.7151757812499999 
0.7585351562499998 
0.60501953125 
0.8112695312499999 
0.7350976562499998 
0.7585351562499998 
0.7737695312499999 
0.6167382812499999 
0.6858789062499998 
0.7772851562499998 
0.8558007812499999 
1.07318359375 
0.6641992187499998 
0.7362695312499998 
0.8007226562499998 
0.6788476562499999 
0.6061914062499999 
0.6647851562499998 
0.6507226562499998 
0.6876367187499998 
0.7860742187499998 
0.7327539062499998 
0.8886132812499998 
0.56693359375 
0.7245507812499998 
0.6436914062499999 
0.7063867187499998 
0.4866601562499999 
0.6882226562499998 
0.7556054687499998 
0.6120507812499999 
0.7022851562499998 
0.7585351562499998 
1.2126367187500002 
0.9003320312499998 
0.5745507812499999 
0.6806054687499998 
0.5042382812499999 
0.7503320312499998 
0.5481835937499999 
0.7175195312499999 
0.5499414062499999 
0.6261132812499999 
0.6126367187499998 
1.00697265625 
0.6149804687499998 
0.5663476562499999 
0.7696679687499999 
0.8235742187499998 
0.6155664062499998 
0.7186914062499998 
0.8897851562499998 
0.8306054687499999 
0.47376953124999993 
0.7608789062499999 
0.7942773437499999 
0.7954492187499999 
0.6102929687499998 
0.7620507812499999 
0.6765039062499999 
0.9091210937499998 
0.9770898437500001 
0.7011132812499998 
0.7052148437499999 
0.6893945312499998 
0.6454492187499998 
0.8692773437499999 
0.98119140625 
0.6483789062499998 
0.6688867187499998 
0.8815820312499998 
0.6923242187499997 
0.8845117187499998 
0.6595117187499998 
0.5681054687499999 
0.8147851562499998 
0.7456445312499999 
0.5628320312499999 
0.5376367187499999 
0.7075585937499999 
0.7415429687499998 
0.49134765624999993 
0.7608789062499999 
0.8083398437499999 
0.7016992187499997 
0.8856835937499998 
0.5153710937499999 
0.7186914062499998 
0.6097070312499999 
0.56986328125 
0.8722070312499999 
0.6694726562499999 
0.6729882812499999 
0.5733789062499999 
1.03802734375 
0.5335351562499999 
0.4849023437499999 
0.8581445312499999 
0.7702539062499999 
0.94076171875 
0.5985742187499998 
0.6999414062499998 
0.6876367187499998 
0.7093164062499998 
0.8306054687499999 
0.6214257812499999 
0.6524804687499998 
0.7843164062499999 
0.7315820312499998 
0.7016992187499997 
1.0532617187500002 
0.6419335937499999 
0.7198632812499999 
0.6970117187499998 
0.6747460937499998 
0.8095117187499998 
0.7655664062499998 
0.7462304687499998 
0.6372460937499999 
0.92787109375 
0.6718164062499998 
0.6536523437499998 
0.9946679687499999 
0.6196679687499999 
0.7339257812499999 
0.92318359375 
0.6858789062499998 
0.6595117187499998 
0.5388085937499999 
0.7954492187499999 
0.5944726562499999 
0.6835351562499998 
0.5282617187499999 
0.8722070312499999 
0.5985742187499998 
0.6817773437499999 
0.6782617187499999 
0.7386132812499998 
0.8440820312499998 
0.93841796875 
0.6073632812499999 
0.5845117187499999 
0.5974023437499999 
0.7772851562499998 
0.6817773437499999 
0.8968164062499998 
0.42220703125 
1.07318359375 
0.7227929687499998 
0.7040429687499998 
0.8218164062499999 
0.9302148437500001 
0.7321679687499998 
0.7192773437499999 
0.6524804687499998 
0.8511132812499999 
0.5915429687499999 
0.9852929687499998 
0.5370507812499999 
0.7632226562499999 
1.14408203125 
0.9003320312499998 
0.7052148437499999 
0.97181640625 
0.9647851562499999 
0.7391992187499997 
0.43744140625 
0.5399804687499998 
0.5757226562499999 
0.53470703125 
0.8845117187499998 
0.7438867187499998 
0.6366601562499998 
0.97826171875 
0.7134179687499999 
0.8862695312499999 
0.5329492187499999 
0.5370507812499999 
0.6800195312499999 
0.7063867187499998 
0.7087304687499998 
0.7567773437499998 
0.46205078124999993 
0.7022851562499998 
