93 3 4 
1.29876953125 
1.2847070312500002 
1.2876367187500002 
1.32923828125 
1.2782617187500003 
1.3257226562500002 
1.2753320312500003 
1.28705078125 
1.2776757812500001 
1.2741601562500002 
1.2841210937500003 
1.2888085937500002 
1.3304101562500001 
1.29291015625 
1.3128320312500001 
1.29173828125 
1.30580078125 
1.36732421875 
1.2876367187500002 
1.2847070312500002 
1.29701171875 
1.30580078125 
1.2630273437500001 
1.3257226562500002 
1.2893945312500001 
1.29056640625 
1.2677148437500003 
1.20560546875 
1.2729882812500002 
1.2981835937500001 
1.3075585937500003 
1.3245507812500001 
1.31986328125 
1.28119140625 
1.3040429687500001 
1.2817773437500002 
1.3257226562500002 
1.33861328125 
1.3391992187500001 
1.2138085937500003 
1.30287109375 
1.22611328125 
1.3122460937500002 
1.28705078125 
1.29056640625 
1.2630273437500001 
1.2583398437500002 
1.28236328125 
1.3356835937500002 
1.2665429687500003 
1.31048828125 
1.2489648437500003 
1.2712304687500002 
1.2841210937500003 
1.2220117187500001 
1.2565820312500002 
1.3415429687500002 
1.2313867187500003 
1.1751367187500001 
1.3315820312500002 
1.29701171875 
1.31166015625 
1.30873046875 
1.22376953125 
1.30228515625 
1.30228515625 
1.32337890625 
1.3268945312500002 
1.32337890625 
1.2776757812500001 
1.3286523437500002 
1.3239648437500002 
1.29525390625 
1.28587890625 
1.2776757812500001 
1.2677148437500003 
1.3227929687500002 
1.30345703125 
1.28998046875 
1.32923828125 
1.2683007812500002 
1.2847070312500002 
1.29701171875 
1.2934960937500002 
1.3122460937500002 
1.28529296875 
1.3274804687500001 
1.32337890625 
1.31048828125 
1.2677148437500003 
1.3099023437500001 
1.2507226562500002 
1.3227929687500002 
1.19798828125 
1.3268945312500002 
1.3052148437500002 
1.28119140625 
1.2753320312500003 
1.30111328125 
1.2800195312500002 
1.2718164062500001 
1.13294921875 
1.2524804687500002 
1.3081445312500002 
1.2753320312500003 
1.3268945312500002 
1.2782617187500003 
1.28998046875 
1.31869140625 
1.3403710937500002 
1.28529296875 
1.2923242187500001 
1.1985742187500001 
1.2741601562500002 
1.2659570312500001 
1.2776757812500001 
1.3245507812500001 
1.2507226562500002 
1.2126367187500002 
1.2724023437500003 
1.30345703125 
1.33216796875 
1.2102929687500001 
1.2782617187500003 
1.2595117187500002 
1.2981835937500001 
1.2542382812500001 
1.28998046875 
1.2770898437500002 
1.32044921875 
1.3069726562500001 
1.3081445312500002 
1.28529296875 
1.3298242187500002 
1.3286523437500002 
1.2724023437500003 
1.17162109375 
1.2542382812500001 
1.41185546875 
1.21556640625 
1.3239648437500002 
1.31986328125 
1.2753320312500003 
1.2641992187500002 
1.15814453125 
1.33802734375 
1.29408203125 
1.2641992187500002 
1.2319726562500002 
1.2419335937500002 
1.3333398437500001 
1.2782617187500003 
1.36966796875 
1.3122460937500002 
1.31048828125 
1.20150390625 
1.2518945312500003 
1.2677148437500003 
1.2665429687500003 
1.3169335937500002 
1.2835351562500001 
1.32044921875 
1.3040429687500001 
1.2747460937500004 
1.24486328125 
1.2981835937500001 
1.2800195312500002 
1.3216210937500001 
1.2835351562500001 
1.2302148437500002 
1.2554101562500002 
1.29876953125 
1.3239648437500002 
1.3063867187500002 
1.2688867187500004 
1.2688867187500004 
1.4095117187500001 
1.2841210937500003 
1.2126367187500002 
1.2718164062500001 
1.2999414062499999 
1.2677148437500003 
1.33275390625 
1.16283203125 
1.2753320312500003 
1.3263085937500003 
1.2923242187500001 
1.2794335937500003 
1.32337890625 
1.28119140625 
1.29056640625 
1.30873046875 
1.2706445312500003 
1.2876367187500002 
1.29056640625 
1.30873046875 
1.2923242187500001 
1.2841210937500003 
1.2876367187500002 
1.30169921875 
