39 36 25 
0.5704492187499999 
0.6618554687499998 
0.7356835937499998 
0.7591210937499998 
0.7356835937499998 
0.9091210937499998 
0.7140039062499999 
0.7350976562499998 
0.6155664062499998 
0.6993554687499998 
0.7339257812499999 
0.94837890625 
0.8429101562499998 
0.7649804687499998 
0.5516992187499998 
0.6003320312499999 
0.6589257812499999 
0.7421289062499998 
0.7515039062499999 
0.40814453124999994 
0.7462304687499998 
0.5018945312499999 
0.6085351562499999 
0.6811914062499999 
0.7169335937499999 
0.6641992187499998 
0.5429101562499998 
0.56751953125 
0.8024804687499998 
0.6448632812499999 
0.5757226562499999 
0.7163476562499999 
0.7157617187499998 
0.7866601562499999 
0.7872460937499999 
0.47669921874999993 
0.6981835937499998 
0.7292382812499998 
0.7608789062499999 
0.47142578124999995 
0.5710351562499999 
0.5388085937499999 
0.7280664062499997 
0.6349023437499999 
0.6126367187499998 
0.6712304687499998 
0.7731835937499999 
0.7181054687499998 
0.7380273437499998 
0.6987695312499999 
0.7509179687499998 
0.5329492187499999 
0.7538476562499998 
0.5036523437499999 
0.8054101562499998 
0.5739648437499999 
0.9331445312500001 
0.6864648437499998 
0.5522851562499999 
0.59330078125 
0.5780664062499998 
0.55814453125 
0.7151757812499999 
0.93783203125 
0.5610742187499999 
0.5370507812499999 
0.8270898437499999 
0.5897851562499998 
0.5657617187499999 
0.46966796874999994 
0.5399804687499998 
0.6747460937499998 
1.06966796875 
0.6776757812499999 
0.6659570312499998 
0.6466210937499999 
0.7210351562499998 
0.6735742187499998 
0.7421289062499998 
0.4925195312499999 
0.6015039062499999 
0.6782617187499999 
0.5979882812499999 
0.7673242187499998 
0.7854882812499999 
0.6536523437499998 
0.6852929687499998 
0.7602929687499999 
0.5686914062499999 
0.7022851562499998 
0.7233789062499998 
0.7163476562499999 
0.6612695312499999 
0.7772851562499998 
0.7444726562499998 
0.5681054687499999 
0.7479882812499998 
0.6554101562499998 
0.4989648437499999 
0.7725976562499999 
0.4837304687499999 
0.6483789062499998 
0.8270898437499999 
0.8481835937499999 
0.7128320312499998 
0.6513085937499998 
0.5059960937499999 
0.5001367187499999 
1.08958984375 
0.7175195312499999 
0.7011132812499998 
0.6800195312499999 
0.5054101562499999 
0.8528710937499998 
0.5282617187499999 
0.6630273437499998 
0.5434960937499999 
0.79017578125 
0.6032617187499999 
0.7661523437499999 
0.7983789062499999 
0.7099023437499998 
0.6524804687499998 
0.6407617187499999 
0.6120507812499999 
0.6325585937499999 
0.6466210937499999 
0.8645898437499999 
0.7433007812499999 
0.5850976562499999 
0.6847070312499999 
0.5979882812499999 
0.6220117187499998 
0.6202539062499999 
0.56693359375 
0.7063867187499998 
0.8065820312499998 
0.6589257812499999 
0.5710351562499999 
0.7977929687499998 
0.6196679687499999 
0.8511132812499999 
0.6618554687499998 
0.6548242187499997 
0.6155664062499998 
0.5868554687499998 
0.7819726562499999 
0.42923828124999996 
0.4849023437499999 
0.98412109375 
0.7204492187499998 
0.6372460937499999 
0.5106835937499999 
0.6794335937499999 
0.6946679687499998 
0.7421289062499998 
0.9958398437499999 
0.91146484375 
0.79017578125 
0.4954492187499999 
0.6665429687499999 
0.8604882812499999 
0.9009179687499999 
0.7081445312499999 
0.9858789062499999 
0.79251953125 
0.6788476562499999 
0.7274804687499997 
0.7005273437499998 
0.7391992187499997 
0.7286523437499998 
0.8733789062499998 
0.5663476562499999 
0.6888085937499998 
0.8599023437499999 
0.5927148437499999 
0.4977929687499999 
0.7831445312499999 
0.8681054687499998 
0.6747460937499998 
0.5792382812499999 
0.6940820312499998 
0.5528710937499999 
0.6208398437499999 
0.7649804687499998 
0.5147851562499999 
0.6472070312499999 
0.6706445312499999 
0.4866601562499999 
0.7450585937499998 
0.6214257812499999 
0.5979882812499999 
0.8306054687499999 
0.4614648437499999 
0.6114648437499999 
0.7099023437499998 
0.7995507812499999 
0.8018945312499999 
0.6612695312499999 
0.6905664062499998 
