48 36 16 
0.5827539062499999 
0.7766992187499998 
0.6214257812499999 
0.6753320312499999 
0.6442773437499999 
0.9179101562499999 
0.6987695312499999 
0.7099023437499998 
0.5388085937499999 
0.6893945312499998 
0.6102929687499998 
0.5341210937499999 
0.6477929687499998 
0.5306054687499999 
0.6753320312499999 
0.4825585937499999 
0.7491601562499998 
0.5751367187499998 
0.6958398437499999 
0.6419335937499999 
0.6964257812499999 
0.91322265625 
0.4907617187499999 
0.6993554687499998 
0.6647851562499998 
0.6266992187499998 
0.6835351562499998 
0.5915429687499999 
0.6934960937499998 
0.5968164062499999 
0.7368554687499997 
0.7696679687499999 
0.8522851562499998 
0.5985742187499998 
0.7157617187499998 
0.5997460937499999 
0.7509179687499998 
0.7063867187499998 
0.6032617187499999 
0.5833398437499999 
0.8862695312499999 
0.6987695312499999 
0.5722070312499999 
0.5616601562499999 
0.6841210937499999 
0.4808007812499999 
0.6999414062499998 
0.6548242187499997 
0.6876367187499998 
0.6126367187499998 
0.8077539062499999 
0.8259179687499999 
0.6794335937499999 
0.6595117187499998 
0.7227929687499998 
0.8399804687499998 
0.7134179687499999 
0.8212304687499998 
0.7081445312499999 
0.5335351562499999 
0.7456445312499999 
0.5528710937499999 
0.5774804687499998 
0.8065820312499998 
0.6296289062499999 
0.5997460937499999 
0.5505273437499999 
0.7778710937499999 
0.3688867187499999 
0.6501367187499998 
0.6999414062499998 
0.6290429687499999 
0.51830078125 
0.6091210937499999 
0.6395898437499999 
0.44916015624999994 
0.6302148437499999 
0.6571679687499998 
0.6120507812499999 
0.7790429687499999 
0.6800195312499999 
0.7532617187499998 
0.5335351562499999 
0.5880273437499999 
0.47083984374999993 
0.6518945312499999 
0.5352929687499999 
0.8194726562499999 
0.5880273437499999 
0.5915429687499999 
0.56458984375 
0.79251953125 
0.7573632812499999 
0.6167382812499999 
0.6313867187499999 
0.6823632812499999 
0.97474609375 
0.9026757812499999 
0.7415429687499998 
0.5657617187499999 
0.5722070312499999 
0.41693359374999994 
0.6530664062499998 
0.6413476562499999 
0.6530664062499998 
0.7890039062499999 
0.7931054687499999 
0.8991601562499998 
0.7491601562499998 
0.8247460937499999 
0.6554101562499998 
0.7597070312499998 
0.6460351562499999 
0.7479882812499998 
0.6208398437499999 
0.5974023437499999 
0.5681054687499999 
0.5358789062499999 
0.7784570312499999 
0.7544335937499999 
0.5634179687499999 
0.7632226562499999 
1.0444726562500002 
0.5165429687499999 
0.7538476562499998 
0.7638085937499999 
0.6864648437499998 
0.6120507812499999 
0.6806054687499998 
0.93490234375 
0.6782617187499999 
0.7257226562499998 
0.7052148437499999 
0.47845703124999994 
0.7040429687499998 
0.6067773437499999 
0.7052148437499999 
0.4878320312499999 
0.6770898437499999 
0.5962304687499999 
0.6448632812499999 
0.5059960937499999 
0.7561914062499998 
0.7356835937499998 
0.5071679687499999 
0.6378320312499999 
0.8054101562499998 
0.6905664062499998 
0.5599023437499999 
0.7345117187499998 
0.6067773437499999 
0.6975976562499998 
0.8704492187499998 
0.5722070312499999 
0.7145898437499999 
0.5335351562499999 
0.7022851562499998 
0.7186914062499998 
0.6653710937499998 
0.7063867187499998 
0.7239648437499998 
0.7485742187499997 
0.6641992187499998 
0.4819726562499999 
0.5306054687499999 
0.6489648437499999 
0.53236328125 
0.6712304687499998 
0.7479882812499998 
0.6624414062499998 
0.5628320312499999 
0.8235742187499998 
0.7655664062499998 
0.6161523437499998 
0.5446679687499999 
0.6448632812499999 
0.5722070312499999 
0.6659570312499998 
0.7919335937499999 
0.8839257812499999 
0.7427148437499999 
0.6366601562499998 
0.6208398437499999 
0.8558007812499999 
0.56751953125 
0.7374414062499998 
0.7309960937499997 
0.7081445312499999 
0.5751367187499998 
0.45150390625 
0.6753320312499999 
0.97826171875 
0.4778710937499999 
0.6981835937499998 
0.7128320312499998 
0.7362695312499998 
0.6847070312499999 
0.8745507812499999 
0.6893945312499998 
0.7444726562499998 
