51 36 13 
0.8739648437499998 
0.5130273437499999 
0.6413476562499999 
0.49603515624999994 
0.56458984375 
0.60501953125 
0.7257226562499998 
0.6600976562499998 
0.5493554687499999 
0.7356835937499998 
0.5516992187499998 
0.51126953125 
0.4819726562499999 
0.7620507812499999 
0.7397851562499997 
0.5470117187499999 
0.6595117187499998 
0.8247460937499999 
0.6823632812499999 
0.5106835937499999 
0.8575585937499999 
0.7022851562499998 
0.6759179687499999 
0.5511132812499999 
0.5950585937499999 
0.46673828124999994 
0.6612695312499999 
0.7151757812499999 
0.7749414062499999 
0.6694726562499999 
0.6249414062499998 
0.5886132812499999 
0.6747460937499998 
0.6413476562499999 
0.8171289062499999 
0.6981835937499998 
0.5030664062499999 
0.4983789062499999 
0.5768945312499999 
0.6343164062499999 
0.6108789062499999 
0.6372460937499999 
0.60267578125 
0.6882226562499998 
0.6683007812499999 
0.7286523437499998 
1.08490234375 
0.5815820312499999 
0.7087304687499998 
0.5370507812499999 
0.7643945312499999 
0.6196679687499999 
0.5733789062499999 
0.6653710937499998 
0.6079492187499999 
0.5985742187499998 
0.6061914062499999 
0.6753320312499999 
0.6214257812499999 
0.5716210937499999 
0.8130273437499999 
0.7286523437499998 
0.5054101562499999 
0.5001367187499999 
0.8001367187499998 
0.9554101562499999 
0.9554101562499999 
0.6800195312499999 
0.8130273437499999 
0.7585351562499998 
0.52767578125 
0.6360742187499998 
0.6659570312499998 
0.8698632812499999 
0.7321679687499998 
0.5663476562499999 
0.7931054687499999 
0.7181054687499998 
0.7052148437499999 
0.6085351562499999 
0.7022851562499998 
0.55521484375 
0.9044335937499999 
0.97884765625 
0.5599023437499999 
0.39994140625 
0.55580078125 
0.7778710937499999 
0.5950585937499999 
0.7145898437499999 
0.39232421874999995 
0.7309960937499997 
0.6097070312499999 
0.8681054687499998 
0.6583398437499999 
0.6132226562499998 
0.7157617187499998 
0.91615234375 
0.7022851562499998 
0.5716210937499999 
0.7122460937499998 
0.8622460937499998 
0.5364648437499999 
0.5077539062499999 
0.44681640624999996 
0.7040429687499998 
0.96244140625 
0.6940820312499998 
0.96126953125 
0.5001367187499999 
0.5733789062499999 
0.56693359375 
0.5657617187499999 
0.7268945312499998 
0.49720703124999993 
0.5546289062499999 
0.7315820312499998 
0.92376953125 
0.7110742187499998 
0.7374414062499998 
0.7878320312499999 
0.52591796875 
0.6319726562499999 
0.45912109374999993 
0.5850976562499999 
0.6325585937499999 
0.6981835937499998 
0.64017578125 
0.8347070312499999 
0.7181054687499998 
0.7186914062499998 
0.7819726562499999 
0.9390039062500001 
0.6501367187499998 
0.5540429687499999 
0.4808007812499999 
0.6542382812499998 
0.60267578125 
0.7931054687499999 
0.7163476562499999 
0.8024804687499998 
0.6530664062499998 
0.6489648437499999 
0.42162109374999995 
0.6800195312499999 
0.7093164062499998 
0.7649804687499998 
0.78958984375 
0.56458984375 
0.5850976562499999 
0.5868554687499998 
0.7626367187499998 
0.5757226562499999 
0.5845117187499999 
0.6436914062499999 
0.47083984374999993 
0.5921289062499999 
0.7087304687499998 
0.78958984375 
0.6114648437499999 
0.5352929687499999 
0.5962304687499999 
0.50892578125 
0.5968164062499999 
0.6225976562499999 
0.6349023437499999 
0.7181054687499998 
0.6606835937499999 
0.8481835937499999 
0.5118554687499999 
0.49486328124999995 
0.5692773437499999 
0.6220117187499998 
0.7638085937499999 
0.6975976562499998 
0.93138671875 
0.5311914062499999 
0.8757226562499998 
0.8552148437499999 
0.6091210937499999 
0.9970117187499998 
0.5809960937499998 
0.5153710937499999 
0.48431640624999994 
0.7468164062499998 
0.7907617187499999 
0.6858789062499998 
0.7567773437499998 
0.6009179687499999 
0.6425195312499999 
0.5546289062499999 
0.6349023437499999 
0.7509179687499998 
0.5013085937499999 
0.8704492187499998 
0.6817773437499999 
0.6700585937499999 
0.60501953125 
0.7110742187499998 
0.5024804687499999 
