54 36 10 
0.6548242187499997 
0.7005273437499998 
0.5686914062499999 
0.92376953125 
0.5915429687499999 
0.4819726562499999 
0.5522851562499999 
0.6325585937499999 
0.36595703124999995 
0.5364648437499999 
0.5722070312499999 
0.6958398437499999 
0.7878320312499999 
0.7087304687499998 
0.8434960937499998 
0.9419335937500001 
0.98119140625 
0.8933007812499999 
0.7227929687499998 
0.4808007812499999 
0.6067773437499999 
0.52708984375 
0.6782617187499999 
0.8798242187499997 
0.6688867187499998 
0.6120507812499999 
0.6530664062499998 
0.7450585937499998 
0.7766992187499998 
0.5599023437499999 
0.7983789062499999 
0.6765039062499999 
0.5921289062499999 
0.7427148437499999 
0.7983789062499999 
0.5434960937499999 
0.56458984375 
0.5587304687499999 
0.9735742187499999 
0.44037109374999994 
0.46966796874999994 
0.5165429687499999 
0.6102929687499998 
0.6337304687499998 
0.5774804687499998 
0.6454492187499998 
0.5534570312499999 
0.7075585937499999 
0.6120507812499999 
0.7696679687499999 
0.6806054687499998 
0.6302148437499999 
0.7673242187499998 
0.8388085937499998 
1.05736328125 
0.7796289062499999 
0.7104882812499999 
0.6378320312499999 
0.5821679687499999 
0.7849023437499999 
0.6700585937499999 
0.6442773437499999 
0.7333398437499998 
0.6061914062499999 
0.5493554687499999 
0.7438867187499998 
0.7222070312499999 
0.6337304687499998 
0.52591796875 
0.6143945312499999 
0.5833398437499999 
0.6161523437499998 
0.5903710937499999 
0.5587304687499999 
0.7227929687499998 
0.6999414062499998 
0.4925195312499999 
0.6718164062499998 
0.5768945312499999 
0.5253320312499999 
0.7321679687499998 
0.6542382812499998 
0.46556640624999995 
0.7802148437499999 
0.5364648437499999 
0.6343164062499999 
0.6671289062499999 
0.7327539062499998 
0.7397851562499997 
0.5505273437499999 
0.7005273437499998 
0.7878320312499999 
0.7632226562499999 
0.47376953124999993 
0.5376367187499999 
0.6636132812499999 
0.8470117187499998 
0.92435546875 
0.8247460937499999 
0.5434960937499999 
0.5927148437499999 
0.7438867187499998 
0.6337304687499998 
0.5224023437499999 
0.8733789062499998 
0.6659570312499998 
0.6858789062499998 
0.45033203124999993 
0.6835351562499998 
0.6179101562499998 
0.6331445312499999 
0.7151757812499999 
0.6829492187499998 
0.6079492187499999 
0.7386132812499998 
0.6477929687499998 
0.7497460937499998 
0.51771484375 
0.6624414062499998 
0.6015039062499999 
0.7304101562499997 
0.6507226562499998 
0.8229882812499999 
0.7327539062499998 
0.5470117187499999 
0.7268945312499998 
0.6278710937499998 
0.7380273437499998 
0.5827539062499999 
0.7011132812499998 
0.8083398437499999 
0.6671289062499999 
0.6630273437499998 
0.6366601562499998 
0.6565820312499998 
0.7831445312499999 
0.95951171875 
0.95189453125 
0.4966210937499999 
0.7151757812499999 
0.6390039062499999 
0.6343164062499999 
0.5745507812499999 
0.5241601562499999 
0.5915429687499999 
0.6460351562499999 
0.6911523437499998 
0.6290429687499999 
0.6513085937499998 
1.1247460937500002 
0.8675195312499999 
0.60267578125 
0.7907617187499999 
0.7157617187499998 
0.7233789062499998 
0.5153710937499999 
0.6542382812499998 
0.7386132812499998 
0.5985742187499998 
0.6102929687499998 
0.5839257812499999 
0.7702539062499999 
0.7995507812499999 
0.6905664062499998 
0.6847070312499999 
0.49310546874999994 
0.5411523437499999 
0.5511132812499999 
0.4825585937499999 
0.6776757812499999 
0.9073632812499999 
0.7690820312499999 
0.6507226562499998 
0.5897851562499998 
0.4614648437499999 
0.8229882812499999 
0.5997460937499999 
0.5786523437499999 
0.7380273437499998 
0.6407617187499999 
0.45560546874999996 
0.6114648437499999 
0.53470703125 
0.6337304687499998 
0.7620507812499999 
0.8763085937499998 
0.6548242187499997 
0.7087304687499998 
0.6718164062499998 
0.5962304687499999 
0.8563867187499998 
0.6559960937499998 
0.7233789062499998 
0.6378320312499999 
0.7298242187499997 
0.6056054687499999 
0.8640039062499999 
0.6237695312499999 
0.6501367187499998 
0.5493554687499999 
