56 36 8 
0.6149804687499998 
0.5118554687499999 
0.6097070312499999 
0.6472070312499999 
0.5434960937499999 
0.8188867187499999 
0.5499414062499999 
0.7884179687499999 
0.8253320312499999 
0.43802734374999996 
0.5692773437499999 
0.7761132812499999 
0.6343164062499999 
0.6460351562499999 
0.7673242187499998 
0.7175195312499999 
0.5024804687499999 
0.6800195312499999 
0.6143945312499999 
0.7368554687499997 
0.6413476562499999 
0.7227929687499998 
0.7802148437499999 
0.48900390624999995 
0.6595117187499998 
0.4895898437499999 
0.7140039062499999 
0.6712304687499998 
0.5599023437499999 
0.8950585937499999 
0.6653710937499998 
0.5757226562499999 
0.6888085937499998 
0.8059960937499998 
0.7011132812499998 
0.8417382812499998 
0.6495507812499999 
0.6554101562499998 
0.64017578125 
0.8001367187499998 
0.6677148437499999 
0.56517578125 
0.5833398437499999 
0.6905664062499998 
0.7163476562499999 
0.6243554687499998 
0.5880273437499999 
0.5429101562499998 
0.7602929687499999 
0.7790429687499999 
0.5845117187499999 
0.5604882812499999 
0.7034570312499998 
0.6806054687499998 
0.5739648437499999 
0.60501953125 
0.5446679687499999 
0.6331445312499999 
0.56517578125 
0.7321679687499998 
0.6618554687499998 
0.7989648437499999 
0.6173242187499998 
0.5329492187499999 
0.5757226562499999 
0.5358789062499999 
0.6741601562499998 
0.8546289062499999 
0.9401757812500001 
0.5733789062499999 
0.5915429687499999 
0.7040429687499998 
0.6190820312499998 
0.5446679687499999 
0.6776757812499999 
0.5440820312499999 
0.8815820312499998 
0.55521484375 
0.6425195312499999 
0.51830078125 
0.6671289062499999 
0.98236328125 
0.5897851562499998 
0.7058007812499999 
0.6085351562499999 
0.5798242187499998 
0.6395898437499999 
0.8464257812499999 
0.6729882812499999 
0.6079492187499999 
0.6032617187499999 
0.6847070312499999 
0.6677148437499999 
0.6097070312499999 
0.46498046874999993 
0.5358789062499999 
0.7462304687499998 
0.5388085937499999 
0.8095117187499998 
0.7421289062499998 
0.5786523437499999 
0.4954492187499999 
0.7550195312499999 
0.7977929687499998 
0.6079492187499999 
0.5991601562499999 
0.6612695312499999 
0.7175195312499999 
0.8604882812499999 
0.6847070312499999 
0.8446679687499998 
0.7860742187499998 
0.6677148437499999 
0.6882226562499998 
0.7028710937499998 
0.4673242187499999 
0.7380273437499998 
0.5306054687499999 
0.6987695312499999 
0.5575585937499999 
0.6770898437499999 
0.53236328125 
0.4983789062499999 
0.7415429687499998 
0.6852929687499998 
0.5915429687499999 
0.7321679687499998 
0.7731835937499999 
0.6337304687499998 
0.6507226562499998 
0.7350976562499998 
0.7239648437499998 
0.7784570312499999 
0.6911523437499998 
0.8054101562499998 
0.5329492187499999 
0.6847070312499999 
0.7643945312499999 
0.6202539062499999 
0.7409570312499998 
0.5634179687499999 
0.7222070312499999 
0.6097070312499999 
0.8470117187499998 
0.7204492187499998 
0.7602929687499999 
0.6032617187499999 
0.7743554687499998 
0.6729882812499999 
0.6536523437499998 
0.7350976562499998 
0.6724023437499999 
0.8007226562499998 
0.6835351562499998 
0.6888085937499998 
0.7333398437499998 
0.6987695312499999 
0.6413476562499999 
0.7263085937499998 
0.6929101562499997 
0.5487695312499999 
0.56400390625 
0.6606835937499999 
0.8194726562499999 
0.6501367187499998 
0.5516992187499998 
0.8077539062499999 
0.6202539062499999 
0.9067773437499999 
0.4831445312499999 
0.4966210937499999 
0.6911523437499998 
0.7128320312499998 
0.7632226562499999 
0.6606835937499999 
0.9038476562499999 
0.7567773437499998 
0.7438867187499998 
0.5968164062499999 
0.7046289062499999 
0.7784570312499999 
0.6847070312499999 
0.6624414062499998 
0.7333398437499998 
0.44330078124999994 
0.6940820312499998 
0.4966210937499999 
0.95423828125 
0.7831445312499999 
0.5405664062499999 
0.6782617187499999 
0.7046289062499999 
0.6876367187499998 
0.5352929687499999 
0.55814453125 
0.7304101562499997 
0.5616601562499999 
0.8013085937499999 
0.8024804687499998 
0.6325585937499999 
