63 36 1 
0.8399804687499998 
0.7661523437499999 
0.52767578125 
0.5235742187499999 
0.7333398437499998 
0.7649804687499998 
0.6524804687499998 
0.7222070312499999 
0.6888085937499998 
0.50892578125 
0.4983789062499999 
0.6489648437499999 
0.6483789062499998 
0.7860742187499998 
0.5856835937499999 
0.8200585937499999 
0.7983789062499999 
0.5587304687499999 
0.6167382812499999 
0.6272851562499998 
0.6618554687499998 
0.54642578125 
0.7245507812499998 
0.6313867187499999 
0.6296289062499999 
0.7954492187499999 
0.4790429687499999 
0.7093164062499998 
1.02162109375 
0.7356835937499998 
0.5780664062499998 
0.6495507812499999 
0.5563867187499999 
0.60501953125 
0.5065820312499999 
0.8358789062499998 
0.6794335937499999 
0.8159570312499999 
0.6794335937499999 
0.4643945312499999 
0.4995507812499999 
0.6079492187499999 
0.53001953125 
0.6829492187499998 
0.6266992187499998 
0.6999414062499998 
0.7321679687499998 
0.7690820312499999 
0.6436914062499999 
0.6706445312499999 
0.8141992187499998 
0.8511132812499999 
0.6431054687499999 
0.6466210937499999 
0.5481835937499999 
0.7397851562499997 
0.7749414062499999 
0.8423242187499997 
0.7860742187499998 
0.7304101562499997 
0.6173242187499998 
0.6513085937499998 
0.7380273437499998 
0.5036523437499999 
0.6800195312499999 
0.7802148437499999 
0.5253320312499999 
0.7972070312499999 
0.5311914062499999 
0.45267578124999996 
0.5458398437499999 
0.7725976562499999 
0.4614648437499999 
0.46556640624999995 
0.6788476562499999 
0.8224023437499999 
0.7708398437499999 
0.5511132812499999 
0.8364648437499999 
0.6782617187499999 
0.5909570312499999 
0.8130273437499999 
0.5188867187499999 
0.6495507812499999 
0.49427734374999993 
0.43744140625 
0.6436914062499999 
0.8323632812499999 
0.4954492187499999 
0.5470117187499999 
0.6149804687499998 
0.7620507812499999 
0.5212304687499999 
0.5194726562499999 
0.5311914062499999 
0.8417382812499998 
0.6120507812499999 
0.5077539062499999 
0.6349023437499999 
0.6917382812499998 
0.6436914062499999 
0.6823632812499999 
0.9501367187499999 
0.6097070312499999 
0.6811914062499999 
0.7327539062499998 
0.7245507812499998 
0.8522851562499998 
0.6015039062499999 
0.5335351562499999 
0.6009179687499999 
0.6852929687499998 
0.5358789062499999 
0.53177734375 
0.6372460937499999 
0.5458398437499999 
0.6624414062499998 
0.6882226562499998 
0.5880273437499999 
0.5792382812499999 
0.6858789062499998 
0.6811914062499999 
0.7163476562499999 
0.7374414062499998 
0.5850976562499999 
0.7386132812499998 
0.5382226562499999 
0.5364648437499999 
0.7503320312499998 
0.6847070312499999 
0.6442773437499999 
0.7175195312499999 
0.7233789062499998 
0.8177148437499999 
0.6431054687499999 
0.5540429687499999 
0.6483789062499998 
0.8628320312499999 
0.5575585937499999 
0.64017578125 
0.6343164062499999 
0.52591796875 
0.51712890625 
0.5833398437499999 
0.8493554687499998 
0.6261132812499999 
0.5048242187499998 
0.45970703124999995 
0.7140039062499999 
0.5757226562499999 
0.7081445312499999 
0.6776757812499999 
0.6806054687499998 
0.8089257812499999 
0.79017578125 
0.6454492187499998 
0.7421289062499998 
0.6641992187499998 
0.7245507812499998 
0.5534570312499999 
0.5311914062499999 
0.5716210937499999 
0.6296289062499999 
0.7093164062499998 
0.5739648437499999 
0.7849023437499999 
0.6542382812499998 
0.4309960937499999 
0.51712890625 
0.6073632812499999 
0.6460351562499999 
0.6243554687499998 
0.5634179687499999 
0.5352929687499999 
0.51126953125 
0.7696679687499999 
0.6835351562499998 
0.6806054687499998 
0.6800195312499999 
0.6753320312499999 
0.7309960937499997 
0.6249414062499998 
0.6155664062499998 
0.7016992187499997 
0.8493554687499998 
0.8423242187499997 
0.5077539062499999 
0.8036523437499998 
0.6665429687499999 
0.8370507812499999 
0.6841210937499999 
0.6893945312499998 
0.5692773437499999 
0.6038476562499999 
0.8141992187499998 
0.6261132812499999 
0.7345117187499998 
0.4819726562499999 
0.7679101562499998 
0.7163476562499999 
