16 37 47 
0.8610742187499998 
0.7843164062499999 
0.7684960937499998 
0.8059960937499998 
0.5827539062499999 
0.8669335937499999 
0.8751367187499998 
0.6917382812499998 
0.8604882812499999 
0.5434960937499999 
0.8604882812499999 
0.8704492187499998 
0.7257226562499998 
1.17220703125 
0.6624414062499998 
0.92318359375 
0.8569726562499999 
0.94544921875 
1.12708984375 
0.7684960937499998 
0.6671289062499999 
0.8440820312499998 
0.8399804687499998 
0.6958398437499999 
1.0550195312500001 
0.5364648437499999 
0.52884765625 
1.06673828125 
1.00345703125 
1.1475976562499999 
0.8118554687499998 
0.6782617187499999 
1.2841210937500003 
0.8007226562499998 
0.6917382812499998 
0.8212304687499998 
1.0239648437500002 
0.92494140625 
0.9044335937499999 
1.05970703125 
1.0743554687499999 
0.7110742187499998 
1.20912109375 
0.91849609375 
0.7790429687499999 
0.6929101562499997 
1.0438867187500003 
0.93197265625 
0.9038476562499999 
1.06732421875 
0.91849609375 
0.9419335937500001 
0.8956445312499999 
0.8546289062499999 
0.97064453125 
0.8206445312499999 
0.6091210937499999 
1.03978515625 
1.11595703125 
0.9958398437499999 
0.7977929687499998 
0.7942773437499999 
0.7608789062499999 
0.6706445312499999 
0.7854882812499999 
0.6413476562499999 
0.6126367187499998 
0.7403710937499998 
0.8417382812499998 
0.6741601562499998 
0.94779296875 
0.6659570312499998 
0.6595117187499998 
0.7491601562499998 
0.9061914062499998 
1.01634765625 
1.15462890625 
0.7046289062499999 
0.7720117187499999 
0.7509179687499998 
0.7725976562499999 
0.9331445312500001 
0.8839257812499999 
0.6126367187499998 
0.6009179687499999 
0.7579492187499998 
0.94076171875 
0.7526757812499999 
0.7872460937499999 
0.7936914062499999 
0.7714257812499999 
1.2653710937500002 
0.92259765625 
0.6255273437499999 
0.6085351562499999 
0.8534570312499998 
0.7192773437499999 
0.8206445312499999 
0.7011132812499998 
0.7503320312499998 
0.8370507812499999 
0.7491601562499998 
0.6747460937499998 
0.8388085937499998 
0.7028710937499998 
1.0122460937500002 
1.2466210937500002 
0.9893945312499999 
0.7761132812499999 
0.8962304687499998 
0.96126953125 
1.0936914062499998 
0.7766992187499998 
0.8575585937499999 
0.98177734375 
0.6817773437499999 
0.7257226562499998 
0.8100976562499999 
0.8358789062499998 
0.7145898437499999 
0.7052148437499999 
0.8903710937499998 
0.94310546875 
1.02044921875 
0.6870507812499999 
0.45033203124999993 
0.5938867187499999 
0.6073632812499999 
0.8259179687499999 
0.8153710937499998 
1.1534570312499999 
0.7157617187499998 
0.7497460937499998 
0.6536523437499998 
0.6284570312499999 
0.5106835937499999 
0.6858789062499998 
0.7421289062499998 
0.7052148437499999 
0.8651757812499999 
0.7936914062499999 
0.7456445312499999 
0.91615234375 
0.96302734375 
0.7157617187499998 
0.6003320312499999 
1.00462890625 
0.93783203125 
0.93431640625 
0.7315820312499998 
0.7099023437499998 
0.7409570312499998 
0.8563867187499998 
0.8235742187499998 
0.8206445312499999 
0.7063867187499998 
0.7391992187499997 
0.6647851562499998 
0.8188867187499999 
1.17279296875 
0.82767578125 
0.5938867187499999 
0.7696679687499999 
0.8475976562499998 
0.7825585937499999 
0.8651757812499999 
1.02337890625 
0.8792382812499998 
0.6366601562499998 
0.8581445312499999 
0.6354882812499999 
0.8809960937499998 
1.01048828125 
1.09955078125 
0.7515039062499999 
0.8669335937499999 
0.6893945312499998 
0.7972070312499999 
0.8048242187499998 
0.7614648437499999 
0.7169335937499999 
0.6372460937499999 
0.7110742187499998 
1.00931640625 
0.7087304687499998 
0.5897851562499998 
0.8347070312499999 
0.7075585937499999 
0.5475976562499999 
0.7298242187499997 
0.6536523437499998 
0.7368554687499997 
0.97650390625 
0.7690820312499999 
0.8464257812499999 
0.7016992187499997 
0.8528710937499998 
0.8581445312499999 
0.6249414062499998 
0.7872460937499999 
