24 37 39 
0.5809960937499998 
0.7602929687499999 
0.6073632812499999 
0.8856835937499998 
0.7942773437499999 
0.7479882812499998 
0.7093164062499998 
0.6940820312499998 
0.5147851562499999 
0.7350976562499998 
0.8440820312499998 
0.94544921875 
0.6266992187499998 
0.6483789062499998 
0.9395898437500001 
0.93138671875 
0.7643945312499999 
0.8581445312499999 
0.5282617187499999 
0.47728515624999995 
0.7515039062499999 
0.7960351562499999 
0.6688867187499998 
0.6864648437499998 
0.7597070312499998 
0.6612695312499999 
0.7040429687499998 
0.7567773437499998 
0.6530664062499998 
0.5247460937499999 
0.5247460937499999 
0.7819726562499999 
0.5745507812499999 
0.7286523437499998 
1.00287109375 
0.6559960937499998 
0.6003320312499999 
0.8124414062499998 
0.6143945312499999 
0.5845117187499999 
0.7766992187499998 
0.6155664062499998 
0.7087304687499998 
0.8558007812499999 
0.9050195312499999 
0.7438867187499998 
0.7309960937499997 
0.8229882812499999 
0.8634179687499999 
0.6477929687499998 
0.92845703125 
0.8745507812499999 
0.6841210937499999 
0.8018945312499999 
0.7204492187499998 
0.8159570312499999 
0.6349023437499999 
0.6214257812499999 
0.6190820312499998 
0.7016992187499997 
0.7122460937499998 
0.7356835937499998 
0.6061914062499999 
0.6753320312499999 
0.6975976562499998 
0.7116601562499998 
0.97884765625 
0.7966210937499999 
0.8675195312499999 
0.8235742187499998 
0.8065820312499998 
0.8112695312499999 
0.5950585937499999 
0.7749414062499999 
0.7040429687499998 
0.6917382812499998 
0.6296289062499999 
0.6161523437499998 
0.6718164062499998 
0.7315820312499998 
0.98060546875 
0.7772851562499998 
0.8505273437499998 
0.7790429687499999 
0.6876367187499998 
0.7597070312499998 
0.56751953125 
0.7128320312499998 
0.4684960937499999 
0.91205078125 
0.4983789062499999 
0.6102929687499998 
0.7386132812499998 
0.9266992187499999 
0.5159570312499999 
0.6847070312499999 
0.7626367187499998 
0.8933007812499999 
0.5915429687499999 
0.7034570312499998 
0.6366601562499998 
0.7292382812499998 
0.53177734375 
0.7643945312499999 
0.8634179687499999 
0.7433007812499999 
0.5153710937499999 
1.02337890625 
0.7034570312499998 
0.7532617187499998 
0.7011132812499998 
0.8382226562499998 
0.7632226562499999 
0.95130859375 
0.7825585937499999 
0.6876367187499998 
0.6272851562499998 
0.7327539062499998 
0.9173242187499999 
0.7222070312499999 
0.7245507812499998 
0.7948632812499999 
0.6483789062499998 
0.5950585937499999 
0.94134765625 
0.6870507812499999 
0.9179101562499999 
0.8481835937499999 
0.7538476562499998 
0.7192773437499999 
0.7796289062499999 
0.7315820312499998 
0.8352929687499998 
0.8522851562499998 
0.8013085937499999 
0.5774804687499998 
0.7034570312499998 
0.7515039062499999 
0.6700585937499999 
0.6237695312499999 
0.6114648437499999 
0.5604882812499999 
0.5915429687499999 
0.7192773437499999 
0.59330078125 
0.7731835937499999 
0.6056054687499999 
0.6665429687499999 
0.5224023437499999 
0.95189453125 
0.6852929687499998 
0.7315820312499998 
0.8194726562499999 
0.6138085937499999 
0.7520898437499999 
0.7192773437499999 
0.6876367187499998 
0.6765039062499999 
0.5657617187499999 
0.7444726562499998 
0.5886132812499999 
0.5716210937499999 
0.8563867187499998 
0.8581445312499999 
0.6870507812499999 
0.6817773437499999 
0.5856835937499999 
0.8511132812499999 
0.6852929687499998 
0.8423242187499997 
0.7860742187499998 
0.7585351562499998 
0.6085351562499999 
0.8218164062499999 
0.7327539062499998 
0.8188867187499999 
0.92201171875 
0.7626367187499998 
0.6571679687499998 
0.7813867187499999 
0.7216210937499998 
0.8464257812499999 
0.5100976562499999 
0.7145898437499999 
0.7608789062499999 
0.8604882812499999 
0.96244140625 
0.6671289062499999 
0.6518945312499999 
0.93841796875 
0.6407617187499999 
0.6659570312499998 
0.6841210937499999 
0.8405664062499998 
0.8792382812499998 
0.6507226562499998 
0.7052148437499999 
0.94310546875 
0.7837304687499999 
0.8376367187499998 
