25 37 38 
0.6700585937499999 
0.5663476562499999 
0.7192773437499999 
0.7421289062499998 
0.5475976562499999 
0.94662109375 
0.7374414062499998 
0.7679101562499998 
0.6360742187499998 
1.0263085937500003 
0.49369140624999996 
0.6308007812499999 
0.7632226562499999 
1.0309960937500002 
0.7245507812499998 
1.10951171875 
0.6190820312499998 
0.7515039062499999 
0.44037109374999994 
0.8411523437499998 
0.5522851562499999 
0.6712304687499998 
0.6038476562499999 
0.6085351562499999 
0.8809960937499998 
1.15404296875 
0.8352929687499998 
0.7386132812499998 
0.5511132812499999 
0.7766992187499998 
0.5393945312499999 
0.8534570312499998 
0.7878320312499999 
0.8294335937499999 
0.60501953125 
0.7140039062499999 
0.6841210937499999 
0.8335351562499999 
0.6073632812499999 
0.6167382812499999 
0.6530664062499998 
0.6138085937499999 
0.8329492187499998 
0.6202539062499999 
0.7772851562499998 
0.5710351562499999 
0.9876367187499998 
0.6993554687499998 
0.6536523437499998 
0.51830078125 
0.52708984375 
0.5757226562499999 
0.7515039062499999 
0.56693359375 
0.7819726562499999 
0.6272851562499998 
0.7251367187499997 
0.8001367187499998 
0.6864648437499998 
0.5915429687499999 
0.5429101562499998 
0.6987695312499999 
0.7016992187499997 
0.94310546875 
0.6296289062499999 
1.0491601562500001 
0.6296289062499999 
0.6893945312499998 
0.8850976562499998 
0.7268945312499998 
0.6964257812499999 
0.6466210937499999 
0.6073632812499999 
0.7509179687499998 
0.8106835937499999 
0.8171289062499999 
0.47669921874999993 
0.6841210937499999 
0.5686914062499999 
0.8183007812499999 
0.7257226562499998 
0.7538476562499998 
0.6425195312499999 
0.8095117187499998 
0.8159570312499999 
0.6759179687499999 
0.7081445312499999 
0.6712304687499998 
0.7397851562499997 
0.8247460937499999 
0.6964257812499999 
0.7063867187499998 
0.5663476562499999 
0.7743554687499998 
0.91205078125 
0.7052148437499999 
0.7878320312499999 
0.6284570312499999 
0.5780664062499998 
0.7081445312499999 
0.9530664062499999 
0.7720117187499999 
0.6718164062499998 
0.7022851562499998 
0.7427148437499999 
0.6032617187499999 
0.9448632812500001 
0.6747460937499998 
0.8411523437499998 
0.6888085937499998 
0.8042382812499999 
0.7298242187499997 
0.7099023437499998 
0.8569726562499999 
0.6272851562499998 
0.7796289062499999 
0.6870507812499999 
0.6970117187499998 
0.60501953125 
0.5599023437499999 
0.7245507812499998 
0.7222070312499999 
0.8563867187499998 
0.7509179687499998 
0.8347070312499999 
0.8417382812499998 
0.9173242187499999 
0.5903710937499999 
0.6559960937499998 
0.6899804687499997 
0.6589257812499999 
0.7075585937499999 
0.8446679687499998 
0.7104882812499999 
0.8054101562499998 
0.7948632812499999 
0.6302148437499999 
0.6993554687499998 
0.5616601562499999 
0.8241601562499998 
0.43802734374999996 
0.6255273437499999 
0.8341210937499999 
0.7350976562499998 
0.7280664062499997 
0.8247460937499999 
0.6888085937499998 
0.6958398437499999 
0.8294335937499999 
0.49427734374999993 
0.5733789062499999 
0.7128320312499998 
0.91966796875 
0.7954492187499999 
0.5710351562499999 
0.6442773437499999 
0.7567773437499998 
0.5188867187499999 
0.8763085937499998 
0.8798242187499997 
0.7884179687499999 
0.9050195312499999 
0.7087304687499998 
0.8575585937499999 
0.7468164062499998 
0.7890039062499999 
0.8194726562499999 
0.5411523437499999 
0.9003320312499998 
0.7210351562499998 
0.7755273437499999 
0.7743554687499998 
0.6325585937499999 
0.8159570312499999 
0.6354882812499999 
0.8288476562499999 
0.9308007812500001 
0.7093164062499998 
0.6975976562499998 
0.8757226562499998 
0.6120507812499999 
0.7942773437499999 
0.6220117187499998 
0.7608789062499999 
0.6284570312499999 
0.8411523437499998 
1.0263085937500003 
0.5165429687499999 
0.7989648437499999 
0.5423242187499998 
0.6940820312499998 
0.7222070312499999 
0.8645898437499999 
0.5587304687499999 
0.7854882812499999 
0.5921289062499999 
0.8153710937499998 
0.5780664062499998 
0.5681054687499999 
0.6302148437499999 
