45 37 18 
0.7386132812499998 
0.7954492187499999 
0.7778710937499999 
0.7233789062499998 
0.7427148437499999 
0.4831445312499999 
0.5540429687499999 
0.6249414062499998 
0.7509179687499998 
0.5897851562499998 
0.6243554687499998 
0.6296289062499999 
0.5188867187499999 
0.53001953125 
0.6343164062499999 
0.56517578125 
0.5487695312499999 
0.5024804687499999 
0.52064453125 
0.5335351562499999 
0.50833984375 
0.7397851562499997 
0.6542382812499998 
0.7081445312499999 
0.7556054687499998 
0.7954492187499999 
0.8130273437499999 
0.5241601562499999 
0.8722070312499999 
0.5780664062499998 
0.4977929687499999 
0.5950585937499999 
0.7239648437499998 
0.4778710937499999 
0.6618554687499998 
0.6993554687499998 
0.7456445312499999 
0.8153710937499998 
0.6624414062499998 
0.6952539062499998 
0.6038476562499999 
0.56693359375 
0.8212304687499998 
0.8370507812499999 
0.43978515625 
0.6003320312499999 
0.56693359375 
0.7058007812499999 
0.6694726562499999 
0.47025390624999996 
0.8411523437499998 
0.5587304687499999 
0.6958398437499999 
0.6847070312499999 
0.4813867187499999 
0.7784570312499999 
0.7784570312499999 
0.7134179687499999 
0.7093164062499998 
0.6712304687499998 
0.8147851562499998 
0.8522851562499998 
0.7005273437499998 
0.5938867187499999 
1.0497460937500003 
0.5657617187499999 
0.56751953125 
0.6618554687499998 
0.6413476562499999 
0.6940820312499998 
0.6975976562499998 
0.6864648437499998 
0.8470117187499998 
0.7052148437499999 
0.93607421875 
0.6202539062499999 
0.6934960937499998 
0.5722070312499999 
0.7022851562499998 
0.8692773437499999 
0.6091210937499999 
0.8241601562499998 
0.91556640625 
0.8399804687499998 
0.5798242187499998 
0.51712890625 
0.6319726562499999 
0.7907617187499999 
0.7122460937499998 
0.5757226562499999 
0.7438867187499998 
0.6765039062499999 
0.6384179687499999 
0.7087304687499998 
0.7737695312499999 
0.7778710937499999 
0.52767578125 
0.7350976562499998 
0.6612695312499999 
0.7286523437499998 
0.6729882812499999 
0.7673242187499998 
0.47962890624999993 
0.5727929687499999 
0.8604882812499999 
0.6624414062499998 
0.6847070312499999 
0.6272851562499998 
0.6888085937499998 
0.6472070312499999 
0.5546289062499999 
0.6266992187499998 
0.6542382812499998 
0.8546289062499999 
0.5458398437499999 
0.6448632812499999 
0.7075585937499999 
0.5405664062499999 
0.7632226562499999 
0.4895898437499999 
1.21205078125 
0.6776757812499999 
0.5727929687499999 
0.8809960937499998 
0.6811914062499999 
0.7702539062499999 
0.6343164062499999 
0.7860742187499998 
0.7556054687499998 
0.7345117187499998 
0.8036523437499998 
0.8100976562499999 
0.8464257812499999 
0.6999414062499998 
0.5147851562499999 
0.7784570312499999 
0.7966210937499999 
0.6852929687499998 
0.7362695312499998 
0.5792382812499999 
0.5054101562499999 
1.00228515625 
0.52708984375 
0.42923828124999996 
0.6636132812499999 
1.06029296875 
0.6120507812499999 
0.6032617187499999 
0.7304101562499997 
0.5968164062499999 
0.93607421875 
0.5897851562499998 
0.7444726562499998 
0.6735742187499998 
0.8235742187499998 
0.6870507812499999 
0.5013085937499999 
0.6554101562499998 
0.5874414062499999 
0.4849023437499999 
0.7333398437499998 
0.8405664062499998 
0.45853515624999996 
0.5188867187499999 
0.7468164062499998 
0.6518945312499999 
0.8499414062499998 
0.91615234375 
0.6343164062499999 
0.5686914062499999 
0.6718164062499998 
0.5434960937499999 
0.5153710937499999 
0.7684960937499998 
0.6425195312499999 
0.6431054687499999 
0.6530664062499998 
0.6864648437499998 
0.7345117187499998 
0.8013085937499999 
0.8352929687499998 
0.6202539062499999 
0.7227929687499998 
0.5739648437499999 
0.7474023437499998 
0.8798242187499997 
0.6911523437499998 
0.4626367187499999 
0.5915429687499999 
0.5681054687499999 
0.6583398437499999 
0.6196679687499999 
0.45150390625 
0.7761132812499999 
0.7866601562499999 
0.5997460937499999 
0.7602929687499999 
0.9647851562499999 
0.5499414062499999 
0.7192773437499999 
