47 37 16 
0.4895898437499999 
0.7011132812499998 
0.7550195312499999 
0.4438867187499999 
0.8727929687499998 
0.7597070312499998 
0.5452539062499999 
0.60267578125 
0.5405664062499999 
0.6261132812499999 
0.5218164062499999 
0.4837304687499999 
1.07552734375 
0.5815820312499999 
0.5909570312499999 
0.5628320312499999 
0.6190820312499998 
0.6061914062499999 
0.6817773437499999 
0.8657617187499999 
0.6384179687499999 
0.6202539062499999 
0.4919335937499999 
0.7368554687499997 
0.94427734375 
0.5587304687499999 
0.5722070312499999 
0.91615234375 
0.8317773437499999 
0.5329492187499999 
0.8434960937499998 
0.5845117187499999 
0.8253320312499999 
0.6372460937499999 
0.7110742187499998 
0.6747460937499998 
0.6788476562499999 
0.5991601562499999 
0.7602929687499999 
0.8891992187499997 
0.5522851562499999 
0.7257226562499998 
0.6390039062499999 
0.6419335937499999 
0.5862695312499999 
0.7772851562499998 
0.5188867187499999 
0.7163476562499999 
0.5141992187499999 
0.5470117187499999 
0.6044335937499999 
0.8183007812499999 
0.7591210937499998 
0.7181054687499998 
0.6548242187499997 
0.5405664062499999 
0.47259765624999994 
0.6981835937499998 
0.6126367187499998 
0.6349023437499999 
0.8100976562499999 
0.7274804687499997 
0.7632226562499999 
0.7116601562499998 
0.5106835937499999 
0.5938867187499999 
0.6659570312499998 
0.5475976562499999 
0.6636132812499999 
0.6436914062499999 
0.7802148437499999 
0.8212304687499998 
0.7485742187499997 
0.8364648437499999 
0.6735742187499998 
0.7327539062499998 
0.7321679687499998 
0.5593164062499999 
0.6278710937499998 
0.6671289062499999 
0.6641992187499998 
0.7257226562499998 
0.7696679687499999 
0.5095117187499999 
0.6231835937499999 
0.5968164062499999 
0.5897851562499998 
0.6589257812499999 
0.6870507812499999 
0.7632226562499999 
0.5774804687499998 
0.56751953125 
0.5306054687499999 
0.7093164062499998 
0.6847070312499999 
0.5516992187499998 
0.42806640625 
0.6647851562499998 
0.4895898437499999 
0.6243554687499998 
0.6425195312499999 
0.6489648437499999 
0.5511132812499999 
0.6624414062499998 
0.5458398437499999 
0.5997460937499999 
0.8522851562499998 
0.5499414062499999 
0.5874414062499999 
0.8886132812499998 
0.8358789062499998 
0.5768945312499999 
0.5809960937499998 
0.41224609374999993 
0.6067773437499999 
0.6753320312499999 
0.8106835937499999 
0.7198632812499999 
0.6993554687499998 
0.49310546874999994 
0.5985742187499998 
0.6759179687499999 
0.5962304687499999 
0.6085351562499999 
0.5411523437499999 
0.49720703124999993 
0.6524804687499998 
0.6923242187499997 
0.7421289062499998 
0.6964257812499999 
0.7063867187499998 
0.6876367187499998 
0.8311914062499999 
0.7063867187499998 
0.6806054687499998 
0.7778710937499999 
0.6659570312499998 
0.5938867187499999 
0.7069726562499998 
0.7222070312499999 
0.7573632812499999 
0.5493554687499999 
0.7591210937499998 
0.44798828124999995 
0.6612695312499999 
0.7544335937499999 
0.6331445312499999 
0.6583398437499999 
0.8054101562499998 
0.7538476562499998 
0.4731835937499999 
0.7069726562499998 
0.7737695312499999 
0.5809960937499998 
0.6606835937499999 
0.5839257812499999 
0.6729882812499999 
0.5903710937499999 
0.6431054687499999 
0.5341210937499999 
0.7016992187499997 
0.6143945312499999 
0.6044335937499999 
0.4825585937499999 
0.5440820312499999 
0.7515039062499999 
0.47669921874999993 
0.7046289062499999 
0.6888085937499998 
0.6958398437499999 
0.9020898437499999 
0.7081445312499999 
0.6220117187499998 
0.42806640625 
0.6343164062499999 
0.5546289062499999 
0.45326171874999993 
0.5739648437499999 
0.6102929687499998 
0.7796289062499999 
0.6272851562499998 
0.6214257812499999 
0.8388085937499998 
0.6436914062499999 
0.5880273437499999 
0.6694726562499999 
0.6296289062499999 
0.8323632812499999 
0.6038476562499999 
0.7251367187499997 
0.4878320312499999 
0.7216210937499998 
0.5224023437499999 
0.7468164062499998 
0.8628320312499999 
0.6360742187499998 
0.7257226562499998 
0.6442773437499999 
0.6806054687499998 
1.0122460937500002 
