61 37 2 
0.7561914062499998 
0.46966796874999994 
0.45560546874999996 
0.93431640625 
0.6425195312499999 
0.5739648437499999 
0.6847070312499999 
0.6073632812499999 
0.6641992187499998 
0.5013085937499999 
0.6559960937499998 
0.6565820312499998 
0.6155664062499998 
0.5733789062499999 
0.6079492187499999 
0.6214257812499999 
0.8604882812499999 
0.5921289062499999 
0.5985742187499998 
0.5950585937499999 
0.5399804687499998 
0.7784570312499999 
0.5335351562499999 
0.6067773437499999 
0.6009179687499999 
0.8024804687499998 
0.5874414062499999 
0.8669335937499999 
0.56986328125 
0.7433007812499999 
0.6940820312499998 
0.44330078124999994 
0.6647851562499998 
0.5516992187499998 
0.6436914062499999 
0.6753320312499999 
0.7561914062499998 
0.5927148437499999 
0.78958984375 
0.6495507812499999 
0.5850976562499999 
0.93724609375 
0.5481835937499999 
0.6554101562499998 
0.5856835937499999 
0.5499414062499999 
0.6331445312499999 
0.6513085937499998 
0.5710351562499999 
0.6899804687499997 
0.5516992187499998 
0.5962304687499999 
0.7503320312499998 
0.6677148437499999 
0.5224023437499999 
0.46791015624999993 
0.6091210937499999 
0.6600976562499998 
0.47376953124999993 
0.7233789062499998 
0.6782617187499999 
0.4438867187499999 
0.5481835937499999 
0.8048242187499998 
0.6173242187499998 
0.6132226562499998 
0.7140039062499999 
0.6864648437499998 
0.8048242187499998 
0.52884765625 
0.4825585937499999 
0.5681054687499999 
0.8352929687499998 
0.5399804687499998 
0.59330078125 
0.5622460937499999 
0.7696679687499999 
0.6524804687499998 
0.7503320312499998 
0.5599023437499999 
0.8856835937499998 
0.6858789062499998 
0.8241601562499998 
0.46205078124999993 
0.6823632812499999 
0.5159570312499999 
0.9302148437500001 
0.6970117187499998 
0.6161523437499998 
0.41283203124999995 
0.7339257812499999 
0.95892578125 
0.7679101562499998 
0.5991601562499999 
0.7028710937499998 
0.7649804687499998 
0.9079492187499998 
0.8528710937499998 
0.6718164062499998 
0.5622460937499999 
0.8429101562499998 
0.7720117187499999 
0.7040429687499998 
0.7181054687499998 
0.6431054687499999 
0.7878320312499999 
0.7667382812499999 
0.50833984375 
0.5628320312499999 
0.6946679687499998 
0.6132226562499998 
0.8083398437499999 
0.7157617187499998 
0.47494140625 
0.6565820312499998 
0.5768945312499999 
0.7948632812499999 
0.6360742187499998 
0.5095117187499999 
0.6700585937499999 
0.6249414062499998 
0.6138085937499999 
0.54642578125 
0.6917382812499998 
0.7087304687499998 
0.6302148437499999 
0.7620507812499999 
0.6237695312499999 
0.6659570312499998 
0.5974023437499999 
0.5311914062499999 
0.6858789062499998 
0.6899804687499997 
0.6952539062499998 
0.6231835937499999 
0.6870507812499999 
0.44095703124999996 
0.6999414062499998 
0.7843164062499999 
0.6483789062499998 
0.5944726562499999 
0.6384179687499999 
0.6659570312499998 
0.5634179687499999 
0.8470117187499998 
0.7966210937499999 
0.5681054687499999 
0.6331445312499999 
0.7292382812499998 
0.7181054687499998 
0.48548828124999993 
0.6641992187499998 
0.6923242187499997 
0.6266992187499998 
0.7011132812499998 
0.5241601562499999 
0.93197265625 
0.6729882812499999 
0.5897851562499998 
0.7872460937499999 
1.0345117187500001 
0.6196679687499999 
0.6659570312499998 
0.8124414062499998 
0.64017578125 
0.5446679687499999 
0.6817773437499999 
0.5224023437499999 
0.6489648437499999 
0.5985742187499998 
0.5253320312499999 
0.5423242187499998 
0.5241601562499999 
0.42220703125 
0.5780664062499998 
0.7532617187499998 
0.56400390625 
0.6237695312499999 
0.7913476562499999 
0.6993554687499998 
0.5862695312499999 
0.6747460937499998 
0.5681054687499999 
0.7052148437499999 
0.5681054687499999 
0.5546289062499999 
0.6753320312499999 
0.7415429687499998 
0.7292382812499998 
0.6600976562499998 
0.91615234375 
0.6841210937499999 
0.43158203124999994 
0.6653710937499998 
0.6173242187499998 
0.5628320312499999 
0.7110742187499998 
0.91966796875 
0.6893945312499998 
0.5798242187499998 
