12 38 50 
1.18626953125 
0.9934960937499998 
1.12767578125 
0.8927148437499999 
0.8241601562499998 
0.8938867187499998 
1.13998046875 
0.7391992187499997 
0.8645898437499999 
0.6759179687499999 
0.7415429687499998 
1.2600976562500001 
0.6132226562499998 
1.18978515625 
0.8440820312499998 
1.1710351562499999 
0.92552734375 
0.7058007812499999 
1.09076171875 
0.93607421875 
0.8809960937499998 
1.2835351562500001 
1.2313867187500003 
0.8944726562499998 
0.94310546875 
0.91439453125 
0.92904296875 
0.6659570312499998 
1.20736328125 
0.7198632812499999 
0.8593164062499998 
0.91615234375 
1.01283203125 
0.7181054687499998 
1.09251953125 
1.2302148437500002 
0.94720703125 
0.8692773437499999 
0.7022851562499998 
0.8235742187499998 
0.7591210937499998 
0.8042382812499999 
1.0011132812499999 
0.6753320312499999 
0.7714257812499999 
0.6718164062499998 
0.8265039062499999 
1.00462890625 
0.7368554687499997 
0.8159570312499999 
0.6981835937499998 
0.7438867187499998 
0.6677148437499999 
0.98294921875 
1.0122460937500002 
1.0063867187500002 
0.91322265625 
0.8329492187499998 
0.8399804687499998 
0.7673242187499998 
1.2407617187500002 
0.7403710937499998 
0.9038476562499999 
0.6079492187499999 
0.9097070312499999 
1.0110742187500001 
0.8575585937499999 
0.6975976562499998 
0.8786523437499998 
1.1698632812499998 
0.91087890625 
0.91263671875 
0.7931054687499999 
1.20970703125 
0.7485742187499997 
1.2302148437500002 
0.8282617187499999 
0.7286523437499998 
0.9501367187499999 
0.7040429687499998 
0.8282617187499999 
0.93607421875 
1.1341210937500001 
0.8364648437499999 
0.8434960937499998 
0.7819726562499999 
0.7216210937499998 
0.6794335937499999 
1.0356835937500002 
0.8798242187499997 
0.8686914062499999 
1.2747460937500004 
0.7433007812499999 
0.9970117187499998 
1.17572265625 
0.9419335937500001 
0.5997460937499999 
0.8235742187499998 
0.9940820312499998 
0.8868554687499998 
0.95833984375 
0.91439453125 
1.0655664062499999 
1.14232421875 
0.7579492187499998 
0.9044335937499999 
0.7544335937499999 
0.6495507812499999 
0.7210351562499998 
0.6858789062499998 
0.8294335937499999 
0.7497460937499998 
0.7421289062499998 
0.5376367187499999 
0.79251953125 
0.8493554687499998 
0.96888671875 
0.6548242187499997 
0.5224023437499999 
1.3052148437500002 
0.5118554687499999 
0.9097070312499999 
0.8628320312499999 
0.7005273437499998 
0.7632226562499999 
1.06966796875 
1.24134765625 
1.08958984375 
0.8188867187499999 
0.7350976562499998 
0.7397851562499997 
0.8522851562499998 
0.5095117187499999 
1.0415429687500002 
0.7948632812499999 
0.6794335937499999 
0.7866601562499999 
1.01283203125 
0.8604882812499999 
0.8874414062499998 
1.02748046875 
1.0257226562500001 
0.93490234375 
0.6694726562499999 
0.92376953125 
1.18451171875 
0.7210351562499998 
0.94896484375 
1.22611328125 
0.7831445312499999 
0.7561914062499998 
0.7995507812499999 
0.9934960937499998 
0.7204492187499998 
0.7333398437499998 
0.6331445312499999 
0.7597070312499998 
0.5792382812499999 
0.8522851562499998 
0.56986328125 
0.7643945312499999 
0.91439453125 
0.7983789062499999 
1.21791015625 
0.8558007812499999 
1.1452539062499998 
0.6847070312499999 
0.7843164062499999 
0.9905664062499998 
0.7304101562499997 
1.28236328125 
0.7714257812499999 
1.08197265625 
0.9934960937499998 
0.7948632812499999 
1.18041015625 
1.02337890625 
0.8089257812499999 
1.12767578125 
0.8505273437499998 
0.6618554687499998 
0.98236328125 
0.7843164062499999 
1.05150390625 
1.01283203125 
0.8727929687499998 
0.8886132812499998 
0.6987695312499999 
0.98060546875 
0.91087890625 
0.9888085937499999 
0.9425195312500001 
1.2788476562500002 
1.13880859375 
0.7890039062499999 
0.7761132812499999 
0.6923242187499997 
0.7263085937499998 
1.08431640625 
0.6149804687499998 
