17 38 45 
1.03744140625 
0.95072265625 
0.7913476562499999 
0.5757226562499999 
0.91322265625 
0.8516992187499998 
1.1575585937500001 
0.9958398437499999 
0.6741601562499998 
0.93255859375 
0.6770898437499999 
0.6782617187499999 
1.14232421875 
0.8745507812499999 
1.24720703125 
0.7819726562499999 
1.2466210937500002 
0.7731835937499999 
0.7040429687499998 
0.6261132812499999 
0.7597070312499998 
0.91615234375 
0.7766992187499998 
0.7538476562499998 
0.6630273437499998 
1.29525390625 
0.91029296875 
0.7151757812499999 
0.7339257812499999 
0.7597070312499998 
0.8558007812499999 
0.7327539062499998 
0.6829492187499998 
0.6278710937499998 
0.91205078125 
0.8358789062499998 
0.6964257812499999 
1.01634765625 
0.8024804687499998 
0.6524804687499998 
0.7063867187499998 
0.7063867187499998 
0.8388085937499998 
0.8927148437499999 
0.5739648437499999 
0.6155664062499998 
0.8581445312499999 
0.6542382812499998 
0.5921289062499999 
0.5722070312499999 
0.7034570312499998 
0.7093164062499998 
0.6442773437499999 
0.7257226562499998 
0.7239648437499998 
0.6929101562499997 
0.6934960937499998 
1.00931640625 
1.2571679687500001 
0.5950585937499999 
0.6577539062499999 
0.8247460937499999 
0.5798242187499998 
1.1499414062499997 
0.7093164062499998 
0.6214257812499999 
0.8089257812499999 
1.00228515625 
0.7456445312499999 
0.9056054687499998 
0.7280664062499997 
0.8587304687499998 
0.5985742187499998 
0.6114648437499999 
1.1763085937500002 
0.7186914062499998 
0.6882226562499998 
0.97064453125 
0.78080078125 
0.8429101562499998 
0.5903710937499999 
0.6583398437499999 
1.0063867187500002 
0.7761132812499999 
0.6589257812499999 
0.6460351562499999 
0.6683007812499999 
0.82767578125 
0.6220117187499998 
0.7679101562499998 
0.6677148437499999 
0.6067773437499999 
0.6630273437499998 
0.8124414062499998 
0.7878320312499999 
0.8001367187499998 
0.7679101562499998 
0.8147851562499998 
0.6548242187499997 
0.7034570312499998 
0.7784570312499999 
0.7116601562499998 
0.7942773437499999 
0.78958984375 
0.92728515625 
0.9893945312499999 
0.7362695312499998 
0.6472070312499999 
0.7427148437499999 
0.7532617187499998 
0.8786523437499998 
0.7632226562499999 
0.7884179687499999 
0.8622460937499998 
0.95189453125 
0.9401757812500001 
1.13763671875 
1.0936914062499998 
0.6372460937499999 
0.7702539062499999 
0.7257226562499998 
0.6800195312499999 
0.94544921875 
0.7526757812499999 
0.8177148437499999 
0.7438867187499998 
0.8071679687499999 
0.93548828125 
0.5487695312499999 
0.9038476562499999 
0.7350976562499998 
0.8604882812499999 
0.8604882812499999 
0.7602929687499999 
0.7069726562499998 
0.9085351562499998 
1.0169335937500001 
0.7679101562499998 
0.7339257812499999 
0.5927148437499999 
0.8651757812499999 
0.5013085937499999 
0.6249414062499998 
0.7884179687499999 
0.6097070312499999 
1.2794335937500003 
0.7356835937499998 
0.7866601562499999 
1.0286523437500001 
0.96712890625 
0.7931054687499999 
0.6618554687499998 
0.7380273437499998 
0.6237695312499999 
1.00404296875 
0.8218164062499999 
0.5786523437499999 
0.7069726562499998 
0.8089257812499999 
0.9009179687499999 
0.6993554687499998 
0.6934960937499998 
0.47435546874999995 
0.91322265625 
0.9970117187499998 
0.6425195312499999 
0.6003320312499999 
0.5774804687499998 
0.7761132812499999 
0.5733789062499999 
0.6747460937499998 
0.97181640625 
0.6905664062499998 
0.6466210937499999 
0.8007226562499998 
0.9149804687499999 
0.8558007812499999 
0.8376367187499998 
1.29056640625 
0.6700585937499999 
0.6495507812499999 
0.6179101562499998 
0.9073632812499999 
0.6788476562499999 
0.5991601562499999 
0.7421289062499998 
0.6102929687499998 
0.7790429687499999 
0.8370507812499999 
0.7157617187499998 
0.6313867187499999 
1.06673828125 
0.8628320312499999 
0.7538476562499998 
0.91849609375 
0.6097070312499999 
0.6296289062499999 
0.6489648437499999 
0.8077539062499999 
0.6583398437499999 
