20 38 42 
0.6765039062499999 
0.6149804687499998 
0.8288476562499999 
0.7128320312499998 
0.8974023437499998 
0.9905664062499998 
0.6806054687499998 
0.7128320312499998 
0.7245507812499998 
0.7913476562499999 
0.6923242187499997 
0.6231835937499999 
0.7936914062499999 
0.8007226562499998 
0.6829492187499998 
0.7157617187499998 
0.7813867187499999 
0.8540429687499999 
0.6571679687499998 
0.5218164062499999 
0.7989648437499999 
1.11361328125 
0.6419335937499999 
0.7585351562499998 
1.05560546875 
0.5071679687499999 
0.91439453125 
0.6208398437499999 
1.01458984375 
0.8177148437499999 
0.8200585937499999 
0.6296289062499999 
0.91615234375 
0.7538476562499998 
0.6999414062499998 
0.7438867187499998 
0.6431054687499999 
0.6870507812499999 
0.6518945312499999 
0.4866601562499999 
0.8335351562499999 
0.7913476562499999 
0.8118554687499998 
1.04212890625 
0.6659570312499998 
0.8100976562499999 
0.7104882812499999 
0.5739648437499999 
0.9067773437499999 
0.6073632812499999 
0.51712890625 
0.8030664062499998 
0.6571679687499998 
0.5593164062499999 
0.7274804687499997 
0.6659570312499998 
0.8616601562499998 
0.6770898437499999 
0.8962304687499998 
0.8499414062499998 
0.8452539062499999 
0.9085351562499998 
0.78958984375 
0.8077539062499999 
0.6173242187499998 
0.7169335937499999 
0.7696679687499999 
0.56693359375 
0.5757226562499999 
0.7819726562499999 
0.9993554687499997 
0.8358789062499998 
0.8130273437499999 
0.7034570312499998 
0.8839257812499999 
0.6975976562499998 
0.7983789062499999 
0.6618554687499998 
1.03275390625 
0.6554101562499998 
0.7749414062499999 
0.8487695312499999 
0.8628320312499999 
0.7866601562499999 
0.8481835937499999 
0.6442773437499999 
0.7450585937499998 
0.9331445312500001 
0.6700585937499999 
0.7309960937499997 
0.8141992187499998 
0.6870507812499999 
0.8663476562499999 
0.6290429687499999 
0.6636132812499999 
0.8118554687499998 
0.6349023437499999 
0.98294921875 
0.6483789062499998 
0.7151757812499999 
0.9308007812500001 
0.8054101562499998 
0.7907617187499999 
0.94662109375 
0.7169335937499999 
0.94603515625 
0.9917382812499999 
0.9683007812500001 
0.6126367187499998 
0.4819726562499999 
0.9032617187499998 
0.8358789062499998 
0.6319726562499999 
0.8809960937499998 
0.64017578125 
0.7409570312499998 
1.1511132812499998 
0.8891992187499997 
0.7532617187499998 
0.7614648437499999 
0.5839257812499999 
0.6138085937499999 
0.7696679687499999 
0.7151757812499999 
0.6507226562499998 
0.6823632812499999 
0.8599023437499999 
0.6882226562499998 
0.7140039062499999 
0.7186914062499998 
0.54642578125 
0.6296289062499999 
0.5897851562499998 
0.7679101562499998 
0.7433007812499999 
0.7052148437499999 
0.6354882812499999 
0.8100976562499999 
0.6266992187499998 
0.7854882812499999 
0.6143945312499999 
0.79017578125 
0.8610742187499998 
0.78958984375 
0.5956445312499999 
0.6284570312499999 
0.7831445312499999 
0.8206445312499999 
0.7632226562499999 
0.7977929687499998 
0.92494140625 
1.0298242187500002 
0.8628320312499999 
0.6190820312499998 
0.93607421875 
0.97298828125 
0.6179101562499998 
0.92494140625 
0.6823632812499999 
0.8083398437499999 
0.8634179687499999 
0.9770898437500001 
0.7315820312499998 
0.6143945312499999 
0.6085351562499999 
0.6718164062499998 
0.7532617187499998 
0.8083398437499999 
0.6413476562499999 
0.9870507812499999 
0.7421289062499998 
0.8944726562499998 
0.5809960937499998 
0.7409570312499998 
0.8364648437499999 
0.6173242187499998 
0.92318359375 
1.0936914062499998 
0.7263085937499998 
0.7626367187499998 
0.9179101562499999 
0.7286523437499998 
1.02162109375 
0.5546289062499999 
0.7497460937499998 
0.8159570312499999 
0.6015039062499999 
0.8429101562499998 
0.7972070312499999 
0.7163476562499999 
0.5610742187499999 
0.7966210937499999 
0.8352929687499998 
0.9085351562499998 
0.6811914062499999 
0.7737695312499999 
0.5341210937499999 
0.6266992187499998 
0.78958984375 
0.6272851562499998 
