28 38 34 
0.6032617187499999 
0.8300195312499999 
0.7186914062499998 
0.5962304687499999 
0.8511132812499999 
0.7028710937499998 
0.6741601562499998 
0.7532617187499998 
0.6126367187499998 
0.8159570312499999 
0.7110742187499998 
0.6975976562499998 
0.94896484375 
0.7198632812499999 
0.8030664062499998 
0.8862695312499999 
0.5997460937499999 
0.6337304687499998 
1.01751953125 
0.7884179687499999 
0.7175195312499999 
0.6923242187499997 
0.7175195312499999 
0.9395898437500001 
0.7022851562499998 
0.52767578125 
0.7450585937499998 
0.7186914062499998 
0.6917382812499998 
0.7304101562499997 
0.7016992187499997 
0.96771484375 
0.5950585937499999 
0.8294335937499999 
0.8001367187499998 
0.5599023437499999 
0.7151757812499999 
0.7497460937499998 
0.7280664062499997 
0.43919921874999995 
0.6934960937499998 
0.6712304687499998 
0.7292382812499998 
0.42689453124999993 
0.9419335937500001 
0.8112695312499999 
0.7397851562499997 
0.5569726562499999 
0.5833398437499999 
0.6143945312499999 
0.52708984375 
0.6366601562499998 
0.6149804687499998 
0.6290429687499999 
0.7479882812499998 
0.8897851562499998 
0.44798828124999995 
0.5839257812499999 
0.9864648437499999 
0.8352929687499998 
0.7321679687499998 
0.8751367187499998 
0.7931054687499999 
0.6354882812499999 
0.6425195312499999 
0.8645898437499999 
0.6829492187499998 
0.6220117187499998 
0.7093164062499998 
0.6354882812499999 
0.9940820312499998 
0.7046289062499999 
0.7538476562499998 
0.7286523437499998 
0.7550195312499999 
0.7509179687499998 
0.6114648437499999 
0.45736328125 
0.6864648437499998 
0.8370507812499999 
1.10716796875 
0.6278710937499998 
0.7485742187499997 
0.7673242187499998 
0.9091210937499998 
0.5956445312499999 
0.5868554687499998 
0.7386132812499998 
0.6354882812499999 
0.6237695312499999 
0.5329492187499999 
0.7626367187499998 
0.5352929687499999 
0.6202539062499999 
0.97064453125 
0.7462304687499998 
0.6882226562499998 
0.7696679687499999 
0.7198632812499999 
0.7022851562499998 
0.6536523437499998 
0.8903710937499998 
0.8153710937499998 
0.4989648437499999 
0.5622460937499999 
0.8294335937499999 
0.5059960937499999 
0.5950585937499999 
0.6688867187499998 
0.78958984375 
0.4925195312499999 
0.7679101562499998 
0.7878320312499999 
0.6911523437499998 
0.7257226562499998 
0.7749414062499999 
0.5311914062499999 
0.7028710937499998 
0.79017578125 
0.5159570312499999 
0.6958398437499999 
0.8177148437499999 
0.7468164062499998 
0.7099023437499998 
0.7643945312499999 
0.5927148437499999 
0.6981835937499998 
0.5352929687499999 
0.6149804687499998 
0.6993554687499998 
0.7069726562499998 
0.7186914062499998 
0.45560546874999996 
0.7661523437499999 
0.8218164062499999 
0.7608789062499999 
0.5886132812499999 
0.56986328125 
0.95951171875 
0.6354882812499999 
0.6595117187499998 
0.8306054687499999 
0.6325585937499999 
0.6665429687499999 
0.97123046875 
0.7040429687499998 
0.8323632812499999 
0.7608789062499999 
0.8335351562499999 
0.7110742187499998 
0.7163476562499999 
1.08958984375 
0.7778710937499999 
0.6425195312499999 
0.7720117187499999 
0.6184960937499998 
0.43568359374999993 
0.7450585937499998 
0.6759179687499999 
0.7532617187499998 
0.6864648437499998 
0.6911523437499998 
0.6688867187499998 
0.7356835937499998 
0.7157617187499998 
0.8124414062499998 
0.7638085937499999 
0.6255273437499999 
0.5944726562499999 
0.7655664062499998 
0.7268945312499998 
0.9061914062499998 
0.6448632812499999 
0.7784570312499999 
0.5042382812499999 
0.4966210937499999 
0.7684960937499998 
0.7093164062499998 
0.7063867187499998 
0.5100976562499999 
0.5897851562499998 
0.6653710937499998 
0.7204492187499998 
0.7561914062499998 
0.7128320312499998 
0.7626367187499998 
0.7837304687499999 
0.5804101562499998 
0.5862695312499999 
0.7210351562499998 
0.5593164062499999 
0.5751367187499998 
0.8370507812499999 
0.5593164062499999 
0.6729882812499999 
0.5768945312499999 
0.56693359375 
0.8393945312499999 
0.6993554687499998 
0.8024804687499998 
