36 38 26 
0.51712890625 
0.6483789062499998 
0.7099023437499998 
0.5874414062499999 
0.49720703124999993 
0.55521484375 
0.5763085937499999 
0.5798242187499998 
0.5774804687499998 
0.6266992187499998 
0.43509765624999996 
0.7661523437499999 
0.5411523437499999 
0.5399804687499998 
0.5499414062499999 
0.5710351562499999 
0.7890039062499999 
0.7696679687499999 
0.4690820312499999 
0.9882226562499998 
0.8071679687499999 
0.6073632812499999 
0.5411523437499999 
0.6987695312499999 
0.7825585937499999 
0.8979882812499999 
0.5815820312499999 
0.6589257812499999 
0.6407617187499999 
0.6841210937499999 
0.78958984375 
0.8470117187499998 
0.5850976562499999 
0.6923242187499997 
0.6237695312499999 
0.6677148437499999 
0.5599023437499999 
0.8177148437499999 
0.9091210937499998 
0.6794335937499999 
0.6231835937499999 
0.7075585937499999 
0.6454492187499998 
0.7714257812499999 
0.7702539062499999 
0.6302148437499999 
0.8487695312499999 
0.7520898437499999 
0.7497460937499998 
0.5768945312499999 
0.6794335937499999 
0.7526757812499999 
0.44212890624999995 
0.6190820312499998 
0.6483789062499998 
0.6835351562499998 
0.7122460937499998 
0.6319726562499999 
0.5692773437499999 
0.6729882812499999 
0.5475976562499999 
0.6835351562499998 
0.7890039062499999 
0.5827539062499999 
0.5962304687499999 
0.7632226562499999 
0.6114648437499999 
0.6395898437499999 
0.8534570312499998 
0.6249414062499998 
0.5722070312499999 
0.8212304687499998 
0.6554101562499998 
0.96537109375 
0.8440820312499998 
0.7075585937499999 
0.5153710937499999 
0.8212304687499998 
0.7977929687499998 
0.7597070312499998 
0.42748046874999995 
0.8751367187499998 
0.5915429687499999 
0.6079492187499999 
0.8013085937499999 
0.7468164062499998 
0.6700585937499999 
0.5839257812499999 
0.5751367187499998 
0.6167382812499999 
0.6630273437499998 
0.8505273437499998 
0.7456445312499999 
0.55521484375 
0.8030664062499998 
0.5979882812499999 
0.97533203125 
0.7257226562499998 
0.6641992187499998 
0.7210351562499998 
0.6296289062499999 
0.60501953125 
0.52005859375 
0.92728515625 
0.6624414062499998 
0.8364648437499999 
0.6073632812499999 
0.7497460937499998 
0.40521484374999994 
0.7216210937499998 
0.8792382812499998 
0.4925195312499999 
0.56400390625 
0.7983789062499999 
0.8897851562499998 
0.8194726562499999 
0.8997460937499998 
0.6700585937499999 
0.7263085937499998 
0.5306054687499999 
0.8933007812499999 
0.46791015624999993 
0.5751367187499998 
0.6460351562499999 
0.5891992187499998 
0.7374414062499998 
0.7063867187499998 
0.6899804687499997 
0.7350976562499998 
0.6460351562499999 
0.8059960937499998 
0.8253320312499999 
0.6847070312499999 
0.6888085937499998 
0.44916015624999994 
0.8247460937499999 
0.5686914062499999 
0.6261132812499999 
0.8903710937499998 
0.5048242187499998 
0.5575585937499999 
0.5341210937499999 
0.7210351562499998 
0.6811914062499999 
0.4638085937499999 
0.8938867187499998 
0.6390039062499999 
0.8393945312499999 
0.7638085937499999 
0.6694726562499999 
0.6876367187499998 
0.7110742187499998 
0.6688867187499998 
0.7755273437499999 
0.6806054687499998 
0.6735742187499998 
0.6577539062499999 
0.7567773437499998 
0.6003320312499999 
0.6407617187499999 
0.6390039062499999 
0.5821679687499999 
0.52708984375 
0.6683007812499999 
0.5903710937499999 
0.7772851562499998 
0.6981835937499998 
0.7561914062499998 
0.45912109374999993 
0.8270898437499999 
0.6079492187499999 
0.8212304687499998 
0.6659570312499998 
0.6542382812499998 
0.7169335937499999 
0.5909570312499999 
0.6003320312499999 
0.6964257812499999 
0.7321679687499998 
0.8106835937499999 
0.6946679687499998 
0.6817773437499999 
0.6829492187499998 
0.8141992187499998 
0.8323632812499999 
0.7362695312499998 
0.7333398437499998 
0.8265039062499999 
0.6120507812499999 
0.6565820312499998 
0.8352929687499998 
0.5599023437499999 
0.6138085937499999 
0.5341210937499999 
0.6466210937499999 
0.51830078125 
0.55580078125 
0.8733789062499998 
0.6993554687499998 
0.44212890624999995 
