37 38 25 
0.7450585937499998 
0.7116601562499998 
0.6325585937499999 
0.6524804687499998 
0.7093164062499998 
0.8347070312499999 
0.8054101562499998 
1.09544921875 
0.7438867187499998 
0.7251367187499997 
0.6811914062499999 
0.7878320312499999 
0.7643945312499999 
0.6091210937499999 
0.6208398437499999 
0.51712890625 
0.6208398437499999 
0.6173242187499998 
0.9987695312499999 
0.6284570312499999 
0.6911523437499998 
0.7649804687499998 
0.9934960937499998 
0.4895898437499999 
0.7936914062499999 
0.6243554687499998 
0.6595117187499998 
0.7831445312499999 
0.6225976562499999 
0.7878320312499999 
0.7725976562499999 
0.95658203125 
0.8083398437499999 
0.7755273437499999 
0.7444726562499998 
0.6290429687499999 
0.5429101562499998 
0.6817773437499999 
0.6993554687499998 
0.5329492187499999 
0.45033203124999993 
0.7884179687499999 
0.5100976562499999 
0.6161523437499998 
0.8405664062499998 
0.6870507812499999 
0.6905664062499998 
0.5388085937499999 
0.6741601562499998 
0.6612695312499999 
0.7743554687499998 
0.7122460937499998 
0.94720703125 
0.5722070312499999 
0.6618554687499998 
0.5587304687499999 
0.7198632812499999 
0.5880273437499999 
0.7602929687499999 
0.6876367187499998 
0.6220117187499998 
0.4808007812499999 
0.7075585937499999 
0.8013085937499999 
0.7286523437499998 
0.6559960937499998 
0.7772851562499998 
0.7983789062499999 
0.6296289062499999 
0.6360742187499998 
0.6741601562499998 
0.6032617187499999 
0.6554101562499998 
0.6554101562499998 
0.6097070312499999 
0.8868554687499998 
0.5704492187499999 
0.7028710937499998 
0.6366601562499998 
0.6038476562499999 
0.7016992187499997 
0.6067773437499999 
0.94369140625 
0.7655664062499998 
0.7081445312499999 
0.6395898437499999 
0.6190820312499998 
0.98119140625 
0.8511132812499999 
0.6407617187499999 
0.6038476562499999 
0.6132226562499998 
0.60208984375 
0.6595117187499998 
0.7087304687499998 
0.6882226562499998 
0.49486328124999995 
0.6266992187499998 
0.6015039062499999 
0.55521484375 
0.7298242187499997 
0.5997460937499999 
0.6313867187499999 
0.6759179687499999 
0.6647851562499998 
0.6214257812499999 
0.5921289062499999 
1.06732421875 
0.7028710937499998 
0.8499414062499998 
0.8270898437499999 
0.7573632812499999 
0.4954492187499999 
0.5950585937499999 
0.5850976562499999 
0.7462304687499998 
0.6917382812499998 
0.6155664062499998 
0.7339257812499999 
0.7309960937499997 
0.5159570312499999 
0.7796289062499999 
0.6483789062499998 
0.6583398437499999 
0.7192773437499999 
0.7515039062499999 
0.6940820312499998 
0.6120507812499999 
0.6091210937499999 
0.6390039062499999 
0.92025390625 
0.43744140625 
0.6138085937499999 
0.5024804687499999 
0.8253320312499999 
0.8388085937499998 
0.7222070312499999 
0.8352929687499998 
0.7145898437499999 
0.7913476562499999 
0.6354882812499999 
0.6823632812499999 
0.8850976562499998 
0.7509179687499998 
0.6852929687499998 
0.5815820312499999 
0.6765039062499999 
0.6308007812499999 
0.6589257812499999 
0.6688867187499998 
0.7198632812499999 
0.7239648437499998 
0.6407617187499999 
0.44916015624999994 
0.5909570312499999 
0.91322265625 
0.6407617187499999 
0.6606835937499999 
0.7755273437499999 
0.9079492187499998 
0.6923242187499997 
0.5282617187499999 
0.5704492187499999 
0.6044335937499999 
0.5704492187499999 
0.6349023437499999 
0.7579492187499998 
0.9958398437499999 
0.6882226562499998 
0.51771484375 
0.6993554687499998 
0.7561914062499998 
0.8768945312499998 
0.6290429687499999 
0.8675195312499999 
0.5686914062499999 
1.0075585937500002 
0.7526757812499999 
0.5927148437499999 
0.6923242187499997 
0.44916015624999994 
0.5382226562499999 
0.5130273437499999 
0.7028710937499998 
0.7813867187499999 
0.5880273437499999 
0.6630273437499998 
0.7216210937499998 
0.6378320312499999 
0.7198632812499999 
0.6436914062499999 
0.7321679687499998 
0.6823632812499999 
0.7825585937499999 
0.5470117187499999 
0.7140039062499999 
0.5634179687499999 
0.5458398437499999 
0.6015039062499999 
0.56400390625 
