40 38 22 
0.8645898437499999 
0.6460351562499999 
0.8552148437499999 
0.7274804687499997 
0.5856835937499999 
0.7198632812499999 
0.6214257812499999 
0.5452539062499999 
0.5241601562499999 
0.5938867187499999 
0.8048242187499998 
0.6395898437499999 
0.6384179687499999 
0.4831445312499999 
0.7526757812499999 
0.7268945312499998 
0.6044335937499999 
0.7415429687499998 
0.5247460937499999 
0.6044335937499999 
0.6577539062499999 
0.6530664062499998 
0.6308007812499999 
0.5358789062499999 
0.7356835937499998 
0.8153710937499998 
0.8423242187499997 
0.7790429687499999 
0.7597070312499998 
0.94369140625 
0.6501367187499998 
0.7497460937499998 
0.6893945312499998 
0.6606835937499999 
0.8897851562499998 
0.5388085937499999 
0.7386132812499998 
0.7977929687499998 
0.7749414062499999 
0.5616601562499999 
0.7022851562499998 
0.5024804687499999 
0.5909570312499999 
0.7210351562499998 
0.8100976562499999 
0.6354882812499999 
0.6261132812499999 
0.7081445312499999 
0.7468164062499998 
0.6718164062499998 
0.7438867187499998 
0.7415429687499998 
0.7702539062499999 
0.8628320312499999 
0.45794921874999994 
0.8856835937499998 
0.7567773437499998 
0.5329492187499999 
0.6507226562499998 
0.5710351562499999 
0.6102929687499998 
0.7263085937499998 
0.7708398437499999 
0.6765039062499999 
0.6483789062499998 
0.7175195312499999 
0.7075585937499999 
0.7591210937499998 
0.92728515625 
0.56400390625 
0.56693359375 
0.7714257812499999 
0.6407617187499999 
0.6272851562499998 
0.6184960937499998 
0.6999414062499998 
0.6729882812499999 
0.7145898437499999 
0.47376953124999993 
1.0063867187500002 
0.5891992187499998 
0.7784570312499999 
0.6436914062499999 
0.7192773437499999 
0.6378320312499999 
0.6003320312499999 
0.6700585937499999 
0.6542382812499998 
0.6724023437499999 
0.6583398437499999 
0.7315820312499998 
0.8188867187499999 
0.6829492187499998 
0.6817773437499999 
0.8587304687499998 
0.7479882812499998 
0.98119140625 
0.4263085937499999 
0.7110742187499998 
0.7274804687499997 
0.6308007812499999 
0.6225976562499999 
0.6308007812499999 
0.6542382812499998 
0.7931054687499999 
0.5956445312499999 
0.78958984375 
0.6530664062499998 
0.7368554687499997 
0.6987695312499999 
0.6888085937499998 
0.8692773437499999 
0.5071679687499999 
0.5282617187499999 
0.6167382812499999 
0.7567773437499998 
0.6665429687499999 
0.7210351562499998 
0.7649804687499998 
0.6483789062499998 
0.7163476562499999 
0.7620507812499999 
0.7409570312499998 
0.5950585937499999 
0.5077539062499999 
0.9266992187499999 
0.8147851562499998 
0.6097070312499999 
0.7222070312499999 
0.5809960937499998 
0.5979882812499999 
0.45794921874999994 
0.7479882812499998 
0.6964257812499999 
0.7087304687499998 
0.4895898437499999 
0.8499414062499998 
0.7919335937499999 
0.5188867187499999 
0.7684960937499998 
0.6770898437499999 
0.6952539062499998 
0.5077539062499999 
0.6395898437499999 
0.9149804687499999 
0.8528710937499998 
0.55580078125 
0.7151757812499999 
0.7948632812499999 
0.6665429687499999 
0.5147851562499999 
1.04681640625 
0.6852929687499998 
0.56400390625 
0.6390039062499999 
0.7391992187499997 
0.4309960937499999 
0.6559960937499998 
0.7462304687499998 
0.7222070312499999 
0.6202539062499999 
0.8452539062499999 
0.6712304687499998 
0.6905664062499998 
0.98177734375 
0.7843164062499999 
0.48841796874999993 
0.5370507812499999 
0.6173242187499998 
0.6882226562499998 
0.6360742187499998 
0.55814453125 
0.6823632812499999 
0.6038476562499999 
0.6554101562499998 
0.6624414062499998 
0.7016992187499997 
0.5815820312499999 
0.6659570312499998 
0.6630273437499998 
0.6331445312499999 
0.6554101562499998 
0.7597070312499998 
0.5136132812499999 
0.6518945312499999 
0.7433007812499999 
0.6788476562499999 
0.6600976562499998 
0.5405664062499999 
0.48841796874999993 
0.6718164062499998 
0.6091210937499999 
0.6266992187499998 
0.6149804687499998 
0.6595117187499998 
0.6636132812499999 
0.7632226562499999 
0.8083398437499999 
0.91205078125 
0.6864648437499998 
