47 38 15 
0.7532617187499998 
0.7702539062499999 
0.6641992187499998 
0.7954492187499999 
0.7966210937499999 
0.46087890624999994 
0.4925195312499999 
0.5944726562499999 
0.6970117187499998 
0.7134179687499999 
0.7936914062499999 
0.6208398437499999 
0.7608789062499999 
0.6184960937499998 
0.6647851562499998 
0.6073632812499999 
0.7849023437499999 
0.6343164062499999 
0.5663476562499999 
0.7960351562499999 
0.6847070312499999 
0.6108789062499999 
0.7093164062499998 
0.4954492187499999 
0.6208398437499999 
0.5827539062499999 
0.6823632812499999 
0.6472070312499999 
0.7556054687499998 
0.6331445312499999 
0.4263085937499999 
0.6202539062499999 
0.7485742187499997 
0.4485742187499999 
0.6225976562499999 
0.5786523437499999 
0.5786523437499999 
0.6770898437499999 
0.5106835937499999 
0.7069726562499998 
0.8059960937499998 
0.7140039062499999 
0.7081445312499999 
0.6302148437499999 
0.45970703124999995 
0.8106835937499999 
0.49017578124999994 
0.7954492187499999 
0.6243554687499998 
0.6823632812499999 
0.6647851562499998 
0.6161523437499998 
0.4790429687499999 
0.5065820312499999 
0.6079492187499999 
0.5874414062499999 
0.82767578125 
0.5979882812499999 
0.7268945312499998 
0.7614648437499999 
0.7503320312499998 
0.8042382812499999 
0.5757226562499999 
0.5745507812499999 
0.6337304687499998 
0.6659570312499998 
0.6331445312499999 
0.46498046874999993 
0.5241601562499999 
0.6108789062499999 
0.7544335937499999 
0.45853515624999996 
0.6395898437499999 
0.7597070312499998 
0.7743554687499998 
0.7737695312499999 
0.7673242187499998 
0.7655664062499998 
0.5874414062499999 
0.5054101562499999 
0.6952539062499998 
0.41576171874999995 
0.8727929687499998 
0.5915429687499999 
0.6343164062499999 
0.7157617187499998 
0.5657617187499999 
0.6929101562499997 
0.6559960937499998 
0.6349023437499999 
0.8018945312499999 
0.7743554687499998 
0.5440820312499999 
0.6741601562499998 
0.5516992187499998 
0.6905664062499998 
0.7104882812499999 
0.7397851562499997 
0.5341210937499999 
0.43861328125 
0.6671289062499999 
0.7040429687499998 
0.6302148437499999 
0.7684960937499998 
0.6184960937499998 
0.6536523437499998 
0.7011132812499998 
0.5575585937499999 
0.5944726562499999 
0.6507226562499998 
0.8024804687499998 
0.5036523437499999 
0.7421289062499998 
0.5921289062499999 
0.6501367187499998 
0.7749414062499999 
0.6636132812499999 
0.6343164062499999 
0.8757226562499998 
0.6911523437499998 
0.7005273437499998 
0.7837304687499999 
0.6278710937499998 
0.6190820312499998 
0.6677148437499999 
0.6677148437499999 
0.45736328125 
0.5868554687499998 
0.7222070312499999 
0.8757226562499998 
0.6319726562499999 
0.7298242187499997 
0.7040429687499998 
0.6712304687499998 
0.5944726562499999 
0.6940820312499998 
0.8921289062499999 
0.6929101562499997 
0.6905664062499998 
0.5663476562499999 
0.8792382812499998 
0.52767578125 
0.5850976562499999 
0.6319726562499999 
0.6425195312499999 
0.64017578125 
0.5159570312499999 
0.7784570312499999 
0.6477929687499998 
0.9876367187499998 
0.6700585937499999 
0.5868554687499998 
0.6097070312499999 
0.5282617187499999 
0.47845703124999994 
0.8141992187499998 
0.5423242187499998 
0.5751367187499998 
0.5745507812499999 
0.6718164062499998 
0.8194726562499999 
0.7286523437499998 
0.7942773437499999 
0.6302148437499999 
0.48900390624999995 
0.6237695312499999 
0.5505273437499999 
0.6647851562499998 
0.6015039062499999 
0.8985742187499998 
0.5956445312499999 
0.8106835937499999 
0.6143945312499999 
0.5048242187499998 
0.6231835937499999 
0.8001367187499998 
0.5821679687499999 
0.8118554687499998 
0.6015039062499999 
0.7151757812499999 
0.5815820312499999 
0.7450585937499998 
0.5440820312499999 
0.5018945312499999 
0.8206445312499999 
0.45619140625 
0.7468164062499998 
0.6964257812499999 
0.45794921874999994 
0.6138085937499999 
0.5241601562499999 
0.5809960937499998 
0.7145898437499999 
0.6753320312499999 
0.6114648437499999 
0.5224023437499999 
0.5311914062499999 
0.8921289062499999 
0.6319726562499999 
0.7550195312499999 
