11 4 85 
1.23900390625 
1.2554101562500002 
1.2776757812500001 
1.2308007812500001 
0.8944726562499998 
1.19037109375 
1.2483789062500001 
1.0450585937500003 
1.16107421875 
1.0491601562500001 
1.2835351562500001 
1.02220703125 
1.06087890625 
1.2817773437500002 
1.3989648437500002 
1.1001367187500002 
1.15169921875 
0.91205078125 
1.18978515625 
0.8903710937499998 
1.22435546875 
1.29935546875 
1.2366601562500001 
1.2290429687500002 
1.2688867187500004 
1.0122460937500002 
1.2641992187500002 
1.14818359375 
1.21791015625 
1.28587890625 
0.8200585937499999 
1.3063867187500002 
1.2466210937500002 
1.2893945312500001 
1.1751367187500001 
1.0268945312500002 
1.37552734375 
1.2337304687500001 
0.9683007812500001 
1.05853515625 
1.2806054687500001 
1.2788476562500002 
1.18216796875 
1.08431640625 
1.19330078125 
0.8417382812499998 
1.1294335937500002 
0.8311914062499999 
1.2718164062500001 
1.25306640625 
1.1511132812499998 
1.2302148437500002 
1.0638085937500001 
1.2513085937500004 
1.3591210937500002 
1.2483789062500001 
1.2190820312500001 
1.17982421875 
1.13646484375 
1.1651757812499999 
0.98236328125 
1.19740234375 
1.18216796875 
1.1985742187500001 
1.24603515625 
1.2694726562500003 
1.25306640625 
1.24427734375 
0.93841796875 
1.22845703125 
1.2583398437500002 
1.18041015625 
1.0714257812499999 
1.2360742187500002 
1.2319726562500002 
1.1686914062499998 
1.17455078125 
1.22494140625 
1.2677148437500003 
1.2425195312500001 
1.2349023437500002 
1.22552734375 
1.31048828125 
1.22845703125 
0.9061914062499998 
1.3509179687500001 
1.2483789062500001 
1.43998046875 
0.8698632812499999 
1.17806640625 
1.12181640625 
1.2126367187500002 
1.1651757812499999 
0.8095117187499998 
0.8065820312499998 
1.18451171875 
1.1511132812499998 
1.20736328125 
1.22083984375 
1.2829492187500002 
1.25306640625 
1.2565820312500002 
1.48451171875 
1.1475976562499999 
1.01048828125 
1.2501367187500003 
0.8183007812499999 
1.3989648437500002 
1.22728515625 
1.36556640625 
1.2583398437500002 
1.2366601562500001 
1.22435546875 
1.20384765625 
1.2378320312500002 
1.18216796875 
0.8786523437499998 
1.2378320312500002 
1.47162109375 
1.1651757812499999 
1.20560546875 
1.23431640625 
1.2231835937500002 
1.37142578125 
1.0263085937500003 
1.23431640625 
1.3263085937500003 
1.24603515625 
1.22845703125 
0.8657617187499999 
1.2372460937500003 
1.24369140625 
0.7052148437499999 
1.2595117187500002 
1.2718164062500001 
1.14349609375 
0.8798242187499997 
0.7591210937499998 
1.2143945312500002 
0.6524804687499998 
1.2372460937500003 
1.3391992187500001 
0.93607421875 
1.19740234375 
1.2337304687500001 
1.2360742187500002 
0.8294335937499999 
1.00228515625 
0.8311914062499999 
1.3169335937500002 
0.8130273437499999 
0.7878320312499999 
1.29056640625 
1.2319726562500002 
1.09076171875 
1.2419335937500002 
1.27650390625 
1.2378320312500002 
1.25892578125 
1.32103515625 
1.2788476562500002 
0.8563867187499998 
1.22142578125 
1.1165429687500001 
0.8774804687499997 
1.2835351562500001 
1.2641992187500002 
1.2483789062500001 
1.2395898437500001 
1.2706445312500003 
1.43470703125 
1.2483789062500001 
0.7134179687499999 
1.06029296875 
1.25306640625 
1.2817773437500002 
1.2132226562500001 
0.6331445312499999 
1.22845703125 
1.00287109375 
1.20794921875 
0.8259179687499999 
1.26185546875 
1.17337890625 
1.2524804687500002 
1.22025390625 
0.92318359375 
1.13822265625 
1.16576171875 
1.28822265625 
1.2489648437500003 
1.2706445312500003 
1.28236328125 
1.14876953125 
1.0948632812499999 
1.2319726562500002 
1.20267578125 
0.8136132812499999 
1.2747460937500004 
1.2999414062499999 
