53 38 9 
0.8071679687499999 
0.5745507812499999 
0.6495507812499999 
0.60208984375 
0.5007226562499999 
0.6518945312499999 
0.6120507812499999 
0.6460351562499999 
0.6817773437499999 
0.8171289062499999 
0.8915429687499998 
0.6477929687499998 
0.8347070312499999 
0.6841210937499999 
0.6179101562499998 
0.6688867187499998 
0.8727929687499998 
0.5868554687499998 
0.8065820312499998 
0.7192773437499999 
0.6706445312499999 
0.7843164062499999 
0.6770898437499999 
0.6331445312499999 
0.7532617187499998 
0.7579492187499998 
0.4989648437499999 
0.64017578125 
0.4673242187499999 
0.7069726562499998 
0.5253320312499999 
0.45970703124999995 
0.5522851562499999 
0.6290429687499999 
0.6460351562499999 
0.6032617187499999 
0.6981835937499998 
0.6167382812499999 
0.52708984375 
0.5534570312499999 
0.5136132812499999 
0.6600976562499998 
0.6800195312499999 
0.6554101562499998 
0.6630273437499998 
0.5575585937499999 
0.6741601562499998 
0.5282617187499999 
0.5493554687499999 
0.6477929687499998 
0.6296289062499999 
0.5499414062499999 
0.52767578125 
0.6313867187499999 
0.6765039062499999 
0.5147851562499999 
0.4661523437499999 
0.5962304687499999 
0.8153710937499998 
0.6483789062499998 
0.53177734375 
0.7034570312499998 
0.8065820312499998 
0.8200585937499999 
0.6190820312499998 
0.93841796875 
0.5165429687499999 
0.6354882812499999 
0.5663476562499999 
0.6179101562499998 
0.7052148437499999 
0.4977929687499999 
0.5452539062499999 
0.5991601562499999 
0.6231835937499999 
0.7438867187499998 
0.6149804687499998 
0.6700585937499999 
0.6331445312499999 
0.6056054687499999 
0.6061914062499999 
0.4925195312499999 
0.8429101562499998 
0.6266992187499998 
0.6929101562499997 
0.6349023437499999 
0.5927148437499999 
0.6085351562499999 
0.5663476562499999 
0.6559960937499998 
0.5136132812499999 
0.7854882812499999 
0.7345117187499998 
0.6548242187499997 
0.5909570312499999 
0.5575585937499999 
0.7655664062499998 
0.6536523437499998 
0.6735742187499998 
0.6800195312499999 
0.6735742187499998 
0.4684960937499999 
0.5575585937499999 
0.6296289062499999 
0.6852929687499998 
0.45677734374999995 
0.6641992187499998 
0.4544335937499999 
0.6296289062499999 
0.7696679687499999 
0.5751367187499998 
0.6712304687499998 
0.7122460937499998 
0.5751367187499998 
0.6724023437499999 
0.50833984375 
0.6782617187499999 
0.8235742187499998 
0.6565820312499998 
0.7181054687499998 
0.7433007812499999 
0.6038476562499999 
0.6384179687499999 
0.7995507812499999 
0.39935546875 
0.6167382812499999 
0.7251367187499997 
0.7966210937499999 
0.6653710937499998 
0.4866601562499999 
0.7145898437499999 
0.7104882812499999 
0.5593164062499999 
0.5042382812499999 
0.6765039062499999 
0.4790429687499999 
0.6923242187499997 
0.8001367187499998 
0.7181054687499998 
0.5546289062499999 
0.5335351562499999 
0.6108789062499999 
0.5774804687499998 
0.6261132812499999 
0.7796289062499999 
0.5962304687499999 
0.6595117187499998 
0.5458398437499999 
0.6038476562499999 
0.7643945312499999 
0.6009179687499999 
0.6085351562499999 
0.6237695312499999 
0.7122460937499998 
0.7181054687499998 
0.4438867187499999 
0.6513085937499998 
0.8862695312499999 
0.6852929687499998 
0.6097070312499999 
0.6841210937499999 
0.5686914062499999 
0.60267578125 
0.6407617187499999 
0.7948632812499999 
0.8798242187499997 
0.5850976562499999 
0.6770898437499999 
0.5979882812499999 
0.4837304687499999 
0.5704492187499999 
0.8991601562499998 
0.6782617187499999 
0.7163476562499999 
0.8194726562499999 
0.6354882812499999 
0.53236328125 
0.5897851562499998 
0.5921289062499999 
0.7936914062499999 
0.6483789062499998 
0.7016992187499997 
0.8405664062499998 
0.8364648437499999 
0.6694726562499999 
0.6349023437499999 
0.7257226562499998 
0.7813867187499999 
0.7638085937499999 
0.6149804687499998 
0.93724609375 
0.5915429687499999 
0.7468164062499998 
0.8317773437499999 
0.6571679687499998 
0.7561914062499998 
0.6811914062499999 
0.5212304687499999 
0.5956445312499999 
0.7280664062499997 
