12 39 49 
0.7520898437499999 
0.8265039062499999 
0.8933007812499999 
0.8270898437499999 
0.6278710937499998 
0.9056054687499998 
0.7837304687499999 
1.1247460937500002 
0.91380859375 
0.94310546875 
0.7579492187499998 
1.09017578125 
1.15580078125 
1.2366601562500001 
1.26361328125 
1.0825585937500002 
1.14349609375 
0.8329492187499998 
0.6214257812499999 
1.0702539062499998 
0.7743554687499998 
0.91673828125 
0.9308007812500001 
0.91966796875 
1.0186914062499999 
0.7263085937499998 
0.7690820312499999 
1.1464257812499998 
0.97416015625 
1.07787109375 
0.9946679687499999 
0.8921289062499999 
0.8118554687499998 
1.19212890625 
0.8704492187499998 
0.6003320312499999 
0.6753320312499999 
0.6747460937499998 
0.7655664062499998 
1.2319726562500002 
0.7233789062499998 
0.7233789062499998 
1.06732421875 
0.7169335937499999 
0.6595117187499998 
0.7433007812499999 
1.22494140625 
0.8792382812499998 
0.6208398437499999 
0.7104882812499999 
0.7245507812499998 
0.6999414062499998 
0.8458398437499999 
1.0749414062499998 
0.8470117187499998 
1.24603515625 
0.7532617187499998 
0.9173242187499999 
0.6554101562499998 
0.7438867187499998 
0.8446679687499998 
0.7069726562499998 
1.3040429687500001 
0.92201171875 
1.1686914062499998 
0.8927148437499999 
0.7198632812499999 
0.7690820312499999 
0.7544335937499999 
0.6964257812499999 
0.7087304687499998 
0.9882226562499998 
1.0186914062499999 
0.97416015625 
1.03919921875 
0.6518945312499999 
0.7954492187499999 
1.13353515625 
1.30345703125 
0.7538476562499998 
0.92376953125 
0.7309960937499997 
0.7298242187499997 
0.91439453125 
0.7022851562499998 
0.6811914062499999 
0.7684960937499998 
1.00931640625 
0.6817773437499999 
0.8710351562499998 
0.6817773437499999 
0.91146484375 
1.1938867187500002 
1.1188867187500002 
0.7450585937499998 
0.7860742187499998 
0.92552734375 
0.95951171875 
0.7520898437499999 
0.9923242187499998 
0.95130859375 
0.6618554687499998 
1.22552734375 
1.16341796875 
1.3391992187500001 
0.6929101562499997 
1.08958984375 
0.8499414062499998 
1.00052734375 
0.96654296875 
0.94427734375 
0.7860742187499998 
0.92435546875 
0.96595703125 
1.0462304687500001 
0.6970117187499998 
0.8177148437499999 
1.0989648437500001 
0.7567773437499998 
1.2337304687500001 
0.95716796875 
0.7263085937499998 
1.28822265625 
1.17337890625 
0.8610742187499998 
0.5599023437499999 
0.6325585937499999 
0.9179101562499999 
0.9073632812499999 
0.7608789062499999 
0.8224023437499999 
0.7866601562499999 
0.8165429687499999 
0.8429101562499998 
0.8229882812499999 
0.8194726562499999 
0.7972070312499999 
0.97826171875 
1.08958984375 
0.6975976562499998 
0.7081445312499999 
0.8077539062499999 
0.6993554687499998 
0.97123046875 
0.6835351562499998 
0.8429101562499998 
0.9899804687499998 
0.8757226562499998 
0.7960351562499999 
1.3128320312500001 
0.8780664062499998 
0.8188867187499999 
0.6806054687499998 
0.8013085937499999 
0.8880273437499998 
1.2671289062500002 
1.13939453125 
0.9548242187499999 
0.8722070312499999 
1.21205078125 
0.7075585937499999 
0.6970117187499998 
0.9091210937499998 
0.96654296875 
0.8558007812499999 
0.92552734375 
0.6694726562499999 
0.8845117187499998 
0.8938867187499998 
0.8434960937499998 
0.7362695312499998 
0.8265039062499999 
0.6964257812499999 
0.7362695312499998 
0.7227929687499998 
1.17806640625 
0.6366601562499998 
0.98294921875 
0.8352929687499998 
0.8610742187499998 
1.2161523437500001 
0.8909570312499998 
0.8001367187499998 
0.96654296875 
0.7813867187499999 
0.6624414062499998 
0.8370507812499999 
0.8141992187499998 
1.06615234375 
0.7983789062499999 
1.03861328125 
0.8007226562499998 
0.8634179687499999 
0.6847070312499999 
1.22025390625 
0.8388085937499998 
1.0450585937500003 
0.8464257812499999 
0.7520898437499999 
0.95716796875 
