14 4 82 
1.07318359375 
0.5809960937499998 
1.2659570312500001 
1.30580078125 
1.2559960937500003 
0.52591796875 
1.2583398437500002 
0.5411523437499999 
1.18392578125 
1.16634765625 
1.1640039062499998 
1.2173242187500002 
1.31341796875 
1.2278710937500001 
1.2419335937500002 
0.8575585937499999 
1.2923242187500001 
1.02806640625 
1.2548242187500003 
1.2138085937500003 
1.19798828125 
1.2747460937500004 
1.29115234375 
1.21556640625 
0.6425195312499999 
1.2659570312500001 
0.9934960937499998 
1.24310546875 
1.07259765625 
1.2641992187500002 
1.18509765625 
0.5681054687499999 
1.21673828125 
0.8569726562499999 
1.1751367187500001 
1.12708984375 
1.2548242187500003 
0.5997460937499999 
0.7462304687499998 
0.8013085937499999 
1.25775390625 
1.20501953125 
1.1177148437500002 
1.2507226562500002 
1.26478515625 
1.3919335937500001 
1.2847070312500002 
1.2231835937500002 
1.20677734375 
1.2665429687500003 
1.1950585937500002 
1.2718164062500001 
1.23900390625 
1.3040429687500001 
1.22728515625 
1.2524804687500002 
1.2454492187500001 
0.6407617187499999 
1.24369140625 
1.3415429687500002 
0.6571679687499998 
1.30580078125 
1.2126367187500002 
1.2671289062500002 
1.2360742187500002 
1.44349609375 
1.2612695312500002 
1.2595117187500002 
1.1124414062499999 
1.23900390625 
1.17689453125 
1.3315820312500002 
1.16576171875 
1.3075585937500003 
1.2331445312500002 
1.2700585937500004 
1.3081445312500002 
1.26185546875 
1.2483789062500001 
1.2724023437500003 
1.20091796875 
1.2536523437500002 
1.25775390625 
1.22494140625 
1.17689453125 
0.6811914062499999 
1.3040429687500001 
1.2612695312500002 
1.21673828125 
0.91849609375 
1.2659570312500001 
1.2729882812500002 
1.2571679687500001 
1.22376953125 
1.20326171875 
1.2395898437500001 
1.15697265625 
1.2612695312500002 
0.6079492187499999 
1.1997460937500002 
1.2302148437500002 
0.5587304687499999 
1.3099023437500001 
1.20091796875 
0.7550195312499999 
1.01927734375 
1.25892578125 
1.2864648437500001 
1.2747460937500004 
1.1013085937500002 
1.24486328125 
1.2659570312500001 
1.2747460937500004 
1.2536523437500002 
1.25892578125 
1.0474023437500002 
1.2595117187500002 
1.23841796875 
1.22494140625 
1.30169921875 
1.4294335937500002 
1.2864648437500001 
1.36732421875 
1.2102929687500001 
1.2518945312500003 
1.2712304687500002 
1.28119140625 
1.2688867187500004 
1.2349023437500002 
1.29642578125 
0.93431640625 
1.11712890625 
0.7497460937499998 
0.9952539062499999 
1.31166015625 
1.2220117187500001 
1.18216796875 
1.1938867187500002 
1.19095703125 
1.2712304687500002 
1.1534570312499999 
1.2600976562500001 
1.2495507812500002 
0.8059960937499998 
1.3497460937500003 
1.24310546875 
1.2114648437500002 
1.2524804687500002 
1.2331445312500002 
1.37201171875 
1.2665429687500003 
0.91556640625 
1.03041015625 
0.8558007812499999 
1.2923242187500001 
1.2489648437500003 
1.2688867187500004 
1.00462890625 
1.3110742187500002 
1.1763085937500002 
1.33685546875 
1.21498046875 
1.2835351562500001 
1.24603515625 
1.2548242187500003 
1.2495507812500002 
1.2735742187500003 
1.1956445312500001 
1.3567773437500001 
1.22728515625 
1.0227929687500001 
1.2313867187500003 
1.0491601562500001 
1.33275390625 
1.29935546875 
1.32337890625 
1.2835351562500001 
1.2665429687500003 
1.2319726562500002 
1.18685546875 
1.3638085937500002 
1.03919921875 
1.2606835937500003 
1.2319726562500002 
1.2841210937500003 
1.13119140625 
1.3286523437500002 
1.2278710937500001 
1.22552734375 
1.28822265625 
1.21673828125 
1.22259765625 
1.2366601562500001 
1.2817773437500002 
1.19095703125 
1.19037109375 
1.22142578125 
1.04212890625 
1.22435546875 
1.20326171875 
