26 39 35 
0.7034570312499998 
0.6097070312499999 
0.5968164062499999 
0.8364648437499999 
0.8118554687499998 
0.7860742187499998 
0.6143945312499999 
0.5306054687499999 
0.7397851562499997 
0.8411523437499998 
0.8757226562499998 
0.7175195312499999 
0.7632226562499999 
0.8364648437499999 
0.7772851562499998 
0.6975976562499998 
0.6694726562499999 
0.6266992187499998 
0.7497460937499998 
0.6337304687499998 
0.6155664062499998 
0.6800195312499999 
0.8358789062499998 
0.6706445312499999 
0.6565820312499998 
0.8358789062499998 
0.7069726562499998 
0.5757226562499999 
0.7667382812499999 
0.4954492187499999 
0.6724023437499999 
0.5136132812499999 
0.9864648437499999 
0.7163476562499999 
0.7485742187499997 
0.7192773437499999 
0.7186914062499998 
0.5475976562499999 
0.7397851562499997 
0.8352929687499998 
0.7163476562499999 
0.8499414062499998 
0.7421289062499998 
0.6735742187499998 
0.7403710937499998 
0.7520898437499999 
0.7016992187499997 
0.6278710937499998 
0.5399804687499998 
0.56517578125 
0.7075585937499999 
0.5903710937499999 
0.5241601562499999 
0.9401757812500001 
0.9917382812499999 
0.9032617187499998 
0.7778710937499999 
0.7825585937499999 
0.7731835937499999 
0.6366601562499998 
0.6999414062499998 
0.7784570312499999 
0.6899804687499997 
0.8815820312499998 
0.7796289062499999 
0.6378320312499999 
0.6542382812499998 
0.7462304687499998 
0.5880273437499999 
0.60208984375 
0.7743554687499998 
0.6161523437499998 
0.7016992187499997 
0.9149804687499999 
0.6261132812499999 
0.64017578125 
0.49134765624999993 
0.7239648437499998 
0.7227929687499998 
0.5974023437499999 
0.7772851562499998 
0.60501953125 
0.7643945312499999 
0.7356835937499998 
0.7028710937499998 
0.5224023437499999 
0.6518945312499999 
0.6284570312499999 
0.7684960937499998 
0.5798242187499998 
0.6138085937499999 
0.6507226562499998 
0.8112695312499999 
0.7626367187499998 
0.8786523437499998 
0.7503320312499998 
0.7573632812499999 
0.5136132812499999 
0.6091210937499999 
0.7181054687499998 
0.7227929687499998 
0.7948632812499999 
0.5704492187499999 
0.7872460937499999 
0.7661523437499999 
0.7679101562499998 
0.7983789062499999 
0.7632226562499999 
0.6290429687499999 
0.7884179687499999 
0.6524804687499998 
0.6741601562499998 
0.7714257812499999 
0.91029296875 
0.7321679687499998 
0.7233789062499998 
0.7790429687499999 
0.60501953125 
0.7075585937499999 
0.6220117187499998 
0.6653710937499998 
0.6208398437499999 
0.7128320312499998 
0.7995507812499999 
0.6606835937499999 
1.12591796875 
0.6577539062499999 
0.5727929687499999 
0.6208398437499999 
0.7854882812499999 
0.6518945312499999 
0.8112695312499999 
0.6431054687499999 
0.7556054687499998 
0.5065820312499999 
0.7556054687499998 
0.7444726562499998 
0.7128320312499998 
0.78080078125 
0.7878320312499999 
0.6706445312499999 
0.7368554687499997 
0.5247460937499999 
0.7638085937499999 
0.7011132812499998 
0.7819726562499999 
0.6817773437499999 
0.8558007812499999 
0.8194726562499999 
0.8921289062499999 
0.7058007812499999 
0.6929101562499997 
0.7849023437499999 
0.6829492187499998 
0.47025390624999996 
0.7409570312499998 
0.7456445312499999 
0.8382226562499998 
0.7268945312499998 
0.6952539062499998 
0.6225976562499999 
0.8042382812499999 
0.6636132812499999 
0.5593164062499999 
0.5739648437499999 
1.1698632812499998 
0.7714257812499999 
0.5727929687499999 
0.8100976562499999 
0.6776757812499999 
0.6325585937499999 
0.7931054687499999 
0.6372460937499999 
0.6677148437499999 
0.6911523437499998 
0.7942773437499999 
0.5944726562499999 
0.6876367187499998 
0.7972070312499999 
0.7304101562499997 
0.7690820312499999 
0.6659570312499998 
0.59330078125 
0.7602929687499999 
0.8446679687499998 
0.47083984374999993 
0.79251953125 
0.7263085937499998 
0.7192773437499999 
0.5306054687499999 
0.8177148437499999 
0.5534570312499999 
0.7843164062499999 
0.8317773437499999 
0.7843164062499999 
0.7415429687499998 
0.7227929687499998 
0.7790429687499999 
0.8130273437499999 
0.6032617187499999 
