32 39 29 
0.59330078125 
0.8177148437499999 
0.5809960937499998 
0.7942773437499999 
0.8165429687499999 
0.7591210937499998 
0.9085351562499998 
0.7468164062499998 
0.7415429687499998 
0.7813867187499999 
0.8306054687499999 
0.7087304687499998 
0.7274804687499997 
0.6858789062499998 
0.6431054687499999 
0.8024804687499998 
0.78080078125 
0.7649804687499998 
0.6565820312499998 
0.7491601562499998 
0.6923242187499997 
0.8165429687499999 
0.5341210937499999 
0.5218164062499999 
0.7972070312499999 
0.7251367187499997 
0.56986328125 
0.6882226562499998 
0.6108789062499999 
0.7796289062499999 
0.6097070312499999 
0.6759179687499999 
0.6313867187499999 
0.6847070312499999 
0.7632226562499999 
0.7128320312499998 
0.98294921875 
0.7690820312499999 
0.6724023437499999 
0.6044335937499999 
0.6261132812499999 
0.7116601562499998 
0.6114648437499999 
0.6571679687499998 
0.6905664062499998 
0.51712890625 
0.7222070312499999 
0.6173242187499998 
0.6600976562499998 
0.5610742187499999 
0.7433007812499999 
0.7983789062499999 
0.7069726562499998 
0.6056054687499999 
0.6278710937499998 
0.6724023437499999 
0.6378320312499999 
0.7216210937499998 
0.6319726562499999 
0.8411523437499998 
0.7222070312499999 
0.44212890624999995 
0.7339257812499999 
0.7884179687499999 
0.53001953125 
0.6220117187499998 
0.7468164062499998 
0.6706445312499999 
0.8007226562499998 
0.7450585937499998 
0.8323632812499999 
0.7028710937499998 
0.6460351562499999 
0.8458398437499999 
0.6747460937499998 
0.8013085937499999 
0.6940820312499998 
0.5616601562499999 
0.6817773437499999 
0.5241601562499999 
0.5141992187499999 
0.9964257812499999 
0.8763085937499998 
0.7491601562499998 
0.6214257812499999 
0.45150390625 
0.4263085937499999 
0.6073632812499999 
0.7497460937499998 
0.5798242187499998 
0.6999414062499998 
0.7040429687499998 
0.7386132812499998 
0.6284570312499999 
0.8692773437499999 
0.7591210937499998 
0.6308007812499999 
0.7163476562499999 
0.6296289062499999 
0.8106835937499999 
0.6794335937499999 
0.6811914062499999 
0.6765039062499999 
0.5458398437499999 
1.02220703125 
0.7585351562499998 
0.6794335937499999 
0.9015039062499999 
0.6788476562499999 
0.5768945312499999 
0.6015039062499999 
0.6513085937499998 
0.6882226562499998 
0.5722070312499999 
0.5739648437499999 
0.9882226562499998 
0.7643945312499999 
0.7028710937499998 
0.7474023437499998 
0.6618554687499998 
0.47083984374999993 
1.00462890625 
0.78080078125 
0.7597070312499998 
0.6501367187499998 
0.8798242187499997 
0.5511132812499999 
0.8323632812499999 
0.44037109374999994 
1.01048828125 
0.8628320312499999 
0.7520898437499999 
0.8616601562499998 
0.7198632812499999 
0.6524804687499998 
0.4456445312499999 
0.7298242187499997 
0.64017578125 
0.7772851562499998 
0.7104882812499999 
0.7058007812499999 
0.7831445312499999 
0.7034570312499998 
0.4819726562499999 
0.6190820312499998 
0.6313867187499999 
0.5991601562499999 
0.5956445312499999 
0.7538476562499998 
0.7690820312499999 
0.60267578125 
0.6823632812499999 
0.6173242187499998 
0.6852929687499998 
0.5446679687499999 
0.5809960937499998 
0.7614648437499999 
0.7766992187499998 
0.6489648437499999 
0.91205078125 
0.6518945312499999 
0.6776757812499999 
0.9015039062499999 
0.6688867187499998 
0.8136132812499999 
0.7292382812499998 
0.7983789062499999 
0.5968164062499999 
0.8089257812499999 
0.6085351562499999 
0.6214257812499999 
0.6237695312499999 
0.6858789062499998 
0.7749414062499999 
0.5938867187499999 
0.6641992187499998 
0.6015039062499999 
0.7626367187499998 
0.6806054687499998 
0.7386132812499998 
0.4919335937499999 
0.5862695312499999 
0.6390039062499999 
0.7304101562499997 
0.7790429687499999 
0.6929101562499997 
0.5868554687499998 
0.6770898437499999 
0.6091210937499999 
0.7052148437499999 
0.7433007812499999 
0.6466210937499999 
0.7169335937499999 
0.6173242187499998 
0.9097070312499999 
0.6225976562499999 
0.53236328125 
0.8001367187499998 
0.6741601562499998 
0.91849609375 
