37 39 24 
0.8370507812499999 
0.6067773437499999 
0.5722070312499999 
0.7784570312499999 
0.6126367187499998 
0.6325585937499999 
0.6472070312499999 
0.9149804687499999 
0.6817773437499999 
0.7233789062499998 
0.8569726562499999 
0.5745507812499999 
0.7204492187499998 
0.5733789062499999 
0.7737695312499999 
0.6905664062499998 
0.93548828125 
0.7034570312499998 
0.47142578124999995 
0.7175195312499999 
0.6882226562499998 
0.6132226562499998 
0.6395898437499999 
0.7081445312499999 
0.5569726562499999 
0.6319726562499999 
0.6612695312499999 
0.7474023437499998 
0.7890039062499999 
0.5909570312499999 
0.6173242187499998 
0.7632226562499999 
0.6905664062499998 
0.6419335937499999 
0.4731835937499999 
0.5763085937499999 
0.6981835937499998 
0.56400390625 
0.6987695312499999 
0.91673828125 
0.7134179687499999 
0.7198632812499999 
0.7831445312499999 
0.5352929687499999 
0.7128320312499998 
0.7122460937499998 
0.8288476562499999 
0.6923242187499997 
0.5634179687499999 
0.5001367187499999 
0.6636132812499999 
0.7391992187499997 
0.6085351562499999 
0.59330078125 
0.8259179687499999 
0.5657617187499999 
0.5681054687499999 
0.6893945312499998 
0.60501953125 
0.6530664062499998 
0.7274804687499997 
0.6788476562499999 
0.6847070312499999 
0.6958398437499999 
0.6384179687499999 
0.8165429687499999 
0.7286523437499998 
0.6647851562499998 
0.7280664062499997 
0.6747460937499998 
0.49486328124999995 
0.7186914062499998 
0.7181054687499998 
0.6061914062499999 
0.6138085937499999 
0.5927148437499999 
0.8335351562499999 
0.8311914062499999 
0.6384179687499999 
0.7761132812499999 
0.6636132812499999 
0.6138085937499999 
0.5124414062499999 
0.45912109374999993 
0.6835351562499998 
0.56751953125 
0.5757226562499999 
0.6536523437499998 
0.7046289062499999 
0.7040429687499998 
0.4849023437499999 
0.5891992187499998 
0.5944726562499999 
0.7122460937499998 
0.5516992187499998 
0.6788476562499999 
0.7274804687499997 
0.6817773437499999 
0.49427734374999993 
0.8323632812499999 
0.5903710937499999 
0.96537109375 
0.5915429687499999 
0.6067773437499999 
0.4684960937499999 
0.8856835937499998 
0.7608789062499999 
0.5974023437499999 
0.7989648437499999 
0.6964257812499999 
0.6864648437499998 
0.6929101562499997 
0.8663476562499999 
0.5376367187499999 
0.7087304687499998 
0.53470703125 
0.6847070312499999 
0.56517578125 
0.7802148437499999 
1.0263085937500003 
0.7579492187499998 
0.7608789062499999 
0.5470117187499999 
0.5335351562499999 
0.6073632812499999 
0.7081445312499999 
0.5411523437499999 
0.7274804687499997 
0.9401757812500001 
0.7075585937499999 
0.7409570312499998 
0.7526757812499999 
0.6161523437499998 
0.79017578125 
0.8423242187499997 
0.7638085937499999 
0.8007226562499998 
0.6220117187499998 
0.7790429687499999 
0.6735742187499998 
0.6501367187499998 
0.6214257812499999 
0.7503320312499998 
0.6138085937499999 
0.6255273437499999 
0.8452539062499999 
0.6811914062499999 
0.6893945312499998 
0.7661523437499999 
1.00404296875 
0.8587304687499998 
0.53470703125 
0.8071679687499999 
0.8434960937499998 
0.7421289062499998 
0.6302148437499999 
0.7661523437499999 
0.6278710937499998 
0.5071679687499999 
0.6190820312499998 
0.8165429687499999 
0.5833398437499999 
0.8452539062499999 
0.7245507812499998 
0.7046289062499999 
0.7743554687499998 
0.5921289062499999 
0.53177734375 
0.7661523437499999 
0.7784570312499999 
0.7860742187499998 
0.6683007812499999 
0.7345117187499998 
0.7854882812499999 
0.5845117187499999 
0.7198632812499999 
0.8657617187499999 
0.5511132812499999 
0.6296289062499999 
0.6630273437499998 
0.52708984375 
0.7087304687499998 
0.6700585937499999 
0.6577539062499999 
0.7591210937499998 
0.7538476562499998 
0.8089257812499999 
0.8727929687499998 
0.4860742187499999 
0.49134765624999993 
0.6718164062499998 
0.7825585937499999 
0.6489648437499999 
0.7456445312499999 
0.5874414062499999 
0.6536523437499998 
0.7620507812499999 
0.6882226562499998 
0.5927148437499999 
0.6870507812499999 
