46 39 15 
0.6683007812499999 
0.7854882812499999 
0.7011132812499998 
0.9524804687499999 
0.6524804687499998 
0.6647851562499998 
0.6472070312499999 
0.7708398437499999 
0.6870507812499999 
0.7784570312499999 
0.8546289062499999 
0.5710351562499999 
0.7263085937499998 
0.59330078125 
0.5763085937499999 
0.8475976562499998 
0.6548242187499997 
0.7280664062499997 
0.6841210937499999 
0.6173242187499998 
0.5979882812499999 
0.5968164062499999 
0.98119140625 
0.4638085937499999 
0.7040429687499998 
0.6302148437499999 
0.6284570312499999 
0.8247460937499999 
0.7298242187499997 
0.6923242187499997 
0.6835351562499998 
0.8950585937499999 
0.6003320312499999 
0.6952539062499998 
0.6718164062499998 
0.6489648437499999 
0.5827539062499999 
0.6126367187499998 
0.6987695312499999 
0.7093164062499998 
0.6864648437499998 
0.52591796875 
0.5786523437499999 
0.45736328125 
0.6530664062499998 
0.7702539062499999 
0.5634179687499999 
0.5774804687499998 
0.6513085937499998 
0.8429101562499998 
0.6975976562499998 
0.6507226562499998 
0.6518945312499999 
0.5528710937499999 
0.7667382812499999 
0.7163476562499999 
0.7315820312499998 
0.7749414062499999 
0.5106835937499999 
0.7503320312499998 
0.6759179687499999 
0.7192773437499999 
0.8089257812499999 
0.7415429687499998 
0.7345117187499998 
0.6097070312499999 
0.7673242187499998 
0.7186914062499998 
0.6173242187499998 
0.6120507812499999 
0.6852929687499998 
0.5809960937499998 
0.6811914062499999 
0.5786523437499999 
0.7356835937499998 
0.5505273437499999 
0.5821679687499999 
0.6489648437499999 
0.7456445312499999 
0.6565820312499998 
0.7274804687499997 
0.5481835937499999 
0.5306054687499999 
0.4837304687499999 
0.94955078125 
0.7110742187499998 
0.6472070312499999 
0.5481835937499999 
0.6266992187499998 
0.5915429687499999 
0.6917382812499998 
0.6308007812499999 
0.8077539062499999 
0.7409570312499998 
0.7813867187499999 
0.5868554687499998 
0.6190820312499998 
0.5610742187499999 
0.6108789062499999 
0.6220117187499998 
0.7819726562499999 
0.6477929687499998 
0.6688867187499998 
0.6384179687499999 
0.7169335937499999 
0.5411523437499999 
0.6015039062499999 
0.5440820312499999 
0.6278710937499998 
0.42162109374999995 
0.8393945312499999 
0.5224023437499999 
0.7790429687499999 
0.8657617187499999 
0.5352929687499999 
0.6770898437499999 
0.6120507812499999 
0.8915429687499998 
0.6067773437499999 
0.7151757812499999 
0.5915429687499999 
0.7052148437499999 
0.5716210937499999 
0.5130273437499999 
0.46205078124999993 
0.9003320312499998 
0.7556054687499998 
0.6120507812499999 
0.6618554687499998 
0.6975976562499998 
0.5704492187499999 
0.5001367187499999 
0.5071679687499999 
0.5856835937499999 
0.5751367187499998 
0.7503320312499998 
0.6554101562499998 
0.42689453124999993 
0.5358789062499999 
0.5599023437499999 
0.8716210937499999 
0.46966796874999994 
0.7216210937499998 
0.7708398437499999 
0.8411523437499998 
0.6366601562499998 
0.6390039062499999 
0.5663476562499999 
0.96244140625 
0.6987695312499999 
0.52064453125 
0.7069726562499998 
0.5622460937499999 
0.56751953125 
0.6888085937499998 
0.6126367187499998 
0.6184960937499998 
0.6032617187499999 
0.5007226562499999 
0.6419335937499999 
0.48841796874999993 
0.6829492187499998 
0.5921289062499999 
0.6132226562499998 
0.6899804687499997 
0.8177148437499999 
0.5710351562499999 
0.5862695312499999 
0.94837890625 
0.6829492187499998 
0.5850976562499999 
0.56693359375 
0.5481835937499999 
0.7638085937499999 
0.6009179687499999 
0.5218164062499999 
0.6724023437499999 
0.6934960937499998 
0.7169335937499999 
0.6776757812499999 
0.7825585937499999 
0.5897851562499998 
0.8393945312499999 
0.6208398437499999 
0.7350976562499998 
0.7239648437499998 
0.78080078125 
0.5065820312499999 
0.6102929687499998 
0.6337304687499998 
0.7157617187499998 
0.5821679687499999 
0.49720703124999993 
0.49134765624999993 
0.5833398437499999 
0.8077539062499999 
0.6536523437499998 
0.6706445312499999 
0.6706445312499999 
0.5481835937499999 
