50 39 11 
0.43919921874999995 
0.56751953125 
0.8434960937499998 
0.7210351562499998 
0.6641992187499998 
0.6893945312499998 
0.6284570312499999 
0.5850976562499999 
0.78080078125 
0.6296289062499999 
0.7040429687499998 
0.8059960937499998 
0.7638085937499999 
0.7778710937499999 
0.6729882812499999 
0.6782617187499999 
0.6044335937499999 
0.5370507812499999 
0.6360742187499998 
0.60208984375 
0.5218164062499999 
0.6876367187499998 
0.8921289062499999 
0.5880273437499999 
0.7210351562499998 
0.7567773437499998 
0.7725976562499999 
0.5839257812499999 
0.6296289062499999 
0.6366601562499998 
0.6009179687499999 
0.7134179687499999 
0.7011132812499998 
0.6308007812499999 
0.7620507812499999 
0.7520898437499999 
0.5247460937499999 
0.8411523437499998 
0.7286523437499998 
0.7661523437499999 
0.7661523437499999 
0.6975976562499998 
0.6261132812499999 
0.49427734374999993 
0.8229882812499999 
0.7075585937499999 
0.7778710937499999 
0.6384179687499999 
0.6882226562499998 
0.6143945312499999 
0.9079492187499998 
0.5599023437499999 
0.5745507812499999 
0.5493554687499999 
0.5458398437499999 
0.8991601562499998 
0.8048242187499998 
0.9038476562499999 
0.5850976562499999 
0.6981835937499998 
0.5833398437499999 
0.6718164062499998 
0.56751953125 
0.5141992187499999 
0.5563867187499999 
0.6981835937499998 
0.6618554687499998 
0.5393945312499999 
0.7157617187499998 
0.5850976562499999 
0.47552734374999994 
0.6518945312499999 
0.6290429687499999 
0.6202539062499999 
0.6032617187499999 
0.6929101562499997 
0.5059960937499999 
0.8288476562499999 
0.7157617187499998 
0.5815820312499999 
0.5018945312499999 
0.6981835937499998 
0.6759179687499999 
0.6313867187499999 
0.6032617187499999 
0.5042382812499999 
0.8452539062499999 
0.6940820312499998 
0.6975976562499998 
0.6132226562499998 
0.7866601562499999 
0.6946679687499998 
0.5100976562499999 
0.6343164062499999 
0.7122460937499998 
0.5886132812499999 
0.5722070312499999 
0.51712890625 
0.6888085937499998 
0.6132226562499998 
0.8100976562499999 
0.5856835937499999 
0.8481835937499999 
0.60267578125 
0.7028710937499998 
0.6313867187499999 
0.4485742187499999 
0.6606835937499999 
0.8804101562499997 
0.8288476562499999 
0.6477929687499998 
0.6108789062499999 
0.5921289062499999 
0.7515039062499999 
0.52064453125 
0.8845117187499998 
0.5692773437499999 
0.5927148437499999 
0.6102929687499998 
0.52884765625 
0.5165429687499999 
0.7679101562499998 
0.5487695312499999 
0.6548242187499997 
0.6460351562499999 
0.5850976562499999 
0.7520898437499999 
0.6975976562499998 
0.9999414062499997 
0.7169335937499999 
0.7140039062499999 
0.7989648437499999 
0.43509765624999996 
0.43392578125 
0.7345117187499998 
0.9079492187499998 
0.6489648437499999 
0.5804101562499998 
0.7087304687499998 
0.6173242187499998 
0.5311914062499999 
0.5903710937499999 
0.5159570312499999 
0.8546289062499999 
0.7684960937499998 
0.5352929687499999 
0.54642578125 
0.5505273437499999 
0.5634179687499999 
0.5710351562499999 
0.5393945312499999 
0.6108789062499999 
0.7585351562499998 
0.6788476562499999 
0.7251367187499997 
0.5341210937499999 
0.91205078125 
0.6923242187499997 
0.8528710937499998 
0.6788476562499999 
0.7684960937499998 
0.8341210937499999 
0.39818359374999995 
0.6495507812499999 
0.5944726562499999 
0.5458398437499999 
0.6565820312499998 
0.6811914062499999 
0.5054101562499999 
0.6999414062499998 
0.8200585937499999 
0.8399804687499998 
0.6571679687499998 
0.6196679687499999 
0.5739648437499999 
0.7315820312499998 
0.6149804687499998 
0.6683007812499999 
0.6618554687499998 
0.5352929687499999 
0.51126953125 
0.6325585937499999 
0.6559960937499998 
0.6085351562499999 
0.7679101562499998 
0.8270898437499999 
0.6975976562499998 
0.7175195312499999 
0.5815820312499999 
0.6981835937499998 
0.6489648437499999 
0.6436914062499999 
0.5944726562499999 
0.7210351562499998 
0.6202539062499999 
0.4895898437499999 
0.47083984374999993 
0.4866601562499999 
0.55521484375 
0.5106835937499999 
