17 4 79 
1.3391992187500001 
1.11302734375 
1.22962890625 
0.9097070312499999 
1.21791015625 
1.08373046875 
1.21966796875 
0.96068359375 
1.3450585937500004 
1.19037109375 
1.2138085937500003 
1.24369140625 
1.29173828125 
1.2407617187500002 
1.2407617187500002 
1.2630273437500001 
1.06087890625 
1.24486328125 
1.2776757812500001 
0.7391992187499997 
1.23900390625 
1.2513085937500004 
0.9067773437499999 
1.2477929687500002 
1.18978515625 
1.29525390625 
1.2524804687500002 
1.2741601562500002 
1.22435546875 
0.96595703125 
0.8897851562499998 
0.8247460937499999 
1.29408203125 
1.1651757812499999 
1.24603515625 
1.31927734375 
1.24017578125 
1.2407617187500002 
1.2700585937500004 
1.26185546875 
1.33392578125 
1.33685546875 
1.2776757812500001 
1.20912109375 
1.1956445312500001 
1.16166015625 
1.24486328125 
1.2278710937500001 
1.2518945312500003 
1.2425195312500001 
1.3450585937500004 
1.22435546875 
1.20208984375 
1.20677734375 
1.29291015625 
1.2044335937500001 
0.8991601562499998 
1.2565820312500002 
1.15873046875 
1.31400390625 
1.2630273437500001 
1.19623046875 
1.2981835937500001 
1.30228515625 
1.16048828125 
1.2706445312500003 
1.1247460937500002 
1.23548828125 
1.21791015625 
0.5833398437499999 
1.2378320312500002 
1.22025390625 
1.28705078125 
1.2794335937500003 
1.22962890625 
1.15697265625 
1.2466210937500002 
1.11361328125 
1.3977929687500001 
1.33392578125 
1.2366601562500001 
1.2542382812500001 
1.2776757812500001 
1.2554101562500002 
1.19798828125 
1.1493554687499998 
1.26478515625 
1.18333984375 
1.2630273437500001 
1.15580078125 
1.21087890625 
1.20150390625 
1.2559960937500003 
1.2313867187500003 
1.2366601562500001 
1.06732421875 
1.2559960937500003 
0.9683007812500001 
1.29466796875 
1.2372460937500003 
1.19154296875 
1.2536523437500002 
1.2501367187500003 
1.24486328125 
1.2782617187500003 
1.2524804687500002 
1.01517578125 
1.19037109375 
1.2694726562500003 
1.2138085937500003 
1.11185546875 
1.2477929687500002 
1.23431640625 
1.25892578125 
1.32337890625 
1.24369140625 
1.2425195312500001 
0.8716210937499999 
1.23548828125 
1.16751953125 
1.2495507812500002 
1.2290429687500002 
1.2337304687500001 
1.2501367187500003 
1.24427734375 
1.2161523437500001 
1.30169921875 
1.17806640625 
1.2302148437500002 
0.9214257812500001 
1.2934960937500002 
0.5839257812499999 
1.16283203125 
1.2700585937500004 
1.31400390625 
1.2325585937500003 
0.5804101562499998 
1.24369140625 
1.2753320312500003 
1.2220117187500001 
1.2718164062500001 
1.31400390625 
1.29056640625 
1.20853515625 
0.9958398437499999 
1.2677148437500003 
1.14115234375 
1.11595703125 
0.8774804687499997 
1.2565820312500002 
0.9020898437499999 
1.2706445312500003 
1.09779296875 
1.22494140625 
1.2290429687500002 
1.17220703125 
1.1165429687500001 
1.2308007812500001 
1.2173242187500002 
1.0497460937500003 
1.21791015625 
1.2747460937500004 
1.00990234375 
0.97533203125 
1.2466210937500002 
1.2190820312500001 
1.25775390625 
1.24017578125 
1.18568359375 
1.22435546875 
1.2554101562500002 
1.2794335937500003 
1.2513085937500004 
1.0825585937500002 
1.2360742187500002 
1.2934960937500002 
1.1224023437500001 
1.2800195312500002 
1.2835351562500001 
1.3169335937500002 
1.28236328125 
1.1686914062499998 
0.8640039062499999 
1.28705078125 
1.2747460937500004 
1.2893945312500001 
1.2419335937500002 
1.2507226562500002 
1.0251367187500002 
1.2876367187500002 
1.26244140625 
1.2518945312500003 
1.3063867187500002 
1.08314453125 
1.13177734375 
1.24486328125 
1.26244140625 
1.33216796875 
1.23841796875 
1.2143945312500002 
