61 39 0 
0.7016992187499997 
0.6149804687499998 
0.45677734374999995 
0.5522851562499999 
0.6747460937499998 
0.52005859375 
0.6472070312499999 
0.43333984374999995 
0.7755273437499999 
0.7643945312499999 
0.6120507812499999 
0.7268945312499998 
0.5798242187499998 
0.5634179687499999 
0.6038476562499999 
0.6120507812499999 
0.6015039062499999 
0.7386132812499998 
0.8071679687499999 
0.5522851562499999 
0.4626367187499999 
0.7468164062499998 
0.5833398437499999 
0.6378320312499999 
0.5809960937499998 
0.8475976562499998 
0.5850976562499999 
0.8733789062499998 
0.49017578124999994 
0.6038476562499999 
0.96302734375 
0.7350976562499998 
0.6466210937499999 
0.6565820312499998 
0.6893945312499998 
0.4831445312499999 
0.5212304687499999 
0.8634179687499999 
0.6542382812499998 
0.5470117187499999 
0.5364648437499999 
0.8516992187499998 
0.7690820312499999 
0.6143945312499999 
0.7239648437499998 
0.5663476562499999 
0.7725976562499999 
1.09017578125 
0.7960351562499999 
0.8645898437499999 
0.5862695312499999 
0.6905664062499998 
0.6237695312499999 
0.5610742187499999 
0.44154296874999993 
0.59330078125 
0.5604882812499999 
0.8147851562499998 
0.6477929687499998 
0.7614648437499999 
0.5141992187499999 
0.5757226562499999 
0.49427734374999993 
0.6612695312499999 
0.7163476562499999 
0.6548242187499997 
0.5095117187499999 
0.8141992187499998 
0.7263085937499998 
0.6184960937499998 
0.7655664062499998 
0.7638085937499999 
0.44212890624999995 
0.43158203124999994 
0.53177734375 
0.6911523437499998 
0.7849023437499999 
0.60208984375 
0.6102929687499998 
0.8054101562499998 
0.5903710937499999 
0.7181054687499998 
0.7034570312499998 
0.4731835937499999 
0.5886132812499999 
0.7714257812499999 
0.8177148437499999 
0.6319726562499999 
0.5059960937499999 
0.51830078125 
0.6214257812499999 
0.6765039062499999 
0.5077539062499999 
0.44095703124999996 
0.43685546875 
0.6272851562499998 
0.5282617187499999 
0.56458984375 
0.7181054687499998 
0.7866601562499999 
0.7251367187499997 
0.6337304687499998 
0.7655664062499998 
0.6993554687499998 
0.4632226562499999 
0.6858789062499998 
0.7309960937499997 
0.8727929687499998 
0.7005273437499998 
0.6366601562499998 
0.6079492187499999 
0.5563867187499999 
0.7210351562499998 
0.5979882812499999 
0.6975976562499998 
0.6472070312499999 
0.8077539062499999 
0.8399804687499998 
0.6653710937499998 
0.42103515625 
0.5136132812499999 
0.7274804687499997 
0.6384179687499999 
0.5352929687499999 
0.5792382812499999 
0.6858789062499998 
0.56693359375 
0.6694726562499999 
0.5007226562499999 
0.91205078125 
0.5341210937499999 
0.6179101562499998 
0.6302148437499999 
0.7591210937499998 
0.6266992187499998 
0.5001367187499999 
0.5909570312499999 
0.7333398437499998 
0.7602929687499999 
0.5036523437499999 
0.6155664062499998 
0.8434960937499998 
0.5616601562499999 
0.8212304687499998 
0.6636132812499999 
0.7274804687499997 
0.56986328125 
0.53177734375 
0.6530664062499998 
0.5868554687499998 
0.5563867187499999 
0.6671289062499999 
0.5704492187499999 
0.6249414062499998 
0.5979882812499999 
0.55521484375 
0.7140039062499999 
0.6565820312499998 
0.6782617187499999 
0.6196679687499999 
0.6102929687499998 
0.6507226562499998 
0.7503320312499998 
0.6032617187499999 
0.7585351562499998 
0.5880273437499999 
0.6489648437499999 
0.5452539062499999 
0.6513085937499998 
0.5704492187499999 
0.7784570312499999 
0.8856835937499998 
0.5382226562499999 
0.52298828125 
0.6712304687499998 
0.7140039062499999 
0.5188867187499999 
0.6360742187499998 
0.9888085937499999 
0.9179101562499999 
0.5007226562499999 
0.6724023437499999 
0.8165429687499999 
0.6495507812499999 
0.7655664062499998 
0.5593164062499999 
0.9618554687499999 
0.49134765624999993 
0.6747460937499998 
0.7989648437499999 
0.8030664062499998 
0.5423242187499998 
0.6161523437499998 
0.6606835937499999 
0.6559960937499998 
0.7058007812499999 
0.7860742187499998 
0.6788476562499999 
0.6800195312499999 
0.6917382812499998 
