5 40 55 
1.22259765625 
1.2583398437500002 
0.8136132812499999 
1.3456445312500003 
1.07318359375 
1.29291015625 
1.20794921875 
1.0497460937500003 
1.3274804687500001 
1.34095703125 
1.1698632812499998 
1.17044921875 
0.8563867187499998 
0.9044335937499999 
1.2501367187500003 
1.06087890625 
0.8821679687499998 
1.1522851562499998 
1.2495507812500002 
0.98412109375 
1.2349023437500002 
1.20208984375 
1.2132226562500001 
1.2606835937500003 
1.04681640625 
1.29056640625 
1.2466210937500002 
1.29642578125 
1.3356835937500002 
0.8569726562499999 
1.06146484375 
1.22845703125 
0.9091210937499998 
1.2483789062500001 
1.22083984375 
1.20033203125 
1.0309960937500002 
1.22259765625 
1.22669921875 
0.8552148437499999 
0.96712890625 
0.96537109375 
1.22845703125 
1.2782617187500003 
1.2483789062500001 
1.2565820312500002 
1.0714257812499999 
1.2477929687500002 
1.03216796875 
0.7737695312499999 
1.2729882812500002 
1.24720703125 
1.2559960937500003 
1.24720703125 
1.2612695312500002 
1.2835351562500001 
1.16751953125 
1.16224609375 
1.2583398437500002 
1.1751367187500001 
1.2220117187500001 
1.26244140625 
1.2554101562500002 
1.2817773437500002 
1.2501367187500003 
1.2665429687500003 
1.21498046875 
0.8663476562499999 
1.2419335937500002 
1.0579492187500001 
1.2753320312500003 
1.2278710937500001 
1.25892578125 
1.26244140625 
1.20794921875 
1.2712304687500002 
0.7503320312499998 
1.2683007812500002 
1.3274804687500001 
1.28822265625 
1.22142578125 
1.17689453125 
0.8534570312499998 
1.2483789062500001 
1.0474023437500002 
1.2782617187500003 
1.24134765625 
1.17572265625 
1.0813867187500001 
1.2729882812500002 
1.20267578125 
1.09837890625 
1.22962890625 
1.0989648437500001 
1.2876367187500002 
0.95833984375 
0.8042382812499999 
0.60267578125 
1.3157617187500001 
1.08314453125 
1.3069726562500001 
1.13001953125 
1.21791015625 
1.2548242187500003 
1.0298242187500002 
0.97298828125 
1.22435546875 
1.2542382812500001 
1.2893945312500001 
1.2724023437500003 
1.21791015625 
1.2313867187500003 
1.0415429687500002 
1.14818359375 
1.2477929687500002 
1.2425195312500001 
1.2729882812500002 
1.2788476562500002 
1.2173242187500002 
1.0936914062499998 
1.1809960937500001 
1.24369140625 
0.7884179687499999 
1.07552734375 
0.8804101562499997 
1.2835351562500001 
1.2360742187500002 
0.8821679687499998 
1.2495507812500002 
0.78958984375 
1.01458984375 
0.78080078125 
1.15521484375 
1.2184960937500002 
1.22083984375 
1.0286523437500001 
1.2706445312500003 
1.24603515625 
1.0286523437500001 
1.25306640625 
1.05267578125 
1.20677734375 
1.2495507812500002 
1.2331445312500002 
0.8534570312499998 
1.2759179687500002 
1.04681640625 
1.2501367187500003 
1.2360742187500002 
1.2524804687500002 
0.8616601562499998 
1.22552734375 
1.00990234375 
1.20091796875 
1.2747460937500004 
1.29642578125 
1.20208984375 
1.2325585937500003 
0.8950585937499999 
1.24017578125 
0.98177734375 
1.2132226562500001 
1.2694726562500003 
0.8347070312499999 
1.2495507812500002 
1.2800195312500002 
0.9067773437499999 
1.11302734375 
1.2331445312500002 
1.17982421875 
1.0415429687500002 
1.14701171875 
1.23548828125 
1.3474023437500002 
1.08783203125 
1.07259765625 
1.2571679687500001 
1.2706445312500003 
1.2606835937500003 
1.11419921875 
1.2671289062500002 
0.7304101562499997 
1.2513085937500004 
1.2788476562500002 
0.8722070312499999 
1.2841210937500003 
1.0772851562499999 
1.30873046875 
1.31869140625 
1.2548242187500003 
1.2893945312500001 
1.2595117187500002 
1.0438867187500003 
1.17923828125 
1.2349023437500002 
1.28529296875 
1.15169921875 
1.20267578125 
1.18392578125 
1.04212890625 
