12 40 48 
1.26185546875 
0.94134765625 
0.98294921875 
0.6231835937499999 
0.92904296875 
0.8974023437499998 
0.92552734375 
0.6729882812499999 
1.2302148437500002 
0.7081445312499999 
0.7602929687499999 
0.8628320312499999 
0.8030664062499998 
1.2190820312500001 
1.2161523437500001 
0.9214257812500001 
0.9940820312499998 
0.8001367187499998 
0.5915429687499999 
1.18451171875 
0.6923242187499997 
0.7034570312499998 
0.6718164062499998 
1.1358789062499999 
0.6354882812499999 
0.8657617187499999 
0.9776757812500001 
0.8464257812499999 
0.8839257812499999 
0.7345117187499998 
1.13939453125 
1.17748046875 
0.6507226562499998 
0.6864648437499998 
0.5880273437499999 
0.8259179687499999 
0.92025390625 
1.14232421875 
0.9044335937499999 
0.8112695312499999 
0.8411523437499998 
0.7714257812499999 
0.9559960937499999 
0.6220117187499998 
0.92494140625 
0.91966796875 
0.92318359375 
0.7058007812499999 
0.7116601562499998 
0.8036523437499998 
0.8130273437499999 
0.9501367187499999 
0.7456445312499999 
1.08958984375 
1.2583398437500002 
0.8206445312499999 
1.2173242187500002 
1.18978515625 
0.98236328125 
0.7649804687499998 
1.10892578125 
0.8358789062499998 
0.8622460937499998 
0.9940820312499998 
0.8317773437499999 
0.7245507812499998 
1.2331445312500002 
1.11478515625 
0.8868554687499998 
0.7474023437499998 
0.8470117187499998 
0.8089257812499999 
0.5757226562499999 
1.22494140625 
0.8100976562499999 
0.7058007812499999 
0.96009765625 
1.09544921875 
1.17572265625 
0.91029296875 
1.2132226562500001 
1.00052734375 
0.7186914062499998 
1.0011132812499999 
0.93607421875 
0.7872460937499999 
0.8751367187499998 
0.8054101562499998 
1.0263085937500003 
0.8188867187499999 
0.6759179687499999 
0.8200585937499999 
0.8399804687499998 
0.7140039062499999 
0.9554101562499999 
0.7643945312499999 
1.08314453125 
0.7684960937499998 
0.9056054687499998 
0.91439453125 
0.96654296875 
1.20560546875 
0.7614648437499999 
0.91966796875 
0.5792382812499999 
1.00404296875 
1.2308007812500001 
1.13119140625 
0.8036523437499998 
0.8909570312499998 
0.7573632812499999 
1.09251953125 
1.02220703125 
0.94076171875 
0.8411523437499998 
1.15169921875 
1.13470703125 
1.19681640625 
0.7872460937499999 
0.9044335937499999 
0.8265039062499999 
1.02806640625 
0.8423242187499997 
0.5891992187499998 
0.7550195312499999 
0.7954492187499999 
0.5563867187499999 
0.6993554687499998 
0.93548828125 
0.7766992187499998 
0.7280664062499997 
0.82767578125 
1.13119140625 
0.8405664062499998 
0.6870507812499999 
0.6214257812499999 
0.8657617187499999 
0.5030664062499999 
0.8692773437499999 
0.6073632812499999 
0.8253320312499999 
0.7227929687499998 
1.28119140625 
0.6841210937499999 
0.5921289062499999 
0.8727929687499998 
1.0936914062499998 
0.6513085937499998 
0.8048242187499998 
0.7058007812499999 
0.5927148437499999 
0.94955078125 
0.93548828125 
0.7520898437499999 
0.9524804687499999 
0.92435546875 
0.94662109375 
0.9079492187499998 
0.94369140625 
0.8569726562499999 
1.26185546875 
0.6852929687499998 
0.7819726562499999 
1.07787109375 
0.8921289062499999 
0.8651757812499999 
1.1763085937500002 
0.7069726562499998 
1.18919921875 
1.13705078125 
0.8253320312499999 
0.8886132812499998 
0.8856835937499998 
0.9091210937499998 
0.8147851562499998 
1.2694726562500003 
1.0825585937500002 
0.6542382812499998 
1.01751953125 
1.28998046875 
0.95775390625 
1.0075585937500002 
0.6044335937499999 
0.7110742187499998 
0.8171289062499999 
0.8077539062499999 
0.9800195312500001 
0.9864648437499999 
0.9061914062499998 
1.19447265625 
0.8528710937499998 
0.82767578125 
0.9952539062499999 
1.14349609375 
1.14583984375 
0.8786523437499998 
0.6876367187499998 
1.20150390625 
0.8194726562499999 
1.0309960937500002 
