35 40 25 
0.78958984375 
0.5516992187499998 
0.9302148437500001 
0.6073632812499999 
0.8136132812499999 
0.8540429687499999 
0.7608789062499999 
0.8546289062499999 
0.52708984375 
0.5399804687499998 
0.45736328125 
0.5979882812499999 
0.8745507812499999 
0.5757226562499999 
0.6009179687499999 
0.8511132812499999 
0.7509179687499998 
0.5997460937499999 
0.6518945312499999 
0.6776757812499999 
0.6190820312499998 
0.6360742187499998 
0.6472070312499999 
0.6776757812499999 
0.6536523437499998 
0.8446679687499998 
0.92552734375 
0.7509179687499998 
0.8347070312499999 
0.5405664062499999 
1.03392578125 
0.53470703125 
0.7866601562499999 
0.6700585937499999 
0.7614648437499999 
0.6958398437499999 
0.8165429687499999 
0.8218164062499999 
0.7433007812499999 
0.5587304687499999 
1.0772851562499999 
0.7169335937499999 
0.5850976562499999 
0.5657617187499999 
0.6811914062499999 
0.8317773437499999 
0.5681054687499999 
0.7345117187499998 
0.8569726562499999 
0.7679101562499998 
0.5628320312499999 
0.6548242187499997 
0.6835351562499998 
0.6372460937499999 
0.5587304687499999 
0.7849023437499999 
0.5845117187499999 
0.5950585937499999 
0.5042382812499999 
0.6975976562499998 
0.6143945312499999 
0.9079492187499998 
0.49017578124999994 
0.7831445312499999 
0.8546289062499999 
0.5452539062499999 
0.46556640624999995 
0.46205078124999993 
0.49310546874999994 
0.56400390625 
0.7034570312499998 
0.5886132812499999 
0.6847070312499999 
0.5921289062499999 
0.8886132812499998 
0.59330078125 
0.5745507812499999 
0.7591210937499998 
0.6929101562499997 
0.7280664062499997 
0.6893945312499998 
0.6934960937499998 
0.6987695312499999 
0.7831445312499999 
0.6724023437499999 
0.5733789062499999 
0.6360742187499998 
0.6981835937499998 
0.7825585937499999 
0.7620507812499999 
0.8288476562499999 
0.7485742187499997 
0.5757226562499999 
0.6513085937499998 
0.5997460937499999 
0.6120507812499999 
0.7743554687499998 
0.7233789062499998 
0.6343164062499999 
0.5991601562499999 
0.94837890625 
0.8458398437499999 
0.6009179687499999 
0.6823632812499999 
0.6782617187499999 
0.5563867187499999 
0.5417382812499999 
0.56693359375 
0.7327539062499998 
0.5194726562499999 
0.53236328125 
0.8171289062499999 
0.6882226562499998 
0.5938867187499999 
0.7567773437499998 
0.5001367187499999 
0.6161523437499998 
0.93431640625 
0.6870507812499999 
0.8212304687499998 
0.49720703124999993 
0.6073632812499999 
0.6577539062499999 
0.5874414062499999 
0.56400390625 
0.7333398437499998 
0.6571679687499998 
0.6911523437499998 
0.8024804687499998 
0.46087890624999994 
0.6776757812499999 
0.7526757812499999 
0.5710351562499999 
0.8915429687499998 
0.5013085937499999 
0.6542382812499998 
0.7286523437499998 
0.9015039062499999 
0.8042382812499999 
0.5727929687499999 
0.6366601562499998 
0.5768945312499999 
0.9214257812500001 
0.8229882812499999 
0.7075585937499999 
0.6952539062499998 
0.5382226562499999 
0.7058007812499999 
0.92435546875 
0.7755273437499999 
0.6958398437499999 
0.6770898437499999 
0.6190820312499998 
0.8657617187499999 
0.6858789062499998 
0.56986328125 
0.6565820312499998 
0.7128320312499998 
0.7632226562499999 
0.6009179687499999 
0.6360742187499998 
0.7989648437499999 
0.9067773437499999 
0.6817773437499999 
0.6015039062499999 
0.8347070312499999 
0.7532617187499998 
0.6015039062499999 
0.6460351562499999 
0.6847070312499999 
0.5534570312499999 
0.8587304687499998 
0.8657617187499999 
0.6167382812499999 
0.7145898437499999 
0.6554101562499998 
0.7134179687499999 
0.8657617187499999 
0.4819726562499999 
0.7298242187499997 
0.78080078125 
0.5985742187499998 
0.7333398437499998 
0.5692773437499999 
0.8218164062499999 
0.6806054687499998 
0.7942773437499999 
0.6794335937499999 
0.7579492187499998 
0.8247460937499999 
0.7813867187499999 
0.7626367187499998 
0.5968164062499999 
0.8909570312499998 
0.7433007812499999 
0.6829492187499998 
0.6782617187499999 
0.6665429687499999 
0.60267578125 
0.7468164062499998 
