52 40 8 
0.7321679687499998 
0.7251367187499997 
0.6536523437499998 
0.95658203125 
1.00462890625 
0.6009179687499999 
0.5059960937499999 
0.5054101562499999 
0.6325585937499999 
0.5780664062499998 
0.8733789062499998 
0.5815820312499999 
0.6249414062499998 
0.6366601562499998 
0.6419335937499999 
0.5710351562499999 
0.49369140624999996 
0.6143945312499999 
0.8054101562499998 
0.7274804687499997 
0.7884179687499999 
0.6694726562499999 
0.8622460937499998 
0.6624414062499998 
0.6606835937499999 
0.52298828125 
0.7298242187499997 
0.55521484375 
0.6659570312499998 
0.7087304687499998 
0.8739648437499998 
0.6395898437499999 
0.7233789062499998 
0.6577539062499999 
0.7058007812499999 
0.7016992187499997 
0.5809960937499998 
0.7843164062499999 
0.5417382812499999 
0.8018945312499999 
0.5370507812499999 
0.6518945312499999 
0.52767578125 
0.7058007812499999 
0.6296289062499999 
0.5821679687499999 
0.6196679687499999 
0.6782617187499999 
0.53236328125 
0.7227929687499998 
0.5423242187499998 
0.7813867187499999 
0.5862695312499999 
0.8698632812499999 
0.6184960937499998 
0.6190820312499998 
0.5751367187499998 
0.50892578125 
0.5997460937499999 
0.5616601562499999 
0.6056054687499999 
0.8516992187499998 
0.5429101562499998 
0.5241601562499999 
0.43626953124999995 
0.6061914062499999 
0.4626367187499999 
0.5505273437499999 
0.7069726562499998 
0.5681054687499999 
0.6876367187499998 
0.6683007812499999 
0.7743554687499998 
0.4925195312499999 
0.8393945312499999 
0.6413476562499999 
0.7040429687499998 
0.6665429687499999 
0.5458398437499999 
0.7843164062499999 
0.6958398437499999 
0.55814453125 
0.5335351562499999 
0.5727929687499999 
0.6589257812499999 
0.4983789062499999 
0.6612695312499999 
0.44623046874999994 
0.7321679687499998 
0.6483789062499998 
0.45150390625 
0.6829492187499998 
0.7339257812499999 
0.5880273437499999 
0.7016992187499997 
0.7040429687499998 
0.5247460937499999 
0.6981835937499998 
0.52767578125 
0.6852929687499998 
0.7890039062499999 
0.6331445312499999 
0.56693359375 
0.7181054687499998 
0.5774804687499998 
0.7620507812499999 
0.6899804687499997 
0.6577539062499999 
0.6073632812499999 
0.78080078125 
0.6975976562499998 
0.7790429687499999 
0.6518945312499999 
0.8505273437499998 
0.6600976562499998 
0.6770898437499999 
0.5247460937499999 
0.5417382812499999 
0.6706445312499999 
0.6097070312499999 
0.6794335937499999 
0.6864648437499998 
0.56458984375 
0.7526757812499999 
0.7063867187499998 
0.8030664062499998 
0.5897851562499998 
0.7169335937499999 
0.5733789062499999 
0.8974023437499998 
0.6319726562499999 
0.6261132812499999 
0.7450585937499998 
0.6671289062499999 
0.6999414062499998 
0.5540429687499999 
0.6319726562499999 
0.60501953125 
0.6225976562499999 
0.8933007812499999 
0.5165429687499999 
0.6876367187499998 
0.7784570312499999 
0.7210351562499998 
0.7966210937499999 
0.8335351562499999 
0.5968164062499999 
0.7403710937499998 
0.6407617187499999 
0.6354882812499999 
0.6413476562499999 
0.53236328125 
0.8874414062499998 
0.5833398437499999 
0.7538476562499998 
0.7849023437499999 
0.7884179687499999 
0.4808007812499999 
0.7011132812499998 
0.6009179687499999 
0.5827539062499999 
0.7977929687499998 
0.5716210937499999 
0.5106835937499999 
0.6864648437499998 
0.5511132812499999 
0.6108789062499999 
0.5985742187499998 
0.91029296875 
0.5604882812499999 
0.7743554687499998 
0.6923242187499997 
0.8089257812499999 
0.43333984374999995 
0.91087890625 
0.45912109374999993 
0.6184960937499998 
0.6653710937499998 
0.7702539062499999 
0.5071679687499999 
0.7116601562499998 
0.7620507812499999 
0.7743554687499998 
0.8909570312499998 
0.5329492187499999 
0.8446679687499998 
0.7766992187499998 
0.5329492187499999 
0.4778710937499999 
0.6460351562499999 
0.46673828124999994 
0.6395898437499999 
0.7661523437499999 
0.7356835937499998 
0.47376953124999993 
0.55521484375 
0.6325585937499999 
0.4919335937499999 
0.7995507812499999 
0.7673242187499998 
