57 40 3 
0.45853515624999996 
0.6495507812499999 
0.5763085937499999 
0.56986328125 
0.5341210937499999 
0.8329492187499998 
0.6284570312499999 
0.6366601562499998 
0.7058007812499999 
0.6847070312499999 
0.47728515624999995 
0.8352929687499998 
0.7245507812499998 
0.7140039062499999 
0.52708984375 
0.5593164062499999 
0.7884179687499999 
0.48548828124999993 
0.5352929687499999 
0.7702539062499999 
0.5224023437499999 
0.6923242187499997 
0.7409570312499998 
0.6542382812499998 
0.52884765625 
0.6085351562499999 
0.5382226562499999 
0.6518945312499999 
0.7192773437499999 
0.5446679687499999 
0.6776757812499999 
0.6630273437499998 
0.7081445312499999 
0.7093164062499998 
0.5417382812499999 
0.7210351562499998 
0.36537109374999993 
0.7298242187499997 
0.8007226562499998 
0.6940820312499998 
0.6395898437499999 
0.6442773437499999 
0.7005273437499998 
0.6536523437499998 
0.5118554687499999 
0.7983789062499999 
0.6981835937499998 
0.7315820312499998 
0.5786523437499999 
0.6583398437499999 
0.6196679687499999 
0.8241601562499998 
0.5417382812499999 
0.7960351562499999 
0.7198632812499999 
0.6917382812499998 
0.6641992187499998 
1.09017578125 
0.7058007812499999 
0.6196679687499999 
0.5891992187499998 
0.7626367187499998 
0.5376367187499999 
0.6114648437499999 
0.5722070312499999 
0.6735742187499998 
0.8224023437499999 
0.5798242187499998 
0.5212304687499999 
0.6073632812499999 
0.5727929687499999 
0.7766992187499998 
0.6899804687499997 
0.8153710937499998 
0.4966210937499999 
0.6817773437499999 
0.52005859375 
0.5587304687499999 
0.54642578125 
0.5036523437499999 
0.6390039062499999 
0.6091210937499999 
0.7878320312499999 
0.5054101562499999 
0.49720703124999993 
0.7872460937499999 
0.7397851562499997 
0.7509179687499998 
0.44037109374999994 
0.6753320312499999 
0.44798828124999995 
0.6085351562499999 
0.5751367187499998 
0.6671289062499999 
0.7204492187499998 
0.5921289062499999 
0.5194726562499999 
0.5335351562499999 
0.8294335937499999 
0.6753320312499999 
0.4878320312499999 
0.6700585937499999 
0.6800195312499999 
0.7391992187499997 
0.5804101562499998 
0.5007226562499999 
0.35541015624999994 
0.5247460937499999 
0.7280664062499997 
0.8569726562499999 
0.5475976562499999 
0.7058007812499999 
0.7216210937499998 
0.5915429687499999 
0.5686914062499999 
0.6009179687499999 
0.8938867187499998 
0.7497460937499998 
0.44095703124999996 
0.5335351562499999 
0.5886132812499999 
0.6888085937499998 
0.6765039062499999 
0.6981835937499998 
0.7251367187499997 
0.4720117187499999 
0.9390039062500001 
0.4860742187499999 
0.8546289062499999 
0.7743554687499998 
0.91087890625 
0.5522851562499999 
0.8493554687499998 
0.45970703124999995 
0.49427734374999993 
0.7081445312499999 
0.45384765624999995 
0.7474023437499998 
0.7368554687499997 
0.52005859375 
0.6683007812499999 
0.7567773437499998 
0.7058007812499999 
1.06087890625 
0.5388085937499999 
0.6524804687499998 
0.45853515624999996 
0.6349023437499999 
0.9911523437499998 
0.6817773437499999 
0.6384179687499999 
0.6600976562499998 
0.5716210937499999 
0.6993554687499998 
0.56751953125 
0.5997460937499999 
0.45091796874999995 
0.6542382812499998 
0.6073632812499999 
0.6829492187499998 
0.5341210937499999 
0.6337304687499998 
0.4438867187499999 
0.7157617187499998 
0.5018945312499999 
0.5452539062499999 
0.7444726562499998 
0.6466210937499999 
0.6067773437499999 
0.6477929687499998 
0.4907617187499999 
0.6565820312499998 
0.96244140625 
0.6184960937499998 
0.5956445312499999 
0.7837304687499999 
0.8171289062499999 
0.5634179687499999 
0.7655664062499998 
0.5663476562499999 
0.7907617187499999 
0.5628320312499999 
0.5188867187499999 
0.6765039062499999 
0.7843164062499999 
0.5499414062499999 
0.6835351562499998 
0.6056054687499999 
0.8352929687499998 
0.5188867187499999 
0.52064453125 
0.6407617187499999 
0.6876367187499998 
0.4966210937499999 
0.6390039062499999 
0.7128320312499998 
0.5423242187499998 
0.7251367187499997 
0.6272851562499998 
0.7878320312499999 
