12 41 47 
1.1165429687500001 
0.9530664062499999 
1.0415429687500002 
0.8540429687499999 
1.24720703125 
1.06966796875 
0.6278710937499998 
0.6706445312499999 
1.2220117187500001 
1.3063867187500002 
1.2454492187500001 
0.6038476562499999 
0.8183007812499999 
0.8933007812499999 
0.8241601562499998 
0.9015039062499999 
0.7890039062499999 
0.8458398437499999 
0.9800195312500001 
0.8095117187499998 
0.8856835937499998 
0.6759179687499999 
0.94544921875 
1.1294335937500002 
0.7421289062499998 
0.9934960937499998 
0.7286523437499998 
1.2718164062500001 
0.6524804687499998 
0.6108789062499999 
0.9308007812500001 
0.7585351562499998 
1.22845703125 
1.2114648437500002 
0.7491601562499998 
0.94134765625 
1.2741601562500002 
1.19681640625 
0.7186914062499998 
0.8575585937499999 
0.78080078125 
1.1874414062499998 
0.8071679687499999 
0.8399804687499998 
0.91849609375 
0.8388085937499998 
0.7884179687499999 
0.6284570312499999 
0.6683007812499999 
1.2313867187500003 
0.5880273437499999 
0.7216210937499998 
1.11537109375 
0.8265039062499999 
0.7884179687499999 
0.6225976562499999 
0.8218164062499999 
1.05560546875 
1.24310546875 
0.6899804687499997 
0.9097070312499999 
0.7995507812499999 
1.1827539062499999 
0.7532617187499998 
0.7304101562499997 
0.8153710937499998 
0.9876367187499998 
0.7737695312499999 
0.8897851562499998 
0.9020898437499999 
0.7192773437499999 
0.78080078125 
0.91029296875 
1.1177148437500002 
0.9091210937499998 
1.0257226562500001 
0.8692773437499999 
0.7638085937499999 
0.6899804687499997 
0.6038476562499999 
0.7450585937499998 
0.6138085937499999 
0.5950585937499999 
0.7614648437499999 
0.8991601562499998 
1.09310546875 
0.93841796875 
1.16166015625 
0.8200585937499999 
0.8370507812499999 
1.07962890625 
0.8558007812499999 
0.8253320312499999 
0.6735742187499998 
0.9395898437500001 
0.6776757812499999 
1.1927148437500001 
0.7374414062499998 
1.2495507812500002 
0.97005859375 
1.3315820312500002 
0.8458398437499999 
0.6923242187499997 
1.08490234375 
0.8897851562499998 
1.09076171875 
0.7890039062499999 
0.8886132812499998 
1.38841796875 
1.03744140625 
0.9395898437500001 
0.7515039062499999 
1.06146484375 
1.05267578125 
0.6225976562499999 
1.09017578125 
0.8048242187499998 
0.8352929687499998 
0.9929101562499998 
1.02337890625 
0.8376367187499998 
0.7661523437499999 
0.6970117187499998 
0.7696679687499999 
1.06029296875 
1.0263085937500003 
0.8470117187499998 
0.8253320312499999 
0.7907617187499999 
0.8393945312499999 
0.7567773437499998 
0.94720703125 
0.8880273437499998 
0.94544921875 
0.5341210937499999 
0.7579492187499998 
0.5880273437499999 
1.14818359375 
0.7298242187499997 
0.8159570312499999 
0.7169335937499999 
1.18509765625 
0.7245507812499998 
0.7485742187499997 
1.1640039062499998 
0.7661523437499999 
1.3227929687500002 
1.0989648437500001 
0.8112695312499999 
1.08548828125 
0.97064453125 
0.7872460937499999 
0.9061914062499998 
1.09544921875 
0.6817773437499999 
1.16107421875 
1.15873046875 
0.9917382812499999 
0.7702539062499999 
1.07787109375 
0.91087890625 
0.94720703125 
0.8546289062499999 
0.6753320312499999 
0.6858789062499998 
0.8833398437499999 
1.3052148437500002 
1.01400390625 
0.8347070312499999 
0.7251367187499997 
1.2729882812500002 
1.2138085937500003 
0.92787109375 
1.09193359375 
0.9999414062499997 
0.96712890625 
0.9038476562499999 
1.0638085937500001 
0.7485742187499997 
0.6261132812499999 
0.8458398437499999 
0.93548828125 
0.7409570312499998 
1.18568359375 
1.1751367187500001 
0.9085351562499998 
0.7960351562499999 
1.03509765625 
0.97298828125 
0.6671289062499999 
0.92318359375 
0.7708398437499999 
1.1018945312500001 
1.22552734375 
0.6343164062499999 
0.9085351562499998 
1.05853515625 
0.8030664062499998 
0.78080078125 
0.91205078125 
