14 41 45 
0.91673828125 
0.7005273437499998 
0.8393945312499999 
0.7222070312499999 
0.8317773437499999 
0.7602929687499999 
0.9946679687499999 
0.6923242187499997 
0.8522851562499998 
0.93783203125 
0.7309960937499997 
0.8206445312499999 
0.8153710937499998 
0.7274804687499997 
1.12181640625 
0.8516992187499998 
1.13177734375 
0.6220117187499998 
0.6659570312499998 
0.7597070312499998 
1.16693359375 
0.7784570312499999 
0.7907617187499999 
0.93666015625 
0.7884179687499999 
0.9929101562499998 
0.7602929687499999 
0.6829492187499998 
0.93548828125 
0.92787109375 
1.0936914062499998 
0.7368554687499997 
0.7140039062499999 
0.7702539062499999 
0.98470703125 
0.7960351562499999 
0.7989648437499999 
1.22435546875 
0.7315820312499998 
0.8329492187499998 
1.11185546875 
0.7802148437499999 
1.0257226562500001 
0.6765039062499999 
1.20326171875 
0.9647851562499999 
0.8440820312499998 
0.93783203125 
0.8024804687499998 
0.7409570312499998 
0.7016992187499997 
0.8399804687499998 
0.7743554687499998 
1.06498046875 
0.96009765625 
0.91263671875 
0.7573632812499999 
0.7374414062499998 
1.09955078125 
0.8024804687499998 
0.6261132812499999 
0.8446679687499998 
0.8112695312499999 
0.95892578125 
0.7954492187499999 
0.7843164062499999 
0.6677148437499999 
0.96068359375 
0.91029296875 
0.8921289062499999 
0.8282617187499999 
0.95833984375 
0.8546289062499999 
1.03392578125 
0.5716210937499999 
1.00287109375 
0.7339257812499999 
0.6325585937499999 
0.5968164062499999 
0.6390039062499999 
0.8393945312499999 
1.2507226562500002 
1.18978515625 
0.96595703125 
0.8370507812499999 
0.9893945312499999 
0.7837304687499999 
1.0474023437500002 
0.9501367187499999 
0.8546289062499999 
0.8493554687499998 
1.06029296875 
0.8147851562499998 
0.8229882812499999 
0.8458398437499999 
0.8100976562499999 
0.9179101562499999 
0.7989648437499999 
0.7690820312499999 
0.52298828125 
0.4919335937499999 
0.8640039062499999 
1.1593164062499999 
1.0403710937500001 
0.7257226562499998 
0.5124414062499999 
0.8616601562499998 
0.93841796875 
0.8265039062499999 
0.7561914062499998 
0.6542382812499998 
0.6571679687499998 
0.8288476562499999 
0.7210351562499998 
0.91146484375 
1.10072265625 
0.7280664062499997 
0.7350976562499998 
0.8616601562499998 
0.6964257812499999 
0.95658203125 
0.8874414062499998 
0.9331445312500001 
0.7163476562499999 
1.05853515625 
0.7802148437499999 
0.6981835937499998 
0.9331445312500001 
0.7339257812499999 
0.7087304687499998 
0.6589257812499999 
0.7890039062499999 
0.8317773437499999 
0.7438867187499998 
0.7720117187499999 
1.00287109375 
0.91380859375 
0.7356835937499998 
0.5423242187499998 
0.9893945312499999 
0.7257226562499998 
0.7813867187499999 
0.9032617187499998 
0.94076171875 
0.95775390625 
0.6946679687499998 
0.7597070312499998 
0.7362695312499998 
0.97533203125 
0.6548242187499997 
0.5985742187499998 
0.92025390625 
0.9020898437499999 
1.00404296875 
0.7339257812499999 
1.11595703125 
0.5804101562499998 
1.1710351562499999 
0.8300195312499999 
0.9893945312499999 
1.14232421875 
0.7907617187499999 
1.2934960937500002 
0.7655664062499998 
0.7099023437499998 
1.18568359375 
1.04681640625 
0.8798242187499997 
0.7661523437499999 
0.7614648437499999 
0.9501367187499999 
1.0257226562500001 
1.03685546875 
0.7661523437499999 
0.7602929687499999 
0.7438867187499998 
0.9911523437499998 
0.8171289062499999 
1.1493554687499998 
0.7210351562499998 
0.5475976562499999 
0.6899804687499997 
0.9395898437500001 
0.7427148437499999 
1.1475976562499999 
0.8294335937499999 
1.15521484375 
0.7561914062499998 
0.8909570312499998 
0.7661523437499999 
0.96126953125 
0.8323632812499999 
0.7263085937499998 
0.92435546875 
0.8013085937499999 
0.7655664062499998 
0.8370507812499999 
0.7063867187499998 
0.8593164062499998 
0.9975976562499999 
