23 41 36 
0.6091210937499999 
0.8411523437499998 
0.4778710937499999 
0.7784570312499999 
0.5897851562499998 
0.7649804687499998 
0.8458398437499999 
0.92435546875 
0.7397851562499997 
0.6507226562499998 
1.1206445312500002 
1.09544921875 
0.7227929687499998 
0.7567773437499998 
0.7485742187499997 
0.8405664062499998 
1.08021484375 
0.7626367187499998 
0.6729882812499999 
0.79017578125 
0.7257226562499998 
0.7386132812499998 
0.6864648437499998 
0.7257226562499998 
0.8083398437499999 
0.8317773437499999 
0.7485742187499997 
0.91849609375 
0.6220117187499998 
0.7022851562499998 
0.8815820312499998 
0.6114648437499999 
0.7720117187499999 
0.5850976562499999 
0.5710351562499999 
0.6313867187499999 
0.6911523437499998 
0.6483789062499998 
0.7122460937499998 
0.6190820312499998 
0.8839257812499999 
0.7872460937499999 
0.7204492187499998 
0.8352929687499998 
0.7333398437499998 
0.5886132812499999 
0.7409570312499998 
0.7315820312499998 
0.7093164062499998 
0.8733789062499998 
0.7022851562499998 
0.9038476562499999 
0.7368554687499997 
0.78080078125 
0.8030664062499998 
0.8030664062499998 
0.91322265625 
0.8505273437499998 
0.5563867187499999 
0.9618554687499999 
1.2190820312500001 
0.6272851562499998 
0.8341210937499999 
0.7919335937499999 
0.6794335937499999 
0.8077539062499999 
0.7591210937499998 
0.53470703125 
1.02455078125 
0.91263671875 
0.7673242187499998 
0.6577539062499999 
0.6220117187499998 
0.7216210937499998 
0.7468164062499998 
0.91087890625 
0.5241601562499999 
0.8552148437499999 
0.6032617187499999 
0.7087304687499998 
0.8528710937499998 
0.6665429687499999 
0.7655664062499998 
0.6888085937499998 
0.6149804687499998 
0.7005273437499998 
0.7907617187499999 
0.60501953125 
1.09251953125 
0.6319726562499999 
0.9097070312499999 
0.7649804687499998 
0.8839257812499999 
0.7016992187499997 
0.7145898437499999 
0.6876367187499998 
0.8856835937499998 
0.5862695312499999 
0.5739648437499999 
0.8675195312499999 
0.5792382812499999 
0.96888671875 
0.7966210937499999 
0.6343164062499999 
0.8716210937499999 
0.9975976562499999 
0.6759179687499999 
0.7145898437499999 
0.8686914062499999 
0.8722070312499999 
0.6349023437499999 
0.6776757812499999 
0.8575585937499999 
0.8640039062499999 
0.56751953125 
0.79017578125 
0.6800195312499999 
0.47669921874999993 
0.6413476562499999 
0.6934960937499998 
0.7058007812499999 
0.6349023437499999 
0.6899804687499997 
0.7837304687499999 
0.8224023437499999 
0.6313867187499999 
0.6378320312499999 
0.5704492187499999 
0.6659570312499998 
0.6706445312499999 
0.8095117187499998 
0.7251367187499997 
0.7309960937499997 
0.5393945312499999 
0.6243554687499998 
1.08080078125 
0.6255273437499999 
0.8856835937499998 
0.5622460937499999 
0.6823632812499999 
0.6243554687499998 
0.5786523437499999 
0.6331445312499999 
0.5798242187499998 
0.8534570312499998 
0.6003320312499999 
1.13353515625 
0.96126953125 
0.7210351562499998 
0.7110742187499998 
0.92435546875 
0.7544335937499999 
0.8640039062499999 
0.5815820312499999 
0.6214257812499999 
0.7069726562499998 
0.7602929687499999 
0.7948632812499999 
1.1809960937500001 
0.45033203124999993 
0.5809960937499998 
0.7561914062499998 
0.6847070312499999 
0.6641992187499998 
0.9038476562499999 
0.8540429687499999 
0.5985742187499998 
0.92845703125 
0.7837304687499999 
0.7286523437499998 
0.8505273437499998 
0.7046289062499999 
0.7643945312499999 
0.6600976562499998 
0.7784570312499999 
0.7761132812499999 
0.6970117187499998 
0.7550195312499999 
0.7251367187499997 
0.5329492187499999 
0.6272851562499998 
0.5886132812499999 
0.8798242187499997 
0.5792382812499999 
0.6759179687499999 
0.7696679687499999 
0.51830078125 
0.5124414062499999 
0.97826171875 
0.5974023437499999 
0.9776757812500001 
0.7368554687499997 
0.7151757812499999 
0.8118554687499998 
0.4977929687499999 
0.94720703125 
0.6770898437499999 
0.8599023437499999 
0.6501367187499998 
0.6202539062499999 
