27 4 69 
0.5962304687499999 
1.20384765625 
1.2495507812500002 
1.2741601562500002 
1.0011132812499999 
1.22376953125 
1.3251367187500003 
1.2302148437500002 
1.2372460937500003 
1.2548242187500003 
1.2231835937500002 
0.6841210937499999 
1.30052734375 
0.8669335937499999 
1.2700585937500004 
1.35853515625 
1.3122460937500002 
1.3497460937500003 
1.2395898437500001 
1.3169335937500002 
1.23900390625 
1.26185546875 
1.14291015625 
1.2934960937500002 
1.2061914062499999 
1.16283203125 
1.20501953125 
1.17162109375 
1.24017578125 
0.7573632812499999 
1.2524804687500002 
1.2126367187500002 
1.07845703125 
1.16458984375 
1.20794921875 
1.2372460937500003 
1.1511132812499998 
1.13880859375 
1.2501367187500003 
1.29466796875 
1.08666015625 
1.36966796875 
0.7790429687499999 
1.30169921875 
1.20208984375 
1.03744140625 
1.23900390625 
1.23841796875 
1.1763085937500002 
1.20970703125 
1.2378320312500002 
1.20677734375 
1.2718164062500001 
1.20560546875 
1.2132226562500001 
1.2173242187500002 
1.2489648437500003 
1.24017578125 
1.1522851562499998 
1.2788476562500002 
1.36966796875 
1.01927734375 
1.2114648437500002 
1.2847070312500002 
1.29525390625 
1.17279296875 
1.2759179687500002 
1.3040429687500001 
1.15873046875 
1.2325585937500003 
1.29876953125 
1.0286523437500001 
0.9618554687499999 
1.2847070312500002 
1.2700585937500004 
1.3538476562500001 
1.1710351562499999 
1.14818359375 
0.6647851562499998 
1.14232421875 
1.24369140625 
1.16927734375 
1.29115234375 
1.2776757812500001 
1.2524804687500002 
1.19623046875 
1.00052734375 
0.55521484375 
1.24603515625 
1.2806054687500001 
1.25306640625 
1.2190820312500001 
0.9401757812500001 
1.2466210937500002 
1.2999414062499999 
1.21966796875 
1.28705078125 
1.2665429687500003 
1.3216210937500001 
1.2595117187500002 
1.18685546875 
1.2548242187500003 
1.2372460937500003 
1.2126367187500002 
0.9946679687499999 
1.3216210937500001 
1.26478515625 
1.23431640625 
1.30111328125 
1.26185546875 
1.2143945312500002 
1.31458984375 
1.2876367187500002 
1.22025390625 
1.2337304687500001 
1.01986328125 
1.2366601562500001 
1.2366601562500001 
1.22728515625 
1.2161523437500001 
1.0251367187500002 
1.15580078125 
1.23841796875 
1.1522851562499998 
1.2735742187500003 
1.3040429687500001 
1.13705078125 
1.22669921875 
1.29115234375 
1.2671289062500002 
1.2220117187500001 
1.2548242187500003 
1.2337304687500001 
1.2044335937500001 
1.2184960937500002 
0.8599023437499999 
1.35150390625 
1.05091796875 
1.12591796875 
1.22259765625 
1.1751367187500001 
1.2735742187500003 
0.8083398437499999 
1.06322265625 
1.2477929687500002 
1.2806054687500001 
1.2278710937500001 
1.1464257812499998 
1.24603515625 
1.2659570312500001 
0.8891992187499997 
1.22083984375 
1.17220703125 
1.24603515625 
1.15462890625 
1.20384765625 
1.16283203125 
1.29115234375 
1.22845703125 
1.28822265625 
1.1997460937500002 
1.2759179687500002 
1.3286523437500002 
1.2600976562500001 
1.20912109375 
1.2173242187500002 
1.2372460937500003 
1.23548828125 
1.22259765625 
1.2331445312500002 
0.8950585937499999 
1.2184960937500002 
1.3462304687500002 
1.1927148437500001 
1.2454492187500001 
1.22669921875 
1.1059960937500002 
1.29642578125 
1.20208984375 
1.2747460937500004 
1.2559960937500003 
1.3415429687500002 
1.2138085937500003 
1.01458984375 
1.17162109375 
1.2712304687500002 
1.20912109375 
1.1827539062499999 
1.3438867187500003 
1.2677148437500003 
1.2524804687500002 
1.18919921875 
1.10716796875 
1.3520898437500002 
1.21556640625 
1.09837890625 
1.2776757812500001 
1.22435546875 
1.2161523437500001 
1.28998046875 
