30 41 29 
0.9683007812500001 
0.6425195312499999 
0.7614648437499999 
0.8481835937499999 
0.5423242187499998 
0.6513085937499998 
0.7550195312499999 
0.6425195312499999 
0.7708398437499999 
0.45326171874999993 
0.7509179687499998 
0.8218164062499999 
0.56986328125 
0.7386132812499998 
0.6747460937499998 
0.6038476562499999 
0.7784570312499999 
0.6460351562499999 
0.5745507812499999 
0.5563867187499999 
0.7433007812499999 
0.8071679687499999 
0.7649804687499998 
0.6114648437499999 
0.4907617187499999 
0.7614648437499999 
0.8634179687499999 
0.9085351562499998 
0.5241601562499999 
0.7169335937499999 
0.7802148437499999 
0.6811914062499999 
0.5786523437499999 
0.6600976562499998 
0.7415429687499998 
0.7427148437499999 
0.6671289062499999 
0.6044335937499999 
0.7239648437499998 
0.7104882812499999 
0.78958984375 
0.5897851562499998 
0.5985742187499998 
0.6770898437499999 
0.5927148437499999 
0.5868554687499998 
0.6864648437499998 
0.5944726562499999 
0.7731835937499999 
0.7163476562499999 
0.60267578125 
0.5429101562499998 
0.8177148437499999 
0.6688867187499998 
0.7345117187499998 
0.6899804687499997 
0.6794335937499999 
0.82767578125 
0.7075585937499999 
0.95951171875 
0.7145898437499999 
0.5833398437499999 
0.7227929687499998 
0.7444726562499998 
0.56458984375 
0.7866601562499999 
0.8997460937499998 
0.8265039062499999 
0.6641992187499998 
0.7614648437499999 
0.8528710937499998 
0.6425195312499999 
0.5827539062499999 
0.7743554687499998 
0.8077539062499999 
0.6378320312499999 
0.64017578125 
0.8042382812499999 
0.49369140624999996 
0.7585351562499998 
0.8147851562499998 
0.5692773437499999 
0.7380273437499998 
0.46966796874999994 
0.5663476562499999 
0.6266992187499998 
0.9067773437499999 
0.8464257812499999 
0.8065820312499998 
0.6079492187499999 
0.5417382812499999 
0.6378320312499999 
0.6958398437499999 
0.6009179687499999 
0.5212304687499999 
0.6706445312499999 
0.43978515625 
0.9067773437499999 
0.60267578125 
0.6495507812499999 
0.47142578124999995 
0.6987695312499999 
0.6852929687499998 
0.7749414062499999 
0.5686914062499999 
0.6852929687499998 
0.6231835937499999 
0.6770898437499999 
0.6794335937499999 
0.5868554687499998 
0.41458984374999996 
0.79251953125 
0.6612695312499999 
0.7544335937499999 
0.6770898437499999 
0.6776757812499999 
0.7110742187499998 
0.6372460937499999 
0.8569726562499999 
0.8862695312499999 
0.52767578125 
0.7620507812499999 
0.7128320312499998 
0.7157617187499998 
0.64017578125 
0.6249414062499998 
0.8470117187499998 
0.5962304687499999 
0.6940820312499998 
0.8048242187499998 
0.6536523437499998 
0.7515039062499999 
0.6565820312499998 
0.5745507812499999 
0.8370507812499999 
0.7960351562499999 
0.5516992187499998 
0.7878320312499999 
0.6202539062499999 
0.5763085937499999 
0.8440820312499998 
0.7696679687499999 
0.6683007812499999 
0.5405664062499999 
0.7825585937499999 
0.9149804687499999 
0.6431054687499999 
0.6477929687499998 
0.6390039062499999 
0.7884179687499999 
0.6472070312499999 
0.6337304687499998 
0.7632226562499999 
0.6290429687499999 
0.5657617187499999 
0.56693359375 
0.7116601562499998 
0.7140039062499999 
0.7491601562499998 
0.7509179687499998 
0.7268945312499998 
0.6946679687499998 
0.8130273437499999 
0.6964257812499999 
0.7309960937499997 
0.97533203125 
0.6776757812499999 
0.4995507812499999 
0.94076171875 
0.8177148437499999 
0.7860742187499998 
0.52650390625 
0.8522851562499998 
0.5962304687499999 
0.7016992187499997 
0.7321679687499998 
0.6214257812499999 
0.47259765624999994 
0.8165429687499999 
0.6700585937499999 
0.6243554687499998 
0.5968164062499999 
0.7761132812499999 
0.5001367187499999 
0.6272851562499998 
0.6032617187499999 
0.5716210937499999 
0.9800195312500001 
0.6120507812499999 
0.7204492187499998 
0.5405664062499999 
0.6677148437499999 
0.50833984375 
0.7802148437499999 
0.7251367187499997 
0.4790429687499999 
0.7274804687499997 
0.7181054687499998 
0.5534570312499999 
0.8833398437499999 
