34 41 25 
0.5071679687499999 
0.5147851562499999 
0.6888085937499998 
0.6132226562499998 
0.6630273437499998 
0.7099023437499998 
0.6911523437499998 
0.6964257812499999 
0.8821679687499998 
0.6466210937499999 
0.7093164062499998 
0.6354882812499999 
0.6407617187499999 
0.49427734374999993 
0.5874414062499999 
0.64017578125 
0.5956445312499999 
0.7638085937499999 
0.6319726562499999 
0.8329492187499998 
0.5950585937499999 
0.6858789062499998 
0.7638085937499999 
0.7210351562499998 
0.5599023437499999 
0.7450585937499998 
0.7104882812499999 
0.8821679687499998 
0.5147851562499999 
0.7567773437499998 
0.5511132812499999 
0.6858789062499998 
0.6038476562499999 
0.6929101562499997 
0.6940820312499998 
0.5821679687499999 
0.7163476562499999 
0.8224023437499999 
0.6472070312499999 
0.8382226562499998 
0.7274804687499997 
0.5979882812499999 
0.5663476562499999 
0.6349023437499999 
0.5423242187499998 
0.8540429687499999 
0.8288476562499999 
0.5352929687499999 
0.7046289062499999 
0.92787109375 
0.5909570312499999 
0.6120507812499999 
0.5546289062499999 
0.4878320312499999 
0.7614648437499999 
0.7040429687499998 
0.5739648437499999 
0.5329492187499999 
0.7145898437499999 
0.6852929687499998 
0.5657617187499999 
0.5739648437499999 
0.96537109375 
0.7638085937499999 
0.6806054687499998 
0.9548242187499999 
0.8212304687499998 
0.6647851562499998 
0.7679101562499998 
0.6138085937499999 
0.6612695312499999 
0.6155664062499998 
0.8751367187499998 
0.5768945312499999 
1.18802734375 
0.6612695312499999 
0.6571679687499998 
0.5188867187499999 
0.96361328125 
0.5235742187499999 
0.6331445312499999 
0.8522851562499998 
0.5886132812499999 
0.5393945312499999 
0.6313867187499999 
0.6823632812499999 
0.47669921874999993 
0.7304101562499997 
0.6882226562499998 
0.8393945312499999 
0.7362695312499998 
0.6255273437499999 
0.6237695312499999 
0.7075585937499999 
0.6683007812499999 
0.5850976562499999 
0.6589257812499999 
0.6308007812499999 
0.8188867187499999 
0.7866601562499999 
0.7731835937499999 
0.7186914062499998 
0.7011132812499998 
0.4790429687499999 
0.5628320312499999 
0.7538476562499998 
0.60267578125 
0.6331445312499999 
0.5188867187499999 
0.45912109374999993 
0.5991601562499999 
0.7614648437499999 
0.9020898437499999 
0.5657617187499999 
0.6823632812499999 
0.6518945312499999 
0.6811914062499999 
0.5716210937499999 
0.6354882812499999 
0.7995507812499999 
0.6583398437499999 
0.6923242187499997 
0.6765039062499999 
0.6214257812499999 
0.6636132812499999 
0.52943359375 
0.7433007812499999 
0.92376953125 
0.4837304687499999 
0.6823632812499999 
0.8282617187499999 
0.6665429687499999 
0.6184960937499998 
0.7204492187499998 
0.6097070312499999 
0.6747460937499998 
0.7040429687499998 
0.6606835937499999 
0.91029296875 
0.5604882812499999 
0.7157617187499998 
0.5850976562499999 
1.05560546875 
0.7778710937499999 
0.6993554687499998 
0.7602929687499999 
0.6155664062499998 
0.6161523437499998 
0.6888085937499998 
0.8188867187499999 
0.94544921875 
0.7567773437499998 
0.6852929687499998 
0.55814453125 
0.5599023437499999 
0.5417382812499999 
0.7386132812499998 
0.5024804687499999 
0.6899804687499997 
0.8141992187499998 
0.7784570312499999 
0.6518945312499999 
0.6237695312499999 
0.6753320312499999 
0.7761132812499999 
0.6677148437499999 
0.6864648437499998 
0.8153710937499998 
0.7122460937499998 
0.7708398437499999 
0.6032617187499999 
0.6442773437499999 
0.5534570312499999 
0.7397851562499997 
0.4626367187499999 
0.92494140625 
0.5352929687499999 
0.7022851562499998 
0.8323632812499999 
0.47728515624999995 
0.6747460937499998 
0.7854882812499999 
0.5944726562499999 
0.7854882812499999 
0.8423242187499997 
0.7227929687499998 
0.7099023437499998 
0.6823632812499999 
0.7233789062499998 
0.6167382812499999 
0.5382226562499999 
0.8569726562499999 
0.5686914062499999 
0.6952539062499998 
0.6811914062499999 
0.6003320312499999 
0.6015039062499999 
0.6536523437499998 
0.7884179687499999 
0.5335351562499999 
