29 4 67 
1.2378320312500002 
1.12123046875 
1.2143945312500002 
1.22083984375 
1.28236328125 
1.17806640625 
1.2395898437500001 
1.13177734375 
1.2548242187500003 
1.2835351562500001 
1.2565820312500002 
1.18802734375 
1.30052734375 
1.18919921875 
1.3099023437500001 
1.28705078125 
1.32220703125 
1.2173242187500002 
1.3040429687500001 
1.2466210937500002 
1.2753320312500003 
0.6776757812499999 
1.2138085937500003 
1.2372460937500003 
1.29642578125 
1.1446679687499999 
1.2829492187500002 
1.2483789062500001 
1.2653710937500002 
1.2548242187500003 
1.2612695312500002 
1.2565820312500002 
1.31869140625 
1.2847070312500002 
1.24603515625 
0.7011132812499998 
1.2583398437500002 
1.3257226562500002 
1.38431640625 
0.5546289062499999 
1.2313867187500003 
1.2419335937500002 
1.2583398437500002 
1.20912109375 
1.1985742187500001 
1.0081445312500001 
1.2143945312500002 
1.2595117187500002 
1.08958984375 
0.8786523437499998 
1.2349023437500002 
1.2706445312500003 
1.2501367187500003 
0.7679101562499998 
1.2999414062499999 
1.26478515625 
1.31517578125 
1.2571679687500001 
1.23900390625 
1.22552734375 
1.23431640625 
1.20150390625 
1.30345703125 
1.29876953125 
1.2759179687500002 
1.31341796875 
1.18509765625 
1.1886132812499999 
1.2934960937500002 
1.22083984375 
1.20970703125 
0.91439453125 
1.2419335937500002 
0.92376953125 
1.2489648437500003 
1.26244140625 
1.2653710937500002 
1.2718164062500001 
1.13822265625 
1.1464257812499998 
1.13705078125 
1.2331445312500002 
1.33509765625 
0.96947265625 
1.22728515625 
1.1294335937500002 
1.13177734375 
1.2466210937500002 
0.8845117187499998 
1.12708984375 
1.0936914062499998 
1.10306640625 
0.96068359375 
1.29525390625 
1.24310546875 
1.22083984375 
1.1475976562499999 
1.2806054687500001 
1.29876953125 
1.29935546875 
1.2407617187500002 
1.3263085937500003 
1.2501367187500003 
0.8880273437499998 
1.2876367187500002 
1.30287109375 
1.2407617187500002 
1.22083984375 
1.1874414062499998 
1.2278710937500001 
1.1751367187500001 
1.2683007812500002 
1.30052734375 
1.2366601562500001 
1.2220117187500001 
1.20677734375 
1.2595117187500002 
1.39017578125 
1.2923242187500001 
1.2184960937500002 
1.21087890625 
1.2747460937500004 
0.9987695312499999 
1.1886132812499999 
1.18041015625 
1.2337304687500001 
1.26478515625 
1.2524804687500002 
0.96654296875 
1.23841796875 
1.20970703125 
1.2729882812500002 
1.2800195312500002 
1.17162109375 
1.29291015625 
1.2278710937500001 
1.29701171875 
1.20794921875 
1.33509765625 
1.31869140625 
1.1405664062499998 
1.2847070312500002 
1.23900390625 
1.30287109375 
1.30169921875 
0.8370507812499999 
1.07845703125 
1.29583984375 
1.2864648437500001 
1.12767578125 
1.24369140625 
1.23431640625 
0.6876367187499998 
1.33392578125 
1.2518945312500003 
1.22552734375 
1.2893945312500001 
1.2641992187500002 
1.3110742187500002 
1.2489648437500003 
1.2331445312500002 
1.22142578125 
0.94720703125 
1.2800195312500002 
1.14349609375 
1.2466210937500002 
1.30052734375 
1.3345117187500002 
0.8534570312499998 
1.29291015625 
1.35736328125 
1.43939453125 
1.13880859375 
1.2302148437500002 
1.2337304687500001 
1.2817773437500002 
1.3251367187500003 
1.2477929687500002 
1.04798828125 
1.00404296875 
1.2161523437500001 
1.2683007812500002 
1.03041015625 
1.22728515625 
1.18802734375 
1.2126367187500002 
1.22552734375 
0.7749414062499999 
1.3263085937500003 
1.29525390625 
1.29466796875 
1.0761132812499998 
1.28119140625 
1.0872460937500001 
1.08958984375 
1.22669921875 
1.21673828125 
1.29408203125 
1.31869140625 
1.06087890625 
