41 42 17 
0.6565820312499998 
0.4614648437499999 
0.7456445312499999 
0.6554101562499998 
0.6296289062499999 
0.5159570312499999 
0.7409570312499998 
0.5593164062499999 
0.6940820312499998 
0.56517578125 
0.5610742187499999 
0.6712304687499998 
0.6577539062499999 
0.93255859375 
0.50892578125 
0.6044335937499999 
0.51771484375 
0.7673242187499998 
0.51771484375 
0.40990234374999995 
0.4263085937499999 
0.7028710937499998 
0.8839257812499999 
0.7204492187499998 
0.8405664062499998 
0.91146484375 
0.7485742187499997 
0.5956445312499999 
0.6138085937499999 
0.5974023437499999 
0.8933007812499999 
0.7503320312499998 
0.7485742187499997 
0.7263085937499998 
0.6923242187499997 
0.7913476562499999 
0.7585351562499998 
0.6460351562499999 
0.4614648437499999 
0.6518945312499999 
0.8809960937499998 
0.5604882812499999 
0.7391992187499997 
0.7345117187499998 
0.4802148437499999 
0.6278710937499998 
0.7058007812499999 
0.7339257812499999 
0.6038476562499999 
0.7134179687499999 
0.6009179687499999 
0.5856835937499999 
0.7186914062499998 
0.7573632812499999 
0.8622460937499998 
0.5786523437499999 
0.5716210937499999 
0.6513085937499998 
0.7140039062499999 
0.6911523437499998 
0.56458984375 
0.5786523437499999 
0.7222070312499999 
0.7520898437499999 
0.7391992187499997 
0.9026757812499999 
0.7421289062499998 
0.6647851562499998 
0.42982421874999993 
0.5927148437499999 
0.5059960937499999 
0.7854882812499999 
0.6882226562499998 
0.7878320312499999 
0.6331445312499999 
0.7725976562499999 
0.5997460937499999 
0.4825585937499999 
0.7515039062499999 
0.7462304687499998 
0.7509179687499998 
0.6390039062499999 
0.5827539062499999 
0.6120507812499999 
0.7643945312499999 
0.43451171874999994 
0.6841210937499999 
0.4966210937499999 
0.7046289062499999 
0.6442773437499999 
0.6624414062499998 
0.44330078124999994 
0.7690820312499999 
0.6765039062499999 
0.6911523437499998 
0.7251367187499997 
0.6841210937499999 
0.6806054687499998 
0.7438867187499998 
0.8452539062499999 
0.6360742187499998 
0.56986328125 
0.4919335937499999 
0.6436914062499999 
0.5968164062499999 
0.5054101562499999 
0.5393945312499999 
0.5054101562499999 
0.6319726562499999 
0.8411523437499998 
0.43275390625 
0.6284570312499999 
0.6225976562499999 
0.7438867187499998 
0.7169335937499999 
0.5540429687499999 
0.4819726562499999 
0.54642578125 
0.5962304687499999 
0.7110742187499998 
0.8018945312499999 
0.7450585937499998 
0.53470703125 
0.6173242187499998 
0.8663476562499999 
0.7790429687499999 
0.8013085937499999 
0.6712304687499998 
0.6097070312499999 
0.6278710937499998 
0.6495507812499999 
0.5974023437499999 
0.6759179687499999 
0.8587304687499998 
0.8188867187499999 
0.7198632812499999 
0.5165429687499999 
0.91439453125 
0.8558007812499999 
0.5282617187499999 
0.5956445312499999 
0.7567773437499998 
0.6577539062499999 
0.6806054687499998 
0.6331445312499999 
0.5311914062499999 
0.93783203125 
0.5411523437499999 
0.5944726562499999 
0.6741601562499998 
0.6143945312499999 
0.7339257812499999 
0.4872460937499999 
0.5516992187499998 
0.4907617187499999 
0.6665429687499999 
0.7222070312499999 
0.78080078125 
0.6272851562499998 
0.6460351562499999 
0.6829492187499998 
0.5985742187499998 
0.8856835937499998 
0.7222070312499999 
0.6665429687499999 
0.6015039062499999 
0.6056054687499999 
0.52591796875 
0.8153710937499998 
0.6536523437499998 
0.5540429687499999 
0.7907617187499999 
0.6003320312499999 
0.7567773437499998 
0.6184960937499998 
0.47728515624999995 
0.6085351562499999 
0.6671289062499999 
0.4907617187499999 
0.6847070312499999 
0.7854882812499999 
0.8429101562499998 
0.5792382812499999 
0.55521484375 
0.6331445312499999 
0.45560546874999996 
0.6325585937499999 
0.7690820312499999 
0.4907617187499999 
0.7614648437499999 
0.6700585937499999 
0.6847070312499999 
0.6677148437499999 
0.5036523437499999 
0.5130273437499999 
0.8399804687499998 
0.5622460937499999 
0.6583398437499999 
0.6753320312499999 
0.5159570312499999 
