53 42 5 
0.7093164062499998 
0.5757226562499999 
0.6372460937499999 
0.6612695312499999 
0.7163476562499999 
0.6671289062499999 
0.7391992187499997 
0.5704492187499999 
0.8147851562499998 
0.5071679687499999 
0.5370507812499999 
0.6934960937499998 
0.6073632812499999 
0.4966210937499999 
0.7485742187499997 
0.7661523437499999 
0.6501367187499998 
0.6823632812499999 
0.6061914062499999 
0.6565820312499998 
0.6852929687499998 
0.6518945312499999 
0.8323632812499999 
0.6659570312499998 
0.6975976562499998 
0.6548242187499997 
0.45619140625 
0.5821679687499999 
0.7755273437499999 
0.6061914062499999 
0.6917382812499998 
0.5540429687499999 
0.64017578125 
0.6302148437499999 
0.45736328125 
0.5874414062499999 
0.6724023437499999 
0.6143945312499999 
0.5030664062499999 
0.6477929687499998 
0.7157617187499998 
0.6448632812499999 
0.6788476562499999 
0.5147851562499999 
0.7679101562499998 
0.5616601562499999 
0.6032617187499999 
0.6460351562499999 
0.6091210937499999 
0.7058007812499999 
0.8593164062499998 
0.6448632812499999 
0.7415429687499998 
0.6841210937499999 
0.6536523437499998 
0.5358789062499999 
0.6630273437499998 
0.7110742187499998 
0.5194726562499999 
0.56693359375 
0.8809960937499998 
0.56400390625 
0.6665429687499999 
0.8042382812499999 
0.7040429687499998 
0.6501367187499998 
0.53470703125 
0.42865234374999994 
0.7052148437499999 
0.7438867187499998 
0.6366601562499998 
0.8722070312499999 
0.6108789062499999 
0.6524804687499998 
0.7134179687499999 
0.6390039062499999 
0.5141992187499999 
0.5628320312499999 
0.7280664062499997 
0.52064453125 
0.4485742187499999 
0.6372460937499999 
0.6934960937499998 
0.6981835937499998 
0.6425195312499999 
0.56517578125 
0.6261132812499999 
0.7714257812499999 
0.7515039062499999 
0.7028710937499998 
0.7837304687499999 
0.6489648437499999 
0.5628320312499999 
0.7251367187499997 
0.7304101562499997 
0.7186914062499998 
0.7538476562499998 
0.5804101562499998 
0.5974023437499999 
0.6249414062499998 
0.6108789062499999 
0.6472070312499999 
0.8212304687499998 
0.5868554687499998 
0.5997460937499999 
0.6671289062499999 
0.6302148437499999 
0.6811914062499999 
0.4895898437499999 
0.5604882812499999 
0.7104882812499999 
0.5522851562499999 
0.7591210937499998 
0.7849023437499999 
0.7415429687499998 
0.7227929687499998 
0.6214257812499999 
0.5745507812499999 
0.91205078125 
0.7151757812499999 
0.7233789062499998 
1.06146484375 
0.7784570312499999 
0.7532617187499998 
0.7022851562499998 
0.49720703124999993 
0.8950585937499999 
0.6308007812499999 
0.6108789062499999 
0.52767578125 
0.55521484375 
0.5405664062499999 
0.6612695312499999 
0.6536523437499998 
0.6395898437499999 
0.5927148437499999 
0.8159570312499999 
0.5071679687499999 
0.7034570312499998 
0.5909570312499999 
0.6407617187499999 
0.6647851562499998 
0.6056054687499999 
0.45326171874999993 
0.40931640625 
0.49720703124999993 
0.7268945312499998 
0.7602929687499999 
0.7468164062499998 
0.4872460937499999 
0.7292382812499998 
0.52064453125 
0.6149804687499998 
0.6612695312499999 
0.7725976562499999 
0.52064453125 
0.7087304687499998 
0.7479882812499998 
0.7638085937499999 
0.53001953125 
0.5352929687499999 
0.6806054687499998 
0.6061914062499999 
0.6747460937499998 
0.7948632812499999 
0.4977929687499999 
0.8018945312499999 
0.6237695312499999 
0.5194726562499999 
0.5997460937499999 
0.5487695312499999 
0.6700585937499999 
0.7251367187499997 
0.7028710937499998 
0.9266992187499999 
0.6987695312499999 
0.5388085937499999 
0.8259179687499999 
0.6196679687499999 
0.47025390624999996 
0.8768945312499998 
0.8206445312499999 
0.5921289062499999 
0.8106835937499999 
0.7128320312499998 
0.7538476562499998 
0.7638085937499999 
0.5393945312499999 
0.5118554687499999 
0.6806054687499998 
0.5411523437499999 
0.8124414062499998 
0.7438867187499998 
0.6366601562499998 
0.4632226562499999 
0.6302148437499999 
0.7069726562499998 
0.8411523437499998 
0.8212304687499998 
0.6671289062499999 
