57 42 1 
0.7005273437499998 
0.6964257812499999 
0.8329492187499998 
0.41400390625 
0.39818359374999995 
0.4966210937499999 
0.6366601562499998 
0.6858789062499998 
0.6829492187499998 
0.60501953125 
0.7093164062499998 
0.56986328125 
0.5891992187499998 
0.8540429687499999 
0.7339257812499999 
0.5440820312499999 
0.52708984375 
0.52298828125 
0.6325585937499999 
0.4995507812499999 
0.6852929687499998 
0.6448632812499999 
0.4778710937499999 
0.54642578125 
0.52591796875 
0.5194726562499999 
0.6811914062499999 
0.6735742187499998 
0.5739648437499999 
0.56458984375 
0.47552734374999994 
0.52708984375 
0.55814453125 
0.5722070312499999 
0.6636132812499999 
0.5962304687499999 
0.6261132812499999 
0.6044335937499999 
0.5956445312499999 
0.7942773437499999 
0.8335351562499999 
0.7585351562499998 
0.6190820312499998 
0.6864648437499998 
0.6835351562499998 
0.7304101562499997 
0.7104882812499999 
0.6577539062499999 
0.39291015625 
0.5165429687499999 
0.7333398437499998 
0.8475976562499998 
0.5997460937499999 
0.6114648437499999 
0.5458398437499999 
0.97064453125 
0.7913476562499999 
0.6817773437499999 
0.6589257812499999 
0.8388085937499998 
0.43978515625 
0.6202539062499999 
0.8341210937499999 
0.7843164062499999 
0.8739648437499998 
0.5475976562499999 
0.8089257812499999 
0.5282617187499999 
0.51712890625 
0.7374414062499998 
0.52591796875 
0.7714257812499999 
0.6548242187499997 
0.5487695312499999 
0.5599023437499999 
0.6530664062499998 
0.45384765624999995 
0.5757226562499999 
0.6811914062499999 
0.6753320312499999 
0.7011132812499998 
0.6636132812499999 
0.6911523437499998 
0.5968164062499999 
0.5188867187499999 
0.5118554687499999 
0.7825585937499999 
0.5768945312499999 
0.8809960937499998 
0.7720117187499999 
0.5253320312499999 
0.5188867187499999 
0.8241601562499998 
0.6630273437499998 
0.6261132812499999 
0.7427148437499999 
0.7104882812499999 
0.8089257812499999 
0.6384179687499999 
0.7450585937499998 
0.6290429687499999 
0.6009179687499999 
0.6624414062499998 
0.45677734374999995 
0.56986328125 
0.60208984375 
0.5030664062499999 
0.8089257812499999 
0.5968164062499999 
0.6548242187499997 
0.6003320312499999 
0.5587304687499999 
0.45267578124999996 
0.7708398437499999 
0.5974023437499999 
0.5704492187499999 
0.50833984375 
0.7081445312499999 
0.6847070312499999 
0.7948632812499999 
0.5862695312499999 
0.52591796875 
0.4825585937499999 
0.8516992187499998 
0.7386132812499998 
0.60267578125 
0.8335351562499999 
0.4977929687499999 
0.7515039062499999 
0.5827539062499999 
0.5370507812499999 
0.6284570312499999 
0.7386132812499998 
0.7315820312499998 
0.5745507812499999 
0.5235742187499999 
0.7438867187499998 
0.6606835937499999 
0.7679101562499998 
0.7497460937499998 
0.5891992187499998 
0.5628320312499999 
0.6659570312499998 
0.6636132812499999 
0.56693359375 
0.6606835937499999 
0.6067773437499999 
0.6847070312499999 
0.5159570312499999 
0.40404296874999995 
0.7339257812499999 
0.5657617187499999 
0.5546289062499999 
0.82767578125 
0.7169335937499999 
0.6073632812499999 
0.7157617187499998 
0.5663476562499999 
0.6741601562499998 
0.6243554687499998 
0.6366601562499998 
0.6138085937499999 
0.5839257812499999 
0.6548242187499997 
0.6407617187499999 
0.78958984375 
0.8118554687499998 
0.6372460937499999 
0.6729882812499999 
0.6208398437499999 
0.7591210937499998 
0.6952539062499998 
0.7761132812499999 
0.7022851562499998 
0.5417382812499999 
0.5915429687499999 
0.5856835937499999 
0.5610742187499999 
0.5540429687499999 
0.7134179687499999 
0.5909570312499999 
0.7011132812499998 
0.7292382812499998 
0.6325585937499999 
0.8347070312499999 
0.4831445312499999 
0.7186914062499998 
0.56986328125 
0.5393945312499999 
0.52708984375 
0.6747460937499998 
0.5845117187499999 
0.6999414062499998 
0.6337304687499998 
0.6056054687499999 
0.6448632812499999 
0.5604882812499999 
0.7374414062499998 
0.6390039062499999 
0.6893945312499998 
