7 43 50 
0.7690820312499999 
1.0497460937500003 
0.7520898437499999 
0.8704492187499998 
0.82767578125 
0.8938867187499998 
1.2061914062499999 
1.32923828125 
0.9395898437500001 
1.0444726562500002 
1.0257226562500001 
1.20794921875 
1.00345703125 
1.26244140625 
1.2671289062500002 
1.24369140625 
1.20970703125 
0.8528710937499998 
0.8903710937499998 
1.12767578125 
1.2747460937500004 
1.25775390625 
1.2759179687500002 
1.2102929687500001 
1.29115234375 
1.2061914062499999 
1.2659570312500001 
1.29173828125 
1.2313867187500003 
0.8300195312499999 
0.8599023437499999 
1.2395898437500001 
1.2495507812500002 
1.19037109375 
1.30228515625 
0.8974023437499998 
1.00990234375 
1.2313867187500003 
0.9929101562499998 
0.8856835937499998 
1.15521484375 
0.91205078125 
1.25775390625 
1.19681640625 
1.2366601562500001 
1.2665429687500003 
0.8745507812499999 
1.22669921875 
1.22376953125 
1.21087890625 
1.22025390625 
1.13763671875 
0.9981835937499999 
1.2524804687500002 
1.24134765625 
1.2583398437500002 
0.92201171875 
1.19330078125 
1.2278710937500001 
1.2061914062499999 
0.8382226562499998 
1.0638085937500001 
1.29115234375 
1.19330078125 
1.2425195312500001 
1.2220117187500001 
1.13470703125 
1.10658203125 
1.32806640625 
1.0239648437500002 
1.08431640625 
0.9448632812500001 
1.2313867187500003 
0.91087890625 
1.1640039062499998 
1.02806640625 
0.9911523437499998 
1.05560546875 
1.2548242187500003 
0.9946679687499999 
1.2337304687500001 
0.92845703125 
0.95833984375 
1.26185546875 
1.09427734375 
0.8159570312499999 
1.2477929687500002 
0.97123046875 
1.08080078125 
0.92494140625 
1.04681640625 
1.18216796875 
1.14291015625 
1.3052148437500002 
0.95658203125 
1.1059960937500002 
0.9448632812500001 
1.1013085937500002 
1.1763085937500002 
0.7339257812499999 
0.9800195312500001 
1.32220703125 
1.08314453125 
0.7790429687499999 
0.97826171875 
0.98412109375 
1.13646484375 
1.22845703125 
1.03041015625 
1.2700585937500004 
1.2325585937500003 
0.9050195312499999 
0.91322265625 
1.21498046875 
1.25892578125 
0.8534570312499998 
0.7796289062499999 
1.13294921875 
1.2331445312500002 
1.08431640625 
0.97826171875 
1.00404296875 
1.2102929687500001 
0.9501367187499999 
1.00287109375 
1.1956445312500001 
1.0298242187500002 
1.2501367187500003 
0.8686914062499999 
1.2366601562500001 
1.3075585937500003 
1.2630273437500001 
0.9554101562499999 
1.1651757812499999 
1.13529296875 
1.2495507812500002 
0.7766992187499998 
0.5774804687499998 
0.8095117187499998 
0.8059960937499998 
1.19798828125 
1.2595117187500002 
0.96244140625 
1.01166015625 
0.7720117187499999 
0.8007226562499998 
1.0638085937500001 
1.07904296875 
0.9852929687499998 
0.92611328125 
0.91908203125 
0.8874414062499998 
1.30228515625 
1.15990234375 
1.07376953125 
1.06849609375 
0.9097070312499999 
1.1985742187500001 
1.05970703125 
1.2308007812500001 
1.2313867187500003 
1.2360742187500002 
1.22259765625 
0.97650390625 
1.0813867187500001 
1.1235742187500002 
1.2114648437500002 
0.6220117187499998 
1.2483789062500001 
1.2659570312500001 
1.2518945312500003 
1.2583398437500002 
1.05267578125 
0.9214257812500001 
0.8891992187499997 
1.1956445312500001 
1.2606835937500003 
1.29115234375 
0.6542382812499998 
1.02923828125 
1.2331445312500002 
1.20150390625 
1.2565820312500002 
0.8265039062499999 
1.19447265625 
1.0227929687500001 
1.0169335937500001 
0.7433007812499999 
1.11712890625 
1.16166015625 
0.8171289062499999 
1.03744140625 
1.2507226562500002 
0.8915429687499998 
1.2138085937500003 
1.19095703125 
1.2407617187500002 
1.2366601562500001 
1.1927148437500001 
0.9501367187499999 
