37 4 59 
1.2659570312500001 
1.2290429687500002 
1.2659570312500001 
1.35267578125 
1.2366601562500001 
1.0485742187500002 
1.31517578125 
1.2190820312500001 
1.2747460937500004 
1.2044335937500001 
1.2759179687500002 
1.1253320312500001 
1.2477929687500002 
1.33802734375 
1.29408203125 
1.3509179687500001 
1.2349023437500002 
1.31810546875 
1.2325585937500003 
1.28236328125 
1.23900390625 
1.2864648437500001 
1.2794335937500003 
1.2571679687500001 
1.2513085937500004 
0.6624414062499998 
1.2606835937500003 
1.2770898437500002 
1.20326171875 
1.22669921875 
0.6296289062499999 
1.2313867187500003 
1.29408203125 
1.2612695312500002 
1.33744140625 
1.1177148437500002 
1.15462890625 
1.21498046875 
1.24017578125 
1.3040429687500001 
1.13880859375 
1.2571679687500001 
1.2641992187500002 
1.3333398437500001 
1.2331445312500002 
1.23548828125 
1.2712304687500002 
1.08314453125 
1.2747460937500004 
1.3257226562500002 
1.20736328125 
1.2114648437500002 
1.22728515625 
1.2559960937500003 
1.1997460937500002 
1.05560546875 
1.17689453125 
1.21556640625 
1.16341796875 
1.24134765625 
1.2888085937500002 
1.2759179687500002 
1.21498046875 
1.3239648437500002 
1.28119140625 
1.05091796875 
1.35150390625 
1.21498046875 
1.17865234375 
1.18158203125 
1.2407617187500002 
1.2606835937500003 
1.2483789062500001 
1.29642578125 
1.2308007812500001 
1.3128320312500001 
1.29525390625 
1.2302148437500002 
1.20150390625 
1.2138085937500003 
1.1417382812499999 
1.34681640625 
1.2630273437500001 
1.05677734375 
1.28236328125 
1.2694726562500003 
1.2477929687500002 
1.2835351562500001 
1.1593164062499999 
1.2729882812500002 
1.10248046875 
1.2606835937500003 
1.18216796875 
1.2161523437500001 
0.9067773437499999 
1.20384765625 
1.23900390625 
1.2331445312500002 
1.21791015625 
1.2583398437500002 
1.2847070312500002 
1.3251367187500003 
1.2554101562500002 
1.2999414062499999 
1.2565820312500002 
1.2454492187500001 
1.2753320312500003 
1.29642578125 
1.29115234375 
1.2102929687500001 
1.0989648437500001 
1.3309960937500003 
1.3479882812500001 
1.3274804687500001 
1.0474023437500002 
1.24720703125 
1.13822265625 
1.28705078125 
1.24017578125 
1.2308007812500001 
1.3485742187500003 
1.2290429687500002 
1.16576171875 
1.26478515625 
1.2366601562500001 
1.2659570312500001 
1.31517578125 
1.06732421875 
1.25306640625 
1.23431640625 
1.18802734375 
1.05619140625 
1.2677148437500003 
1.22259765625 
1.3122460937500002 
1.2477929687500002 
1.22142578125 
1.2923242187500001 
1.06029296875 
1.26185546875 
0.7116601562499998 
1.2489648437500003 
1.14876953125 
1.2847070312500002 
0.98470703125 
1.2454492187500001 
1.2571679687500001 
1.0433007812500001 
1.2565820312500002 
1.2665429687500003 
0.8727929687499998 
1.12884765625 
1.31400390625 
1.29115234375 
1.16224609375 
1.2542382812500001 
1.2378320312500002 
1.2876367187500002 
1.2641992187500002 
1.24603515625 
1.31869140625 
1.2788476562500002 
1.2337304687500001 
1.24486328125 
1.30287109375 
1.18509765625 
1.21205078125 
1.2694726562500003 
1.2337304687500001 
1.2565820312500002 
1.4224023437500002 
1.1294335937500002 
1.16693359375 
1.2776757812500001 
1.24134765625 
1.23548828125 
1.23900390625 
1.0702539062499998 
1.23841796875 
1.2571679687500001 
1.11361328125 
1.2735742187500003 
1.30052734375 
1.1522851562499998 
1.20384765625 
1.2536523437500002 
1.16107421875 
1.28529296875 
1.0702539062499998 
1.30169921875 
1.1018945312500001 
1.3491601562500002 
1.2513085937500004 
1.2366601562500001 
1.2548242187500003 
1.2554101562500002 
1.20091796875 
1.2571679687500001 
0.6091210937499999 
1.2290429687500002 
