27 43 30 
0.8540429687499999 
0.5780664062499998 
0.6337304687499998 
0.94310546875 
0.7304101562499997 
0.56517578125 
0.8200585937499999 
0.7134179687499999 
0.6788476562499999 
0.9073632812499999 
0.5722070312499999 
0.56751953125 
0.7485742187499997 
0.7280664062499997 
0.6126367187499998 
0.7720117187499999 
0.52650390625 
0.7058007812499999 
0.7790429687499999 
0.7983789062499999 
0.6641992187499998 
0.7579492187499998 
0.7403710937499998 
0.8358789062499998 
0.5903710937499999 
0.6173242187499998 
0.7016992187499997 
0.7093164062499998 
0.6091210937499999 
0.5663476562499999 
0.60501953125 
0.6583398437499999 
0.7286523437499998 
0.6753320312499999 
0.7087304687499998 
0.42982421874999993 
0.6343164062499999 
0.7186914062499998 
0.5974023437499999 
0.92904296875 
0.9056054687499998 
0.7438867187499998 
0.8434960937499998 
0.7456445312499999 
0.8224023437499999 
0.6390039062499999 
0.6032617187499999 
0.6806054687499998 
0.6138085937499999 
0.6472070312499999 
0.7831445312499999 
0.6964257812499999 
0.7679101562499998 
0.6085351562499999 
0.5991601562499999 
0.8124414062499998 
0.6694726562499999 
0.6929101562499997 
0.6372460937499999 
0.7626367187499998 
0.6155664062499998 
0.7591210937499998 
0.49017578124999994 
0.45267578124999996 
0.8645898437499999 
0.5938867187499999 
0.6530664062499998 
0.6360742187499998 
0.6864648437499998 
0.6817773437499999 
0.6231835937499999 
0.6870507812499999 
0.8247460937499999 
0.6817773437499999 
1.0403710937500001 
0.9179101562499999 
1.00462890625 
0.7667382812499999 
0.6606835937499999 
0.8399804687499998 
0.5130273437499999 
0.96595703125 
0.7315820312499998 
0.7573632812499999 
0.5763085937499999 
0.7954492187499999 
0.5634179687499999 
0.6003320312499999 
0.8095117187499998 
0.7497460937499998 
0.9911523437499998 
0.6882226562499998 
0.7503320312499998 
0.7063867187499998 
0.8065820312499998 
0.5399804687499998 
0.7743554687499998 
0.6636132812499999 
0.7321679687499998 
0.9061914062499998 
0.5886132812499999 
0.6472070312499999 
0.8376367187499998 
0.7890039062499999 
0.5821679687499999 
0.6308007812499999 
0.7854882812499999 
0.5716210937499999 
0.7708398437499999 
0.49134765624999993 
0.6501367187499998 
0.47728515624999995 
0.7597070312499998 
0.8405664062499998 
0.5821679687499999 
0.6659570312499998 
0.6700585937499999 
0.7462304687499998 
0.6524804687499998 
0.6612695312499999 
0.8165429687499999 
0.7491601562499998 
0.92787109375 
0.7884179687499999 
0.7456445312499999 
0.8194726562499999 
0.6694726562499999 
0.56693359375 
0.4983789062499999 
0.8429101562499998 
0.5938867187499999 
0.9683007812500001 
0.7907617187499999 
0.5974023437499999 
0.5704492187499999 
0.8716210937499999 
0.6905664062499998 
0.8429101562499998 
0.8774804687499997 
0.5282617187499999 
0.9056054687499998 
0.8382226562499998 
0.6243554687499998 
0.6214257812499999 
0.6015039062499999 
0.7016992187499997 
0.6132226562499998 
1.00052734375 
0.8522851562499998 
0.5927148437499999 
0.7515039062499999 
0.6958398437499999 
0.5657617187499999 
0.7831445312499999 
0.6495507812499999 
0.8399804687499998 
0.6477929687499998 
0.97826171875 
0.7831445312499999 
0.8059960937499998 
0.8253320312499999 
0.8657617187499999 
1.06263671875 
0.7005273437499998 
0.49369140624999996 
0.7983789062499999 
0.4690820312499999 
0.7790429687499999 
0.6091210937499999 
0.6589257812499999 
0.7069726562499998 
0.5727929687499999 
0.51771484375 
0.7345117187499998 
0.4790429687499999 
0.60208984375 
0.7977929687499998 
0.5681054687499999 
0.5786523437499999 
0.6829492187499998 
0.6929101562499997 
0.6143945312499999 
0.7110742187499998 
0.8071679687499999 
0.7860742187499998 
0.8909570312499998 
0.4983789062499999 
0.7661523437499999 
0.4866601562499999 
0.8610742187499998 
0.6911523437499998 
0.91966796875 
0.6366601562499998 
0.5376367187499999 
0.6073632812499999 
0.5388085937499999 
0.7280664062499997 
0.5481835937499999 
0.91029296875 
0.5235742187499999 
