28 43 29 
0.5235742187499999 
0.5522851562499999 
0.5124414062499999 
0.6272851562499998 
0.7110742187499998 
0.7099023437499998 
0.7421289062499998 
0.8927148437499999 
0.5358789062499999 
0.6120507812499999 
0.7005273437499998 
0.7966210937499999 
0.7034570312499998 
0.8259179687499999 
0.6794335937499999 
0.6770898437499999 
0.5452539062499999 
0.8071679687499999 
0.5763085937499999 
0.7391992187499997 
0.5962304687499999 
0.7362695312499998 
0.7063867187499998 
0.98060546875 
0.5921289062499999 
0.7520898437499999 
0.8159570312499999 
0.7737695312499999 
0.9056054687499998 
0.4825585937499999 
0.78958984375 
0.78958984375 
0.6477929687499998 
0.6442773437499999 
0.7942773437499999 
0.6864648437499998 
0.6981835937499998 
0.5382226562499999 
0.8903710937499998 
0.6009179687499999 
0.4790429687499999 
0.5423242187499998 
0.6237695312499999 
0.8247460937499999 
0.6530664062499998 
0.7913476562499999 
0.7837304687499999 
0.6202539062499999 
0.6501367187499998 
0.6477929687499998 
0.6624414062499998 
0.7796289062499999 
0.7550195312499999 
0.6647851562499998 
0.5997460937499999 
0.5704492187499999 
0.6641992187499998 
0.6852929687499998 
0.5534570312499999 
0.5235742187499999 
0.6829492187499998 
0.6126367187499998 
0.8833398437499999 
0.5024804687499999 
0.7421289062499998 
0.6940820312499998 
0.5862695312499999 
0.8358789062499998 
0.6167382812499999 
0.6284570312499999 
0.5136132812499999 
0.8552148437499999 
0.7890039062499999 
0.7532617187499998 
0.5833398437499999 
0.6964257812499999 
0.56517578125 
0.5136132812499999 
0.6753320312499999 
0.6173242187499998 
0.92787109375 
0.46966796874999994 
0.6489648437499999 
0.7790429687499999 
0.6759179687499999 
0.6659570312499998 
0.7052148437499999 
0.6800195312499999 
0.5774804687499998 
0.7796289062499999 
0.6858789062499998 
0.6718164062499998 
0.5118554687499999 
0.6934960937499998 
0.6507226562499998 
0.97416015625 
0.7989648437499999 
0.6284570312499999 
0.5915429687499999 
0.5745507812499999 
0.5821679687499999 
0.6618554687499998 
0.9038476562499999 
0.8927148437499999 
0.5241601562499999 
0.6308007812499999 
0.8704492187499998 
0.5950585937499999 
0.6225976562499999 
0.6589257812499999 
0.5235742187499999 
0.8675195312499999 
0.5944726562499999 
0.5891992187499998 
0.7175195312499999 
0.7263085937499998 
0.5692773437499999 
0.5763085937499999 
0.6548242187499997 
0.8118554687499998 
0.6636132812499999 
0.8335351562499999 
0.5962304687499999 
0.6337304687499998 
0.6483789062499998 
0.4690820312499999 
0.7796289062499999 
0.5546289062499999 
0.8458398437499999 
0.5950585937499999 
0.5382226562499999 
0.7028710937499998 
0.8470117187499998 
0.8013085937499999 
0.6091210937499999 
0.8856835937499998 
0.5763085937499999 
0.7456445312499999 
0.6425195312499999 
0.5311914062499999 
0.8979882812499999 
0.6349023437499999 
0.7034570312499998 
0.6536523437499998 
0.6917382812499998 
0.5616601562499999 
0.6835351562499998 
0.7643945312499999 
0.6032617187499999 
0.6718164062499998 
0.6097070312499999 
0.5991601562499999 
0.6266992187499998 
0.6477929687499998 
0.7181054687499998 
0.8481835937499999 
0.8921289062499999 
0.5956445312499999 
0.7198632812499999 
0.8968164062499998 
0.91322265625 
0.7585351562499998 
0.7526757812499999 
0.7884179687499999 
0.6255273437499999 
0.6811914062499999 
0.53236328125 
0.8165429687499999 
0.9425195312500001 
0.6858789062499998 
0.5979882812499999 
0.7444726562499998 
0.8352929687499998 
0.7497460937499998 
0.6776757812499999 
0.7110742187499998 
0.6296289062499999 
0.5212304687499999 
0.4643945312499999 
0.5481835937499999 
0.7087304687499998 
0.6929101562499997 
0.7163476562499999 
0.6302148437499999 
0.7151757812499999 
0.6993554687499998 
0.6126367187499998 
0.8317773437499999 
0.6015039062499999 
0.6993554687499998 
0.7561914062499998 
0.8698632812499999 
0.7784570312499999 
0.7497460937499998 
0.7163476562499999 
0.8546289062499999 
0.7110742187499998 
0.7550195312499999 
0.7257226562499998 
0.7485742187499997 
