30 43 27 
0.5716210937499999 
0.8294335937499999 
0.6595117187499998 
0.5850976562499999 
0.8604882812499999 
0.6155664062499998 
0.59330078125 
0.5059960937499999 
0.79017578125 
0.8411523437499998 
0.6044335937499999 
0.7702539062499999 
0.47669921874999993 
0.6167382812499999 
0.8130273437499999 
0.6893945312499998 
0.6196679687499999 
0.7251367187499997 
0.5962304687499999 
0.7380273437499998 
0.8804101562499997 
0.8124414062499998 
0.8622460937499998 
0.48548828124999993 
0.7444726562499998 
0.5962304687499999 
0.7409570312499998 
0.9893945312499999 
0.7479882812499998 
0.7292382812499998 
0.6571679687499998 
0.5921289062499999 
0.6729882812499999 
0.5253320312499999 
0.92201171875 
0.7684960937499998 
0.45384765624999995 
0.6208398437499999 
0.6272851562499998 
0.7286523437499998 
0.51771484375 
0.6149804687499998 
0.5997460937499999 
0.7245507812499998 
0.7181054687499998 
0.9554101562499999 
0.5897851562499998 
0.6542382812499998 
0.5569726562499999 
0.6454492187499998 
0.5534570312499999 
0.51712890625 
0.6079492187499999 
0.5001367187499999 
0.7772851562499998 
0.5921289062499999 
0.5886132812499999 
0.7474023437499998 
0.51771484375 
0.5423242187499998 
0.5868554687499998 
0.5593164062499999 
0.8130273437499999 
0.7333398437499998 
0.91380859375 
0.5001367187499999 
0.4684960937499999 
0.8470117187499998 
0.7872460937499999 
0.7169335937499999 
0.59330078125 
0.6067773437499999 
0.43158203124999994 
0.7210351562499998 
0.8511132812499999 
0.8071679687499999 
0.93431640625 
0.6888085937499998 
0.6038476562499999 
1.13470703125 
0.8112695312499999 
0.7163476562499999 
0.7034570312499998 
0.6436914062499999 
0.6911523437499998 
0.6331445312499999 
0.8704492187499998 
0.6337304687499998 
0.8886132812499998 
0.7157617187499998 
0.6319726562499999 
0.6132226562499998 
0.7104882812499999 
0.6044335937499999 
0.6794335937499999 
0.6852929687499998 
0.5235742187499999 
0.6559960937499998 
0.7796289062499999 
0.7778710937499999 
0.7620507812499999 
0.8300195312499999 
0.91849609375 
0.52708984375 
0.6243554687499998 
0.7175195312499999 
0.8405664062499998 
1.2489648437500003 
0.5024804687499999 
0.5956445312499999 
0.6489648437499999 
0.7222070312499999 
0.96771484375 
0.8259179687499999 
0.5505273437499999 
0.6190820312499998 
0.8475976562499998 
0.6518945312499999 
0.6290429687499999 
0.6237695312499999 
0.6940820312499998 
0.5587304687499999 
0.6073632812499999 
0.8054101562499998 
0.6712304687499998 
0.7608789062499999 
0.7069726562499998 
0.6067773437499999 
0.6911523437499998 
0.5944726562499999 
0.6448632812499999 
0.8516992187499998 
0.6847070312499999 
0.7708398437499999 
0.5095117187499999 
0.7673242187499998 
0.6618554687499998 
0.5475976562499999 
0.95892578125 
0.7673242187499998 
0.6102929687499998 
0.6958398437499999 
0.7696679687499999 
0.5915429687499999 
0.8622460937499998 
0.6753320312499999 
0.8786523437499998 
0.8218164062499999 
0.49720703124999993 
0.7825585937499999 
0.6477929687499998 
0.6419335937499999 
0.8464257812499999 
0.5481835937499999 
0.6647851562499998 
0.9050195312499999 
0.7526757812499999 
0.8083398437499999 
0.8921289062499999 
0.7145898437499999 
0.47259765624999994 
0.6466210937499999 
0.5493554687499999 
0.7397851562499997 
0.6407617187499999 
0.6981835937499998 
0.8540429687499999 
0.7749414062499999 
0.6583398437499999 
0.6577539062499999 
0.7995507812499999 
0.6325585937499999 
0.49310546874999994 
0.5194726562499999 
0.52298828125 
0.6167382812499999 
0.95833984375 
0.7866601562499999 
0.5985742187499998 
0.7573632812499999 
0.7737695312499999 
0.5739648437499999 
0.5141992187499999 
0.6032617187499999 
0.7643945312499999 
0.95775390625 
0.5868554687499998 
0.8458398437499999 
0.7438867187499998 
0.5528710937499999 
0.6331445312499999 
0.6759179687499999 
0.6126367187499998 
0.7515039062499999 
0.8933007812499999 
0.7380273437499998 
0.7632226562499999 
0.6378320312499999 
0.5681054687499999 
0.7069726562499998 
