31 43 26 
0.7661523437499999 
0.51830078125 
0.7761132812499999 
0.5845117187499999 
0.6899804687499997 
0.7567773437499998 
0.9149804687499999 
0.7204492187499998 
0.7497460937499998 
0.48548828124999993 
0.7561914062499998 
0.7104882812499999 
0.6636132812499999 
0.6571679687499998 
0.7474023437499998 
0.7040429687499998 
0.7620507812499999 
0.6173242187499998 
0.8018945312499999 
0.60267578125 
0.8880273437499998 
0.6946679687499998 
0.5511132812499999 
0.5856835937499999 
0.6882226562499998 
0.7151757812499999 
0.5733789062499999 
0.8429101562499998 
0.5845117187499999 
0.8979882812499999 
0.6847070312499999 
0.7632226562499999 
0.5118554687499999 
0.8593164062499998 
0.7081445312499999 
0.6073632812499999 
0.6987695312499999 
0.5241601562499999 
0.7151757812499999 
0.6495507812499999 
0.7286523437499998 
0.7755273437499999 
0.8341210937499999 
0.6097070312499999 
0.6085351562499999 
0.5452539062499999 
0.6325585937499999 
0.7526757812499999 
0.7087304687499998 
0.6384179687499999 
0.5897851562499998 
0.6272851562499998 
0.5311914062499999 
0.6864648437499998 
0.6003320312499999 
0.6688867187499998 
0.6372460937499999 
0.7819726562499999 
0.7802148437499999 
0.5733789062499999 
0.5915429687499999 
0.6858789062499998 
0.5827539062499999 
0.5634179687499999 
0.8581445312499999 
0.7585351562499998 
0.6032617187499999 
0.56458984375 
0.53470703125 
0.8013085937499999 
0.60208984375 
0.7391992187499997 
0.6929101562499997 
0.7860742187499998 
0.5569726562499999 
0.8434960937499998 
0.6179101562499998 
0.6741601562499998 
0.6647851562499998 
0.7972070312499999 
0.8645898437499999 
0.5686914062499999 
0.6384179687499999 
0.6800195312499999 
0.47142578124999995 
0.8036523437499998 
0.7474023437499998 
0.8587304687499998 
0.6091210937499999 
0.7438867187499998 
0.5997460937499999 
0.7813867187499999 
0.6759179687499999 
0.6518945312499999 
0.9331445312500001 
0.7046289062499999 
0.56400390625 
0.56693359375 
0.8141992187499998 
0.7292382812499998 
0.6729882812499999 
0.7280664062499997 
0.7866601562499999 
0.7274804687499997 
0.5891992187499998 
1.02337890625 
0.6917382812499998 
0.5827539062499999 
0.5745507812499999 
0.6266992187499998 
0.5475976562499999 
0.7813867187499999 
0.6800195312499999 
0.6975976562499998 
0.8809960937499998 
0.7954492187499999 
0.7907617187499999 
0.6864648437499998 
0.6923242187499997 
0.7538476562499998 
0.7122460937499998 
0.6542382812499998 
0.6360742187499998 
0.6489648437499999 
0.92376953125 
0.6706445312499999 
0.5827539062499999 
0.5774804687499998 
0.6272851562499998 
1.16224609375 
0.93373046875 
0.6565820312499998 
0.8036523437499998 
0.6577539062499999 
0.6390039062499999 
0.5745507812499999 
0.8001367187499998 
0.9079492187499998 
0.8018945312499999 
0.7198632812499999 
0.6823632812499999 
0.6999414062499998 
0.6448632812499999 
0.6888085937499998 
0.36537109374999993 
0.7737695312499999 
0.6735742187499998 
0.6641992187499998 
0.5938867187499999 
0.8065820312499998 
0.5903710937499999 
0.7093164062499998 
0.6501367187499998 
0.47083984374999993 
0.7983789062499999 
0.7684960937499998 
0.6712304687499998 
0.5886132812499999 
0.8311914062499999 
0.4866601562499999 
0.7034570312499998 
0.5563867187499999 
0.5335351562499999 
0.7239648437499998 
0.6360742187499998 
0.6530664062499998 
0.6993554687499998 
0.5927148437499999 
0.8171289062499999 
0.7579492187499998 
0.7720117187499999 
0.5880273437499999 
0.7186914062499998 
0.9524804687499999 
0.4643945312499999 
0.5997460937499999 
0.7948632812499999 
0.8024804687499998 
0.6518945312499999 
0.7960351562499999 
0.9032617187499998 
0.5821679687499999 
0.6729882812499999 
0.6360742187499998 
0.5763085937499999 
0.7731835937499999 
0.6266992187499998 
0.6823632812499999 
0.5188867187499999 
0.6823632812499999 
0.6899804687499997 
0.7966210937499999 
0.4954492187499999 
0.6636132812499999 
0.8054101562499998 
0.7368554687499997 
0.6360742187499998 
0.6606835937499999 
0.8429101562499998 
0.5985742187499998 
