35 43 22 
0.56751953125 
0.4995507812499999 
0.43158203124999994 
0.8270898437499999 
0.5065820312499999 
0.8528710937499998 
0.6718164062499998 
0.7474023437499998 
0.9395898437500001 
0.4872460937499999 
0.8030664062499998 
0.7251367187499997 
0.6776757812499999 
0.5915429687499999 
0.5874414062499999 
0.6847070312499999 
0.7942773437499999 
0.6548242187499997 
0.6735742187499998 
0.6841210937499999 
0.6706445312499999 
0.7468164062499998 
0.6747460937499998 
0.7696679687499999 
0.6442773437499999 
0.6167382812499999 
0.7761132812499999 
0.7503320312499998 
0.7626367187499998 
0.6876367187499998 
0.5874414062499999 
0.5341210937499999 
0.7181054687499998 
0.5247460937499999 
0.8083398437499999 
0.5563867187499999 
0.6220117187499998 
0.8393945312499999 
0.5839257812499999 
0.7309960937499997 
0.6817773437499999 
0.7093164062499998 
0.6794335937499999 
0.9009179687499999 
0.7087304687499998 
0.5405664062499999 
0.7356835937499998 
1.01283203125 
0.5804101562499998 
0.5815820312499999 
0.6319726562499999 
0.6360742187499998 
1.0169335937500001 
0.5821679687499999 
1.0702539062499998 
0.6015039062499999 
0.6208398437499999 
0.49427734374999993 
0.6536523437499998 
0.7087304687499998 
0.52708984375 
0.56458984375 
0.5001367187499999 
0.7854882812499999 
0.6665429687499999 
0.5809960937499998 
0.8405664062499998 
0.51771484375 
0.49017578124999994 
0.7667382812499999 
0.5352929687499999 
0.8516992187499998 
0.6647851562499998 
0.7058007812499999 
0.6067773437499999 
0.6694726562499999 
0.6653710937499998 
0.7016992187499997 
0.79251953125 
0.6331445312499999 
0.6624414062499998 
0.7913476562499999 
0.93431640625 
0.6507226562499998 
0.7145898437499999 
0.8704492187499998 
0.5944726562499999 
0.5446679687499999 
0.7673242187499998 
0.6770898437499999 
0.5452539062499999 
0.7397851562499997 
0.7093164062499998 
0.6606835937499999 
0.7772851562499998 
0.55580078125 
0.7362695312499998 
0.7497460937499998 
0.5388085937499999 
0.5616601562499999 
0.7081445312499999 
0.6325585937499999 
0.6120507812499999 
0.6993554687499998 
0.7140039062499999 
0.5733789062499999 
0.6718164062499998 
0.6155664062499998 
0.7626367187499998 
0.7063867187499998 
0.6530664062499998 
0.51771484375 
0.5839257812499999 
0.8030664062499998 
0.7128320312499998 
0.7304101562499997 
0.6847070312499999 
0.7274804687499997 
0.6143945312499999 
0.6688867187499998 
0.93255859375 
0.6694726562499999 
0.7081445312499999 
0.8481835937499999 
0.7872460937499999 
0.56986328125 
0.6308007812499999 
0.7052148437499999 
0.5130273437499999 
0.7099023437499998 
0.6266992187499998 
0.6302148437499999 
0.8487695312499999 
0.6214257812499999 
0.6788476562499999 
0.7509179687499998 
0.60267578125 
0.6800195312499999 
0.5241601562499999 
0.6946679687499998 
0.7556054687499998 
0.6600976562499998 
0.6765039062499999 
0.5253320312499999 
0.7333398437499998 
0.6143945312499999 
0.6530664062499998 
0.5938867187499999 
0.6108789062499999 
0.6741601562499998 
0.7725976562499999 
0.7134179687499999 
0.6343164062499999 
0.6278710937499998 
0.5505273437499999 
0.8036523437499998 
0.5071679687499999 
0.7784570312499999 
0.7052148437499999 
0.6612695312499999 
0.6513085937499998 
0.6009179687499999 
0.5130273437499999 
0.7661523437499999 
0.7556054687499998 
0.47083984374999993 
0.8909570312499998 
0.6934960937499998 
0.5722070312499999 
0.8897851562499998 
0.7702539062499999 
0.7116601562499998 
0.94544921875 
0.52591796875 
0.8563867187499998 
0.6155664062499998 
0.8071679687499999 
0.6079492187499999 
0.8411523437499998 
0.64017578125 
0.60501953125 
0.5388085937499999 
0.7995507812499999 
0.6237695312499999 
0.7433007812499999 
0.5727929687499999 
0.6395898437499999 
0.6683007812499999 
0.6688867187499998 
0.9864648437499999 
0.7866601562499999 
0.8558007812499999 
0.6290429687499999 
0.7632226562499999 
0.8481835937499999 
0.51830078125 
0.6184960937499998 
0.5985742187499998 
0.5950585937499999 
0.6835351562499998 
