37 43 20 
0.7409570312499998 
0.6319726562499999 
0.6372460937499999 
0.7421289062499998 
0.8540429687499999 
0.5511132812499999 
0.4825585937499999 
0.6923242187499997 
0.97650390625 
1.2161523437500001 
0.9975976562499999 
0.6032617187499999 
0.6712304687499998 
0.6044335937499999 
0.5809960937499998 
0.6431054687499999 
0.7591210937499998 
0.7638085937499999 
0.6149804687499998 
0.7948632812499999 
0.6981835937499998 
0.5522851562499999 
0.7151757812499999 
0.6577539062499999 
0.8751367187499998 
0.5798242187499998 
0.8259179687499999 
0.5423242187499998 
0.46498046874999993 
0.4983789062499999 
0.6565820312499998 
0.6630273437499998 
0.7175195312499999 
0.45970703124999995 
0.5663476562499999 
0.8235742187499998 
1.06146484375 
0.9056054687499998 
0.4925195312499999 
0.7784570312499999 
0.6372460937499999 
0.6788476562499999 
0.7081445312499999 
0.4690820312499999 
0.7069726562499998 
0.7561914062499998 
0.46791015624999993 
0.5979882812499999 
0.6987695312499999 
0.5968164062499999 
0.5370507812499999 
0.7977929687499998 
0.7690820312499999 
0.7626367187499998 
0.5634179687499999 
0.8065820312499998 
0.7608789062499999 
0.5780664062499998 
0.49427734374999993 
0.8235742187499998 
0.8095117187499998 
0.8194726562499999 
0.4831445312499999 
0.7450585937499998 
0.8985742187499998 
0.7222070312499999 
0.7415429687499998 
0.5388085937499999 
0.7462304687499998 
0.6864648437499998 
0.5388085937499999 
0.8206445312499999 
0.6179101562499998 
0.7028710937499998 
0.7468164062499998 
0.9559960937499999 
0.5722070312499999 
0.6747460937499998 
0.4995507812499999 
0.5487695312499999 
0.6431054687499999 
0.6472070312499999 
0.6829492187499998 
0.7327539062499998 
0.7696679687499999 
0.5065820312499999 
0.5927148437499999 
0.8968164062499998 
0.8194726562499999 
0.7544335937499999 
0.8136132812499999 
0.45150390625 
0.56693359375 
0.6952539062499998 
0.7350976562499998 
0.8751367187499998 
0.6554101562499998 
0.7268945312499998 
0.4427148437499999 
0.5798242187499998 
0.7286523437499998 
0.52650390625 
0.6917382812499998 
0.7427148437499999 
0.8681054687499998 
0.9501367187499999 
0.5974023437499999 
0.7714257812499999 
0.8563867187499998 
0.8516992187499998 
0.7011132812499998 
0.59330078125 
0.7872460937499999 
0.7954492187499999 
0.6829492187499998 
0.5739648437499999 
0.6155664062499998 
0.7643945312499999 
0.7274804687499997 
0.6595117187499998 
0.8341210937499999 
0.6724023437499999 
0.7081445312499999 
0.5909570312499999 
0.6431054687499999 
0.6600976562499998 
0.6272851562499998 
0.6800195312499999 
0.6606835937499999 
0.5985742187499998 
0.6870507812499999 
0.78958984375 
0.6999414062499998 
0.6261132812499999 
0.56458984375 
0.7011132812499998 
0.5282617187499999 
0.42337890624999996 
0.6067773437499999 
0.8704492187499998 
0.6296289062499999 
0.4813867187499999 
0.6882226562499998 
0.8868554687499998 
1.2501367187500003 
0.6220117187499998 
0.7175195312499999 
0.6349023437499999 
0.5458398437499999 
0.5768945312499999 
0.6747460937499998 
0.6524804687499998 
0.7198632812499999 
0.6858789062499998 
0.8054101562499998 
0.7503320312499998 
0.53470703125 
0.6993554687499998 
0.6266992187499998 
0.6073632812499999 
0.7321679687499998 
0.7368554687499997 
0.7286523437499998 
1.0011132812499999 
0.5915429687499999 
0.6343164062499999 
0.6138085937499999 
0.6665429687499999 
0.5722070312499999 
0.53177734375 
0.7667382812499999 
0.5681054687499999 
0.5985742187499998 
0.5868554687499998 
0.6278710937499998 
0.6167382812499999 
0.5622460937499999 
0.8018945312499999 
0.5845117187499999 
0.6319726562499999 
0.47259765624999994 
0.4831445312499999 
0.7233789062499998 
0.5774804687499998 
0.45033203124999993 
0.6870507812499999 
0.5516992187499998 
0.5546289062499999 
0.5018945312499999 
0.6729882812499999 
0.6975976562499998 
0.7462304687499998 
0.6495507812499999 
0.5845117187499999 
0.6905664062499998 
0.7321679687499998 
0.5681054687499999 
0.7181054687499998 
0.6472070312499999 
0.7556054687499998 
