40 43 17 
0.8229882812499999 
0.8206445312499999 
1.15697265625 
0.7245507812499998 
0.5616601562499999 
0.48431640624999994 
0.5370507812499999 
0.7227929687499998 
0.8352929687499998 
0.6507226562499998 
0.5991601562499999 
0.6009179687499999 
0.7016992187499997 
0.5475976562499999 
0.5751367187499998 
0.6513085937499998 
0.7573632812499999 
0.6284570312499999 
0.6343164062499999 
0.4872460937499999 
0.5335351562499999 
0.6436914062499999 
0.6653710937499998 
0.7433007812499999 
0.5763085937499999 
0.7321679687499998 
0.6530664062499998 
0.6448632812499999 
0.5546289062499999 
0.7163476562499999 
0.6554101562499998 
0.7251367187499997 
0.6138085937499999 
0.6753320312499999 
0.6249414062499998 
0.5804101562499998 
0.6753320312499999 
0.8077539062499999 
0.56400390625 
0.6864648437499998 
0.7667382812499999 
0.97416015625 
0.5452539062499999 
0.7544335937499999 
0.8698632812499999 
0.60208984375 
0.5048242187499998 
0.8042382812499999 
0.5968164062499999 
0.6196679687499999 
0.7233789062499998 
0.64017578125 
0.6724023437499999 
0.6565820312499998 
0.5727929687499999 
0.8599023437499999 
0.8622460937499998 
0.5247460937499999 
0.7274804687499997 
0.6729882812499999 
0.8317773437499999 
0.6108789062499999 
0.8370507812499999 
0.5891992187499998 
0.7345117187499998 
0.6817773437499999 
0.49427734374999993 
0.5710351562499999 
0.6061914062499999 
0.5604882812499999 
0.5247460937499999 
0.6911523437499998 
0.7116601562499998 
0.56458984375 
0.5628320312499999 
0.8188867187499999 
0.6313867187499999 
0.6530664062499998 
0.5610742187499999 
0.8329492187499998 
0.5792382812499999 
0.6612695312499999 
0.7227929687499998 
0.6917382812499998 
0.4919335937499999 
0.6167382812499999 
0.7134179687499999 
0.6554101562499998 
0.6770898437499999 
0.5370507812499999 
0.6694726562499999 
0.60267578125 
0.6390039062499999 
0.6231835937499999 
0.5001367187499999 
0.6495507812499999 
0.7796289062499999 
0.5352929687499999 
0.5399804687499998 
0.7556054687499998 
0.5815820312499999 
0.53001953125 
0.6665429687499999 
0.7931054687499999 
0.6694726562499999 
0.5505273437499999 
0.6659570312499998 
0.6999414062499998 
0.37591796874999994 
0.7204492187499998 
0.5798242187499998 
0.7315820312499998 
0.51771484375 
0.95833984375 
0.7081445312499999 
0.6266992187499998 
0.6126367187499998 
0.6923242187499997 
0.5868554687499998 
0.5212304687499999 
0.5065820312499999 
0.7995507812499999 
0.6413476562499999 
0.7954492187499999 
0.5927148437499999 
0.8997460937499998 
0.8640039062499999 
0.7479882812499998 
0.5710351562499999 
0.5891992187499998 
0.8921289062499999 
0.5282617187499999 
0.6015039062499999 
0.5768945312499999 
0.52884765625 
0.8112695312499999 
0.7538476562499998 
0.4849023437499999 
0.7643945312499999 
0.6530664062499998 
0.43978515625 
0.8393945312499999 
0.6934960937499998 
0.53470703125 
0.7843164062499999 
0.5979882812499999 
0.96361328125 
0.6167382812499999 
0.52943359375 
0.5077539062499999 
0.6266992187499998 
0.7509179687499998 
0.4632226562499999 
0.7813867187499999 
0.7960351562499999 
0.45853515624999996 
0.8288476562499999 
0.7040429687499998 
0.9009179687499999 
0.7860742187499998 
0.43509765624999996 
0.6261132812499999 
0.7556054687499998 
0.6272851562499998 
0.5751367187499998 
0.7339257812499999 
0.5499414062499999 
0.5417382812499999 
0.7386132812499998 
0.7802148437499999 
0.8645898437499999 
0.56458984375 
0.7913476562499999 
0.5798242187499998 
0.54642578125 
0.6255273437499999 
0.56400390625 
0.4907617187499999 
0.6606835937499999 
0.8604882812499999 
0.6647851562499998 
0.9044335937499999 
0.6249414062499998 
0.7602929687499999 
0.8352929687499998 
0.5124414062499999 
0.52591796875 
0.7186914062499998 
0.7315820312499998 
0.55521484375 
0.6296289062499999 
0.6284570312499999 
0.6009179687499999 
0.8200585937499999 
0.6179101562499998 
0.6513085937499998 
0.6143945312499999 
0.5528710937499999 
0.6671289062499999 
0.8288476562499999 
