44 43 13 
0.6366601562499998 
0.5059960937499999 
0.47376953124999993 
0.5622460937499999 
0.7333398437499998 
0.6940820312499998 
0.6536523437499998 
0.5370507812499999 
0.5335351562499999 
0.6694726562499999 
0.6964257812499999 
0.6460351562499999 
0.7479882812499998 
0.7720117187499999 
0.7778710937499999 
0.5733789062499999 
0.8475976562499998 
0.6888085937499998 
0.6085351562499999 
0.51771484375 
0.6518945312499999 
0.7813867187499999 
0.5956445312499999 
0.59330078125 
0.6636132812499999 
0.5593164062499999 
0.9214257812500001 
0.7743554687499998 
0.6378320312499999 
0.7515039062499999 
0.7591210937499998 
0.7181054687499998 
0.59330078125 
0.5388085937499999 
0.6255273437499999 
0.7058007812499999 
0.5815820312499999 
0.5470117187499999 
0.8136132812499999 
0.7843164062499999 
0.6167382812499999 
0.5358789062499999 
0.47025390624999996 
0.45326171874999993 
0.7913476562499999 
0.7140039062499999 
0.7110742187499998 
0.6184960937499998 
0.6483789062499998 
0.7602929687499999 
0.5821679687499999 
0.6747460937499998 
0.47845703124999994 
0.93724609375 
0.6184960937499998 
0.6272851562499998 
0.6893945312499998 
0.7175195312499999 
0.8405664062499998 
0.6372460937499999 
0.49369140624999996 
0.7257226562499998 
0.49134765624999993 
0.7778710937499999 
0.52884765625 
0.8171289062499999 
0.56986328125 
0.6864648437499998 
0.5956445312499999 
0.7239648437499998 
0.5821679687499999 
0.5329492187499999 
0.5352929687499999 
0.5095117187499999 
0.8352929687499998 
0.6952539062499998 
0.5575585937499999 
0.5886132812499999 
0.6349023437499999 
0.5036523437499999 
0.7649804687499998 
0.8288476562499999 
0.55521484375 
0.6636132812499999 
0.6934960937499998 
0.7755273437499999 
0.7749414062499999 
0.7479882812499998 
0.7034570312499998 
0.46087890624999994 
0.7749414062499999 
1.00052734375 
0.5159570312499999 
0.5692773437499999 
0.7175195312499999 
0.8809960937499998 
0.8100976562499999 
0.5141992187499999 
0.6940820312499998 
0.6923242187499997 
0.6079492187499999 
0.7040429687499998 
0.7655664062499998 
0.7696679687499999 
0.46205078124999993 
0.6817773437499999 
0.7585351562499998 
0.6003320312499999 
0.6893945312499998 
0.4989648437499999 
0.6425195312499999 
0.6770898437499999 
0.7356835937499998 
0.5710351562499999 
0.7163476562499999 
0.7684960937499998 
0.7866601562499999 
0.7403710937499998 
0.5827539062499999 
0.40638671874999993 
0.5833398437499999 
0.7456445312499999 
0.6706445312499999 
0.6091210937499999 
0.7222070312499999 
0.7573632812499999 
0.5522851562499999 
0.8294335937499999 
0.6442773437499999 
0.5915429687499999 
0.7749414062499999 
0.8727929687499998 
0.8511132812499999 
0.56517578125 
0.51771484375 
0.6413476562499999 
0.8323632812499999 
0.6337304687499998 
0.7093164062499998 
0.7028710937499998 
0.8745507812499999 
0.49603515624999994 
0.8323632812499999 
0.5118554687499999 
0.6934960937499998 
0.5891992187499998 
0.6554101562499998 
0.6618554687499998 
0.7204492187499998 
0.6419335937499999 
0.6108789062499999 
0.8077539062499999 
0.6554101562499998 
0.51126953125 
0.5218164062499999 
0.6489648437499999 
0.7538476562499998 
0.42220703125 
0.7268945312499998 
0.7690820312499999 
0.5845117187499999 
0.94310546875 
0.6302148437499999 
0.6149804687499998 
0.7022851562499998 
0.7649804687499998 
0.48900390624999995 
0.7151757812499999 
0.8962304687499998 
0.6589257812499999 
0.7192773437499999 
0.5311914062499999 
0.5909570312499999 
0.6718164062499998 
0.7491601562499998 
0.6606835937499999 
0.7222070312499999 
0.9149804687499999 
0.6378320312499999 
0.4819726562499999 
1.01986328125 
0.5868554687499998 
0.6202539062499999 
0.7104882812499999 
0.6436914062499999 
0.5862695312499999 
0.6495507812499999 
0.7690820312499999 
0.6876367187499998 
0.7708398437499999 
0.6923242187499997 
0.5768945312499999 
0.6413476562499999 
0.40931640625 
0.6390039062499999 
0.55521484375 
0.6970117187499998 
0.6729882812499999 
0.7093164062499998 
0.8569726562499999 
