55 43 2 
0.6237695312499999 
0.7667382812499999 
0.6255273437499999 
0.8265039062499999 
0.8358789062499998 
0.56986328125 
0.5575585937499999 
0.7280664062499997 
0.5950585937499999 
0.5950585937499999 
0.7556054687499998 
0.6641992187499998 
0.6120507812499999 
0.5692773437499999 
0.6636132812499999 
0.8095117187499998 
0.56693359375 
0.5434960937499999 
0.7995507812499999 
0.7309960937499997 
0.7075585937499999 
0.5493554687499999 
0.6302148437499999 
0.7280664062499997 
0.8294335937499999 
0.6712304687499998 
0.44916015624999994 
0.6513085937499998 
0.5968164062499999 
0.6097070312499999 
0.6987695312499999 
0.6395898437499999 
0.7140039062499999 
0.5739648437499999 
0.4790429687499999 
0.7116601562499998 
0.6266992187499998 
0.6079492187499999 
0.51771484375 
0.5868554687499998 
0.5253320312499999 
0.6108789062499999 
0.40697265624999995 
0.6647851562499998 
0.5534570312499999 
0.6290429687499999 
0.5733789062499999 
0.8335351562499999 
0.5856835937499999 
0.5727929687499999 
0.51830078125 
0.7643945312499999 
0.7485742187499997 
0.8593164062499998 
0.7737695312499999 
0.5974023437499999 
0.6296289062499999 
0.6817773437499999 
0.92904296875 
0.43744140625 
0.5241601562499999 
0.7239648437499998 
0.52591796875 
0.5880273437499999 
0.6823632812499999 
0.8188867187499999 
0.5376367187499999 
0.6472070312499999 
0.7936914062499999 
0.6167382812499999 
0.5382226562499999 
0.5950585937499999 
0.5411523437499999 
0.6255273437499999 
0.6472070312499999 
0.5013085937499999 
0.5739648437499999 
0.7350976562499998 
0.5903710937499999 
0.8417382812499998 
0.5710351562499999 
0.6284570312499999 
0.5921289062499999 
0.7591210937499998 
0.6641992187499998 
0.5059960937499999 
0.7444726562499998 
0.6472070312499999 
0.5329492187499999 
0.78080078125 
0.7368554687499997 
0.6811914062499999 
0.5745507812499999 
0.5487695312499999 
0.6946679687499998 
0.6770898437499999 
0.41224609374999993 
0.6624414062499998 
0.6214257812499999 
0.4849023437499999 
0.4895898437499999 
0.7503320312499998 
0.6507226562499998 
0.46498046874999993 
0.5575585937499999 
0.7134179687499999 
0.5722070312499999 
0.7128320312499998 
0.6489648437499999 
0.6940820312499998 
0.7239648437499998 
0.5575585937499999 
0.5815820312499999 
0.5874414062499999 
0.4690820312499999 
0.6724023437499999 
0.5786523437499999 
0.7544335937499999 
0.5985742187499998 
0.6472070312499999 
0.8253320312499999 
0.60267578125 
0.5306054687499999 
0.5628320312499999 
0.7251367187499997 
0.49720703124999993 
0.48841796874999993 
0.6876367187499998 
0.4808007812499999 
0.6917382812499998 
0.6220117187499998 
0.6044335937499999 
0.6964257812499999 
0.7602929687499999 
0.7878320312499999 
0.5411523437499999 
0.6970117187499998 
0.5745507812499999 
0.6665429687499999 
0.43802734374999996 
0.6284570312499999 
0.5475976562499999 
0.5434960937499999 
0.8083398437499999 
0.8159570312499999 
0.5036523437499999 
0.49427734374999993 
0.6788476562499999 
0.7679101562499998 
0.6132226562499998 
0.6120507812499999 
0.5001367187499999 
0.6800195312499999 
0.7403710937499998 
0.6167382812499999 
0.6472070312499999 
0.6114648437499999 
0.5534570312499999 
0.7286523437499998 
0.5534570312499999 
0.6794335937499999 
0.55521484375 
0.5253320312499999 
0.6143945312499999 
0.4643945312499999 
0.8651757812499999 
0.6237695312499999 
0.7280664062499997 
0.6436914062499999 
0.55580078125 
0.64017578125 
0.6847070312499999 
0.8458398437499999 
0.6272851562499998 
0.5511132812499999 
0.7362695312499998 
0.7427148437499999 
0.5622460937499999 
0.5757226562499999 
0.5446679687499999 
0.5739648437499999 
0.7849023437499999 
0.5874414062499999 
0.6308007812499999 
0.5786523437499999 
0.6296289062499999 
0.7069726562499998 
0.7304101562499997 
0.6044335937499999 
0.5974023437499999 
0.6559960937499998 
0.7825585937499999 
0.5440820312499999 
0.6044335937499999 
0.6079492187499999 
0.5077539062499999 
0.5194726562499999 
0.6618554687499998 
0.43802734374999996 
0.6179101562499998 
