7 44 49 
1.1493554687499998 
1.3099023437500001 
0.91322265625 
1.2507226562500002 
0.8083398437499999 
1.18333984375 
0.8681054687499998 
1.24310546875 
1.1405664062499998 
1.2419335937500002 
1.0462304687500001 
1.2548242187500003 
1.24427734375 
1.2044335937500001 
0.8505273437499998 
0.9401757812500001 
1.0936914062499998 
1.2782617187500003 
1.2419335937500002 
1.0239648437500002 
0.9911523437499998 
0.9524804687499999 
0.6419335937499999 
1.2536523437500002 
0.9020898437499999 
0.94310546875 
1.16458984375 
1.22669921875 
0.8475976562499998 
0.6934960937499998 
1.2114648437500002 
1.03919921875 
1.14115234375 
1.2425195312500001 
1.05267578125 
1.01927734375 
1.1511132812499998 
1.2583398437500002 
0.7936914062499999 
0.9952539062499999 
1.21791015625 
1.22435546875 
1.2138085937500003 
1.2700585937500004 
1.2483789062500001 
0.6067773437499999 
0.92962890625 
1.05150390625 
1.23548828125 
1.21205078125 
1.2565820312500002 
1.2876367187500002 
0.8124414062499998 
1.32044921875 
1.20326171875 
1.2466210937500002 
0.8306054687499999 
1.0403710937500001 
0.9993554687499997 
1.14876953125 
1.22494140625 
0.8780664062499998 
1.2835351562500001 
0.8270898437499999 
1.21498046875 
1.1405664062499998 
1.09076171875 
1.2501367187500003 
0.8136132812499999 
0.6513085937499998 
0.8481835937499999 
1.1452539062499998 
1.19330078125 
0.9858789062499999 
0.7087304687499998 
0.91966796875 
0.6829492187499998 
1.17748046875 
0.82767578125 
1.19095703125 
1.0989648437500001 
1.2132226562500001 
1.0251367187500002 
1.2518945312500003 
1.0433007812500001 
0.98353515625 
1.0532617187500002 
0.7679101562499998 
0.97826171875 
1.18685546875 
1.21205078125 
1.18392578125 
1.18919921875 
0.9038476562499999 
1.24720703125 
1.2220117187500001 
1.22376953125 
0.8388085937499998 
1.2665429687500003 
1.2759179687500002 
0.8458398437499999 
1.28119140625 
1.0550195312500001 
0.8528710937499998 
0.98412109375 
1.2372460937500003 
0.8446679687499998 
1.2659570312500001 
1.2319726562500002 
0.95892578125 
1.2770898437500002 
0.93255859375 
0.91673828125 
0.91556640625 
1.21087890625 
0.9970117187499998 
0.7643945312499999 
1.2102929687500001 
1.20560546875 
0.95365234375 
1.23841796875 
0.7778710937499999 
1.2302148437500002 
0.9061914062499998 
1.0749414062499998 
1.02455078125 
0.8774804687499997 
0.8464257812499999 
1.2706445312500003 
0.9331445312500001 
0.7350976562499998 
1.13294921875 
1.2923242187500001 
0.8610742187499998 
0.9501367187499999 
0.7819726562499999 
1.0433007812500001 
1.13998046875 
0.8294335937499999 
1.2999414062499999 
0.96771484375 
1.22845703125 
1.20677734375 
1.05970703125 
0.7163476562499999 
1.19154296875 
1.2378320312500002 
1.1686914062499998 
1.2817773437500002 
1.2548242187500003 
1.06439453125 
1.08373046875 
1.28236328125 
1.20091796875 
1.29291015625 
0.8950585937499999 
0.9858789062499999 
1.2501367187500003 
0.7415429687499998 
1.10248046875 
0.93607421875 
1.2143945312500002 
1.20970703125 
0.9020898437499999 
1.06615234375 
1.24603515625 
0.7743554687499998 
1.2173242187500002 
0.96126953125 
1.24720703125 
0.6431054687499999 
0.97298828125 
1.18626953125 
1.2665429687500003 
1.2372460937500003 
0.8815820312499998 
1.2735742187500003 
1.06146484375 
1.21966796875 
0.8388085937499998 
1.2331445312500002 
1.06322265625 
0.8546289062499999 
0.7321679687499998 
1.03041015625 
0.91849609375 
0.6934960937499998 
0.5974023437499999 
1.2477929687500002 
0.9015039062499999 
1.06263671875 
1.2513085937500004 
1.2190820312500001 
0.97123046875 
1.05970703125 
1.29056640625 
1.03978515625 
0.6454492187499998 
0.8903710937499998 
1.2454492187500001 
