26 44 30 
0.6179101562499998 
0.7456445312499999 
0.8845117187499998 
0.6102929687499998 
0.6120507812499999 
0.5798242187499998 
0.7661523437499999 
0.94720703125 
0.7069726562499998 
0.56400390625 
0.6243554687499998 
0.7368554687499997 
0.8194726562499999 
0.5974023437499999 
0.7837304687499999 
0.6776757812499999 
0.5815820312499999 
0.91205078125 
0.93490234375 
0.6442773437499999 
0.7450585937499998 
0.7725976562499999 
0.6372460937499999 
0.5546289062499999 
0.6817773437499999 
0.7526757812499999 
0.5352929687499999 
0.50892578125 
0.7409570312499998 
0.7034570312499998 
0.6472070312499999 
0.56751953125 
0.6993554687499998 
0.6870507812499999 
0.7860742187499998 
0.6114648437499999 
0.6847070312499999 
0.7597070312499998 
0.8294335937499999 
0.7661523437499999 
0.8077539062499999 
0.7233789062499998 
0.7456445312499999 
0.6970117187499998 
0.7046289062499999 
0.7796289062499999 
0.5804101562499998 
0.5077539062499999 
1.0315820312500001 
0.6143945312499999 
0.6794335937499999 
0.7849023437499999 
0.6641992187499998 
0.6946679687499998 
0.91029296875 
0.8593164062499998 
0.6290429687499999 
0.55521484375 
0.97005859375 
0.5991601562499999 
0.6823632812499999 
0.5593164062499999 
0.8018945312499999 
0.8036523437499998 
0.7485742187499997 
0.6823632812499999 
0.7181054687499998 
0.7444726562499998 
0.9079492187499998 
0.7415429687499998 
0.8475976562499998 
0.6161523437499998 
0.7638085937499999 
0.5364648437499999 
0.52064453125 
0.8622460937499998 
0.7339257812499999 
0.7673242187499998 
0.7315820312499998 
0.5106835937499999 
0.5423242187499998 
0.6870507812499999 
0.6835351562499998 
0.91615234375 
0.6272851562499998 
0.7907617187499999 
0.7128320312499998 
0.79017578125 
0.59330078125 
0.6407617187499999 
1.03685546875 
0.6970117187499998 
0.6847070312499999 
0.7579492187499998 
0.52650390625 
0.7280664062499997 
0.7749414062499999 
0.7450585937499998 
0.7632226562499999 
0.5716210937499999 
0.5956445312499999 
0.7058007812499999 
0.5382226562499999 
0.6999414062499998 
0.5974023437499999 
1.07318359375 
0.6565820312499998 
0.7626367187499998 
0.8610742187499998 
0.5827539062499999 
0.8352929687499998 
0.4919335937499999 
0.6600976562499998 
0.6120507812499999 
1.03626953125 
0.7550195312499999 
0.8933007812499999 
0.6653710937499998 
0.5804101562499998 
0.4450585937499999 
0.7731835937499999 
0.6138085937499999 
0.6272851562499998 
0.7690820312499999 
0.8493554687499998 
0.7204492187499998 
0.5938867187499999 
0.98236328125 
0.6835351562499998 
0.6313867187499999 
0.6067773437499999 
0.6202539062499999 
0.7409570312499998 
0.7116601562499998 
0.6636132812499999 
0.7632226562499999 
0.6899804687499997 
0.8171289062499999 
0.7315820312499998 
1.1247460937500002 
0.8962304687499998 
0.7649804687499998 
0.7397851562499997 
0.6220117187499998 
0.7532617187499998 
0.8282617187499999 
0.94603515625 
0.8065820312499998 
0.6384179687499999 
0.8323632812499999 
0.7034570312499998 
0.8288476562499999 
0.8329492187499998 
0.7099023437499998 
0.7374414062499998 
0.6231835937499999 
0.8874414062499998 
1.03392578125 
0.5604882812499999 
0.8188867187499999 
0.6864648437499998 
0.6044335937499999 
0.6495507812499999 
0.8839257812499999 
0.7690820312499999 
0.6782617187499999 
0.8136132812499999 
0.6753320312499999 
0.6038476562499999 
0.8323632812499999 
0.5927148437499999 
0.4790429687499999 
0.6800195312499999 
0.6923242187499997 
0.7456445312499999 
0.7151757812499999 
0.7391992187499997 
0.5891992187499998 
0.6905664062499998 
0.8106835937499999 
0.8440820312499998 
0.5241601562499999 
0.5587304687499999 
0.7778710937499999 
0.6876367187499998 
0.7597070312499998 
0.5839257812499999 
0.8704492187499998 
0.8247460937499999 
0.8522851562499998 
0.6706445312499999 
0.5106835937499999 
0.8839257812499999 
0.7585351562499998 
0.5757226562499999 
0.5845117187499999 
0.7368554687499997 
0.5481835937499999 
0.6337304687499998 
0.8487695312499999 
