28 44 28 
0.7257226562499998 
0.7110742187499998 
0.7438867187499998 
0.8212304687499998 
1.20326171875 
0.8575585937499999 
0.5915429687499999 
0.5692773437499999 
0.7186914062499998 
0.64017578125 
0.7520898437499999 
0.7093164062499998 
0.7181054687499998 
0.6015039062499999 
0.97650390625 
0.6583398437499999 
0.7591210937499998 
0.7972070312499999 
0.6565820312499998 
0.46556640624999995 
0.6261132812499999 
0.5499414062499999 
0.8013085937499999 
0.6472070312499999 
0.8856835937499998 
0.7755273437499999 
0.6870507812499999 
0.7233789062499998 
0.5587304687499999 
0.7561914062499998 
0.6624414062499998 
0.6196679687499999 
0.6741601562499998 
1.22962890625 
0.59330078125 
0.8698632812499999 
0.7403710937499998 
0.8956445312499999 
0.6653710937499998 
0.5393945312499999 
0.5634179687499999 
0.64017578125 
0.7116601562499998 
0.7608789062499999 
0.5704492187499999 
0.6747460937499998 
0.7356835937499998 
0.8804101562499997 
0.6472070312499999 
0.5909570312499999 
0.93607421875 
0.6161523437499998 
0.7585351562499998 
0.7058007812499999 
0.7263085937499998 
0.6624414062499998 
0.6073632812499999 
0.6436914062499999 
0.8839257812499999 
0.6495507812499999 
0.7690820312499999 
0.6278710937499998 
0.5423242187499998 
0.7643945312499999 
0.6056054687499999 
0.7761132812499999 
0.6366601562499998 
0.6413476562499999 
0.6934960937499998 
0.7743554687499998 
0.6349023437499999 
0.7561914062499998 
0.7011132812499998 
0.6530664062499998 
0.6911523437499998 
0.7614648437499999 
0.8417382812499998 
0.7538476562499998 
0.5921289062499999 
1.02806640625 
0.94720703125 
0.48431640624999994 
0.7661523437499999 
0.46673828124999994 
0.7386132812499998 
0.8622460937499998 
0.6917382812499998 
0.8792382812499998 
0.8106835937499999 
0.6858789062499998 
0.8739648437499998 
0.6923242187499997 
0.8036523437499998 
0.6747460937499998 
0.7309960937499997 
0.6015039062499999 
0.8446679687499998 
0.8089257812499999 
0.5241601562499999 
0.6624414062499998 
0.7954492187499999 
0.6208398437499999 
0.7204492187499998 
0.7890039062499999 
0.6718164062499998 
0.6167382812499999 
0.6612695312499999 
0.7409570312499998 
0.6606835937499999 
0.7755273437499999 
0.7778710937499999 
0.6653710937499998 
0.7591210937499998 
0.8751367187499998 
0.7163476562499999 
0.7708398437499999 
0.8727929687499998 
0.7069726562499998 
0.9524804687499999 
0.6559960937499998 
0.5136132812499999 
0.6067773437499999 
0.5048242187499998 
0.6284570312499999 
0.7292382812499998 
0.5944726562499999 
0.6852929687499998 
0.7257226562499998 
0.8692773437499999 
0.7544335937499999 
0.4837304687499999 
0.7268945312499998 
0.7005273437499998 
0.6343164062499999 
0.6729882812499999 
0.6507226562499998 
0.6395898437499999 
0.43568359374999993 
0.7140039062499999 
0.6671289062499999 
0.5991601562499999 
0.7860742187499998 
0.7169335937499999 
0.7602929687499999 
0.6847070312499999 
0.7673242187499998 
0.7585351562499998 
0.56986328125 
0.6724023437499999 
0.7245507812499998 
0.5599023437499999 
0.8464257812499999 
0.6501367187499998 
0.5880273437499999 
0.8224023437499999 
1.22025390625 
0.9044335937499999 
0.7667382812499999 
0.98060546875 
0.6466210937499999 
0.95892578125 
0.5862695312499999 
0.97064453125 
0.6665429687499999 
0.6700585937499999 
0.6735742187499998 
0.6823632812499999 
0.96009765625 
0.6466210937499999 
0.6073632812499999 
0.8722070312499999 
0.5856835937499999 
0.6724023437499999 
0.6231835937499999 
0.8136132812499999 
0.6419335937499999 
0.8698632812499999 
0.6940820312499998 
0.8698632812499999 
0.7251367187499997 
0.4825585937499999 
0.8850976562499998 
0.5634179687499999 
0.7034570312499998 
0.78958984375 
0.7913476562499999 
0.6132226562499998 
0.92318359375 
0.7315820312499998 
0.6835351562499998 
0.8136132812499999 
0.5733789062499999 
0.7561914062499998 
0.9097070312499999 
0.6114648437499999 
0.8235742187499998 
0.7140039062499999 
0.6847070312499999 
0.6905664062499998 
0.47669921874999993 
