38 44 18 
0.4866601562499999 
0.7157617187499998 
0.5411523437499999 
0.5722070312499999 
0.6718164062499998 
0.5974023437499999 
0.7931054687499999 
0.6366601562499998 
0.6706445312499999 
0.5968164062499999 
0.7356835937499998 
0.7479882812499998 
0.7175195312499999 
0.7069726562499998 
0.7960351562499999 
0.8118554687499998 
0.5722070312499999 
0.7556054687499998 
0.5511132812499999 
0.5833398437499999 
0.9993554687499997 
0.5774804687499998 
0.5235742187499999 
0.6208398437499999 
0.5827539062499999 
0.7210351562499998 
0.8130273437499999 
0.5850976562499999 
0.6366601562499998 
0.6108789062499999 
0.7597070312499998 
0.6741601562499998 
0.7749414062499999 
0.7479882812499998 
0.6372460937499999 
0.7198632812499999 
0.8675195312499999 
0.6858789062499998 
0.6085351562499999 
0.7561914062499998 
0.5534570312499999 
0.7327539062499998 
0.6946679687499998 
0.54642578125 
0.6946679687499998 
0.6167382812499999 
0.78080078125 
0.5727929687499999 
0.92552734375 
0.5950585937499999 
0.7515039062499999 
0.6436914062499999 
0.7362695312499998 
0.8018945312499999 
0.5141992187499999 
0.52943359375 
0.93666015625 
0.5956445312499999 
0.7222070312499999 
0.7942773437499999 
0.6975976562499998 
0.53001953125 
0.6507226562499998 
0.7251367187499997 
0.9003320312499998 
0.6559960937499998 
0.91966796875 
0.46966796874999994 
0.43685546875 
0.8405664062499998 
0.6595117187499998 
0.6454492187499998 
0.44095703124999996 
0.7538476562499998 
0.8089257812499999 
0.6243554687499998 
0.47259765624999994 
0.7854882812499999 
0.7011132812499998 
0.9073632812499999 
0.5628320312499999 
0.6079492187499999 
0.8634179687499999 
0.7550195312499999 
0.8059960937499998 
0.7204492187499998 
0.5862695312499999 
0.5329492187499999 
0.52298828125 
0.37123046874999993 
0.6214257812499999 
0.6308007812499999 
0.6841210937499999 
0.7157617187499998 
0.49310546874999994 
0.8833398437499999 
0.47728515624999995 
0.5065820312499999 
0.7444726562499998 
0.6864648437499998 
0.79017578125 
0.44623046874999994 
0.5546289062499999 
0.5188867187499999 
0.6436914062499999 
0.5393945312499999 
0.7333398437499998 
0.7327539062499998 
0.6454492187499998 
0.7186914062499998 
0.5663476562499999 
0.6829492187499998 
0.6677148437499999 
0.5815820312499999 
0.6114648437499999 
0.7620507812499999 
0.5681054687499999 
0.6056054687499999 
0.7427148437499999 
0.6847070312499999 
0.6841210937499999 
0.6518945312499999 
0.7034570312499998 
0.44095703124999996 
1.07376953125 
0.7649804687499998 
0.6431054687499999 
0.6167382812499999 
0.56693359375 
0.5798242187499998 
0.7966210937499999 
0.6806054687499998 
0.40287109374999996 
0.7520898437499999 
0.7878320312499999 
0.6243554687499998 
0.6419335937499999 
0.6337304687499998 
0.6565820312499998 
0.5897851562499998 
0.6372460937499999 
0.6390039062499999 
0.7052148437499999 
0.7104882812499999 
0.7257226562499998 
0.7333398437499998 
0.6220117187499998 
0.6261132812499999 
0.7585351562499998 
0.5610742187499999 
0.5124414062499999 
0.5897851562499998 
0.7544335937499999 
0.5786523437499999 
0.7140039062499999 
0.6015039062499999 
0.7257226562499998 
0.56751953125 
0.54642578125 
0.6167382812499999 
0.5452539062499999 
0.5915429687499999 
0.8968164062499998 
0.4778710937499999 
0.7749414062499999 
0.5921289062499999 
0.7819726562499999 
0.8265039062499999 
0.6641992187499998 
0.5768945312499999 
0.7696679687499999 
0.6495507812499999 
0.7561914062499998 
0.7954492187499999 
0.6835351562499998 
0.6372460937499999 
0.9056054687499998 
0.8722070312499999 
0.5124414062499999 
0.6893945312499998 
0.6776757812499999 
0.6618554687499998 
0.7643945312499999 
0.5874414062499999 
0.41576171874999995 
0.6888085937499998 
1.08490234375 
0.6917382812499998 
0.8727929687499998 
0.6395898437499999 
0.6981835937499998 
0.4450585937499999 
0.7497460937499998 
0.5493554687499999 
0.5733789062499999 
0.7415429687499998 
0.5839257812499999 
0.8347070312499999 
0.6841210937499999 
0.8259179687499999 
