47 44 9 
0.4427148437499999 
0.44916015624999994 
0.5862695312499999 
1.01751953125 
0.8581445312499999 
0.6858789062499998 
0.60501953125 
0.6893945312499998 
0.6577539062499999 
0.56458984375 
0.6114648437499999 
0.5850976562499999 
0.9173242187499999 
0.6530664062499998 
0.8640039062499999 
0.5739648437499999 
0.5610742187499999 
0.7063867187499998 
0.6794335937499999 
0.7362695312499998 
0.5405664062499999 
0.6284570312499999 
0.7192773437499999 
0.8481835937499999 
0.7819726562499999 
0.6384179687499999 
0.5897851562499998 
0.5522851562499999 
0.8651757812499999 
0.6806054687499998 
0.5118554687499999 
0.5411523437499999 
0.53177734375 
0.8311914062499999 
0.6864648437499998 
0.5376367187499999 
0.7257226562499998 
0.7567773437499998 
0.8259179687499999 
0.5997460937499999 
0.8663476562499999 
0.7058007812499999 
0.5130273437499999 
0.5974023437499999 
0.7849023437499999 
0.5376367187499999 
0.5141992187499999 
0.6231835937499999 
0.6507226562499998 
0.8153710937499998 
0.7743554687499998 
0.5903710937499999 
0.5516992187499998 
0.7128320312499998 
0.6893945312499998 
0.5804101562499998 
0.6337304687499998 
0.7714257812499999 
0.5599023437499999 
0.7069726562499998 
0.5804101562499998 
0.4251367187499999 
0.6970117187499998 
0.7743554687499998 
0.6724023437499999 
0.6665429687499999 
0.5511132812499999 
0.5511132812499999 
0.7614648437499999 
0.7028710937499998 
0.6542382812499998 
0.5429101562499998 
0.7198632812499999 
0.8300195312499999 
0.8417382812499998 
0.7720117187499999 
0.8434960937499998 
0.47962890624999993 
0.5815820312499999 
0.5733789062499999 
0.6495507812499999 
0.7708398437499999 
0.7860742187499998 
0.7620507812499999 
0.5915429687499999 
0.6518945312499999 
0.5997460937499999 
0.5417382812499999 
0.7134179687499999 
0.7251367187499997 
0.6600976562499998 
0.7720117187499999 
0.56458984375 
0.6407617187499999 
0.7263085937499998 
0.6542382812499998 
0.7274804687499997 
0.6806054687499998 
0.95716796875 
0.8446679687499998 
0.5915429687499999 
0.6677148437499999 
0.7761132812499999 
0.6776757812499999 
0.5616601562499999 
0.8036523437499998 
0.44154296874999993 
0.5874414062499999 
0.39935546875 
0.8165429687499999 
0.6735742187499998 
0.6319726562499999 
0.52943359375 
0.42806640625 
0.6220117187499998 
0.8991601562499998 
0.7104882812499999 
0.7491601562499998 
0.49369140624999996 
0.5405664062499999 
0.5575585937499999 
0.7825585937499999 
0.7667382812499999 
0.7268945312499998 
0.6108789062499999 
0.7216210937499998 
0.5710351562499999 
0.7380273437499998 
0.6319726562499999 
0.5891992187499998 
0.8804101562499997 
0.6700585937499999 
0.6811914062499999 
0.7181054687499998 
0.6337304687499998 
0.48841796874999993 
0.5487695312499999 
0.6981835937499998 
0.5569726562499999 
0.7321679687499998 
0.6038476562499999 
0.5241601562499999 
0.48431640624999994 
0.7233789062499998 
0.7292382812499998 
0.5124414062499999 
0.6184960937499998 
0.7872460937499999 
0.6495507812499999 
0.8587304687499998 
0.6606835937499999 
0.92201171875 
0.6917382812499998 
0.7503320312499998 
0.5845117187499999 
0.7391992187499997 
0.4643945312499999 
0.5786523437499999 
0.6073632812499999 
0.5194726562499999 
0.6085351562499999 
0.46087890624999994 
0.8358789062499998 
0.7714257812499999 
0.7474023437499998 
0.5335351562499999 
0.7128320312499998 
0.6308007812499999 
0.8792382812499998 
0.4919335937499999 
0.8024804687499998 
0.5944726562499999 
0.7936914062499999 
0.6999414062499998 
0.6138085937499999 
0.49369140624999996 
0.8979882812499999 
0.5054101562499999 
0.6360742187499998 
0.7497460937499998 
0.4919335937499999 
0.5833398437499999 
0.52708984375 
0.53001953125 
0.8218164062499999 
0.5710351562499999 
0.6237695312499999 
0.6261132812499999 
0.7321679687499998 
0.6788476562499999 
0.6595117187499998 
0.7005273437499998 
0.7872460937499999 
0.5950585937499999 
0.6554101562499998 
0.6683007812499999 
0.6970117187499998 
0.6688867187499998 
0.7099023437499998 
0.6149804687499998 
