12 45 43 
0.9530664062499999 
0.8434960937499998 
0.92845703125 
1.20677734375 
0.97591796875 
0.8927148437499999 
1.11302734375 
0.94720703125 
1.17220703125 
1.07845703125 
0.5991601562499999 
0.82767578125 
0.94076171875 
0.8815820312499998 
0.7333398437499998 
0.91673828125 
0.8001367187499998 
1.1698632812499998 
1.22611328125 
0.8774804687499997 
0.97591796875 
0.8552148437499999 
0.7561914062499998 
0.7063867187499998 
0.6841210937499999 
0.5059960937499999 
0.9940820312499998 
0.98060546875 
1.14349609375 
0.5903710937499999 
0.96947265625 
1.2583398437500002 
0.6249414062499998 
0.9015039062499999 
0.6806054687499998 
0.7128320312499998 
0.9266992187499999 
0.6460351562499999 
0.8018945312499999 
0.7954492187499999 
0.9214257812500001 
0.9946679687499999 
0.7977929687499998 
0.8112695312499999 
0.8856835937499998 
0.9401757812500001 
1.20326171875 
0.8575585937499999 
0.7198632812499999 
0.93197265625 
0.91029296875 
0.9975976562499999 
0.8933007812499999 
0.8979882812499999 
0.7679101562499998 
0.9683007812500001 
0.7626367187499998 
0.8288476562499999 
0.92025390625 
0.7579492187499998 
1.06966796875 
0.6946679687499998 
0.7661523437499999 
1.13119140625 
0.7216210937499998 
0.8499414062499998 
0.9331445312500001 
1.2718164062500001 
1.03333984375 
0.7755273437499999 
0.7491601562499998 
0.6647851562499998 
0.93490234375 
1.1950585937500002 
1.31869140625 
0.8768945312499998 
0.7737695312499999 
1.07376953125 
0.6507226562499998 
0.9091210937499998 
0.7661523437499999 
0.8475976562499998 
0.95716796875 
0.7397851562499997 
0.5282617187499999 
0.8083398437499999 
1.0309960937500002 
1.0011132812499999 
0.8534570312499998 
0.6823632812499999 
1.1200585937500003 
0.9050195312499999 
0.8991601562499998 
1.0532617187500002 
0.8751367187499998 
1.08666015625 
0.94779296875 
1.20853515625 
0.8686914062499999 
0.6448632812499999 
1.03685546875 
1.16634765625 
0.7673242187499998 
1.21966796875 
1.2653710937500002 
1.10423828125 
0.6395898437499999 
0.92845703125 
0.8757226562499998 
1.32220703125 
1.01986328125 
1.0263085937500003 
1.09779296875 
1.01927734375 
0.9173242187499999 
0.6653710937499998 
0.8065820312499998 
0.7591210937499998 
1.2817773437500002 
0.8493554687499998 
0.8018945312499999 
0.8153710937499998 
1.13998046875 
0.52708984375 
0.8968164062499998 
0.8054101562499998 
0.95189453125 
1.09310546875 
0.8130273437499999 
0.91556640625 
0.7960351562499999 
0.7995507812499999 
0.7110742187499998 
0.6794335937499999 
0.7837304687499999 
0.7151757812499999 
0.9800195312500001 
0.98412109375 
0.91263671875 
0.7597070312499998 
0.94427734375 
0.7866601562499999 
1.0890039062499999 
1.2841210937500003 
0.7597070312499998 
0.8141992187499998 
1.1751367187500001 
0.8288476562499999 
0.96947265625 
1.05384765625 
0.8118554687499998 
1.0474023437500002 
0.6735742187499998 
0.7427148437499999 
0.7409570312499998 
0.6577539062499999 
1.20912109375 
0.91439453125 
0.8347070312499999 
1.0052148437500001 
0.8475976562499998 
0.9050195312499999 
0.7936914062499999 
1.10541015625 
1.03626953125 
0.6448632812499999 
0.97240234375 
0.7427148437499999 
0.7714257812499999 
0.94544921875 
0.8352929687499998 
0.9501367187499999 
1.20267578125 
0.7743554687499998 
0.8663476562499999 
1.17455078125 
0.96068359375 
0.6495507812499999 
1.19798828125 
0.8792382812499998 
0.94837890625 
0.9091210937499998 
0.7186914062499998 
0.8891992187499997 
0.9003320312499998 
0.8458398437499999 
0.7462304687499998 
0.6056054687499999 
0.8757226562499998 
0.9085351562499998 
0.96947265625 
0.7503320312499998 
0.97181640625 
0.7503320312499998 
0.92435546875 
0.8481835937499999 
0.8083398437499999 
1.24486328125 
1.11361328125 
1.03685546875 
