18 45 37 
0.7520898437499999 
0.8118554687499998 
0.8903710937499998 
0.6466210937499999 
0.9044335937499999 
0.93490234375 
0.5862695312499999 
0.7755273437499999 
1.17396484375 
0.6384179687499999 
0.6308007812499999 
0.7374414062499998 
0.6765039062499999 
0.6934960937499998 
0.8481835937499999 
0.7286523437499998 
0.9015039062499999 
0.8183007812499999 
0.5821679687499999 
0.91029296875 
0.7327539062499998 
0.7532617187499998 
0.7831445312499999 
0.46673828124999994 
0.5968164062499999 
0.7198632812499999 
1.22962890625 
0.6999414062499998 
0.8751367187499998 
0.8821679687499998 
0.6577539062499999 
0.7989648437499999 
0.7181054687499998 
0.9999414062499997 
0.6349023437499999 
1.1247460937500002 
0.8604882812499999 
0.91673828125 
0.7040429687499998 
0.7755273437499999 
0.7890039062499999 
0.9554101562499999 
0.5979882812499999 
0.6940820312499998 
0.5716210937499999 
0.6724023437499999 
0.7626367187499998 
0.8224023437499999 
0.93373046875 
0.7866601562499999 
0.5815820312499999 
0.6876367187499998 
0.6102929687499998 
0.8804101562499997 
0.8768945312499998 
0.9882226562499998 
0.7983789062499999 
0.7345117187499998 
0.45853515624999996 
0.6319726562499999 
0.7268945312499998 
0.6923242187499997 
0.6858789062499998 
0.7040429687499998 
0.5733789062499999 
0.5329492187499999 
0.6934960937499998 
0.7655664062499998 
0.5124414062499999 
0.6325585937499999 
0.6190820312499998 
0.95775390625 
0.6823632812499999 
1.00873046875 
0.8323632812499999 
1.29056640625 
0.7433007812499999 
0.9032617187499998 
0.98236328125 
0.7058007812499999 
0.6641992187499998 
0.6231835937499999 
0.5739648437499999 
0.6671289062499999 
0.91205078125 
0.9015039062499999 
0.5856835937499999 
0.9929101562499998 
0.8159570312499999 
0.8018945312499999 
0.8470117187499998 
0.7643945312499999 
0.7737695312499999 
0.8927148437499999 
1.16107421875 
0.7655664062499998 
0.8194726562499999 
0.6542382812499998 
0.6395898437499999 
0.6571679687499998 
0.6507226562499998 
0.6290429687499999 
0.7995507812499999 
0.6583398437499999 
0.6858789062499998 
0.6524804687499998 
0.8464257812499999 
0.7186914062499998 
0.78958984375 
0.7813867187499999 
0.7198632812499999 
1.1018945312500001 
0.9331445312500001 
0.96537109375 
0.5997460937499999 
0.5991601562499999 
0.7222070312499999 
0.9009179687499999 
0.8218164062499999 
0.6788476562499999 
0.8077539062499999 
1.1493554687499998 
0.9091210937499998 
0.8200585937499999 
0.7972070312499999 
1.2190820312500001 
0.6190820312499998 
0.8774804687499997 
1.08607421875 
0.8903710937499998 
0.6647851562499998 
0.56693359375 
0.8763085937499998 
0.6847070312499999 
0.6009179687499999 
0.6349023437499999 
0.7333398437499998 
0.6612695312499999 
0.5516992187499998 
0.93373046875 
0.93724609375 
0.7157617187499998 
0.92083984375 
0.7837304687499999 
0.6688867187499998 
1.08607421875 
0.7356835937499998 
0.7175195312499999 
0.7110742187499998 
0.7784570312499999 
0.9149804687499999 
0.8095117187499998 
0.6970117187499998 
0.7263085937499998 
0.7022851562499998 
0.7866601562499999 
0.7679101562499998 
0.7474023437499998 
0.8751367187499998 
0.6876367187499998 
1.0438867187500003 
0.7608789062499999 
0.6641992187499998 
0.7755273437499999 
0.8909570312499998 
1.0309960937500002 
0.7679101562499998 
0.7063867187499998 
0.7667382812499999 
0.91087890625 
0.7233789062499998 
0.7948632812499999 
0.91439453125 
1.0309960937500002 
0.6700585937499999 
0.92318359375 
0.6893945312499998 
0.8897851562499998 
0.7831445312499999 
0.8874414062499998 
0.6202539062499999 
0.5370507812499999 
0.7614648437499999 
1.20853515625 
0.6952539062499998 
1.04212890625 
1.05970703125 
0.9888085937499999 
0.5839257812499999 
0.6372460937499999 
0.7526757812499999 
0.92376953125 
0.7421289062499998 
0.7304101562499997 
0.7972070312499999 
0.7362695312499998 
1.0309960937500002 
0.8575585937499999 
0.8563867187499998 
0.5681054687499999 
