49 4 47 
1.2800195312500002 
1.16634765625 
1.2302148437500002 
1.3157617187500001 
1.1511132812499998 
1.1188867187500002 
1.2518945312500003 
1.2501367187500003 
1.22611328125 
1.2817773437500002 
1.0936914062499998 
1.2536523437500002 
1.2677148437500003 
1.2536523437500002 
1.30052734375 
1.13646484375 
1.2694726562500003 
1.21087890625 
1.23900390625 
1.2395898437500001 
1.3333398437500001 
1.2583398437500002 
1.10775390625 
1.21087890625 
1.28529296875 
1.26185546875 
1.22494140625 
1.1522851562499998 
1.31517578125 
1.26244140625 
1.2319726562500002 
0.7866601562499999 
1.26361328125 
1.0579492187500001 
1.10951171875 
1.24603515625 
1.2835351562500001 
1.19681640625 
1.2665429687500003 
1.20033203125 
1.3128320312500001 
1.2888085937500002 
1.2278710937500001 
1.3532617187500002 
1.2653710937500002 
1.2683007812500002 
1.30873046875 
1.2665429687500003 
1.2718164062500001 
0.8106835937499999 
1.2747460937500004 
0.98294921875 
1.29525390625 
1.2454492187500001 
1.2729882812500002 
1.2161523437500001 
1.07787109375 
1.2688867187500004 
1.2143945312500002 
0.94837890625 
1.25892578125 
1.2173242187500002 
1.08607421875 
1.2331445312500002 
1.2302148437500002 
1.24720703125 
1.18626953125 
1.29701171875 
1.28705078125 
1.2407617187500002 
1.2923242187500001 
1.16576171875 
1.21556640625 
0.7702539062499999 
1.2659570312500001 
1.2554101562500002 
1.3257226562500002 
1.24134765625 
1.24369140625 
0.7872460937499999 
1.06732421875 
1.3069726562500001 
1.22259765625 
1.2542382812500001 
1.24427734375 
1.2794335937500003 
1.2466210937500002 
1.2571679687500001 
0.91615234375 
1.3227929687500002 
1.3069726562500001 
0.93255859375 
1.22435546875 
1.2395898437500001 
1.2876367187500002 
1.09720703125 
1.2554101562500002 
1.01517578125 
1.2864648437500001 
1.2501367187500003 
1.2378320312500002 
1.23841796875 
1.29056640625 
1.2565820312500002 
1.23900390625 
1.22962890625 
1.3315820312500002 
1.2888085937500002 
1.05150390625 
1.08548828125 
1.24134765625 
1.13119140625 
1.2313867187500003 
1.25892578125 
1.20033203125 
1.29876953125 
1.3099023437500001 
1.1575585937500001 
1.22669921875 
1.22025390625 
1.2360742187500002 
1.2747460937500004 
1.2419335937500002 
1.28587890625 
1.23548828125 
1.2600976562500001 
1.20033203125 
1.17455078125 
1.1405664062499998 
1.28529296875 
1.2372460937500003 
1.22962890625 
1.29466796875 
1.3216210937500001 
1.2747460937500004 
1.29115234375 
1.2554101562500002 
1.2770898437500002 
1.0714257812499999 
1.2278710937500001 
1.31400390625 
1.2190820312500001 
1.13353515625 
1.2278710937500001 
1.29701171875 
1.2331445312500002 
1.1997460937500002 
1.22728515625 
1.18451171875 
1.2893945312500001 
1.12123046875 
1.21791015625 
1.24720703125 
1.2782617187500003 
1.2712304687500002 
1.2893945312500001 
0.8669335937499999 
1.13236328125 
1.22669921875 
1.2132226562500001 
1.28587890625 
1.2173242187500002 
1.31751953125 
1.22259765625 
1.0239648437500002 
1.23548828125 
1.3069726562500001 
1.3069726562500001 
1.2407617187500002 
1.25775390625 
1.15521484375 
1.10248046875 
1.30111328125 
1.2161523437500001 
1.19154296875 
1.2454492187500001 
0.8921289062499999 
1.22669921875 
1.2706445312500003 
1.2641992187500002 
1.2934960937500002 
1.2302148437500002 
1.1763085937500002 
1.2366601562500001 
1.2454492187500001 
1.22376953125 
0.9618554687499999 
1.28119140625 
1.22962890625 
1.27650390625 
1.23548828125 
1.26185546875 
1.2425195312500001 
1.3268945312500002 
1.2893945312500001 
1.04798828125 
1.2395898437500001 
1.24134765625 
1.2102929687500001 
1.2173242187500002 
