50 4 46 
1.29291015625 
1.15990234375 
1.22611328125 
1.1499414062499997 
1.09544921875 
1.23841796875 
1.2782617187500003 
1.29583984375 
1.3052148437500002 
1.2501367187500003 
1.24369140625 
1.2290429687500002 
0.9893945312499999 
1.2302148437500002 
1.2794335937500003 
1.2600976562500001 
1.2934960937500002 
1.0989648437500001 
1.2518945312500003 
1.1710351562499999 
1.2641992187500002 
1.31341796875 
1.2835351562500001 
1.2753320312500003 
1.3157617187500001 
1.2841210937500003 
1.2524804687500002 
1.3333398437500001 
1.2700585937500004 
1.2665429687500003 
1.18978515625 
1.2554101562500002 
1.2507226562500002 
1.2407617187500002 
1.31517578125 
1.1505273437499999 
1.2524804687500002 
1.31048828125 
1.2735742187500003 
1.2800195312500002 
1.20736328125 
1.2126367187500002 
1.2835351562500001 
1.1640039062499998 
1.3081445312500002 
1.24134765625 
1.2507226562500002 
1.2138085937500003 
1.2331445312500002 
0.97591796875 
1.15521484375 
1.2712304687500002 
1.2378320312500002 
1.2612695312500002 
1.25892578125 
1.31810546875 
1.2132226562500001 
1.2571679687500001 
1.28822265625 
1.2184960937500002 
1.2313867187500003 
1.2518945312500003 
1.06966796875 
1.28529296875 
1.28119140625 
1.20033203125 
1.3069726562500001 
1.2606835937500003 
1.2688867187500004 
1.1763085937500002 
1.2893945312500001 
1.2641992187500002 
1.2583398437500002 
1.23431640625 
1.2138085937500003 
1.2800195312500002 
1.29466796875 
1.2712304687500002 
1.2313867187500003 
1.27650390625 
1.15404296875 
1.2536523437500002 
1.2665429687500003 
1.10423828125 
1.2671289062500002 
1.24427734375 
1.3169335937500002 
1.3110742187500002 
1.2712304687500002 
1.09779296875 
1.2741601562500002 
1.2665429687500003 
1.1464257812499998 
1.2606835937500003 
1.22435546875 
1.28236328125 
1.2308007812500001 
1.24369140625 
1.35267578125 
1.20560546875 
1.2425195312500001 
1.2425195312500001 
1.28587890625 
1.2876367187500002 
1.19740234375 
1.1809960937500001 
1.2847070312500002 
1.22435546875 
1.29642578125 
1.2331445312500002 
1.2360742187500002 
1.2507226562500002 
1.31458984375 
1.22435546875 
1.24603515625 
1.08958984375 
1.29408203125 
1.2876367187500002 
1.2665429687500003 
1.2507226562500002 
1.30228515625 
1.24486328125 
1.22611328125 
1.2501367187500003 
1.2817773437500002 
1.22142578125 
1.2337304687500001 
1.2934960937500002 
1.3069726562500001 
1.2184960937500002 
1.0743554687499999 
1.2419335937500002 
1.03626953125 
1.2934960937500002 
1.1165429687500001 
1.2483789062500001 
1.1165429687500001 
1.2683007812500002 
1.31517578125 
1.25775390625 
0.93431640625 
1.3309960937500003 
1.1452539062499998 
1.14115234375 
0.9097070312499999 
1.1493554687499998 
1.2513085937500004 
1.24134765625 
1.29583984375 
1.28705078125 
1.2595117187500002 
1.1165429687500001 
1.24310546875 
1.2308007812500001 
1.35150390625 
1.25775390625 
1.2548242187500003 
1.2724023437500003 
1.39837890625 
1.2794335937500003 
1.2741601562500002 
1.2888085937500002 
1.2782617187500003 
1.2999414062499999 
1.2559960937500003 
1.20853515625 
1.2665429687500003 
1.13705078125 
1.2302148437500002 
1.17455078125 
1.2542382812500001 
1.2688867187500004 
1.29701171875 
1.3245507812500001 
1.2501367187500003 
1.20970703125 
1.07669921875 
1.30931640625 
1.2477929687500002 
1.22376953125 
1.2319726562500002 
1.2729882812500002 
1.2800195312500002 
1.13763671875 
1.29701171875 
1.3110742187500002 
1.29525390625 
1.2835351562500001 
1.20677734375 
1.29642578125 
1.2372460937500003 
1.21556640625 
1.2770898437500002 
1.2290429687500002 
1.11185546875 
1.2302148437500002 
1.1681054687499999 
1.28998046875 
1.2671289062500002 
1.2606835937500003 
