35 45 20 
0.5153710937499999 
0.6911523437499998 
0.7192773437499999 
0.8868554687499998 
0.7872460937499999 
0.8528710937499998 
0.8317773437499999 
0.6677148437499999 
0.7386132812499998 
0.7550195312499999 
0.49427734374999993 
0.7714257812499999 
0.5850976562499999 
0.7046289062499999 
0.5757226562499999 
0.5393945312499999 
0.51712890625 
0.49486328124999995 
0.6911523437499998 
0.8710351562499998 
0.6554101562499998 
0.64017578125 
0.8259179687499999 
0.50833984375 
0.6841210937499999 
0.8710351562499998 
0.6085351562499999 
0.6735742187499998 
0.6688867187499998 
0.7063867187499998 
0.6337304687499998 
0.7093164062499998 
0.4895898437499999 
0.7058007812499999 
0.79017578125 
0.51830078125 
0.56751953125 
0.7216210937499998 
0.7356835937499998 
0.6331445312499999 
0.5991601562499999 
0.7995507812499999 
0.7948632812499999 
0.5798242187499998 
0.5036523437499999 
0.6331445312499999 
0.7140039062499999 
0.44447265624999993 
0.5868554687499998 
0.6091210937499999 
0.47845703124999994 
0.4802148437499999 
0.56751953125 
0.6712304687499998 
0.6460351562499999 
1.00169921875 
0.5440820312499999 
0.47552734374999994 
0.6724023437499999 
0.6794335937499999 
0.6923242187499997 
0.8212304687499998 
0.6964257812499999 
0.7608789062499999 
0.7690820312499999 
0.5897851562499998 
0.53470703125 
0.7315820312499998 
0.6735742187499998 
0.7755273437499999 
0.6442773437499999 
0.7450585937499998 
0.41810546875 
0.78080078125 
0.5528710937499999 
0.56693359375 
0.7333398437499998 
0.5446679687499999 
0.6184960937499998 
0.6143945312499999 
0.45794921874999994 
0.5716210937499999 
0.8599023437499999 
0.6378320312499999 
0.7438867187499998 
0.6659570312499998 
0.5745507812499999 
0.4438867187499999 
0.92494140625 
0.8546289062499999 
0.8382226562499998 
0.5493554687499999 
0.6606835937499999 
0.7063867187499998 
0.6559960937499998 
0.6911523437499998 
0.6108789062499999 
0.59330078125 
0.49720703124999993 
0.6718164062499998 
0.7655664062499998 
0.8722070312499999 
0.5774804687499998 
0.6847070312499999 
0.8083398437499999 
0.7532617187499998 
0.8194726562499999 
0.6513085937499998 
0.6079492187499999 
0.7386132812499998 
0.5997460937499999 
0.6372460937499999 
0.8112695312499999 
0.5282617187499999 
0.5511132812499999 
0.6495507812499999 
0.7175195312499999 
0.7093164062499998 
0.56400390625 
0.7315820312499998 
0.7093164062499998 
0.7409570312499998 
0.6741601562499998 
0.6577539062499999 
0.93724609375 
0.9026757812499999 
0.5804101562499998 
0.7216210937499998 
0.60501953125 
0.6477929687499998 
0.8446679687499998 
0.7638085937499999 
0.5370507812499999 
0.43978515625 
0.6929101562499997 
0.8429101562499998 
0.6975976562499998 
0.6893945312499998 
0.93724609375 
0.7058007812499999 
0.5141992187499999 
0.6120507812499999 
0.8487695312499999 
0.5030664062499999 
0.8850976562499998 
0.6460351562499999 
0.6870507812499999 
0.6302148437499999 
0.5341210937499999 
0.7643945312499999 
0.7737695312499999 
0.5440820312499999 
0.7626367187499998 
0.6507226562499998 
0.53236328125 
0.56986328125 
0.6905664062499998 
0.6905664062499998 
0.6858789062499998 
0.48900390624999995 
0.6911523437499998 
0.6794335937499999 
0.6196679687499999 
0.5956445312499999 
0.7444726562499998 
0.6495507812499999 
0.6179101562499998 
0.7854882812499999 
0.6876367187499998 
0.6167382812499999 
0.6343164062499999 
0.6073632812499999 
0.47494140625 
0.5985742187499998 
0.5616601562499999 
0.8985742187499998 
0.4860742187499999 
0.5891992187499998 
0.7737695312499999 
0.7667382812499999 
0.6243554687499998 
0.6624414062499998 
0.6161523437499998 
0.5938867187499999 
0.6800195312499999 
0.6190820312499998 
0.6413476562499999 
0.5833398437499999 
0.79251953125 
0.6694726562499999 
0.7016992187499997 
0.5599023437499999 
0.5716210937499999 
0.5733789062499999 
0.6759179687499999 
0.59330078125 
0.6079492187499999 
0.53177734375 
0.5804101562499998 
0.7520898437499999 
