38 45 17 
0.8452539062499999 
0.7263085937499998 
0.5341210937499999 
0.43744140625 
0.6841210937499999 
0.6595117187499998 
0.7339257812499999 
0.7110742187499998 
0.6835351562499998 
0.5997460937499999 
0.5979882812499999 
0.7175195312499999 
0.7058007812499999 
1.07201171875 
0.6700585937499999 
0.7198632812499999 
0.43333984374999995 
0.6425195312499999 
0.6852929687499998 
0.56458984375 
0.6290429687499999 
0.5763085937499999 
0.5499414062499999 
0.91380859375 
0.6847070312499999 
0.8282617187499999 
0.6800195312499999 
0.6231835937499999 
0.7093164062499998 
0.7573632812499999 
0.6360742187499998 
0.6782617187499999 
0.6056054687499999 
0.7520898437499999 
0.8563867187499998 
0.6184960937499998 
0.7456445312499999 
0.6589257812499999 
0.8013085937499999 
0.7391992187499997 
0.44447265624999993 
0.5768945312499999 
0.5534570312499999 
0.6852929687499998 
0.7333398437499998 
0.5997460937499999 
0.5499414062499999 
0.5809960937499998 
0.7163476562499999 
0.5874414062499999 
0.6694726562499999 
0.7075585937499999 
0.7034570312499998 
0.7515039062499999 
0.8505273437499998 
0.6143945312499999 
0.6923242187499997 
0.6917382812499998 
0.5370507812499999 
0.7304101562499997 
0.6454492187499998 
0.5434960937499999 
0.6472070312499999 
0.6559960937499998 
0.48841796874999993 
0.5786523437499999 
0.5692773437499999 
0.6138085937499999 
0.6378320312499999 
0.6015039062499999 
0.7526757812499999 
0.6114648437499999 
0.6126367187499998 
0.5745507812499999 
0.5024804687499999 
0.7321679687499998 
0.9395898437500001 
0.5622460937499999 
0.6255273437499999 
0.6917382812499998 
0.5528710937499999 
0.8147851562499998 
0.7315820312499998 
0.6765039062499999 
0.6132226562499998 
0.5915429687499999 
0.6073632812499999 
0.6595117187499998 
0.5956445312499999 
0.6155664062499998 
0.7403710937499998 
0.7069726562499998 
0.6061914062499999 
0.34310546875 
0.7368554687499997 
0.7245507812499998 
0.9079492187499998 
0.6559960937499998 
0.47142578124999995 
0.51771484375 
0.44095703124999996 
0.6665429687499999 
0.7503320312499998 
0.5809960937499998 
0.6747460937499998 
0.42337890624999996 
0.8323632812499999 
0.7227929687499998 
0.7157617187499998 
0.5253320312499999 
0.6917382812499998 
0.8446679687499998 
0.6970117187499998 
0.7274804687499997 
0.6448632812499999 
0.6671289062499999 
1.07904296875 
0.7632226562499999 
0.6647851562499998 
0.7274804687499997 
0.8124414062499998 
0.7684960937499998 
0.92435546875 
0.53470703125 
0.7649804687499998 
0.7350976562499998 
0.7286523437499998 
0.6946679687499998 
0.6255273437499999 
0.8224023437499999 
0.6864648437499998 
0.6190820312499998 
0.5686914062499999 
0.96771484375 
0.7128320312499998 
0.43392578125 
0.6395898437499999 
0.6225976562499999 
0.5587304687499999 
0.5546289062499999 
0.5499414062499999 
0.7186914062499998 
0.6015039062499999 
0.7778710937499999 
0.5768945312499999 
0.6448632812499999 
0.7778710937499999 
0.8464257812499999 
0.5798242187499998 
0.6149804687499998 
0.8698632812499999 
0.5704492187499999 
0.4497460937499999 
0.6636132812499999 
0.5874414062499999 
0.7655664062499998 
0.6472070312499999 
0.5599023437499999 
0.6700585937499999 
0.8727929687499998 
0.50892578125 
0.6237695312499999 
0.6589257812499999 
0.8159570312499999 
0.6753320312499999 
0.7034570312499998 
0.6993554687499998 
0.6061914062499999 
0.9061914062499998 
0.6079492187499999 
0.7333398437499998 
0.8065820312499998 
0.6179101562499998 
0.6442773437499999 
0.8235742187499998 
0.5786523437499999 
0.6085351562499999 
0.5042382812499999 
0.6384179687499999 
0.4802148437499999 
0.5604882812499999 
0.53470703125 
0.6395898437499999 
0.7462304687499998 
0.7157617187499998 
0.5733789062499999 
0.4825585937499999 
0.7690820312499999 
0.7884179687499999 
0.7011132812499998 
0.5739648437499999 
0.6776757812499999 
0.6091210937499999 
0.6952539062499998 
0.6149804687499998 
0.6870507812499999 
0.8845117187499998 
0.6577539062499999 
0.6179101562499998 
0.6565820312499998 
