48 45 7 
0.5429101562499998 
0.4626367187499999 
0.6354882812499999 
0.6038476562499999 
0.6905664062499998 
0.97591796875 
0.6858789062499998 
0.8968164062499998 
0.7087304687499998 
0.5376367187499999 
0.5136132812499999 
0.7766992187499998 
0.6196679687499999 
0.6003320312499999 
0.7585351562499998 
0.7608789062499999 
0.5393945312499999 
0.5522851562499999 
0.8464257812499999 
0.5253320312499999 
0.6032617187499999 
0.7116601562499998 
0.7638085937499999 
0.6835351562499998 
0.6659570312499998 
0.6419335937499999 
0.8323632812499999 
0.8065820312499998 
0.6870507812499999 
0.7579492187499998 
0.5095117187499999 
0.6852929687499998 
0.5393945312499999 
0.5434960937499999 
0.6841210937499999 
0.5212304687499999 
0.56693359375 
0.6641992187499998 
0.54642578125 
0.7081445312499999 
0.7356835937499998 
0.6583398437499999 
0.6970117187499998 
0.7227929687499998 
0.8616601562499998 
0.6700585937499999 
0.7679101562499998 
0.5991601562499999 
0.5241601562499999 
0.6765039062499999 
0.6724023437499999 
0.52884765625 
0.7175195312499999 
0.7192773437499999 
0.5423242187499998 
0.5487695312499999 
0.8727929687499998 
0.64017578125 
0.8282617187499999 
0.60208984375 
0.7093164062499998 
0.47025390624999996 
0.4837304687499999 
0.5628320312499999 
0.5950585937499999 
0.5891992187499998 
0.6987695312499999 
0.6600976562499998 
0.6618554687499998 
0.45560546874999996 
0.5399804687499998 
0.7620507812499999 
0.7731835937499999 
0.5077539062499999 
0.7058007812499999 
0.6782617187499999 
0.6161523437499998 
0.53470703125 
0.7075585937499999 
0.6536523437499998 
0.53236328125 
0.7696679687499999 
0.7538476562499998 
0.5727929687499999 
0.6917382812499998 
0.6448632812499999 
0.6284570312499999 
0.6108789062499999 
0.52005859375 
0.7350976562499998 
0.5499414062499999 
0.5593164062499999 
0.46498046874999993 
0.8628320312499999 
0.6126367187499998 
0.6677148437499999 
0.6747460937499998 
0.8323632812499999 
0.5997460937499999 
0.7433007812499999 
0.5745507812499999 
0.5335351562499999 
0.7737695312499999 
0.6073632812499999 
0.6595117187499998 
0.8124414062499998 
0.78080078125 
0.5792382812499999 
0.91205078125 
0.6044335937499999 
0.5833398437499999 
0.6489648437499999 
0.7737695312499999 
0.6061914062499999 
0.7181054687499998 
0.40697265624999995 
0.46498046874999993 
0.6319726562499999 
0.8130273437499999 
0.6225976562499999 
0.60267578125 
0.6419335937499999 
0.6542382812499998 
0.6155664062499998 
0.56400390625 
0.5100976562499999 
0.5575585937499999 
0.7350976562499998 
0.5909570312499999 
0.5429101562499998 
0.9302148437500001 
0.50833984375 
0.5915429687499999 
0.7169335937499999 
0.7632226562499999 
0.43568359374999993 
0.5569726562499999 
0.5874414062499999 
0.8100976562499999 
0.5429101562499998 
0.8306054687499999 
0.7052148437499999 
0.34955078124999994 
0.7532617187499998 
0.5909570312499999 
0.7737695312499999 
0.6765039062499999 
0.6261132812499999 
0.6718164062499998 
0.52650390625 
0.7743554687499998 
0.7872460937499999 
0.7204492187499998 
0.7825585937499999 
0.8007226562499998 
0.7058007812499999 
0.6548242187499997 
0.5311914062499999 
0.6870507812499999 
0.6735742187499998 
0.94134765625 
0.5962304687499999 
0.6683007812499999 
0.5534570312499999 
0.6753320312499999 
0.6132226562499998 
0.6173242187499998 
0.79251953125 
0.7632226562499999 
0.5891992187499998 
0.5903710937499999 
0.7778710937499999 
0.5423242187499998 
0.6390039062499999 
0.6999414062499998 
0.6120507812499999 
0.7802148437499999 
0.5071679687499999 
0.5405664062499999 
0.5487695312499999 
0.6489648437499999 
0.8891992187499997 
0.5013085937499999 
0.8897851562499998 
0.8288476562499999 
0.6091210937499999 
0.5100976562499999 
0.6559960937499998 
0.5681054687499999 
0.7391992187499997 
0.7239648437499998 
0.7608789062499999 
0.53177734375 
0.6102929687499998 
0.7005273437499998 
0.7315820312499998 
0.7696679687499999 
0.5540429687499999 
0.8194726562499999 
0.6829492187499998 
