50 45 5 
0.91322265625 
0.7309960937499997 
0.5985742187499998 
0.7397851562499997 
0.49720703124999993 
0.5106835937499999 
0.5247460937499999 
0.7280664062499997 
0.6981835937499998 
0.6806054687499998 
0.5253320312499999 
0.5364648437499999 
0.6442773437499999 
0.5821679687499999 
0.6501367187499998 
0.5657617187499999 
0.5487695312499999 
0.6788476562499999 
0.5991601562499999 
0.8505273437499998 
0.7520898437499999 
0.5253320312499999 
0.6600976562499998 
0.5610742187499999 
0.7304101562499997 
0.7415429687499998 
0.6231835937499999 
0.7649804687499998 
0.5165429687499999 
0.5968164062499999 
0.6806054687499998 
0.7696679687499999 
0.9899804687499998 
0.6143945312499999 
0.6325585937499999 
0.7192773437499999 
0.6167382812499999 
0.7438867187499998 
0.6143945312499999 
0.6747460937499998 
0.6395898437499999 
0.5616601562499999 
0.8944726562499998 
0.6243554687499998 
0.8393945312499999 
0.6056054687499999 
0.6718164062499998 
0.7274804687499997 
0.6202539062499999 
0.53236328125 
0.7093164062499998 
0.7339257812499999 
0.5944726562499999 
0.5663476562499999 
0.5352929687499999 
0.51771484375 
0.7368554687499997 
0.6378320312499999 
0.5862695312499999 
0.43158203124999994 
0.7614648437499999 
0.6987695312499999 
0.7216210937499998 
0.6747460937499998 
0.6378320312499999 
0.9530664062499999 
0.4808007812499999 
0.4802148437499999 
0.45619140625 
0.6425195312499999 
0.60501953125 
0.7931054687499999 
0.5950585937499999 
0.6384179687499999 
0.6571679687499998 
0.7684960937499998 
0.64017578125 
0.7485742187499997 
0.7356835937499998 
0.6184960937499998 
0.64017578125 
0.6097070312499999 
0.6501367187499998 
0.51771484375 
0.7772851562499998 
0.6032617187499999 
0.6911523437499998 
0.51712890625 
0.6208398437499999 
0.7421289062499998 
0.7005273437499998 
0.6331445312499999 
0.6132226562499998 
0.7544335937499999 
0.6460351562499999 
0.42982421874999993 
0.4919335937499999 
0.6132226562499998 
0.6858789062499998 
0.6477929687499998 
0.6759179687499999 
0.5991601562499999 
0.48548828124999993 
0.5979882812499999 
0.6184960937499998 
0.6038476562499999 
0.6413476562499999 
0.5809960937499998 
0.92025390625 
0.6765039062499999 
0.8563867187499998 
0.7134179687499999 
0.6349023437499999 
0.6905664062499998 
0.5856835937499999 
0.8218164062499999 
0.7690820312499999 
0.4860742187499999 
0.7468164062499998 
0.5599023437499999 
0.6946679687499998 
0.6354882812499999 
0.6161523437499998 
0.5821679687499999 
0.8862695312499999 
0.5733789062499999 
0.42396484374999993 
0.6665429687499999 
0.6665429687499999 
0.8446679687499998 
0.49720703124999993 
0.5136132812499999 
0.5417382812499999 
0.5856835937499999 
0.5165429687499999 
0.5798242187499998 
0.4872460937499999 
0.6841210937499999 
0.42337890624999996 
0.42865234374999994 
0.6214257812499999 
0.5118554687499999 
0.5862695312499999 
0.5874414062499999 
0.56517578125 
0.6847070312499999 
0.56751953125 
0.7468164062499998 
0.7016992187499997 
0.6120507812499999 
0.6507226562499998 
0.6143945312499999 
0.44095703124999996 
0.9448632812500001 
0.5235742187499999 
0.6302148437499999 
0.8938867187499998 
0.8974023437499998 
0.5774804687499998 
0.5634179687499999 
0.7005273437499998 
0.5628320312499999 
0.6747460937499998 
0.7550195312499999 
0.7222070312499999 
0.7005273437499998 
0.6946679687499998 
0.6847070312499999 
0.5663476562499999 
0.41751953124999996 
0.6032617187499999 
0.4825585937499999 
0.5282617187499999 
0.52943359375 
0.5411523437499999 
0.8968164062499998 
0.6665429687499999 
0.7433007812499999 
0.7931054687499999 
0.6630273437499998 
0.7181054687499998 
0.8440820312499998 
0.5475976562499999 
0.5352929687499999 
0.5159570312499999 
0.4813867187499999 
0.7216210937499998 
0.5815820312499999 
0.7520898437499999 
0.6237695312499999 
0.5159570312499999 
0.8399804687499998 
0.6108789062499999 
0.5786523437499999 
0.5405664062499999 
0.5727929687499999 
0.4983789062499999 
0.8118554687499998 
0.44916015624999994 
0.5610742187499999 
