53 45 2 
0.78080078125 
0.6659570312499998 
0.6729882812499999 
0.6425195312499999 
0.7450585937499998 
0.7222070312499999 
0.5786523437499999 
0.6946679687499998 
0.6724023437499999 
0.6507226562499998 
0.7356835937499998 
0.6864648437499998 
0.5745507812499999 
0.6214257812499999 
0.5710351562499999 
0.5434960937499999 
0.6407617187499999 
0.5440820312499999 
0.5282617187499999 
0.5563867187499999 
0.5634179687499999 
0.6460351562499999 
0.5159570312499999 
0.5768945312499999 
0.6249414062499998 
0.5059960937499999 
0.5786523437499999 
0.5862695312499999 
0.7802148437499999 
0.7356835937499998 
0.5218164062499999 
0.6724023437499999 
0.60267578125 
0.5921289062499999 
0.7948632812499999 
0.6513085937499998 
0.8048242187499998 
0.8417382812499998 
0.6612695312499999 
0.6870507812499999 
0.5575585937499999 
0.52650390625 
0.49720703124999993 
0.6360742187499998 
0.7690820312499999 
0.6056054687499999 
0.7497460937499998 
0.7222070312499999 
0.6864648437499998 
0.5376367187499999 
0.5921289062499999 
0.6712304687499998 
0.5915429687499999 
0.6126367187499998 
0.6225976562499999 
0.7456445312499999 
0.53177734375 
0.6161523437499998 
0.6266992187499998 
0.5458398437499999 
0.7462304687499998 
0.5827539062499999 
0.45912109374999993 
0.5792382812499999 
0.53236328125 
0.6442773437499999 
0.52005859375 
0.52064453125 
0.7479882812499998 
0.6970117187499998 
0.52650390625 
0.6641992187499998 
0.8071679687499999 
0.7134179687499999 
0.5710351562499999 
0.4684960937499999 
0.6823632812499999 
0.6507226562499998 
0.6671289062499999 
0.6612695312499999 
0.5997460937499999 
0.8171289062499999 
0.6706445312499999 
0.8991601562499998 
0.8018945312499999 
0.6384179687499999 
0.6870507812499999 
0.7491601562499998 
0.6489648437499999 
0.45501953124999994 
0.6905664062499998 
0.6571679687499998 
0.8089257812499999 
0.6794335937499999 
0.6067773437499999 
0.6565820312499998 
0.6811914062499999 
0.5423242187499998 
0.7157617187499998 
0.5569726562499999 
0.5388085937499999 
0.6079492187499999 
0.6495507812499999 
0.5546289062499999 
0.5013085937499999 
0.6108789062499999 
0.5329492187499999 
0.6507226562499998 
0.7608789062499999 
0.4995507812499999 
0.6161523437499998 
0.5423242187499998 
0.5376367187499999 
0.5634179687499999 
0.8915429687499998 
0.79251953125 
0.7497460937499998 
0.6583398437499999 
0.8030664062499998 
0.7028710937499998 
0.5048242187499998 
0.5944726562499999 
0.6477929687499998 
0.6167382812499999 
0.49427734374999993 
0.5862695312499999 
0.5587304687499999 
0.6091210937499999 
0.50833984375 
0.6249414062499998 
0.8798242187499997 
0.7954492187499999 
0.46205078124999993 
0.5329492187499999 
0.6366601562499998 
0.4995507812499999 
0.7116601562499998 
0.9085351562499998 
0.8018945312499999 
0.6349023437499999 
0.6712304687499998 
0.7573632812499999 
0.4895898437499999 
0.5516992187499998 
0.5370507812499999 
0.6829492187499998 
0.55521484375 
0.6630273437499998 
0.55521484375 
0.7509179687499998 
0.7632226562499999 
0.7415429687499998 
0.6823632812499999 
0.6817773437499999 
0.6390039062499999 
0.60267578125 
0.7028710937499998 
0.5388085937499999 
0.7309960937499997 
0.6993554687499998 
0.7233789062499998 
0.5534570312499999 
0.56751953125 
0.3794335937499999 
0.91322265625 
0.7268945312499998 
0.7479882812499998 
0.6015039062499999 
0.7884179687499999 
0.8733789062499998 
0.6624414062499998 
0.7860742187499998 
0.6847070312499999 
0.7099023437499998 
0.5165429687499999 
0.5763085937499999 
0.40228515625 
0.43158203124999994 
0.6806054687499998 
0.4954492187499999 
0.46498046874999993 
0.56400390625 
0.52650390625 
0.7058007812499999 
0.7503320312499998 
1.1593164062499999 
0.5604882812499999 
0.5622460937499999 
0.5587304687499999 
0.5868554687499998 
0.5042382812499999 
0.4995507812499999 
0.6934960937499998 
0.5224023437499999 
0.5809960937499998 
0.5897851562499998 
0.8036523437499998 
0.5370507812499999 
0.7737695312499999 
0.7573632812499999 
