15 46 39 
1.02337890625 
0.6155664062499998 
0.9085351562499998 
0.6296289062499999 
0.8938867187499998 
0.6378320312499999 
0.8311914062499999 
0.5751367187499998 
0.6231835937499999 
1.06029296875 
0.7579492187499998 
1.22376953125 
1.09603515625 
0.8141992187499998 
0.7954492187499999 
0.8604882812499999 
0.7585351562499998 
0.8499414062499998 
0.8933007812499999 
1.24369140625 
0.6694726562499999 
0.6431054687499999 
0.6794335937499999 
0.6952539062499998 
0.7638085937499999 
0.7169335937499999 
0.9097070312499999 
0.56400390625 
0.8944726562499998 
0.9425195312500001 
0.6559960937499998 
1.17572265625 
0.95658203125 
0.9641992187499999 
0.8938867187499998 
0.6770898437499999 
0.7766992187499998 
0.6044335937499999 
0.7550195312499999 
0.97416015625 
0.6577539062499999 
0.91380859375 
0.7485742187499997 
0.7989648437499999 
0.7403710937499998 
0.8634179687499999 
0.9800195312500001 
0.94955078125 
0.7233789062499998 
0.91849609375 
0.6349023437499999 
0.6835351562499998 
0.8968164062499998 
0.7028710937499998 
0.8341210937499999 
0.7427148437499999 
1.03626953125 
0.6548242187499997 
0.7626367187499998 
0.6706445312499999 
0.7573632812499999 
0.7028710937499998 
0.95833984375 
0.8229882812499999 
0.8100976562499999 
0.8962304687499998 
1.12416015625 
0.6009179687499999 
1.08958984375 
0.95189453125 
0.8030664062499998 
0.93607421875 
0.5927148437499999 
0.8786523437499998 
0.7778710937499999 
0.7069726562499998 
0.96771484375 
0.7468164062499998 
0.92904296875 
0.5833398437499999 
0.6278710937499998 
0.7544335937499999 
0.8411523437499998 
0.8095117187499998 
0.6530664062499998 
0.7128320312499998 
0.9044335937499999 
0.8962304687499998 
0.8862695312499999 
0.6835351562499998 
0.91439453125 
0.9149804687499999 
0.8224023437499999 
0.7011132812499998 
1.06322265625 
0.7186914062499998 
1.06673828125 
0.6811914062499999 
0.6231835937499999 
0.7233789062499998 
0.6442773437499999 
0.7831445312499999 
0.6214257812499999 
0.9015039062499999 
1.19740234375 
0.7966210937499999 
0.8739648437499998 
0.97591796875 
0.7145898437499999 
0.8716210937499999 
0.92259765625 
1.23431640625 
0.9618554687499999 
1.17982421875 
0.6612695312499999 
0.9864648437499999 
0.8159570312499999 
1.07376953125 
0.8124414062499998 
0.93431640625 
0.8376367187499998 
0.96126953125 
0.82767578125 
0.6671289062499999 
0.7380273437499998 
0.9302148437500001 
0.5891992187499998 
0.8915429687499998 
0.6278710937499998 
0.7556054687499998 
0.92845703125 
0.8657617187499999 
0.7427148437499999 
1.1177148437500002 
0.6003320312499999 
0.7427148437499999 
0.93783203125 
0.6583398437499999 
0.7831445312499999 
0.7544335937499999 
0.8833398437499999 
1.01400390625 
1.16693359375 
1.0444726562500002 
0.8833398437499999 
0.8552148437499999 
0.7948632812499999 
0.7216210937499998 
0.7966210937499999 
0.94720703125 
0.9647851562499999 
0.6841210937499999 
0.8593164062499998 
0.8575585937499999 
0.7333398437499998 
0.8235742187499998 
0.7450585937499998 
0.5194726562499999 
0.7831445312499999 
0.7403710937499998 
0.5891992187499998 
0.8768945312499998 
0.7544335937499999 
0.7081445312499999 
0.8640039062499999 
0.6929101562499997 
0.8968164062499998 
0.7573632812499999 
0.91673828125 
0.8153710937499998 
0.5528710937499999 
0.7151757812499999 
0.8452539062499999 
0.9056054687499998 
1.1686914062499998 
1.00228515625 
0.7667382812499999 
0.6665429687499999 
0.8382226562499998 
0.8593164062499998 
0.6190820312499998 
0.7761132812499999 
0.7433007812499999 
0.55814453125 
0.8821679687499998 
0.6993554687499998 
0.7456445312499999 
0.7825585937499999 
0.8622460937499998 
1.15404296875 
0.8622460937499998 
0.7491601562499998 
0.8774804687499997 
0.7233789062499998 
1.17806640625 
0.95189453125 
0.9934960937499998 
0.92728515625 
0.8604882812499999 
0.8153710937499998 
