30 46 24 
0.6577539062499999 
0.7479882812499998 
0.7028710937499998 
0.7966210937499999 
0.6079492187499999 
0.6149804687499998 
0.7093164062499998 
0.49720703124999993 
0.7386132812499998 
0.7075585937499999 
0.8727929687499998 
0.7743554687499998 
0.6559960937499998 
0.6788476562499999 
0.6858789062499998 
0.7274804687499997 
0.9009179687499999 
0.6214257812499999 
0.6794335937499999 
0.56400390625 
0.5979882812499999 
0.6431054687499999 
0.7016992187499997 
0.8212304687499998 
0.5833398437499999 
0.6806054687499998 
0.6577539062499999 
0.94955078125 
0.6618554687499998 
0.7509179687499998 
0.7333398437499998 
0.6161523437499998 
0.6477929687499998 
0.5587304687499999 
0.6073632812499999 
0.56986328125 
0.6987695312499999 
0.7274804687499997 
0.7005273437499998 
0.7585351562499998 
0.6266992187499998 
0.6466210937499999 
0.7409570312499998 
0.5440820312499999 
0.9425195312500001 
0.6929101562499997 
0.95775390625 
0.6858789062499998 
0.6038476562499999 
0.93431640625 
0.6595117187499998 
0.8546289062499999 
0.8434960937499998 
0.5774804687499998 
0.8792382812499998 
0.7532617187499998 
0.7526757812499999 
0.6354882812499999 
0.6905664062499998 
0.5095117187499999 
0.6817773437499999 
0.6190820312499998 
0.7684960937499998 
0.8581445312499999 
0.6817773437499999 
0.8370507812499999 
0.8745507812499999 
0.7134179687499999 
0.6911523437499998 
0.7309960937499997 
0.6466210937499999 
0.6067773437499999 
0.7409570312499998 
0.5253320312499999 
0.6917382812499998 
0.6554101562499998 
0.6079492187499999 
0.6231835937499999 
0.6565820312499998 
0.7731835937499999 
0.7983789062499999 
0.7227929687499998 
0.41986328125 
0.95130859375 
0.6243554687499998 
0.97298828125 
0.6448632812499999 
0.7415429687499998 
0.7655664062499998 
0.8417382812499998 
0.7597070312499998 
0.7854882812499999 
0.5903710937499999 
0.6641992187499998 
0.53470703125 
0.6143945312499999 
0.7245507812499998 
0.7491601562499998 
0.8505273437499998 
0.6788476562499999 
0.7655664062499998 
0.6097070312499999 
0.8546289062499999 
0.7028710937499998 
0.6290429687499999 
0.7421289062499998 
0.6934960937499998 
0.7755273437499999 
0.7573632812499999 
0.8511132812499999 
0.5364648437499999 
0.5399804687499998 
0.7626367187499998 
1.07904296875 
0.7638085937499999 
0.8165429687499999 
0.6360742187499998 
0.5194726562499999 
0.6946679687499998 
0.7749414062499999 
0.44798828124999995 
0.8540429687499999 
0.5915429687499999 
0.7626367187499998 
0.6800195312499999 
0.5768945312499999 
0.64017578125 
0.6612695312499999 
0.8452539062499999 
0.5417382812499999 
0.7128320312499998 
0.6056054687499999 
0.5897851562499998 
0.6677148437499999 
0.8001367187499998 
0.6794335937499999 
0.6331445312499999 
0.7725976562499999 
0.6524804687499998 
0.7169335937499999 
0.6360742187499998 
0.6395898437499999 
0.6530664062499998 
0.6460351562499999 
0.8821679687499998 
0.6858789062499998 
0.6155664062499998 
0.8200585937499999 
0.6138085937499999 
0.6243554687499998 
0.6413476562499999 
0.4778710937499999 
0.7661523437499999 
0.6958398437499999 
0.8042382812499999 
0.6852929687499998 
0.6548242187499997 
0.6313867187499999 
0.7638085937499999 
0.7034570312499998 
0.7837304687499999 
0.7977929687499998 
0.53470703125 
0.6015039062499999 
0.7339257812499999 
0.6220117187499998 
0.55521484375 
0.8546289062499999 
0.5440820312499999 
0.7222070312499999 
0.6354882812499999 
0.5968164062499999 
0.79017578125 
0.7128320312499998 
0.8024804687499998 
0.6237695312499999 
0.6495507812499999 
0.7292382812499998 
0.8804101562499997 
1.04798828125 
0.5915429687499999 
0.6102929687499998 
0.50833984375 
0.5921289062499999 
0.5850976562499999 
0.6554101562499998 
0.7655664062499998 
0.6800195312499999 
0.7069726562499998 
0.7397851562499997 
0.6923242187499997 
0.7515039062499999 
0.8065820312499998 
0.6518945312499999 
0.6425195312499999 
0.7046289062499999 
0.6794335937499999 
0.6847070312499999 
0.7128320312499998 
0.5311914062499999 
