32 46 22 
0.5663476562499999 
0.6782617187499999 
0.6472070312499999 
0.6237695312499999 
0.95775390625 
0.8165429687499999 
0.6577539062499999 
0.6454492187499998 
0.8294335937499999 
0.8288476562499999 
0.5575585937499999 
0.6688867187499998 
0.7597070312499998 
0.6349023437499999 
0.7233789062499998 
0.91205078125 
0.6548242187499997 
0.6565820312499998 
0.6208398437499999 
0.6442773437499999 
0.6038476562499999 
0.8393945312499999 
0.5944726562499999 
0.6237695312499999 
0.7110742187499998 
0.6513085937499998 
0.6806054687499998 
0.5880273437499999 
0.6384179687499999 
0.7989648437499999 
0.91673828125 
0.56693359375 
0.5528710937499999 
0.49427734374999993 
0.8634179687499999 
0.5751367187499998 
0.8235742187499998 
0.6858789062499998 
0.6946679687499998 
0.5054101562499999 
0.6782617187499999 
1.0638085937500001 
0.5886132812499999 
0.6489648437499999 
0.8393945312499999 
0.6349023437499999 
0.6518945312499999 
0.5938867187499999 
0.7309960937499997 
0.6864648437499998 
0.8194726562499999 
0.9085351562499998 
0.7720117187499999 
0.6852929687499998 
0.6161523437499998 
0.8798242187499997 
0.8171289062499999 
0.7444726562499998 
0.6061914062499999 
0.8288476562499999 
0.6788476562499999 
0.6489648437499999 
0.5247460937499999 
0.52064453125 
0.5862695312499999 
0.6097070312499999 
0.7632226562499999 
0.5821679687499999 
0.47845703124999994 
0.6407617187499999 
0.7145898437499999 
0.6847070312499999 
0.6436914062499999 
0.6606835937499999 
0.5868554687499998 
0.7227929687499998 
0.7960351562499999 
0.6770898437499999 
0.6999414062499998 
0.9173242187499999 
0.8751367187499998 
0.6184960937499998 
0.5909570312499999 
0.7509179687499998 
0.5880273437499999 
0.7725976562499999 
0.7245507812499998 
0.91322265625 
0.6114648437499999 
0.56693359375 
0.7843164062499999 
0.7731835937499999 
0.8757226562499998 
0.52767578125 
0.5065820312499999 
0.6155664062499998 
0.7251367187499997 
0.7520898437499999 
0.8282617187499999 
0.6876367187499998 
0.7427148437499999 
0.5329492187499999 
0.6530664062499998 
0.6530664062499998 
0.8358789062499998 
0.5417382812499999 
0.7011132812499998 
0.7479882812499998 
0.8522851562499998 
0.4456445312499999 
0.6501367187499998 
0.6126367187499998 
0.6788476562499999 
0.6641992187499998 
0.6987695312499999 
0.6888085937499998 
0.9641992187499999 
0.5979882812499999 
0.7263085937499998 
0.6952539062499998 
0.91439453125 
0.7345117187499998 
0.5815820312499999 
0.7227929687499998 
0.6108789062499999 
0.6712304687499998 
0.6788476562499999 
0.49427734374999993 
0.7216210937499998 
0.6641992187499998 
0.6683007812499999 
0.8370507812499999 
0.6999414062499998 
0.6360742187499998 
0.7849023437499999 
0.6518945312499999 
0.8352929687499998 
0.6577539062499999 
0.8247460937499999 
0.6589257812499999 
0.6079492187499999 
0.6659570312499998 
0.8587304687499998 
0.8739648437499998 
0.91439453125 
0.98060546875 
0.5429101562499998 
0.7374414062499998 
0.6073632812499999 
0.6266992187499998 
0.6518945312499999 
0.6255273437499999 
0.52767578125 
0.6003320312499999 
0.6225976562499999 
0.7298242187499997 
0.6196679687499999 
0.5716210937499999 
0.5997460937499999 
0.8423242187499997 
0.7649804687499998 
0.5534570312499999 
0.5821679687499999 
0.7350976562499998 
0.5065820312499999 
0.5716210937499999 
0.5587304687499999 
0.52943359375 
0.6817773437499999 
0.56693359375 
0.6852929687499998 
0.60267578125 
0.6858789062499998 
0.7444726562499998 
0.5968164062499999 
0.6501367187499998 
0.7327539062499998 
0.5722070312499999 
0.6794335937499999 
0.7790429687499999 
0.7544335937499999 
0.6565820312499998 
0.5868554687499998 
0.7374414062499998 
0.9149804687499999 
0.6559960937499998 
0.5909570312499999 
0.6149804687499998 
0.6372460937499999 
0.6759179687499999 
0.5358789062499999 
0.8118554687499998 
0.6349023437499999 
0.7784570312499999 
0.7854882812499999 
0.6800195312499999 
0.8036523437499998 
0.7081445312499999 
0.5493554687499999 
0.5891992187499998 
