56 4 40 
1.2513085937500004 
1.29408203125 
1.29583984375 
1.2600976562500001 
1.1452539062499998 
1.2349023437500002 
1.19154296875 
1.28822265625 
1.20970703125 
1.2220117187500001 
1.28119140625 
1.10072265625 
1.23548828125 
1.4007226562500001 
1.04681640625 
1.2829492187500002 
1.25775390625 
1.24486328125 
1.2425195312500001 
1.25892578125 
1.0825585937500002 
1.2893945312500001 
1.2724023437500003 
1.2542382812500001 
1.2888085937500002 
1.2325585937500003 
1.2278710937500001 
1.2659570312500001 
1.2800195312500002 
1.1809960937500001 
1.3099023437500001 
1.2548242187500003 
1.3069726562500001 
1.2571679687500001 
1.2366601562500001 
1.2290429687500002 
1.2612695312500002 
1.29759765625 
1.2653710937500002 
1.2489648437500003 
1.2372460937500003 
1.1874414062499998 
1.3274804687500001 
1.2841210937500003 
1.2706445312500003 
1.2132226562500001 
1.3040429687500001 
1.2507226562500002 
1.30228515625 
1.3216210937500001 
1.2220117187500001 
1.3099023437500001 
1.2659570312500001 
1.22025390625 
1.2518945312500003 
1.29701171875 
1.2313867187500003 
1.1809960937500001 
1.28998046875 
1.2694726562500003 
1.3532617187500002 
1.2806054687500001 
1.15697265625 
1.30287109375 
1.2776757812500001 
1.2788476562500002 
1.2729882812500002 
1.19798828125 
1.2501367187500003 
1.2536523437500002 
1.19681640625 
1.2524804687500002 
0.7116601562499998 
1.2325585937500003 
1.22962890625 
1.2835351562500001 
1.29876953125 
1.2548242187500003 
1.2114648437500002 
1.13939453125 
0.9091210937499998 
1.2606835937500003 
1.24427734375 
1.21205078125 
1.24486328125 
1.14408203125 
1.25306640625 
1.2776757812500001 
1.28822265625 
1.2548242187500003 
1.2630273437500001 
1.3333398437500001 
1.30287109375 
1.0772851562499999 
1.2513085937500004 
1.22435546875 
1.1294335937500002 
1.32337890625 
1.2325585937500003 
1.27650390625 
1.2132226562500001 
1.2876367187500002 
1.02162109375 
1.31048828125 
1.14583984375 
1.2788476562500002 
1.2776757812500001 
1.26244140625 
1.2466210937500002 
1.06205078125 
1.2044335937500001 
1.2817773437500002 
1.07962890625 
1.1763085937500002 
1.2606835937500003 
1.2536523437500002 
1.32103515625 
1.2548242187500003 
1.2770898437500002 
1.08666015625 
1.2612695312500002 
1.3509179687500001 
1.24310546875 
1.30462890625 
1.05384765625 
1.2735742187500003 
1.2114648437500002 
1.3069726562500001 
1.17279296875 
1.29408203125 
1.29642578125 
1.2718164062500001 
1.3052148437500002 
1.23431640625 
1.31166015625 
1.3263085937500003 
1.08197265625 
1.24310546875 
1.2806054687500001 
1.2788476562500002 
1.2513085937500004 
1.29173828125 
1.2612695312500002 
1.21087890625 
1.30462890625 
1.2630273437500001 
1.2126367187500002 
1.2770898437500002 
1.3438867187500003 
1.2829492187500002 
1.32923828125 
1.2366601562500001 
1.2495507812500002 
1.2372460937500003 
0.7591210937499998 
1.1534570312499999 
1.2565820312500002 
1.2677148437500003 
1.1452539062499998 
1.19916015625 
1.22962890625 
1.2665429687500003 
1.2612695312500002 
1.05970703125 
1.25306640625 
1.33509765625 
1.2483789062500001 
0.7479882812499998 
1.31048828125 
1.08548828125 
1.1282617187500001 
1.2331445312500002 
1.08783203125 
1.2565820312500002 
1.2518945312500003 
1.2735742187500003 
1.2425195312500001 
1.2653710937500002 
1.25775390625 
1.1698632812499998 
1.3099023437500001 
1.25306640625 
1.20208984375 
1.2395898437500001 
1.10951171875 
1.2981835937500001 
1.2507226562500002 
1.31166015625 
1.24310546875 
1.33216796875 
1.2378320312500002 
1.12181640625 
1.24720703125 
1.2729882812500002 
1.2583398437500002 
1.2524804687500002 
1.30345703125 
1.1985742187500001 
1.2595117187500002 
1.2981835937500001 
