2 47 51 
1.36087890625 
1.30931640625 
1.2454492187500001 
1.3491601562500002 
1.37669921875 
1.32337890625 
1.39076171875 
1.29583984375 
1.30111328125 
1.29759765625 
1.3063867187500002 
1.33392578125 
1.32337890625 
1.3474023437500002 
1.36791015625 
1.4253320312500002 
1.31869140625 
1.31634765625 
1.31166015625 
1.31869140625 
1.4036523437500001 
1.3638085937500002 
1.30169921875 
1.31517578125 
1.4341210937500002 
1.32806640625 
1.38080078125 
1.33509765625 
1.35150390625 
1.32220703125 
1.31986328125 
1.38431640625 
1.36966796875 
1.36029296875 
1.33509765625 
1.3040429687500001 
1.36439453125 
1.3040429687500001 
1.30931640625 
1.35619140625 
1.31810546875 
1.28236328125 
1.3802148437500001 
1.2173242187500002 
1.35736328125 
1.37728515625 
1.3474023437500002 
1.37728515625 
1.3169335937500002 
1.30287109375 
1.37728515625 
1.33509765625 
1.35853515625 
1.32220703125 
1.35619140625 
1.38490234375 
1.38783203125 
1.37376953125 
1.31341796875 
1.37669921875 
1.2694726562500003 
1.3216210937500001 
1.32806640625 
1.30580078125 
1.37728515625 
1.28236328125 
1.3274804687500001 
1.29935546875 
1.3216210937500001 
1.3157617187500001 
1.39544921875 
1.3128320312500001 
1.38666015625 
1.3421289062500001 
1.38666015625 
1.32220703125 
1.3391992187500001 
1.3450585937500004 
1.3403710937500002 
1.3579492187500002 
1.4206445312500002 
1.38666015625 
1.2712304687500002 
1.3538476562500001 
1.4007226562500001 
1.3438867187500003 
1.39427734375 
1.3802148437500001 
1.36732421875 
1.39017578125 
1.37376953125 
1.3239648437500002 
1.3251367187500003 
1.3128320312500001 
1.38841796875 
1.3438867187500003 
1.3520898437500002 
1.3333398437500001 
1.3591210937500002 
1.37904296875 
1.33744140625 
1.3298242187500002 
1.3831445312500001 
1.36673828125 
1.37259765625 
1.31927734375 
1.39427734375 
1.31751953125 
1.30287109375 
1.33861328125 
1.3538476562500001 
1.31927734375 
1.39837890625 
1.3427148437500003 
1.35736328125 
1.2806054687500001 
1.30169921875 
1.3749414062499998 
1.3274804687500001 
1.36322265625 
1.3356835937500002 
1.32220703125 
1.3509179687500001 
1.23548828125 
1.3110742187500002 
1.38783203125 
1.38548828125 
1.4036523437500001 
1.36732421875 
1.3474023437500002 
1.3040429687500001 
1.4007226562500001 
1.3333398437500001 
1.3456445312500003 
1.3684960937500001 
1.43646484375 
1.3333398437500001 
1.39544921875 
1.31166015625 
1.36556640625 
1.3245507812500001 
1.31634765625 
1.37259765625 
1.29291015625 
1.29701171875 
1.3169335937500002 
1.3626367187500001 
1.4065820312500001 
1.41244140625 
1.37787109375 
1.3579492187500002 
1.3391992187500001 
1.38548828125 
1.32337890625 
1.3761132812499999 
1.3567773437500001 
1.2290429687500002 
1.3438867187500003 
1.30345703125 
1.37318359375 
1.36087890625 
1.30287109375 
1.31810546875 
1.4106835937500002 
1.38548828125 
1.3421289062500001 
1.36732421875 
1.30169921875 
1.4188867187500003 
1.37435546875 
1.2999414062499999 
1.31986328125 
1.28587890625 
1.3479882812500001 
1.3099023437500001 
1.3831445312500001 
1.3427148437500003 
1.3245507812500001 
1.3456445312500003 
1.37376953125 
1.33978515625 
1.34095703125 
1.37728515625 
1.3497460937500003 
1.30580078125 
1.41185546875 
1.33685546875 
1.4235742187500002 
1.3315820312500002 
1.3427148437500003 
1.3274804687500001 
1.31927734375 
1.3309960937500003 
1.40775390625 
1.30462890625 
1.3591210937500002 
1.2741601562500002 
1.30873046875 
1.3872460937500002 
1.33392578125 
