22 47 31 
0.8282617187499999 
0.7661523437499999 
0.7268945312499998 
0.8809960937499998 
0.6636132812499999 
0.7186914062499998 
0.6284570312499999 
0.6571679687499998 
0.91029296875 
0.6431054687499999 
0.5042382812499999 
0.8464257812499999 
0.5833398437499999 
0.5874414062499999 
0.5593164062499999 
1.07845703125 
0.8710351562499998 
0.6712304687499998 
0.9179101562499999 
0.91439453125 
0.6366601562499998 
1.1341210937500001 
0.6589257812499999 
0.6788476562499999 
0.5511132812499999 
0.7790429687499999 
0.5616601562499999 
0.8300195312499999 
0.7380273437499998 
0.9390039062500001 
0.7058007812499999 
0.8042382812499999 
0.6641992187499998 
0.8716210937499999 
0.7503320312499998 
0.6999414062499998 
0.6694726562499999 
0.6934960937499998 
0.5282617187499999 
0.8364648437499999 
0.7766992187499998 
0.51830078125 
0.6683007812499999 
0.8364648437499999 
0.8862695312499999 
0.6407617187499999 
0.44798828124999995 
0.79251953125 
0.51712890625 
0.7860742187499998 
0.6677148437499999 
0.7040429687499998 
0.7784570312499999 
0.7936914062499999 
0.6003320312499999 
0.7890039062499999 
0.95072265625 
0.7016992187499997 
0.6384179687499999 
0.7151757812499999 
0.9214257812500001 
0.5692773437499999 
1.13177734375 
0.7509179687499998 
0.8968164062499998 
0.8030664062499998 
0.7016992187499997 
0.8300195312499999 
0.7995507812499999 
0.94662109375 
0.8850976562499998 
0.6290429687499999 
0.8206445312499999 
0.91205078125 
0.6952539062499998 
0.7022851562499998 
0.6788476562499999 
0.7515039062499999 
0.52884765625 
0.7878320312499999 
0.6501367187499998 
0.8651757812499999 
0.60267578125 
0.6700585937499999 
0.7374414062499998 
0.6747460937499998 
0.6372460937499999 
0.7034570312499998 
0.92611328125 
0.6659570312499998 
0.8663476562499999 
0.8604882812499999 
0.8470117187499998 
1.14876953125 
0.7145898437499999 
0.8294335937499999 
0.7602929687499999 
0.6407617187499999 
0.6970117187499998 
0.6015039062499999 
0.6325585937499999 
0.7819726562499999 
0.8405664062499998 
0.8370507812499999 
0.8481835937499999 
0.8768945312499998 
0.4919335937499999 
0.6987695312499999 
0.93490234375 
0.5780664062499998 
0.5891992187499998 
0.6882226562499998 
0.5768945312499999 
0.8218164062499999 
0.6436914062499999 
0.7022851562499998 
0.8458398437499999 
0.8095117187499998 
0.7151757812499999 
0.8358789062499998 
0.6097070312499999 
0.5393945312499999 
0.9618554687499999 
0.5997460937499999 
0.7778710937499999 
0.8886132812499998 
0.46087890624999994 
0.7626367187499998 
0.6606835937499999 
0.6536523437499998 
0.5815820312499999 
0.7831445312499999 
1.16341796875 
0.6618554687499998 
0.6184960937499998 
0.5968164062499999 
0.7608789062499999 
0.92083984375 
0.8546289062499999 
0.7638085937499999 
0.95072265625 
0.6683007812499999 
0.7608789062499999 
0.9179101562499999 
0.7591210937499998 
0.95951171875 
0.8335351562499999 
0.5458398437499999 
0.6278710937499998 
0.8036523437499998 
0.6085351562499999 
0.6993554687499998 
0.6384179687499999 
0.8552148437499999 
0.8487695312499999 
0.6143945312499999 
0.7028710937499998 
0.6548242187499997 
0.6958398437499999 
0.6061914062499999 
0.8018945312499999 
0.7474023437499998 
1.0268945312500002 
0.9401757812500001 
0.5147851562499999 
0.5938867187499999 
0.7122460937499998 
0.5909570312499999 
0.5511132812499999 
0.8059960937499998 
0.8188867187499999 
0.98353515625 
1.19447265625 
0.5909570312499999 
0.7151757812499999 
0.7673242187499998 
0.6255273437499999 
1.06615234375 
0.97005859375 
0.91966796875 
0.7890039062499999 
0.4638085937499999 
0.92376953125 
0.8722070312499999 
0.6899804687499997 
0.7708398437499999 
0.78080078125 
0.7204492187499998 
0.56751953125 
0.8610742187499998 
0.7532617187499998 
0.7761132812499999 
0.6384179687499999 
0.8921289062499999 
0.8681054687499998 
0.8587304687499998 
0.7503320312499998 
0.6718164062499998 
0.8493554687499998 
0.6659570312499998 
