27 47 26 
0.60208984375 
0.8165429687499999 
0.7485742187499997 
0.8218164062499999 
0.7427148437499999 
0.7843164062499999 
0.55521484375 
0.8241601562499998 
0.6934960937499998 
0.8042382812499999 
0.6759179687499999 
0.6278710937499998 
0.9390039062500001 
0.6858789062499998 
0.5423242187499998 
0.7866601562499999 
0.6852929687499998 
0.7233789062499998 
0.7661523437499999 
0.8511132812499999 
0.95951171875 
0.6190820312499998 
0.6454492187499998 
0.6888085937499998 
0.7960351562499999 
0.7227929687499998 
0.8399804687499998 
0.5962304687499999 
0.7099023437499998 
0.7309960937499997 
0.8927148437499999 
0.6677148437499999 
0.5950585937499999 
0.6308007812499999 
0.8130273437499999 
0.91966796875 
0.6155664062499998 
0.6770898437499999 
0.7708398437499999 
0.5974023437499999 
0.7005273437499998 
0.7784570312499999 
0.64017578125 
0.6782617187499999 
0.6202539062499999 
0.6425195312499999 
0.6073632812499999 
0.7145898437499999 
0.5013085937499999 
0.43216796874999996 
0.6735742187499998 
0.5681054687499999 
0.5540429687499999 
0.7052148437499999 
0.7034570312499998 
0.8651757812499999 
0.6114648437499999 
0.8241601562499998 
0.6097070312499999 
0.91615234375 
0.6349023437499999 
0.8095117187499998 
1.01341796875 
0.6132226562499998 
0.8317773437499999 
0.8786523437499998 
0.8558007812499999 
0.6472070312499999 
0.7040429687499998 
0.6249414062499998 
0.92611328125 
0.4251367187499999 
0.55580078125 
0.6893945312499998 
0.6483789062499998 
0.5815820312499999 
0.8147851562499998 
0.4731835937499999 
0.8153710937499998 
0.8499414062499998 
0.8411523437499998 
0.7134179687499999 
0.6958398437499999 
0.6583398437499999 
0.6061914062499999 
0.6436914062499999 
0.7790429687499999 
0.6975976562499998 
0.48431640624999994 
0.7350976562499998 
1.00697265625 
0.5880273437499999 
0.5224023437499999 
0.6460351562499999 
0.5516992187499998 
0.7257226562499998 
0.5862695312499999 
0.6266992187499998 
0.9061914062499998 
0.8247460937499999 
0.6794335937499999 
0.8827539062499998 
0.5224023437499999 
0.4632226562499999 
0.7362695312499998 
0.7878320312499999 
0.6571679687499998 
0.8059960937499998 
0.8124414062499998 
0.8704492187499998 
0.94720703125 
0.6747460937499998 
0.6284570312499999 
0.7315820312499998 
0.6624414062499998 
0.6841210937499999 
0.7157617187499998 
0.7567773437499998 
0.8042382812499999 
0.5522851562499999 
0.44037109374999994 
0.7983789062499999 
0.8979882812499999 
0.5921289062499999 
0.6694726562499999 
0.8686914062499999 
0.8446679687499998 
0.6331445312499999 
0.8253320312499999 
0.7655664062499998 
0.6776757812499999 
0.6214257812499999 
0.6905664062499998 
1.0186914062499999 
0.6671289062499999 
0.7110742187499998 
0.6179101562499998 
0.5487695312499999 
0.6899804687499997 
0.6999414062499998 
0.6741601562499998 
0.7884179687499999 
0.7128320312499998 
0.5634179687499999 
0.54642578125 
0.5956445312499999 
0.7245507812499998 
0.8136132812499999 
0.7796289062499999 
0.7391992187499997 
0.7169335937499999 
0.6975976562499998 
0.6208398437499999 
0.7919335937499999 
0.7391992187499997 
0.6747460937499998 
0.6477929687499998 
0.6647851562499998 
0.7110742187499998 
0.5944726562499999 
0.8669335937499999 
0.7210351562499998 
0.7766992187499998 
0.7526757812499999 
0.8862695312499999 
0.7046289062499999 
0.8815820312499998 
0.6829492187499998 
0.6349023437499999 
0.4925195312499999 
0.6149804687499998 
0.6782617187499999 
0.7515039062499999 
0.5616601562499999 
0.7450585937499998 
0.8868554687499998 
0.7556054687499998 
0.7567773437499998 
0.8118554687499998 
0.7778710937499999 
0.5874414062499999 
0.5991601562499999 
0.59330078125 
0.8212304687499998 
0.7186914062499998 
0.6999414062499998 
0.47025390624999996 
0.5587304687499999 
0.6243554687499998 
1.0450585937500003 
0.6677148437499999 
0.7655664062499998 
0.8294335937499999 
0.4907617187499999 
0.7192773437499999 
0.6085351562499999 
0.5587304687499999 
0.7649804687499998 
0.7081445312499999 
0.5604882812499999 
