35 47 18 
0.6395898437499999 
0.47845703124999994 
0.6694726562499999 
0.94955078125 
0.4456445312499999 
0.5979882812499999 
0.6231835937499999 
0.8452539062499999 
0.5534570312499999 
0.6448632812499999 
0.6811914062499999 
0.7391992187499997 
0.6876367187499998 
0.8950585937499999 
0.6694726562499999 
0.7462304687499998 
0.7198632812499999 
0.6847070312499999 
0.7468164062499998 
0.5780664062499998 
0.5927148437499999 
0.8218164062499999 
0.7696679687499999 
0.6993554687499998 
0.7468164062499998 
0.56751953125 
0.5563867187499999 
0.53470703125 
0.53470703125 
0.5065820312499999 
0.6507226562499998 
0.6343164062499999 
0.92904296875 
0.7005273437499998 
0.7591210937499998 
0.8599023437499999 
0.7591210937499998 
0.5470117187499999 
0.7585351562499998 
0.7397851562499997 
0.5850976562499999 
0.9214257812500001 
0.91380859375 
0.6565820312499998 
0.6706445312499999 
0.42923828124999996 
0.7274804687499997 
0.6683007812499999 
0.6794335937499999 
0.6981835937499998 
0.46791015624999993 
0.5376367187499999 
0.6665429687499999 
0.5065820312499999 
0.5710351562499999 
0.95130859375 
0.6261132812499999 
0.6741601562499998 
0.79251953125 
0.5388085937499999 
0.5511132812499999 
0.6419335937499999 
0.6384179687499999 
0.6671289062499999 
0.7298242187499997 
0.7186914062499998 
0.7040429687499998 
0.7028710937499998 
0.5253320312499999 
0.7526757812499999 
0.6079492187499999 
0.5136132812499999 
0.5880273437499999 
0.7602929687499999 
0.5815820312499999 
0.8968164062499998 
0.6952539062499998 
0.5188867187499999 
0.6735742187499998 
0.49310546874999994 
0.6126367187499998 
0.6056054687499999 
0.53001953125 
0.7567773437499998 
0.5622460937499999 
0.92494140625 
0.46791015624999993 
0.6214257812499999 
0.6600976562499998 
0.6220117187499998 
0.6038476562499999 
0.5850976562499999 
0.56400390625 
0.6407617187499999 
0.6343164062499999 
0.42982421874999993 
0.6929101562499997 
0.8147851562499998 
1.02162109375 
0.8300195312499999 
0.8077539062499999 
0.7931054687499999 
0.7034570312499998 
0.6888085937499998 
0.5968164062499999 
0.6788476562499999 
0.8212304687499998 
0.7198632812499999 
0.6536523437499998 
0.44681640624999996 
0.6600976562499998 
0.6899804687499997 
0.5692773437499999 
0.5440820312499999 
0.6056054687499999 
0.6067773437499999 
0.6952539062499998 
0.6056054687499999 
0.8065820312499998 
0.8054101562499998 
0.7110742187499998 
0.5681054687499999 
0.5845117187499999 
0.5921289062499999 
0.5979882812499999 
0.5962304687499999 
0.5909570312499999 
0.42279296874999994 
0.7503320312499998 
0.6554101562499998 
0.5218164062499999 
0.6706445312499999 
0.5452539062499999 
0.6513085937499998 
0.5628320312499999 
0.5727929687499999 
0.95951171875 
0.56400390625 
0.6390039062499999 
0.5628320312499999 
0.8095117187499998 
0.7655664062499998 
0.39876953125 
0.8183007812499999 
0.6102929687499998 
0.7321679687499998 
0.5218164062499999 
0.7872460937499999 
0.7069726562499998 
0.6835351562499998 
0.5997460937499999 
0.5499414062499999 
0.6600976562499998 
0.6565820312499998 
0.6923242187499997 
0.7403710937499998 
0.8071679687499999 
0.5024804687499999 
0.6712304687499998 
0.8464257812499999 
0.6085351562499999 
0.6378320312499999 
0.6436914062499999 
0.7919335937499999 
0.6858789062499998 
0.7825585937499999 
0.8522851562499998 
0.6126367187499998 
0.5745507812499999 
0.6249414062499998 
0.8288476562499999 
0.6202539062499999 
0.7192773437499999 
0.6806054687499998 
0.7005273437499998 
0.5991601562499999 
0.7081445312499999 
0.6325585937499999 
0.7362695312499998 
0.6618554687499998 
0.8681054687499998 
0.6987695312499999 
0.5546289062499999 
0.7550195312499999 
0.5839257812499999 
0.5921289062499999 
0.5745507812499999 
0.5921289062499999 
0.6653710937499998 
0.6425195312499999 
0.7151757812499999 
0.6952539062499998 
0.7304101562499997 
0.5048242187499998 
0.7884179687499999 
0.7022851562499998 
0.5944726562499999 
0.6999414062499998 
0.6395898437499999 
1.23548828125 
