36 47 17 
0.6559960937499998 
0.5997460937499999 
0.54642578125 
0.7550195312499999 
0.8089257812499999 
0.6641992187499998 
0.5247460937499999 
0.5634179687499999 
0.6712304687499998 
0.8013085937499999 
0.5868554687499998 
0.5522851562499999 
0.44447265624999993 
0.5405664062499999 
0.6477929687499998 
0.6694726562499999 
0.7936914062499999 
0.79251953125 
0.7075585937499999 
0.7450585937499998 
0.7456445312499999 
0.5440820312499999 
0.7274804687499997 
0.7046289062499999 
0.7597070312499998 
0.5862695312499999 
0.7602929687499999 
0.6266992187499998 
0.56751953125 
0.51830078125 
0.6940820312499998 
0.5528710937499999 
0.6225976562499999 
0.6384179687499999 
0.5616601562499999 
0.6747460937499998 
0.9390039062500001 
0.52943359375 
0.6009179687499999 
0.91908203125 
0.6624414062499998 
0.5563867187499999 
0.5821679687499999 
0.6735742187499998 
0.6694726562499999 
0.7638085937499999 
0.5446679687499999 
0.6220117187499998 
0.97650390625 
0.5757226562499999 
0.52064453125 
0.8475976562499998 
0.8698632812499999 
0.7433007812499999 
0.6243554687499998 
0.8763085937499998 
0.6278710937499998 
0.8136132812499999 
0.7509179687499998 
0.5434960937499999 
0.7737695312499999 
0.6384179687499999 
0.7761132812499999 
0.6882226562499998 
0.6794335937499999 
0.6987695312499999 
0.46205078124999993 
0.7509179687499998 
0.8177148437499999 
0.6712304687499998 
0.7989648437499999 
0.8663476562499999 
0.6729882812499999 
0.9038476562499999 
0.60267578125 
0.6530664062499998 
0.60267578125 
0.6741601562499998 
0.60267578125 
0.8511132812499999 
0.5376367187499999 
0.8294335937499999 
0.7046289062499999 
0.6911523437499998 
0.8481835937499999 
0.6794335937499999 
0.6126367187499998 
0.7825585937499999 
0.4989648437499999 
0.8722070312499999 
0.7954492187499999 
0.8153710937499998 
0.6261132812499999 
0.7585351562499998 
0.6806054687499998 
0.5780664062499998 
0.5956445312499999 
0.5071679687499999 
0.5235742187499999 
0.6120507812499999 
0.7356835937499998 
0.7450585937499998 
0.8657617187499999 
0.4778710937499999 
0.59330078125 
0.6085351562499999 
0.6600976562499998 
0.7690820312499999 
0.5505273437499999 
0.6776757812499999 
0.6407617187499999 
0.5938867187499999 
0.5153710937499999 
0.8382226562499998 
0.8358789062499998 
0.6448632812499999 
0.8059960937499998 
0.5329492187499999 
0.6243554687499998 
0.7280664062499997 
0.6466210937499999 
0.7643945312499999 
0.7304101562499997 
0.96712890625 
0.52650390625 
0.7585351562499998 
0.5382226562499999 
0.6893945312499998 
0.7052148437499999 
0.7181054687499998 
0.91263671875 
0.6759179687499999 
0.5405664062499999 
0.8013085937499999 
0.52943359375 
0.5622460937499999 
0.5563867187499999 
0.6542382812499998 
0.7222070312499999 
0.6272851562499998 
0.5921289062499999 
0.8341210937499999 
0.7427148437499999 
0.9038476562499999 
0.8077539062499999 
0.8024804687499998 
0.5874414062499999 
0.45736328125 
0.7104882812499999 
0.6448632812499999 
0.6056054687499999 
0.6184960937499998 
0.6507226562499998 
0.5106835937499999 
0.6237695312499999 
0.8241601562499998 
0.53177734375 
0.52591796875 
0.7263085937499998 
0.5979882812499999 
0.94837890625 
0.6425195312499999 
0.7292382812499998 
0.8083398437499999 
0.7386132812499998 
0.6876367187499998 
0.6683007812499999 
0.7298242187499997 
0.6360742187499998 
0.5604882812499999 
0.5915429687499999 
0.5095117187499999 
0.6753320312499999 
0.6278710937499998 
0.5681054687499999 
0.7216210937499998 
0.55521484375 
0.7520898437499999 
0.7919335937499999 
0.7890039062499999 
0.6659570312499998 
0.6044335937499999 
0.7292382812499998 
0.8018945312499999 
0.6647851562499998 
0.8147851562499998 
0.8440820312499998 
0.7380273437499998 
0.6472070312499999 
0.7579492187499998 
0.6108789062499999 
0.7022851562499998 
0.8845117187499998 
0.7040429687499998 
0.5891992187499998 
0.9179101562499999 
0.7350976562499998 
0.55814453125 
0.8013085937499999 
0.5212304687499999 
