40 47 13 
0.6530664062499998 
0.5147851562499999 
0.5388085937499999 
0.9946679687499999 
0.6489648437499999 
0.43861328125 
0.8112695312499999 
0.7643945312499999 
0.5136132812499999 
0.7503320312499998 
0.6683007812499999 
0.5938867187499999 
0.7233789062499998 
0.49720703124999993 
0.8569726562499999 
0.6934960937499998 
0.7028710937499998 
0.47552734374999994 
0.6893945312499998 
0.6788476562499999 
0.56986328125 
0.7034570312499998 
0.7140039062499999 
0.7104882812499999 
0.6694726562499999 
0.9923242187499998 
0.6770898437499999 
0.8464257812499999 
0.47376953124999993 
0.5065820312499999 
0.5241601562499999 
0.5458398437499999 
0.6477929687499998 
0.49603515624999994 
0.7614648437499999 
0.6261132812499999 
0.41810546875 
0.5722070312499999 
0.6647851562499998 
0.49134765624999993 
0.7796289062499999 
0.7081445312499999 
0.91087890625 
0.5452539062499999 
0.46205078124999993 
0.5470117187499999 
0.7175195312499999 
0.7561914062499998 
0.52064453125 
0.6870507812499999 
0.5634179687499999 
0.47435546874999995 
0.6290429687499999 
0.7538476562499998 
0.6390039062499999 
0.6800195312499999 
0.5886132812499999 
0.5124414062499999 
0.5241601562499999 
0.5218164062499999 
0.6694726562499999 
0.5358789062499999 
0.5634179687499999 
0.8141992187499998 
0.5218164062499999 
0.6255273437499999 
0.6372460937499999 
0.7104882812499999 
0.5100976562499999 
0.6507226562499998 
0.6384179687499999 
0.7813867187499999 
0.6864648437499998 
0.8059960937499998 
0.7907617187499999 
0.6302148437499999 
0.4849023437499999 
0.7386132812499998 
0.8106835937499999 
0.7796289062499999 
0.44154296874999993 
0.9899804687499998 
0.4878320312499999 
0.5909570312499999 
0.6970117187499998 
0.8423242187499997 
0.6489648437499999 
0.6630273437499998 
0.7350976562499998 
0.5440820312499999 
0.6302148437499999 
0.47611328124999996 
0.7913476562499999 
0.49720703124999993 
0.6038476562499999 
0.5587304687499999 
0.5786523437499999 
0.6483789062499998 
0.4837304687499999 
0.7058007812499999 
0.9050195312499999 
0.6694726562499999 
0.6073632812499999 
0.5218164062499999 
0.6302148437499999 
0.7597070312499998 
0.6073632812499999 
0.41576171874999995 
0.7233789062499998 
0.5124414062499999 
0.7655664062499998 
0.6425195312499999 
0.48431640624999994 
0.7186914062499998 
0.9050195312499999 
0.5411523437499999 
0.5470117187499999 
0.6847070312499999 
0.51126953125 
0.7110742187499998 
0.8440820312499998 
0.7099023437499998 
0.5352929687499999 
0.6407617187499999 
0.5745507812499999 
0.5001367187499999 
0.6659570312499998 
0.7063867187499998 
0.7819726562499999 
0.6630273437499998 
0.7157617187499998 
0.7485742187499997 
0.56986328125 
0.8575585937499999 
0.6999414062499998 
0.7450585937499998 
0.6097070312499999 
0.6729882812499999 
0.7538476562499998 
0.6712304687499998 
0.6354882812499999 
0.7673242187499998 
0.7942773437499999 
0.82767578125 
0.7163476562499999 
0.8780664062499998 
0.6372460937499999 
0.7011132812499998 
0.5440820312499999 
0.6706445312499999 
0.6284570312499999 
0.45853515624999996 
0.8282617187499999 
0.5563867187499999 
0.7802148437499999 
0.7362695312499998 
0.6331445312499999 
0.6934960937499998 
0.6372460937499999 
0.6636132812499999 
0.7280664062499997 
0.7427148437499999 
0.6073632812499999 
0.8558007812499999 
0.7438867187499998 
0.7843164062499999 
0.6600976562499998 
0.5487695312499999 
0.6934960937499998 
0.6618554687499998 
0.7556054687499998 
0.7028710937499998 
0.9032617187499998 
0.5891992187499998 
0.5188867187499999 
0.6313867187499999 
0.6278710937499998 
0.97650390625 
0.8558007812499999 
0.6524804687499998 
0.6407617187499999 
0.6384179687499999 
0.7491601562499998 
0.6155664062499998 
0.6811914062499999 
0.7515039062499999 
0.7960351562499999 
0.6161523437499998 
0.5768945312499999 
0.6864648437499998 
0.9091210937499998 
0.7450585937499998 
0.5036523437499999 
0.5979882812499999 
0.8727929687499998 
0.8692773437499999 
0.5071679687499999 
0.95833984375 
0.6390039062499999 
0.8979882812499999 
