49 47 4 
0.6337304687499998 
0.8423242187499997 
0.5136132812499999 
0.7960351562499999 
0.6940820312499998 
0.78958984375 
0.7638085937499999 
0.7046289062499999 
0.6495507812499999 
0.5452539062499999 
0.5007226562499999 
0.5382226562499999 
0.8347070312499999 
0.7192773437499999 
0.5804101562499998 
0.7849023437499999 
0.5352929687499999 
0.7104882812499999 
0.50833984375 
0.64017578125 
0.5991601562499999 
0.8370507812499999 
0.6981835937499998 
0.52591796875 
0.7099023437499998 
0.6395898437499999 
0.6800195312499999 
0.6583398437499999 
0.6425195312499999 
0.7227929687499998 
0.52650390625 
0.5036523437499999 
0.7614648437499999 
0.7954492187499999 
0.6472070312499999 
0.6759179687499999 
0.5622460937499999 
0.6724023437499999 
0.6518945312499999 
0.6624414062499998 
0.6817773437499999 
0.7391992187499997 
0.5792382812499999 
0.7034570312499998 
0.6489648437499999 
0.7075585937499999 
0.60208984375 
0.4602929687499999 
0.5440820312499999 
0.7485742187499997 
0.53236328125 
0.5827539062499999 
0.5751367187499998 
0.6518945312499999 
0.5475976562499999 
0.6958398437499999 
0.5458398437499999 
0.5979882812499999 
0.47845703124999994 
0.6138085937499999 
0.6940820312499998 
0.6255273437499999 
0.42689453124999993 
0.6243554687499998 
0.9800195312500001 
0.6507226562499998 
0.8018945312499999 
0.6038476562499999 
0.5722070312499999 
0.6770898437499999 
0.6009179687499999 
0.6677148437499999 
0.44916015624999994 
0.6331445312499999 
0.8183007812499999 
0.6530664062499998 
0.5153710937499999 
0.6378320312499999 
0.6753320312499999 
0.6460351562499999 
0.6302148437499999 
0.6724023437499999 
0.7948632812499999 
0.5915429687499999 
0.6056054687499999 
0.7427148437499999 
0.7608789062499999 
0.5382226562499999 
0.6003320312499999 
0.7468164062499998 
0.5475976562499999 
0.5487695312499999 
0.6489648437499999 
0.6114648437499999 
0.5364648437499999 
0.6038476562499999 
0.6032617187499999 
0.5399804687499998 
0.52884765625 
0.6712304687499998 
0.5001367187499999 
0.5897851562499998 
0.6003320312499999 
0.8001367187499998 
0.9390039062500001 
0.7614648437499999 
0.8130273437499999 
0.7292382812499998 
0.7544335937499999 
0.7046289062499999 
0.56458984375 
0.7538476562499998 
0.6184960937499998 
0.5417382812499999 
0.5722070312499999 
0.7186914062499998 
0.5628320312499999 
0.6870507812499999 
0.8850976562499998 
0.6782617187499999 
0.5815820312499999 
0.5897851562499998 
0.5599023437499999 
0.7274804687499997 
0.5997460937499999 
0.7263085937499998 
0.6700585937499999 
0.6349023437499999 
0.7620507812499999 
0.7579492187499998 
0.6466210937499999 
0.6266992187499998 
0.7110742187499998 
0.7099023437499998 
0.96126953125 
0.5516992187499998 
0.7825585937499999 
0.52884765625 
0.7556054687499998 
0.6155664062499998 
0.7327539062499998 
0.7362695312499998 
0.8481835937499999 
0.52708984375 
0.5399804687499998 
0.7766992187499998 
0.6923242187499997 
0.78080078125 
0.5540429687499999 
0.93138671875 
0.47728515624999995 
0.7386132812499998 
0.6624414062499998 
0.92962890625 
0.6313867187499999 
0.8698632812499999 
0.48548828124999993 
0.8229882812499999 
0.5487695312499999 
0.6735742187499998 
0.6782617187499999 
0.5212304687499999 
0.6970117187499998 
0.8804101562499997 
1.09310546875 
0.5481835937499999 
0.6852929687499998 
0.7661523437499999 
0.5804101562499998 
0.5686914062499999 
0.9061914062499998 
0.91673828125 
0.49603515624999994 
0.7954492187499999 
0.6319726562499999 
0.6694726562499999 
0.5827539062499999 
0.6220117187499998 
0.6331445312499999 
0.43978515625 
0.40462890625 
0.45619140625 
0.7866601562499999 
0.7345117187499998 
0.6460351562499999 
0.5815820312499999 
0.5188867187499999 
0.52884765625 
0.91205078125 
0.7608789062499999 
0.5065820312499999 
0.8136132812499999 
0.7186914062499998 
0.6647851562499998 
0.5991601562499999 
0.8558007812499999 
0.4831445312499999 
0.7614648437499999 
0.6472070312499999 
0.6911523437499998 
