9 48 43 
1.01048828125 
0.9448632812500001 
1.14115234375 
1.2337304687500001 
1.0286523437500001 
0.6712304687499998 
1.0638085937500001 
1.0309960937500002 
1.14115234375 
0.94955078125 
0.8411523437499998 
1.1874414062499998 
0.8856835937499998 
0.8792382812499998 
1.2378320312500002 
1.21498046875 
1.17220703125 
0.9032617187499998 
0.6946679687499998 
0.9038476562499999 
0.7421289062499998 
1.07376953125 
0.6864648437499998 
1.3157617187500001 
0.97884765625 
1.11009765625 
0.7380273437499998 
1.2319726562500002 
1.15814453125 
1.2999414062499999 
1.1188867187500002 
0.7591210937499998 
1.22728515625 
0.7233789062499998 
0.7796289062499999 
1.1253320312500001 
1.1124414062499999 
1.10951171875 
1.1253320312500001 
0.94310546875 
1.2776757812500001 
1.22845703125 
1.2138085937500003 
1.24369140625 
1.20736328125 
1.14115234375 
1.22494140625 
1.0714257812499999 
1.2184960937500002 
1.0063867187500002 
0.9981835937499999 
1.3169335937500002 
0.7977929687499998 
1.17337890625 
1.06263671875 
0.91205078125 
0.8640039062499999 
1.1640039062499998 
1.2847070312500002 
1.0503320312500002 
1.17982421875 
1.1950585937500002 
1.2571679687500001 
1.2554101562500002 
0.8294335937499999 
0.8786523437499998 
1.18802734375 
1.03919921875 
0.6729882812499999 
0.94779296875 
1.2595117187500002 
1.09134765625 
0.9864648437499999 
1.2425195312500001 
1.2829492187500002 
0.7790429687499999 
1.2454492187500001 
0.7655664062499998 
1.0052148437500001 
0.7474023437499998 
0.94427734375 
0.8921289062499999 
0.8809960937499998 
1.0749414062499998 
0.6981835937499998 
0.8159570312499999 
1.2290429687500002 
1.2999414062499999 
0.8329492187499998 
0.7122460937499998 
1.00169921875 
1.2102929687500001 
1.09310546875 
1.2788476562500002 
0.6554101562499998 
0.7597070312499998 
0.8962304687499998 
0.8657617187499999 
0.7005273437499998 
1.00990234375 
1.24486328125 
0.8722070312499999 
0.8528710937499998 
0.8628320312499999 
0.9958398437499999 
1.0474023437500002 
0.7573632812499999 
1.22259765625 
0.8727929687499998 
0.9097070312499999 
0.7532617187499998 
0.8376367187499998 
1.28236328125 
1.00169921875 
0.9308007812500001 
1.2630273437500001 
0.9009179687499999 
1.0890039062499999 
0.6888085937499998 
0.8528710937499998 
0.7491601562499998 
0.8546289062499999 
1.30873046875 
0.9056054687499998 
0.7474023437499998 
1.0936914062499998 
1.20501953125 
0.7011132812499998 
0.9173242187499999 
0.98470703125 
0.7737695312499999 
1.2313867187500003 
0.7544335937499999 
0.7942773437499999 
0.8804101562499997 
1.2923242187500001 
0.97943359375 
0.91322265625 
1.00169921875 
1.0456445312500002 
1.08373046875 
1.0356835937500002 
0.6477929687499998 
0.93373046875 
0.96888671875 
1.0462304687500001 
1.18802734375 
0.97474609375 
1.10248046875 
1.03216796875 
0.9530664062499999 
1.24310546875 
0.9770898437500001 
1.1809960937500001 
1.2132226562500001 
1.2489648437500003 
0.6518945312499999 
0.7766992187499998 
1.22083984375 
0.8915429687499998 
0.96126953125 
0.93548828125 
0.7708398437499999 
0.8013085937499999 
1.22552734375 
0.5845117187499999 
1.22376953125 
1.09251953125 
0.9524804687499999 
0.97123046875 
1.20736328125 
0.8352929687499998 
0.9770898437500001 
0.8751367187499998 
0.6243554687499998 
0.8634179687499999 
0.8317773437499999 
0.98119140625 
1.00931640625 
0.97416015625 
1.30052734375 
0.98294921875 
0.93783203125 
0.96126953125 
0.94720703125 
1.23431640625 
0.7849023437499999 
1.22962890625 
0.9401757812500001 
0.8563867187499998 
0.6934960937499998 
0.8364648437499999 
0.6653710937499998 
1.15580078125 
0.7626367187499998 
1.21498046875 
1.03802734375 
0.7239648437499998 
0.9876367187499998 
1.0286523437500001 
