27 48 25 
0.6302148437499999 
0.5054101562499999 
0.7690820312499999 
0.6759179687499999 
0.9038476562499999 
0.6659570312499998 
0.8874414062499998 
0.7983789062499999 
0.7099023437499998 
0.9888085937499999 
0.8300195312499999 
1.03041015625 
0.6167382812499999 
0.5522851562499999 
0.7667382812499999 
0.6073632812499999 
0.6237695312499999 
0.7655664062499998 
0.8534570312499998 
0.9647851562499999 
0.8077539062499999 
0.6425195312499999 
0.5956445312499999 
0.5938867187499999 
0.8440820312499998 
0.94310546875 
0.6325585937499999 
0.60267578125 
0.49017578124999994 
0.8095117187499998 
0.7761132812499999 
0.8475976562499998 
0.6419335937499999 
0.6729882812499999 
0.7386132812499998 
0.7280664062499997 
0.6970117187499998 
0.7321679687499998 
0.6636132812499999 
0.5780664062499998 
0.6003320312499999 
0.6302148437499999 
0.7942773437499999 
0.92083984375 
0.7321679687499998 
0.6325585937499999 
0.8358789062499998 
0.5792382812499999 
0.7597070312499998 
0.9179101562499999 
0.6413476562499999 
0.8224023437499999 
0.6970117187499998 
0.6565820312499998 
0.6384179687499999 
0.7374414062499998 
0.7134179687499999 
0.6747460937499998 
0.6448632812499999 
0.6507226562499998 
0.6237695312499999 
0.7532617187499998 
0.7309960937499997 
0.6214257812499999 
0.60208984375 
0.7702539062499999 
0.8300195312499999 
0.7263085937499998 
0.7034570312499998 
0.7321679687499998 
0.5657617187499999 
0.6923242187499997 
0.5968164062499999 
0.5722070312499999 
0.7040429687499998 
0.98353515625 
0.7391992187499997 
0.8622460937499998 
0.6870507812499999 
0.7040429687499998 
0.7843164062499999 
0.7784570312499999 
0.5985742187499998 
0.49017578124999994 
0.6120507812499999 
0.7456445312499999 
0.5335351562499999 
0.6173242187499998 
0.6302148437499999 
0.7134179687499999 
0.7837304687499999 
0.7690820312499999 
0.5985742187499998 
0.7784570312499999 
0.92025390625 
0.9266992187499999 
0.8470117187499998 
0.4878320312499999 
0.8206445312499999 
0.7438867187499998 
0.5850976562499999 
0.8018945312499999 
0.56517578125 
0.5681054687499999 
0.5059960937499999 
0.7415429687499998 
0.7579492187499998 
0.6091210937499999 
0.6923242187499997 
0.7632226562499999 
0.6143945312499999 
0.6102929687499998 
0.5757226562499999 
0.6688867187499998 
0.6138085937499999 
0.6302148437499999 
0.6987695312499999 
0.7333398437499998 
1.16693359375 
0.6934960937499998 
0.7866601562499999 
0.8030664062499998 
0.5991601562499999 
0.56400390625 
0.5681054687499999 
0.7339257812499999 
0.5809960937499998 
0.7046289062499999 
0.6571679687499998 
0.9061914062499998 
0.8323632812499999 
0.5968164062499999 
0.7198632812499999 
0.7556054687499998 
0.6729882812499999 
0.7292382812499998 
0.6454492187499998 
0.6888085937499998 
0.5681054687499999 
0.6460351562499999 
0.6571679687499998 
0.7175195312499999 
0.5991601562499999 
0.7972070312499999 
0.5874414062499999 
0.5839257812499999 
0.60208984375 
0.6214257812499999 
0.6009179687499999 
0.6489648437499999 
0.7350976562499998 
0.5780664062499998 
0.54642578125 
0.7052148437499999 
0.6460351562499999 
0.7479882812499998 
0.6987695312499999 
0.92845703125 
0.5054101562499999 
0.5417382812499999 
0.6565820312499998 
0.91205078125 
0.6237695312499999 
0.7022851562499998 
0.6120507812499999 
0.8007226562499998 
0.6683007812499999 
0.7016992187499997 
0.6196679687499999 
0.5540429687499999 
0.6003320312499999 
0.6981835937499998 
0.8686914062499999 
0.8845117187499998 
0.7409570312499998 
0.56400390625 
0.6184960937499998 
0.8054101562499998 
0.5915429687499999 
0.7509179687499998 
0.92435546875 
0.7591210937499998 
0.5147851562499999 
0.7977929687499998 
0.92787109375 
0.6243554687499998 
0.6366601562499998 
0.8909570312499998 
0.7268945312499998 
0.50892578125 
0.7679101562499998 
0.92552734375 
0.52884765625 
0.8382226562499998 
0.6677148437499999 
0.7509179687499998 
0.7257226562499998 
0.8405664062499998 
0.8745507812499999 
0.8206445312499999 
