29 48 23 
0.6425195312499999 
0.6413476562499999 
0.8950585937499999 
0.5757226562499999 
0.7292382812499998 
0.7972070312499999 
0.6272851562499998 
0.7649804687499998 
0.7386132812499998 
0.5774804687499998 
0.5827539062499999 
0.6782617187499999 
0.7251367187499997 
0.94134765625 
0.6577539062499999 
0.6624414062499998 
0.7409570312499998 
0.6577539062499999 
0.6114648437499999 
0.8991601562499998 
0.5751367187499998 
0.5241601562499999 
0.5095117187499999 
0.5886132812499999 
0.6202539062499999 
0.7204492187499998 
0.91966796875 
0.6337304687499998 
1.01517578125 
0.5850976562499999 
0.6735742187499998 
0.5235742187499999 
0.8563867187499998 
0.56400390625 
0.8440820312499998 
0.5815820312499999 
1.01751953125 
0.8487695312499999 
0.6565820312499998 
0.7058007812499999 
0.6143945312499999 
0.8329492187499998 
0.6554101562499998 
0.5452539062499999 
0.6390039062499999 
0.5352929687499999 
0.6923242187499997 
0.6466210937499999 
0.6811914062499999 
0.8130273437499999 
0.6472070312499999 
0.55814453125 
0.6395898437499999 
0.6987695312499999 
0.8311914062499999 
0.5569726562499999 
0.6683007812499999 
0.6735742187499998 
0.6729882812499999 
0.6009179687499999 
0.8288476562499999 
0.5376367187499999 
0.6220117187499998 
0.7597070312499998 
0.5974023437499999 
0.7737695312499999 
0.5909570312499999 
0.6817773437499999 
0.6272851562499998 
0.8493554687499998 
0.6308007812499999 
0.52650390625 
0.8089257812499999 
0.5212304687499999 
0.6817773437499999 
0.6876367187499998 
0.9419335937500001 
0.7397851562499997 
0.7485742187499997 
0.8095117187499998 
0.6847070312499999 
0.4966210937499999 
0.7438867187499998 
0.6349023437499999 
0.6677148437499999 
0.6911523437499998 
0.8335351562499999 
0.4614648437499999 
0.6888085937499998 
0.5528710937499999 
0.7966210937499999 
0.6114648437499999 
0.5634179687499999 
0.8048242187499998 
0.51771484375 
0.6266992187499998 
0.6378320312499999 
0.6829492187499998 
0.8839257812499999 
0.6419335937499999 
0.6841210937499999 
0.5663476562499999 
0.8933007812499999 
0.6694726562499999 
0.53470703125 
0.5370507812499999 
0.5809960937499998 
0.4895898437499999 
0.48841796874999993 
0.5739648437499999 
0.6067773437499999 
0.5446679687499999 
0.6009179687499999 
0.7673242187499998 
0.7397851562499997 
0.7333398437499998 
0.8259179687499999 
0.6138085937499999 
0.6436914062499999 
0.7339257812499999 
0.5815820312499999 
0.6138085937499999 
0.7813867187499999 
0.5470117187499999 
0.7239648437499998 
0.6624414062499998 
0.7702539062499999 
0.6677148437499999 
0.8059960937499998 
0.6958398437499999 
0.7573632812499999 
0.45853515624999996 
0.6425195312499999 
0.6220117187499998 
0.7772851562499998 
0.7544335937499999 
0.6987695312499999 
0.60267578125 
0.7157617187499998 
0.6671289062499999 
0.6911523437499998 
0.6143945312499999 
0.6882226562499998 
0.7591210937499998 
0.4450585937499999 
0.6999414062499998 
0.6829492187499998 
0.52298828125 
0.56400390625 
0.6407617187499999 
0.6858789062499998 
0.7046289062499999 
0.6407617187499999 
0.6483789062499998 
0.5763085937499999 
1.03509765625 
0.9770898437500001 
0.5663476562499999 
0.7403710937499998 
0.7450585937499998 
0.6917382812499998 
0.7444726562499998 
0.5956445312499999 
0.6044335937499999 
0.6636132812499999 
0.8599023437499999 
0.6677148437499999 
0.7561914062499998 
0.6852929687499998 
1.05384765625 
0.5839257812499999 
0.6612695312499999 
0.92201171875 
0.6044335937499999 
0.91673828125 
0.6067773437499999 
1.00169921875 
0.6032617187499999 
0.8815820312499998 
0.6120507812499999 
0.6524804687499998 
0.5282617187499999 
0.7263085937499998 
0.95189453125 
0.49310546874999994 
0.6899804687499997 
0.5106835937499999 
0.7772851562499998 
0.92611328125 
0.6940820312499998 
0.6952539062499998 
0.6847070312499999 
0.8710351562499998 
0.7157617187499998 
0.6882226562499998 
0.7315820312499998 
0.7520898437499999 
0.5376367187499999 
0.8622460937499998 
0.8434960937499998 
