30 48 22 
0.6688867187499998 
0.8018945312499999 
0.8165429687499999 
0.5253320312499999 
0.8071679687499999 
0.7790429687499999 
0.7011132812499998 
0.5979882812499999 
0.5686914062499999 
0.6548242187499997 
0.49486328124999995 
0.5587304687499999 
0.7315820312499998 
0.6091210937499999 
0.7854882812499999 
0.6477929687499998 
0.9770898437500001 
0.6061914062499999 
0.7737695312499999 
0.4954492187499999 
0.6882226562499998 
0.91439453125 
0.8470117187499998 
0.7884179687499999 
0.6741601562499998 
0.6618554687499998 
0.7995507812499999 
0.6975976562499998 
0.5956445312499999 
0.6852929687499998 
0.6712304687499998 
0.8757226562499998 
0.8458398437499999 
0.60501953125 
0.5628320312499999 
0.56517578125 
0.6653710937499998 
0.6114648437499999 
0.7790429687499999 
0.8634179687499999 
0.7304101562499997 
0.6460351562499999 
0.6431054687499999 
0.5792382812499999 
1.05619140625 
0.4456445312499999 
0.7362695312499998 
0.7878320312499999 
0.8007226562499998 
0.6677148437499999 
0.6653710937499998 
0.8054101562499998 
0.6847070312499999 
0.5417382812499999 
0.6612695312499999 
0.7515039062499999 
0.7790429687499999 
0.6196679687499999 
0.7433007812499999 
0.6143945312499999 
0.8376367187499998 
0.8364648437499999 
0.55814453125 
0.7327539062499998 
0.7110742187499998 
0.6518945312499999 
0.5780664062499998 
0.6155664062499998 
0.5874414062499999 
0.8751367187499998 
0.6606835937499999 
0.7233789062499998 
0.7163476562499999 
0.7239648437499998 
0.6835351562499998 
0.8247460937499999 
0.6325585937499999 
0.6706445312499999 
0.6536523437499998 
0.5739648437499999 
0.7884179687499999 
0.7784570312499999 
0.5505273437499999 
0.6835351562499998 
0.8036523437499998 
0.7579492187499998 
0.5622460937499999 
0.5938867187499999 
0.6934960937499998 
0.6032617187499999 
0.6290429687499999 
0.52591796875 
0.8001367187499998 
0.7702539062499999 
0.56517578125 
0.8616601562499998 
0.6612695312499999 
0.6507226562499998 
0.5722070312499999 
0.6091210937499999 
0.7333398437499998 
0.7315820312499998 
0.6747460937499998 
0.7860742187499998 
0.6870507812499999 
0.6952539062499998 
0.7485742187499997 
0.5903710937499999 
0.7854882812499999 
0.6999414062499998 
0.6700585937499999 
0.8141992187499998 
0.6718164062499998 
0.8405664062499998 
0.46498046874999993 
0.6899804687499997 
0.4427148437499999 
0.6782617187499999 
0.5546289062499999 
0.6331445312499999 
0.7093164062499998 
0.5311914062499999 
0.6067773437499999 
0.5499414062499999 
0.6788476562499999 
0.8370507812499999 
0.6390039062499999 
0.5282617187499999 
0.7186914062499998 
0.8294335937499999 
0.6595117187499998 
0.7251367187499997 
0.7403710937499998 
0.7462304687499998 
0.6870507812499999 
0.8751367187499998 
0.7573632812499999 
0.8446679687499998 
0.8059960937499998 
0.91322265625 
0.8757226562499998 
0.6243554687499998 
0.7286523437499998 
0.6149804687499998 
0.7766992187499998 
0.7034570312499998 
0.5657617187499999 
0.8124414062499998 
1.06966796875 
0.6249414062499998 
0.6454492187499998 
0.7731835937499999 
0.5751367187499998 
0.6290429687499999 
0.6448632812499999 
0.54642578125 
0.7520898437499999 
0.5944726562499999 
0.7626367187499998 
0.50892578125 
0.5534570312499999 
0.7632226562499999 
0.6114648437499999 
0.6266992187499998 
0.7163476562499999 
0.6653710937499998 
0.7433007812499999 
0.8669335937499999 
0.6583398437499999 
0.52298828125 
0.6759179687499999 
0.8001367187499998 
0.6337304687499998 
0.7368554687499997 
0.7192773437499999 
0.7485742187499997 
0.6712304687499998 
0.82767578125 
0.8645898437499999 
0.8042382812499999 
0.7245507812499998 
0.6518945312499999 
0.9085351562499998 
0.5692773437499999 
0.5628320312499999 
0.54642578125 
0.6472070312499999 
0.7292382812499998 
0.6290429687499999 
0.6530664062499998 
0.7743554687499998 
0.7561914062499998 
0.53470703125 
0.36537109374999993 
0.7040429687499998 
0.7022851562499998 
0.43978515625 
0.6612695312499999 
0.7380273437499998 
0.5071679687499999 
