36 48 16 
0.6143945312499999 
0.7977929687499998 
0.6266992187499998 
0.52708984375 
0.6835351562499998 
0.6038476562499999 
0.91322265625 
0.91380859375 
1.12884765625 
0.8071679687499999 
0.91615234375 
0.5722070312499999 
0.8341210937499999 
0.43333984374999995 
0.8575585937499999 
0.8259179687499999 
0.7890039062499999 
0.9882226562499998 
0.91322265625 
0.7268945312499998 
0.6548242187499997 
0.5282617187499999 
0.6056054687499999 
0.6126367187499998 
0.6823632812499999 
0.7110742187499998 
0.7028710937499998 
0.6911523437499998 
0.7186914062499998 
0.5751367187499998 
0.6477929687499998 
0.5745507812499999 
0.7556054687499998 
0.4895898437499999 
0.5100976562499999 
0.8845117187499998 
0.6923242187499997 
0.6911523437499998 
0.6987695312499999 
0.7210351562499998 
0.7778710937499999 
0.5868554687499998 
0.6536523437499998 
0.6179101562499998 
0.6302148437499999 
0.7972070312499999 
0.5909570312499999 
0.5370507812499999 
0.6161523437499998 
0.82767578125 
0.7181054687499998 
0.5628320312499999 
0.7192773437499999 
0.45853515624999996 
0.5007226562499999 
0.6296289062499999 
0.8423242187499997 
0.6788476562499999 
0.7122460937499998 
0.53470703125 
0.6800195312499999 
0.6524804687499998 
0.8253320312499999 
0.6829492187499998 
0.8528710937499998 
0.8118554687499998 
0.7526757812499999 
0.8030664062499998 
0.6272851562499998 
0.5306054687499999 
0.7626367187499998 
0.6852929687499998 
0.6659570312499998 
0.7708398437499999 
0.7509179687499998 
0.6524804687499998 
0.7075585937499999 
0.6231835937499999 
0.7526757812499999 
0.7907617187499999 
0.52708984375 
0.4878320312499999 
0.6905664062499998 
0.5610742187499999 
0.7140039062499999 
0.45736328125 
0.5897851562499998 
0.6132226562499998 
0.6266992187499998 
0.96009765625 
0.6155664062499998 
0.5100976562499999 
0.7538476562499998 
0.4878320312499999 
0.6858789062499998 
0.6097070312499999 
0.6009179687499999 
0.6015039062499999 
0.6477929687499998 
0.54642578125 
0.5563867187499999 
0.6677148437499999 
0.5804101562499998 
0.5071679687499999 
0.7731835937499999 
0.7591210937499998 
0.6032617187499999 
0.5136132812499999 
0.8352929687499998 
0.6495507812499999 
0.8599023437499999 
0.7878320312499999 
0.7585351562499998 
0.6823632812499999 
0.7849023437499999 
0.7614648437499999 
0.5599023437499999 
0.7058007812499999 
0.6255273437499999 
0.7649804687499998 
0.5862695312499999 
0.7573632812499999 
0.6108789062499999 
0.6161523437499998 
0.6214257812499999 
0.6132226562499998 
0.5710351562499999 
0.8229882812499999 
0.6091210937499999 
0.8130273437499999 
0.6360742187499998 
0.5018945312499999 
0.5622460937499999 
0.7034570312499998 
0.7550195312499999 
0.6876367187499998 
0.6770898437499999 
0.8188867187499999 
0.53236328125 
0.38353515624999995 
0.5018945312499999 
0.5241601562499999 
0.7556054687499998 
0.6694726562499999 
0.7245507812499998 
0.6565820312499998 
0.6290429687499999 
0.6683007812499999 
0.7304101562499997 
0.7286523437499998 
0.6325585937499999 
0.7837304687499999 
0.6460351562499999 
0.5950585937499999 
0.6858789062499998 
0.6431054687499999 
0.5634179687499999 
0.6266992187499998 
0.6313867187499999 
0.7778710937499999 
0.7087304687499998 
0.6899804687499997 
0.6882226562499998 
0.6559960937499998 
0.6524804687499998 
0.7579492187499998 
0.6466210937499999 
0.6993554687499998 
0.6559960937499998 
0.6729882812499999 
0.7298242187499997 
0.6061914062499999 
0.5710351562499999 
0.7620507812499999 
0.7649804687499998 
0.5733789062499999 
0.8095117187499998 
0.6325585937499999 
0.7069726562499998 
0.5774804687499998 
0.8188867187499999 
0.7204492187499998 
0.5845117187499999 
0.7046289062499999 
0.5159570312499999 
0.45150390625 
0.7614648437499999 
0.7667382812499999 
0.7257226562499998 
0.5364648437499999 
0.5546289062499999 
0.7866601562499999 
0.6536523437499998 
0.6120507812499999 
0.5880273437499999 
0.7983789062499999 
0.5938867187499999 
0.6425195312499999 
0.7544335937499999 
0.6343164062499999 
