47 48 5 
0.6278710937499998 
0.6190820312499998 
0.8235742187499998 
0.6782617187499999 
0.5534570312499999 
0.47025390624999996 
0.7239648437499998 
0.7544335937499999 
0.8475976562499998 
0.6184960937499998 
0.7579492187499998 
0.5575585937499999 
0.6126367187499998 
0.5839257812499999 
0.7011132812499998 
0.6349023437499999 
0.60267578125 
0.5036523437499999 
0.7491601562499998 
0.6261132812499999 
0.7022851562499998 
0.5018945312499999 
0.5575585937499999 
0.5370507812499999 
0.5335351562499999 
0.5311914062499999 
0.6472070312499999 
0.6384179687499999 
0.6372460937499999 
0.6143945312499999 
0.78080078125 
0.7016992187499997 
0.5282617187499999 
0.6366601562499998 
0.54642578125 
0.7532617187499998 
0.5147851562499999 
0.52650390625 
0.6378320312499999 
0.6929101562499997 
0.6302148437499999 
0.6636132812499999 
0.6823632812499999 
0.6390039062499999 
0.5470117187499999 
0.7608789062499999 
0.7140039062499999 
0.7731835937499999 
0.7550195312499999 
0.6319726562499999 
0.6436914062499999 
0.7063867187499998 
0.6419335937499999 
0.5306054687499999 
0.7028710937499998 
0.5862695312499999 
0.6489648437499999 
0.5013085937499999 
0.7638085937499999 
0.6167382812499999 
0.43919921874999995 
0.6067773437499999 
0.45033203124999993 
0.6489648437499999 
0.4831445312499999 
0.5845117187499999 
0.5610742187499999 
0.6196679687499999 
0.5780664062499998 
0.7005273437499998 
0.6893945312499998 
0.5903710937499999 
0.7210351562499998 
0.6419335937499999 
0.6278710937499998 
0.7181054687499998 
0.7725976562499999 
0.5722070312499999 
0.5388085937499999 
0.7391992187499997 
0.7561914062499998 
0.7450585937499998 
0.7526757812499999 
0.6647851562499998 
0.5927148437499999 
0.5944726562499999 
0.6313867187499999 
0.7766992187499998 
0.6243554687499998 
0.4825585937499999 
0.7134179687499999 
0.50833984375 
0.5054101562499999 
0.6893945312499998 
0.7028710937499998 
0.5733789062499999 
0.52767578125 
0.7345117187499998 
0.43861328125 
0.5434960937499999 
0.5880273437499999 
0.5827539062499999 
0.6589257812499999 
0.96654296875 
0.8792382812499998 
0.5774804687499998 
0.6823632812499999 
0.44681640624999996 
0.6917382812499998 
0.6319726562499999 
0.5915429687499999 
0.5499414062499999 
0.6436914062499999 
0.6975976562499998 
0.44623046874999994 
0.6905664062499998 
0.7620507812499999 
0.6518945312499999 
0.6477929687499998 
0.4977929687499999 
0.56400390625 
0.7380273437499998 
0.6255273437499999 
0.6073632812499999 
0.6987695312499999 
0.6583398437499999 
0.4690820312499999 
0.7151757812499999 
0.6765039062499999 
0.49017578124999994 
0.6741601562499998 
0.7684960937499998 
0.6559960937499998 
0.6097070312499999 
0.6847070312499999 
0.5095117187499999 
0.60501953125 
0.5411523437499999 
0.6436914062499999 
0.6800195312499999 
0.6653710937499998 
0.93138671875 
0.6999414062499998 
0.94779296875 
0.5622460937499999 
0.7556054687499998 
0.6835351562499998 
0.6847070312499999 
0.7919335937499999 
0.4983789062499999 
0.7339257812499999 
0.4684960937499999 
0.4673242187499999 
0.6155664062499998 
0.7069726562499998 
0.5429101562499998 
0.6589257812499999 
0.7438867187499998 
0.5968164062499999 
0.6829492187499998 
0.5628320312499999 
0.6220117187499998 
0.6524804687499998 
0.8657617187499999 
0.6220117187499998 
0.56751953125 
0.5475976562499999 
0.6255273437499999 
0.8440820312499998 
0.7128320312499998 
0.6038476562499999 
0.6454492187499998 
0.8323632812499999 
0.4860742187499999 
0.5710351562499999 
0.5839257812499999 
0.7485742187499997 
0.7186914062499998 
0.6946679687499998 
1.05677734375 
0.5616601562499999 
0.7157617187499998 
0.5850976562499999 
0.6770898437499999 
0.5100976562499999 
0.6477929687499998 
0.6477929687499998 
0.8745507812499999 
0.8370507812499999 
0.6384179687499999 
0.7116601562499998 
0.7315820312499998 
0.6073632812499999 
0.6190820312499998 
0.5997460937499999 
0.5522851562499999 
0.7315820312499998 
0.7433007812499999 
0.36302734374999995 
0.5388085937499999 
