3 49 48 
1.30169921875 
1.2817773437500002 
1.26244140625 
1.28236328125 
1.30462890625 
1.4065820312500001 
1.2817773437500002 
1.1751367187500001 
1.2600976562500001 
1.2501367187500003 
1.2653710937500002 
1.30931640625 
1.2565820312500002 
1.2583398437500002 
1.30462890625 
1.2729882812500002 
1.28529296875 
1.33861328125 
1.2407617187500002 
1.2700585937500004 
1.32806640625 
1.22845703125 
1.2735742187500003 
1.2893945312500001 
1.30228515625 
1.3099023437500001 
1.2923242187500001 
1.3497460937500003 
1.2507226562500002 
1.3239648437500002 
1.30345703125 
1.32806640625 
1.33216796875 
1.2677148437500003 
1.28705078125 
1.31166015625 
1.2718164062500001 
1.2683007812500002 
1.2864648437500001 
1.2407617187500002 
1.31751953125 
1.20677734375 
1.2671289062500002 
1.3579492187500002 
1.31634765625 
1.2694726562500003 
1.28236328125 
1.2694726562500003 
1.3081445312500002 
1.2712304687500002 
1.33275390625 
1.3169335937500002 
1.3245507812500001 
1.2595117187500002 
1.32337890625 
1.28236328125 
1.2548242187500003 
1.2835351562500001 
1.2477929687500002 
1.29466796875 
1.2559960937500003 
1.3075585937500003 
1.2712304687500002 
1.3421289062500001 
1.29583984375 
1.2677148437500003 
1.2524804687500002 
1.31341796875 
1.3063867187500002 
1.3503320312500002 
1.22962890625 
1.2694726562500003 
1.2630273437500001 
1.31869140625 
1.24427734375 
1.2759179687500002 
1.31048828125 
1.28236328125 
1.2313867187500003 
1.2706445312500003 
1.2600976562500001 
1.26361328125 
1.3216210937500001 
1.13529296875 
1.29408203125 
1.3356835937500002 
1.17865234375 
1.2829492187500002 
1.24603515625 
1.2923242187500001 
1.24369140625 
1.22728515625 
1.2542382812500001 
1.31986328125 
1.3444726562500002 
1.3286523437500002 
1.31810546875 
1.32103515625 
1.2741601562500002 
1.33392578125 
1.30931640625 
1.19330078125 
1.3052148437500002 
1.2893945312500001 
1.2507226562500002 
1.4300195312500001 
1.2126367187500002 
1.2788476562500002 
1.2477929687500002 
1.2688867187500004 
1.3491601562500002 
1.2600976562500001 
1.22083984375 
1.1985742187500001 
1.2724023437500003 
1.39955078125 
1.31458984375 
1.2753320312500003 
1.30345703125 
1.30462890625 
1.3063867187500002 
1.2759179687500002 
1.33392578125 
1.2747460937500004 
1.32923828125 
1.32044921875 
1.29583984375 
1.2770898437500002 
1.24369140625 
1.31810546875 
1.29115234375 
1.2659570312500001 
1.2466210937500002 
1.2753320312500003 
1.2319726562500002 
1.35619140625 
1.3579492187500002 
1.36791015625 
1.29525390625 
1.3075585937500003 
1.2489648437500003 
1.2706445312500003 
1.2893945312500001 
1.19212890625 
1.32923828125 
1.2747460937500004 
1.31341796875 
1.29056640625 
1.3286523437500002 
1.22845703125 
1.3128320312500001 
1.2753320312500003 
1.31341796875 
1.21556640625 
1.2694726562500003 
1.25306640625 
1.29759765625 
1.2800195312500002 
1.2776757812500001 
1.3227929687500002 
1.29642578125 
1.2729882812500002 
1.3274804687500001 
1.2735742187500003 
1.2489648437500003 
1.3298242187500002 
1.24017578125 
1.30931640625 
1.3245507812500001 
1.2888085937500002 
1.2759179687500002 
1.31634765625 
1.2653710937500002 
1.33685546875 
1.28705078125 
1.2542382812500001 
1.29291015625 
1.2653710937500002 
1.2776757812500001 
1.3128320312500001 
1.29935546875 
1.2630273437500001 
1.31048828125 
1.2747460937500004 
1.34095703125 
1.30052734375 
1.2612695312500002 
1.22376953125 
1.3251367187500003 
1.2583398437500002 
1.2694726562500003 
1.1751367187500001 
1.32923828125 
1.28998046875 
1.30345703125 
1.3485742187500003 
1.37142578125 
1.3567773437500001 
1.26361328125 
1.30052734375 
