69 4 27 
1.2712304687500002 
1.31048828125 
1.14232421875 
1.28998046875 
1.20853515625 
1.2776757812500001 
1.16283203125 
1.1124414062499999 
1.2788476562500002 
1.3110742187500002 
1.2641992187500002 
1.2782617187500003 
1.2419335937500002 
1.2981835937500001 
1.2747460937500004 
1.2583398437500002 
1.29291015625 
1.2806054687500001 
1.2548242187500003 
1.29115234375 
1.3069726562500001 
1.20560546875 
1.3069726562500001 
1.22259765625 
1.2753320312500003 
1.1165429687500001 
1.3075585937500003 
1.25892578125 
1.08431640625 
1.18685546875 
1.10775390625 
1.2337304687500001 
1.20794921875 
1.24310546875 
1.22669921875 
1.2190820312500001 
1.1927148437500001 
1.31927734375 
1.24427734375 
1.2138085937500003 
1.2724023437500003 
1.29056640625 
1.3081445312500002 
1.30169921875 
1.1640039062499998 
1.28119140625 
1.2981835937500001 
1.2782617187500003 
1.2683007812500002 
1.2337304687500001 
1.2571679687500001 
1.2501367187500003 
1.2349023437500002 
1.3257226562500002 
1.2419335937500002 
0.7427148437499999 
1.2753320312500003 
1.21556640625 
1.28119140625 
1.21556640625 
1.15404296875 
1.2677148437500003 
1.29876953125 
1.2495507812500002 
1.2677148437500003 
1.30287109375 
1.16576171875 
1.20208984375 
1.2671289062500002 
1.2231835937500002 
1.2419335937500002 
1.34095703125 
1.17044921875 
1.21791015625 
1.29173828125 
1.2302148437500002 
1.25306640625 
1.22142578125 
1.12298828125 
1.2419335937500002 
1.2061914062499999 
1.2313867187500003 
1.2782617187500003 
1.01986328125 
1.26361328125 
1.2495507812500002 
1.2770898437500002 
1.2466210937500002 
1.2659570312500001 
1.25306640625 
1.22845703125 
1.23431640625 
1.2999414062499999 
1.2595117187500002 
1.07259765625 
1.2606835937500003 
1.2366601562500001 
1.1809960937500001 
1.26185546875 
1.22494140625 
0.94720703125 
1.2360742187500002 
1.2565820312500002 
1.28236328125 
1.2794335937500003 
1.26361328125 
1.24720703125 
1.2378320312500002 
1.29056640625 
1.2718164062500001 
0.98236328125 
1.2337304687500001 
1.22025390625 
1.30287109375 
1.2378320312500002 
1.2659570312500001 
1.2700585937500004 
1.2565820312500002 
1.2349023437500002 
1.2278710937500001 
1.2606835937500003 
1.2407617187500002 
1.2806054687500001 
0.9970117187499998 
1.2747460937500004 
1.2653710937500002 
1.2683007812500002 
1.2331445312500002 
1.2466210937500002 
1.2595117187500002 
1.3052148437500002 
1.23431640625 
1.25892578125 
1.25892578125 
1.2782617187500003 
1.2724023437500003 
1.26185546875 
1.28529296875 
1.29583984375 
1.1499414062499997 
1.32806640625 
1.2759179687500002 
1.2876367187500002 
1.18333984375 
1.29115234375 
1.2507226562500002 
1.24310546875 
0.97650390625 
1.30931640625 
1.2794335937500003 
1.29701171875 
1.2489648437500003 
1.2665429687500003 
1.29701171875 
1.2565820312500002 
1.36322265625 
1.28587890625 
1.2501367187500003 
1.13529296875 
1.2571679687500001 
1.26478515625 
1.21556640625 
1.2161523437500001 
1.20150390625 
1.24603515625 
1.2360742187500002 
1.23841796875 
1.05267578125 
1.2817773437500002 
1.22083984375 
1.2999414062499999 
1.2349023437500002 
1.2759179687500002 
1.2337304687500001 
1.31341796875 
1.31986328125 
1.2524804687500002 
1.31166015625 
1.3040429687500001 
1.20912109375 
1.24017578125 
1.2395898437500001 
1.00931640625 
1.28705078125 
1.2706445312500003 
1.16751953125 
1.30345703125 
1.2683007812500002 
1.3450585937500004 
1.22962890625 
1.2606835937500003 
1.2864648437500001 
1.22611328125 
1.1224023437500001 
0.9800195312500001 
1.2735742187500003 
1.3081445312500002 
1.2559960937500003 
1.3063867187500002 
1.2319726562500002 
