14 49 37 
0.91029296875 
0.8352929687499998 
0.6823632812499999 
0.7731835937499999 
0.97064453125 
1.2600976562500001 
0.91673828125 
0.5944726562499999 
1.00345703125 
0.7052148437499999 
0.94720703125 
0.8745507812499999 
0.8241601562499998 
0.8921289062499999 
0.8634179687499999 
0.7538476562499998 
0.9952539062499999 
0.7837304687499999 
0.8938867187499998 
0.6964257812499999 
0.7005273437499998 
0.7427148437499999 
0.8306054687499999 
0.7772851562499998 
0.6554101562499998 
0.7620507812499999 
0.82767578125 
0.9934960937499998 
0.8001367187499998 
0.6302148437499999 
0.7474023437499998 
0.9097070312499999 
0.95072265625 
0.7515039062499999 
0.7702539062499999 
0.8991601562499998 
0.92201171875 
0.8733789062499998 
0.6606835937499999 
0.8528710937499998 
0.7110742187499998 
1.0655664062499999 
0.6114648437499999 
0.9448632812500001 
0.93724609375 
0.8071679687499999 
0.7837304687499999 
0.98236328125 
0.92904296875 
0.8335351562499999 
0.6442773437499999 
0.8235742187499998 
0.7608789062499999 
0.7315820312499998 
0.53177734375 
1.05736328125 
0.8452539062499999 
1.2173242187500002 
0.8856835937499998 
0.94837890625 
0.7948632812499999 
0.91908203125 
0.7561914062499998 
0.7649804687499998 
0.9009179687499999 
1.23431640625 
1.2161523437500001 
0.8475976562499998 
0.7280664062499997 
0.8259179687499999 
0.91615234375 
0.8475976562499998 
0.8159570312499999 
0.93548828125 
0.8470117187499998 
0.7714257812499999 
0.6225976562499999 
1.03626953125 
0.7585351562499998 
0.5868554687499998 
0.7714257812499999 
0.8112695312499999 
0.6841210937499999 
0.9905664062499998 
0.9026757812499999 
0.7591210937499998 
0.95189453125 
0.8862695312499999 
1.2782617187500003 
0.8716210937499999 
0.92435546875 
0.7087304687499998 
0.8224023437499999 
1.0655664062499999 
0.9559960937499999 
0.7919335937499999 
0.7497460937499998 
0.7538476562499998 
1.28998046875 
0.7134179687499999 
0.7116601562499998 
0.92728515625 
0.7216210937499998 
0.7046289062499999 
0.98412109375 
0.7995507812499999 
0.55580078125 
0.6905664062499998 
0.8522851562499998 
0.8692773437499999 
0.9987695312499999 
0.9067773437499999 
0.9266992187499999 
0.7772851562499998 
0.8013085937499999 
1.11595703125 
1.01458984375 
0.8481835937499999 
0.8575585937499999 
0.6097070312499999 
1.09955078125 
0.8311914062499999 
0.8352929687499998 
1.03392578125 
0.91322265625 
0.7860742187499998 
0.8370507812499999 
0.9776757812500001 
0.7327539062499998 
0.5358789062499999 
0.8581445312499999 
0.94837890625 
0.8669335937499999 
0.91205078125 
0.7022851562499998 
0.6483789062499998 
0.9061914062499998 
0.7561914062499998 
0.94427734375 
0.7245507812499998 
0.9993554687499997 
0.7157617187499998 
0.9331445312500001 
0.9056054687499998 
0.6747460937499998 
0.9032617187499998 
0.7456445312499999 
0.9214257812500001 
0.8722070312499999 
0.9179101562499999 
0.6987695312499999 
0.6970117187499998 
0.6524804687499998 
0.92904296875 
0.8587304687499998 
0.8399804687499998 
0.8833398437499999 
1.0227929687500001 
1.08080078125 
0.91087890625 
0.8417382812499998 
0.6724023437499999 
0.7989648437499999 
0.6806054687499998 
0.91322265625 
1.2659570312500001 
0.7684960937499998 
0.8423242187499997 
1.0638085937500001 
1.03919921875 
0.7954492187499999 
0.8739648437499998 
0.8141992187499998 
0.8927148437499999 
0.5341210937499999 
1.04798828125 
0.92728515625 
0.5956445312499999 
0.7772851562499998 
0.8710351562499998 
0.6489648437499999 
0.8124414062499998 
0.6882226562499998 
0.7409570312499998 
1.02806640625 
0.7280664062499997 
0.8423242187499997 
0.9923242187499998 
0.8411523437499998 
0.8358789062499998 
0.8798242187499997 
0.8757226562499998 
1.02220703125 
0.6108789062499999 
1.07787109375 
0.8136132812499999 
0.9559960937499999 
1.26361328125 
0.9179101562499999 
1.0309960937500002 
