18 49 33 
0.7034570312499998 
0.6794335937499999 
0.6460351562499999 
0.8809960937499998 
0.8382226562499998 
0.6864648437499998 
0.6911523437499998 
0.6600976562499998 
0.8007226562499998 
0.8845117187499998 
0.7391992187499997 
0.8112695312499999 
0.6618554687499998 
0.7292382812499998 
0.94896484375 
0.6618554687499998 
0.6143945312499999 
0.6753320312499999 
1.07083984375 
0.5616601562499999 
0.7749414062499999 
0.7444726562499998 
0.8382226562499998 
0.6618554687499998 
0.8786523437499998 
0.92083984375 
0.78080078125 
0.8136132812499999 
0.6366601562499998 
0.8065820312499998 
0.9501367187499999 
0.5921289062499999 
0.7544335937499999 
0.5956445312499999 
0.9987695312499999 
0.8599023437499999 
0.7737695312499999 
0.7761132812499999 
0.8434960937499998 
0.7052148437499999 
0.5974023437499999 
0.7608789062499999 
0.6085351562499999 
0.7315820312499998 
0.92025390625 
0.5393945312499999 
0.7409570312499998 
1.13177734375 
1.1253320312500001 
0.6729882812499999 
0.6747460937499998 
0.7843164062499999 
0.5446679687499999 
1.17162109375 
1.03275390625 
0.6102929687499998 
0.8704492187499998 
0.6559960937499998 
0.6337304687499998 
0.5921289062499999 
1.01283203125 
0.4544335937499999 
0.6952539062499998 
0.7632226562499999 
0.8804101562499997 
0.6829492187499998 
0.8077539062499999 
0.9993554687499997 
0.6085351562499999 
0.7474023437499998 
0.7374414062499998 
0.7474023437499998 
0.7052148437499999 
0.56751953125 
0.7198632812499999 
0.8100976562499999 
0.7222070312499999 
0.6653710937499998 
0.9946679687499999 
0.7374414062499998 
0.97650390625 
0.6888085937499998 
0.94427734375 
1.13001953125 
0.6940820312499998 
0.5804101562499998 
0.6143945312499999 
0.7157617187499998 
0.8124414062499998 
0.8962304687499998 
0.8130273437499999 
0.7157617187499998 
0.8007226562499998 
0.6015039062499999 
0.8604882812499999 
0.9554101562499999 
0.8013085937499999 
0.97943359375 
0.6466210937499999 
0.8194726562499999 
0.6237695312499999 
0.7028710937499998 
0.6384179687499999 
0.8651757812499999 
0.8516992187499998 
0.97884765625 
0.7491601562499998 
0.8071679687499999 
0.9993554687499997 
0.6173242187499998 
0.6067773437499999 
0.7380273437499998 
1.03509765625 
0.7040429687499998 
0.5915429687499999 
0.6806054687499998 
0.7397851562499997 
0.5071679687499999 
0.7679101562499998 
0.6905664062499998 
0.94837890625 
0.7890039062499999 
0.92552734375 
0.96126953125 
1.04681640625 
0.8141992187499998 
0.8030664062499998 
0.7356835937499998 
0.7602929687499999 
0.8798242187499997 
0.8106835937499999 
0.9395898437500001 
0.91556640625 
0.8376367187499998 
0.6964257812499999 
0.6624414062499998 
0.8604882812499999 
0.7421289062499998 
0.6518945312499999 
0.6507226562499998 
0.6800195312499999 
0.96771484375 
0.93255859375 
0.6249414062499998 
0.9917382812499999 
0.7257226562499998 
0.7163476562499999 
0.6501367187499998 
0.6431054687499999 
0.6999414062499998 
0.91908203125 
0.7099023437499998 
1.0427148437500002 
0.6847070312499999 
0.95365234375 
0.7286523437499998 
0.7345117187499998 
0.7456445312499999 
0.8376367187499998 
1.07376953125 
0.7597070312499998 
0.6114648437499999 
0.5616601562499999 
0.6612695312499999 
0.8393945312499999 
0.6255273437499999 
1.0890039062499999 
0.5827539062499999 
0.7345117187499998 
0.9735742187499999 
0.6161523437499998 
0.9003320312499998 
0.42396484374999993 
0.8001367187499998 
0.56458984375 
0.9067773437499999 
0.93373046875 
0.8886132812499998 
0.7679101562499998 
0.9923242187499998 
0.7702539062499999 
0.7983789062499999 
0.6126367187499998 
1.09603515625 
0.7550195312499999 
0.8593164062499998 
0.7503320312499998 
0.7145898437499999 
0.8083398437499999 
0.6647851562499998 
0.7087304687499998 
0.7298242187499997 
0.7649804687499998 
0.7673242187499998 
0.7040429687499998 
0.92494140625 
1.0591210937500002 
0.7485742187499997 
0.6776757812499999 
0.6442773437499999 
