37 49 14 
0.5962304687499999 
0.7046289062499999 
0.7714257812499999 
0.7632226562499999 
0.5850976562499999 
0.55814453125 
0.56458984375 
0.7790429687499999 
0.6612695312499999 
0.7913476562499999 
0.6442773437499999 
0.6981835937499998 
0.7714257812499999 
0.7585351562499998 
0.7005273437499998 
0.5628320312499999 
0.7181054687499998 
0.6266992187499998 
0.6829492187499998 
0.8399804687499998 
0.8300195312499999 
0.5610742187499999 
0.5663476562499999 
0.5587304687499999 
0.6759179687499999 
0.7825585937499999 
0.5048242187499998 
0.7093164062499998 
0.6061914062499999 
0.91673828125 
0.6753320312499999 
0.49310546874999994 
0.6167382812499999 
0.6624414062499998 
0.6964257812499999 
0.7134179687499999 
0.48431640624999994 
0.41283203124999995 
0.5370507812499999 
0.7251367187499997 
0.53001953125 
0.8540429687499999 
0.5997460937499999 
0.5745507812499999 
0.6923242187499997 
0.6864648437499998 
0.94369140625 
0.41107421874999994 
0.6636132812499999 
0.6618554687499998 
0.6243554687499998 
0.5921289062499999 
0.6143945312499999 
0.5329492187499999 
0.7567773437499998 
0.6454492187499998 
0.6009179687499999 
0.8270898437499999 
0.6360742187499998 
0.59330078125 
0.5124414062499999 
0.5868554687499998 
0.6225976562499999 
0.60267578125 
0.94427734375 
0.64017578125 
0.6700585937499999 
0.6899804687499997 
0.6460351562499999 
0.7075585937499999 
0.7251367187499997 
0.6466210937499999 
0.5915429687499999 
0.6132226562499998 
0.7145898437499999 
0.5522851562499999 
0.93607421875 
0.7813867187499999 
0.6190820312499998 
0.8317773437499999 
0.7919335937499999 
0.55814453125 
0.6413476562499999 
0.8265039062499999 
0.7415429687499998 
0.6671289062499999 
0.6923242187499997 
0.7626367187499998 
0.6384179687499999 
0.7321679687499998 
0.7819726562499999 
0.5903710937499999 
0.6483789062499998 
0.6302148437499999 
0.6167382812499999 
0.4954492187499999 
0.43158203124999994 
0.5974023437499999 
0.92904296875 
0.8376367187499998 
0.6296289062499999 
0.5891992187499998 
0.95716796875 
0.8933007812499999 
0.7204492187499998 
0.6975976562499998 
0.5968164062499999 
0.5722070312499999 
0.7532617187499998 
0.8089257812499999 
0.5352929687499999 
0.6132226562499998 
0.5493554687499999 
0.7034570312499998 
0.5634179687499999 
0.6460351562499999 
0.6706445312499999 
0.4895898437499999 
0.8499414062499998 
0.50833984375 
0.8100976562499999 
0.6999414062499998 
0.6448632812499999 
0.6395898437499999 
0.8335351562499999 
0.6372460937499999 
0.7122460937499998 
0.6981835937499998 
0.6718164062499998 
0.7292382812499998 
0.5440820312499999 
0.6923242187499997 
0.5628320312499999 
0.5944726562499999 
0.96537109375 
0.7597070312499998 
0.6120507812499999 
0.5850976562499999 
0.64017578125 
0.5868554687499998 
0.6729882812499999 
0.7790429687499999 
0.7913476562499999 
0.6138085937499999 
0.6360742187499998 
0.6460351562499999 
0.7415429687499998 
0.8100976562499999 
0.8651757812499999 
0.7028710937499998 
0.5962304687499999 
0.8616601562499998 
0.5880273437499999 
0.51126953125 
0.6606835937499999 
0.5809960937499998 
0.8112695312499999 
0.6167382812499999 
0.6173242187499998 
0.6888085937499998 
0.51830078125 
0.7222070312499999 
0.8933007812499999 
0.5434960937499999 
0.56517578125 
0.7913476562499999 
0.78080078125 
0.6882226562499998 
0.5024804687499999 
0.7837304687499999 
0.6302148437499999 
0.6952539062499998 
0.7825585937499999 
0.5423242187499998 
0.6419335937499999 
0.8956445312499999 
0.6243554687499998 
0.6518945312499999 
0.6847070312499999 
0.5780664062499998 
0.5593164062499999 
0.6524804687499998 
0.6266992187499998 
0.5393945312499999 
0.8136132812499999 
0.7063867187499998 
0.5757226562499999 
0.7145898437499999 
0.7626367187499998 
0.5891992187499998 
0.5809960937499998 
0.7204492187499998 
0.6155664062499998 
0.5335351562499999 
0.5382226562499999 
0.53236328125 
0.5522851562499999 
0.9999414062499997 
0.6858789062499998 
0.8147851562499998 
