42 49 9 
0.8528710937499998 
0.6079492187499999 
0.5511132812499999 
0.6214257812499999 
0.5727929687499999 
0.6384179687499999 
0.8036523437499998 
0.6161523437499998 
0.45970703124999995 
0.5470117187499999 
0.4989648437499999 
0.44154296874999993 
0.7251367187499997 
0.6466210937499999 
0.7503320312499998 
0.60501953125 
0.6313867187499999 
0.52064453125 
0.6097070312499999 
0.6970117187499998 
0.6870507812499999 
0.7438867187499998 
0.6477929687499998 
0.78080078125 
0.7339257812499999 
0.6190820312499998 
0.5722070312499999 
0.6302148437499999 
0.6612695312499999 
0.6132226562499998 
0.6167382812499999 
0.7561914062499998 
0.5628320312499999 
0.6706445312499999 
0.6097070312499999 
0.5809960937499998 
1.00404296875 
0.4989648437499999 
0.6518945312499999 
0.6009179687499999 
0.6811914062499999 
0.6923242187499997 
0.6466210937499999 
0.91380859375 
0.7761132812499999 
0.6366601562499998 
0.5768945312499999 
0.5979882812499999 
0.8710351562499998 
0.7743554687499998 
0.6841210937499999 
0.6384179687499999 
0.8692773437499999 
0.5722070312499999 
0.6548242187499997 
0.8054101562499998 
0.6811914062499999 
0.7772851562499998 
0.5739648437499999 
0.5065820312499999 
0.6477929687499998 
0.7720117187499999 
0.5686914062499999 
0.6243554687499998 
0.5522851562499999 
0.6858789062499998 
0.6360742187499998 
0.6460351562499999 
0.82767578125 
0.6735742187499998 
0.5739648437499999 
0.41224609374999993 
0.6970117187499998 
0.5985742187499998 
0.52943359375 
0.6173242187499998 
0.7608789062499999 
0.6179101562499998 
0.6413476562499999 
0.5604882812499999 
0.7227929687499998 
0.8903710937499998 
0.5974023437499999 
0.6155664062499998 
0.6929101562499997 
0.6595117187499998 
0.7391992187499997 
0.6132226562499998 
0.7919335937499999 
0.7022851562499998 
0.5833398437499999 
0.6220117187499998 
0.46498046874999993 
0.8071679687499999 
0.5622460937499999 
0.7567773437499998 
0.7198632812499999 
0.5417382812499999 
0.5147851562499999 
0.93607421875 
0.6841210937499999 
0.6261132812499999 
0.6102929687499998 
0.4925195312499999 
0.5757226562499999 
0.5224023437499999 
0.7239648437499998 
0.7509179687499998 
0.64017578125 
0.47962890624999993 
0.5956445312499999 
0.7204492187499998 
0.82767578125 
0.60208984375 
0.7509179687499998 
0.6272851562499998 
0.5628320312499999 
0.5534570312499999 
0.7327539062499998 
0.7421289062499998 
0.6255273437499999 
0.7433007812499999 
0.8599023437499999 
0.8235742187499998 
0.6237695312499999 
0.5136132812499999 
0.6612695312499999 
0.6788476562499999 
0.8516992187499998 
0.7538476562499998 
0.7192773437499999 
0.5393945312499999 
0.6208398437499999 
0.40580078124999996 
0.6003320312499999 
0.8270898437499999 
0.56458984375 
0.6958398437499999 
0.7972070312499999 
0.5341210937499999 
0.7052148437499999 
0.54642578125 
0.7028710937499998 
0.45501953124999994 
0.5388085937499999 
0.5985742187499998 
0.6431054687499999 
0.7110742187499998 
0.7749414062499999 
0.7227929687499998 
0.8130273437499999 
0.6120507812499999 
0.6554101562499998 
0.6688867187499998 
0.5048242187499998 
0.5341210937499999 
0.7509179687499998 
0.7561914062499998 
0.6079492187499999 
0.6061914062499999 
0.6641992187499998 
0.6296289062499999 
0.7251367187499997 
0.8118554687499998 
0.8511132812499999 
0.8259179687499999 
0.7479882812499998 
0.6513085937499998 
0.6243554687499998 
0.6554101562499998 
0.44095703124999996 
0.5792382812499999 
0.42748046874999995 
0.6583398437499999 
0.7661523437499999 
0.7995507812499999 
0.5546289062499999 
0.5804101562499998 
0.6753320312499999 
0.5475976562499999 
0.6794335937499999 
0.7509179687499998 
0.6038476562499999 
0.5956445312499999 
0.6647851562499998 
0.6864648437499998 
0.6647851562499998 
0.7702539062499999 
0.7450585937499998 
0.7005273437499998 
0.7743554687499998 
0.5604882812499999 
0.7327539062499998 
0.5493554687499999 
0.5962304687499999 
0.60501953125 
0.7110742187499998 
0.8698632812499999 
0.5610742187499999 
0.7216210937499998 
