10 50 40 
0.8850976562499998 
0.6934960937499998 
1.13177734375 
0.6929101562499997 
0.8657617187499999 
1.2466210937500002 
1.26478515625 
0.98236328125 
0.9952539062499999 
1.09427734375 
1.00462890625 
1.19330078125 
0.8692773437499999 
1.1358789062499999 
0.8153710937499998 
1.03333984375 
0.7509179687499998 
0.6454492187499998 
0.8147851562499998 
0.9308007812500001 
0.7849023437499999 
1.2366601562500001 
1.14291015625 
0.9419335937500001 
0.6952539062499998 
0.98177734375 
1.23431640625 
0.9554101562499999 
1.12298828125 
0.98119140625 
1.2143945312500002 
1.03685546875 
0.9864648437499999 
0.8130273437499999 
0.93783203125 
1.1253320312500001 
1.2753320312500003 
0.9888085937499999 
1.0081445312500001 
1.0503320312500002 
0.8177148437499999 
1.13294921875 
0.6155664062499998 
0.7263085937499998 
0.8065820312499998 
0.8434960937499998 
1.19798828125 
1.17689453125 
0.8979882812499999 
1.2044335937500001 
0.7878320312499999 
0.9395898437500001 
0.9899804687499998 
0.91205078125 
1.05267578125 
0.8599023437499999 
0.6893945312499998 
0.8581445312499999 
0.9548242187499999 
0.8118554687499998 
1.2513085937500004 
0.9548242187499999 
1.3438867187500003 
1.2161523437500001 
1.20677734375 
0.96771484375 
0.64017578125 
0.9554101562499999 
0.7298242187499997 
0.8399804687499998 
0.8827539062499998 
0.6009179687499999 
0.8991601562499998 
0.6776757812499999 
0.93490234375 
1.17982421875 
1.1640039062499998 
0.7222070312499999 
1.2595117187500002 
1.1417382812499999 
1.2483789062500001 
0.7784570312499999 
1.11712890625 
0.8604882812499999 
0.7433007812499999 
1.2138085937500003 
0.7749414062499999 
0.7433007812499999 
1.2360742187500002 
0.7708398437499999 
1.2817773437500002 
0.8259179687499999 
0.8874414062499998 
0.7931054687499999 
1.20033203125 
0.7784570312499999 
1.2395898437500001 
1.28119140625 
0.7362695312499998 
0.6079492187499999 
0.9015039062499999 
0.8686914062499999 
0.7989648437499999 
1.10892578125 
0.93666015625 
1.24603515625 
0.6618554687499998 
1.22962890625 
0.9038476562499999 
0.7175195312499999 
1.03685546875 
0.6384179687499999 
0.9266992187499999 
0.8124414062499998 
0.8710351562499998 
1.1464257812499998 
0.7532617187499998 
0.8657617187499999 
0.6952539062499998 
1.0415429687500002 
0.8013085937499999 
1.11478515625 
0.6800195312499999 
1.07259765625 
0.8610742187499998 
1.0063867187500002 
0.8259179687499999 
1.0948632812499999 
0.9641992187499999 
0.9067773437499999 
0.7585351562499998 
0.8505273437499998 
0.7368554687499997 
0.6806054687499998 
0.98119140625 
0.8827539062499998 
0.6671289062499999 
0.8364648437499999 
1.0122460937500002 
0.8054101562499998 
0.7591210937499998 
1.1681054687499999 
0.8411523437499998 
0.8751367187499998 
1.25775390625 
0.95189453125 
0.92552734375 
1.16927734375 
0.8177148437499999 
1.08197265625 
0.7515039062499999 
1.19154296875 
0.8329492187499998 
0.8563867187499998 
1.2817773437500002 
0.9026757812499999 
0.6888085937499998 
0.8558007812499999 
0.6952539062499998 
0.7761132812499999 
0.9970117187499998 
0.7474023437499998 
0.8475976562499998 
0.9044335937499999 
0.8481835937499999 
0.9876367187499998 
0.9852929687499998 
0.8933007812499999 
1.00462890625 
1.03685546875 
0.7849023437499999 
0.93490234375 
0.8886132812499998 
1.2841210937500003 
1.1235742187500002 
1.17923828125 
1.21087890625 
0.7597070312499998 
1.18802734375 
1.15169921875 
0.8768945312499998 
1.2735742187500003 
0.8815820312499998 
0.8194726562499999 
0.9917382812499999 
0.8042382812499999 
0.91146484375 
0.6718164062499998 
1.13763671875 
1.05560546875 
1.24134765625 
0.7011132812499998 
1.25892578125 
1.1405664062499998 
0.7128320312499998 
1.2770898437500002 
0.6870507812499999 
0.97298828125 
0.9958398437499999 
1.1106835937500001 
