12 50 38 
0.6360742187499998 
0.95130859375 
0.8470117187499998 
0.8774804687499997 
0.8106835937499999 
0.6975976562499998 
0.7040429687499998 
0.7556054687499998 
0.5774804687499998 
0.9975976562499999 
1.2278710937500001 
0.7597070312499998 
0.8018945312499999 
0.6395898437499999 
0.9179101562499999 
0.7597070312499998 
0.7380273437499998 
0.95833984375 
0.94955078125 
0.7919335937499999 
1.17865234375 
0.97474609375 
0.8528710937499998 
1.11361328125 
1.01810546875 
0.6114648437499999 
1.06908203125 
0.7116601562499998 
1.09720703125 
1.28236328125 
0.9073632812499999 
0.7936914062499999 
0.6038476562499999 
0.8147851562499998 
0.7227929687499998 
1.1886132812499999 
0.8862695312499999 
1.18333984375 
0.7350976562499998 
0.7643945312499999 
1.11361328125 
0.98412109375 
0.7526757812499999 
0.7766992187499998 
1.02220703125 
1.0872460937500001 
0.97943359375 
1.0063867187500002 
0.9548242187499999 
0.95072265625 
0.9009179687499999 
0.8311914062499999 
0.8534570312499998 
1.15521484375 
0.8206445312499999 
0.7075585937499999 
0.95775390625 
0.7474023437499998 
1.19095703125 
1.20736328125 
1.20970703125 
0.97298828125 
0.7632226562499999 
0.5329492187499999 
0.8458398437499999 
1.2466210937500002 
1.13529296875 
0.7474023437499998 
0.8575585937499999 
1.2308007812500001 
0.94427734375 
0.92025390625 
0.6841210937499999 
0.8423242187499997 
1.0936914062499998 
0.6624414062499998 
0.6964257812499999 
0.6331445312499999 
0.93138671875 
0.8933007812499999 
0.8007226562499998 
0.7772851562499998 
1.18978515625 
0.9911523437499998 
0.7936914062499999 
0.5827539062499999 
0.96537109375 
1.02044921875 
0.9149804687499999 
0.94310546875 
1.18333984375 
0.8358789062499998 
1.2337304687500001 
0.5341210937499999 
0.7632226562499999 
0.7345117187499998 
0.98470703125 
0.91380859375 
0.7602929687499999 
0.97005859375 
1.21556640625 
1.1294335937500002 
1.2507226562500002 
0.5727929687499999 
1.23841796875 
0.8499414062499998 
0.8839257812499999 
1.2753320312500003 
1.05560546875 
0.95775390625 
0.6483789062499998 
0.6606835937499999 
1.04095703125 
0.96712890625 
0.8446679687499998 
0.8558007812499999 
1.03333984375 
0.7081445312499999 
1.2583398437500002 
0.8112695312499999 
0.8288476562499999 
0.94310546875 
0.93490234375 
1.2595117187500002 
0.93373046875 
1.1235742187500002 
0.8628320312499999 
0.8048242187499998 
0.8874414062499998 
0.7737695312499999 
1.30462890625 
0.91673828125 
0.7216210937499998 
1.2061914062499999 
0.8950585937499999 
0.6641992187499998 
1.10541015625 
0.8118554687499998 
1.02044921875 
0.93666015625 
0.8599023437499999 
0.6993554687499998 
0.8247460937499999 
0.5622460937499999 
0.6091210937499999 
0.6630273437499998 
0.6536523437499998 
0.8229882812499999 
0.98294921875 
0.9934960937499998 
0.6729882812499999 
0.8546289062499999 
0.7309960937499997 
0.7116601562499998 
1.22494140625 
0.95189453125 
1.0520898437500001 
1.19037109375 
0.93138671875 
0.6595117187499998 
0.94603515625 
1.0462304687500001 
1.06615234375 
0.8048242187499998 
0.50833984375 
0.8118554687499998 
0.9852929687499998 
0.7491601562499998 
0.6712304687499998 
0.8733789062499998 
0.8833398437499999 
1.26185546875 
1.2700585937500004 
0.7972070312499999 
0.6847070312499999 
0.8218164062499999 
0.9390039062500001 
0.6882226562499998 
0.9735742187499999 
0.7942773437499999 
0.9683007812500001 
1.1282617187500001 
0.92611328125 
0.92025390625 
0.6917382812499998 
0.8739648437499998 
1.19154296875 
0.7866601562499999 
0.7907617187499999 
0.6097070312499999 
0.8692773437499999 
0.6085351562499999 
0.92201171875 
0.8845117187499998 
0.8311914062499999 
0.7503320312499998 
1.2132226562500001 
0.9032617187499998 
1.05150390625 
0.9952539062499999 
