15 50 35 
1.02337890625 
0.7210351562499998 
0.7860742187499998 
1.1640039062499998 
0.8657617187499999 
0.9893945312499999 
0.5868554687499998 
0.8657617187499999 
0.8347070312499999 
0.8604882812499999 
1.2770898437500002 
0.5686914062499999 
0.7913476562499999 
1.1358789062499999 
0.7860742187499998 
0.7597070312499998 
0.8306054687499999 
1.11009765625 
0.7954492187499999 
0.6261132812499999 
0.95716796875 
0.9214257812500001 
0.8089257812499999 
1.0122460937500002 
0.7743554687499998 
0.7052148437499999 
0.7720117187499999 
0.8751367187499998 
0.8446679687499998 
0.8083398437499999 
0.9050195312499999 
0.7163476562499999 
0.8522851562499998 
0.8704492187499998 
0.7110742187499998 
0.7585351562499998 
0.7532617187499998 
0.49369140624999996 
0.7515039062499999 
0.7550195312499999 
0.8475976562499998 
0.8915429687499998 
0.8944726562499998 
0.6776757812499999 
0.7954492187499999 
0.7579492187499998 
0.6817773437499999 
0.8130273437499999 
0.6911523437499998 
0.7995507812499999 
0.8452539062499999 
0.92611328125 
1.07962890625 
0.8136132812499999 
0.6759179687499999 
1.00462890625 
0.8657617187499999 
0.6829492187499998 
0.7350976562499998 
1.22376953125 
0.8522851562499998 
0.9020898437499999 
0.8013085937499999 
1.00052734375 
0.8165429687499999 
0.9073632812499999 
0.8388085937499998 
0.8100976562499999 
0.7860742187499998 
0.7298242187499997 
0.7081445312499999 
0.6483789062499998 
0.9085351562499998 
0.98177734375 
0.8224023437499999 
0.7673242187499998 
0.7860742187499998 
0.5470117187499999 
0.95658203125 
0.8985742187499998 
0.7233789062499998 
0.8804101562499997 
0.8429101562499998 
0.91322265625 
0.7702539062499999 
0.7468164062499998 
1.20677734375 
0.6718164062499998 
0.5974023437499999 
0.6085351562499999 
0.7667382812499999 
0.8933007812499999 
1.09017578125 
1.06849609375 
0.5850976562499999 
0.8440820312499998 
0.6425195312499999 
0.7942773437499999 
0.9419335937500001 
0.9852929687499998 
0.9026757812499999 
0.9888085937499999 
0.7474023437499998 
0.8036523437499998 
0.7526757812499999 
1.1358789062499999 
0.5159570312499999 
0.6214257812499999 
1.0186914062499999 
0.7093164062499998 
0.6958398437499999 
0.8487695312499999 
1.29583984375 
0.98060546875 
0.7245507812499998 
0.7268945312499998 
0.6975976562499998 
0.6893945312499998 
0.7075585937499999 
0.7843164062499999 
0.91966796875 
0.8446679687499998 
0.8745507812499999 
0.5382226562499999 
0.8610742187499998 
0.6999414062499998 
0.8177148437499999 
0.9214257812500001 
0.8833398437499999 
0.9032617187499998 
0.7620507812499999 
0.5897851562499998 
0.7743554687499998 
0.8083398437499999 
0.82767578125 
0.98060546875 
0.9302148437500001 
0.9308007812500001 
0.7087304687499998 
0.7655664062499998 
0.7186914062499998 
0.8540429687499999 
0.9946679687499999 
0.9419335937500001 
0.8300195312499999 
0.8147851562499998 
1.0890039062499999 
0.7011132812499998 
0.8288476562499999 
0.7790429687499999 
0.7573632812499999 
1.01634765625 
0.94369140625 
0.6870507812499999 
0.6864648437499998 
1.08314453125 
0.7544335937499999 
0.6132226562499998 
0.98294921875 
0.91087890625 
0.93607421875 
0.7186914062499998 
0.9266992187499999 
0.6114648437499999 
0.6829492187499998 
0.8663476562499999 
0.91673828125 
0.8487695312499999 
0.7960351562499999 
0.8850976562499998 
0.9958398437499999 
0.8112695312499999 
0.6958398437499999 
1.11712890625 
0.7942773437499999 
0.9302148437500001 
1.0989648437500001 
0.7157617187499998 
0.94544921875 
0.7784570312499999 
0.92787109375 
0.9302148437500001 
0.7954492187499999 
0.6811914062499999 
0.8956445312499999 
0.93607421875 
0.7157617187499998 
0.6618554687499998 
0.94076171875 
0.9905664062499998 
0.5716210937499999 
1.0462304687500001 
0.60208984375 
1.08666015625 
0.6952539062499998 
0.8891992187499997 
0.8768945312499998 
0.93548828125 
1.08490234375 
0.8417382812499998 
