16 50 34 
0.9852929687499998 
0.7274804687499997 
0.6911523437499998 
0.8411523437499998 
0.6817773437499999 
0.5610742187499999 
0.92845703125 
0.7942773437499999 
0.8323632812499999 
0.7444726562499998 
0.9044335937499999 
0.6079492187499999 
1.20853515625 
0.7684960937499998 
1.10951171875 
0.6231835937499999 
0.92728515625 
0.7140039062499999 
0.6893945312499998 
1.00404296875 
0.9683007812500001 
0.6612695312499999 
0.6993554687499998 
0.7550195312499999 
0.8979882812499999 
0.8423242187499997 
0.8259179687499999 
0.8270898437499999 
0.8944726562499998 
0.7796289062499999 
0.6929101562499997 
1.01576171875 
0.96009765625 
0.7608789062499999 
1.03626953125 
0.5950585937499999 
0.8933007812499999 
0.7216210937499998 
0.6571679687499998 
0.9061914062499998 
0.8095117187499998 
1.06849609375 
0.6343164062499999 
0.97826171875 
0.5944726562499999 
0.6858789062499998 
0.7163476562499999 
0.8300195312499999 
0.7485742187499997 
0.95892578125 
0.8417382812499998 
0.6349023437499999 
1.2612695312500002 
0.7977929687499998 
0.8651757812499999 
0.96009765625 
0.8862695312499999 
0.7175195312499999 
0.56693359375 
0.8311914062499999 
0.9888085937499999 
0.5358789062499999 
0.6835351562499998 
0.94720703125 
1.11126953125 
0.6811914062499999 
0.8809960937499998 
0.7509179687499998 
0.7725976562499999 
0.92904296875 
0.6981835937499998 
0.8991601562499998 
0.5727929687499999 
1.2378320312500002 
0.6718164062499998 
0.8399804687499998 
0.7192773437499999 
0.7128320312499998 
1.07904296875 
0.6354882812499999 
0.7175195312499999 
0.8710351562499998 
0.7181054687499998 
0.6934960937499998 
0.6729882812499999 
0.8317773437499999 
0.8241601562499998 
0.7837304687499999 
0.5686914062499999 
0.8962304687499998 
0.7977929687499998 
0.7075585937499999 
0.7327539062499998 
0.6003320312499999 
0.93197265625 
0.8235742187499998 
0.8552148437499999 
0.7649804687499998 
0.7819726562499999 
0.6354882812499999 
0.5974023437499999 
0.7544335937499999 
0.6308007812499999 
0.95716796875 
0.7491601562499998 
0.5411523437499999 
0.6237695312499999 
0.5903710937499999 
0.7145898437499999 
0.7128320312499998 
0.8106835937499999 
0.7526757812499999 
0.9425195312500001 
0.8065820312499998 
0.7409570312499998 
0.6325585937499999 
0.8927148437499999 
0.5786523437499999 
0.6905664062499998 
0.7696679687499999 
0.8007226562499998 
0.7520898437499999 
0.7116601562499998 
0.6003320312499999 
0.94662109375 
0.7034570312499998 
0.96771484375 
0.9050195312499999 
0.6852929687499998 
0.8774804687499997 
0.8177148437499999 
0.93841796875 
0.6466210937499999 
0.7204492187499998 
0.7796289062499999 
0.7122460937499998 
1.11185546875 
0.8100976562499999 
0.9530664062499999 
0.9067773437499999 
0.95833984375 
0.7099023437499998 
0.7860742187499998 
0.6436914062499999 
0.9214257812500001 
1.01576171875 
0.7362695312499998 
0.92962890625 
0.7538476562499998 
0.7854882812499999 
0.8089257812499999 
0.8968164062499998 
0.7954492187499999 
0.8681054687499998 
1.0474023437500002 
1.0286523437500001 
0.94369140625 
0.8300195312499999 
0.4643945312499999 
0.6190820312499998 
0.8024804687499998 
0.7268945312499998 
1.20033203125 
0.7321679687499998 
0.8470117187499998 
0.55814453125 
1.03744140625 
0.8042382812499999 
0.5657617187499999 
0.8903710937499998 
0.7075585937499999 
0.6905664062499998 
0.6372460937499999 
0.7386132812499998 
0.7538476562499998 
1.02337890625 
0.43861328125 
0.7438867187499998 
0.9026757812499999 
0.7884179687499999 
0.7831445312499999 
1.04212890625 
0.9079492187499998 
0.7391992187499997 
0.8370507812499999 
1.01517578125 
0.7515039062499999 
0.8124414062499998 
0.7509179687499998 
0.8804101562499997 
0.7778710937499999 
0.7268945312499998 
0.6179101562499998 
0.8528710937499998 
0.98294921875 
0.7966210937499999 
0.8446679687499998 
0.8575585937499999 
0.8358789062499998 
0.8112695312499999 
