23 50 27 
0.91556640625 
0.8505273437499998 
0.7321679687499998 
0.7673242187499998 
0.7860742187499998 
0.7005273437499998 
0.5440820312499999 
0.8106835937499999 
0.6266992187499998 
0.7573632812499999 
0.6032617187499999 
0.7866601562499999 
0.7479882812499998 
0.9044335937499999 
0.7052148437499999 
0.51830078125 
0.7954492187499999 
0.8874414062499998 
0.5587304687499999 
0.94837890625 
0.6665429687499999 
0.6987695312499999 
0.93666015625 
0.4954492187499999 
0.55580078125 
0.7245507812499998 
0.7778710937499999 
0.8927148437499999 
0.6917382812499998 
0.7397851562499997 
0.7087304687499998 
0.5575585937499999 
0.7005273437499998 
0.8065820312499998 
1.05267578125 
0.91146484375 
0.7731835937499999 
0.6524804687499998 
0.4995507812499999 
0.79251953125 
0.6167382812499999 
0.7327539062499998 
0.8845117187499998 
0.8083398437499999 
0.7380273437499998 
0.91439453125 
0.8522851562499998 
0.6466210937499999 
0.6507226562499998 
0.5024804687499999 
0.7936914062499999 
0.7626367187499998 
0.5013085937499999 
0.8446679687499998 
0.6577539062499999 
0.6606835937499999 
0.6085351562499999 
0.6858789062499998 
0.7632226562499999 
0.5809960937499998 
0.7778710937499999 
0.9038476562499999 
0.5944726562499999 
0.7450585937499998 
0.5434960937499999 
0.6278710937499998 
0.6349023437499999 
0.8616601562499998 
0.8587304687499998 
0.5013085937499999 
0.7409570312499998 
0.6975976562499998 
0.8007226562499998 
0.9079492187499998 
0.6079492187499999 
0.7655664062499998 
1.08666015625 
0.6243554687499998 
0.5798242187499998 
0.52943359375 
0.7304101562499997 
0.8522851562499998 
0.7784570312499999 
0.8136132812499999 
0.6782617187499999 
0.7210351562499998 
0.8323632812499999 
0.7163476562499999 
0.5938867187499999 
0.91380859375 
0.9940820312499998 
0.5446679687499999 
0.6507226562499998 
0.8739648437499998 
0.5798242187499998 
0.94369140625 
1.1177148437500002 
0.7450585937499998 
0.6138085937499999 
0.6893945312499998 
0.6706445312499999 
0.8944726562499998 
0.6800195312499999 
0.6179101562499998 
0.6337304687499998 
0.7936914062499999 
0.48900390624999995 
0.7380273437499998 
0.5962304687499999 
0.5921289062499999 
0.7169335937499999 
0.8183007812499999 
0.5962304687499999 
0.6302148437499999 
0.5886132812499999 
0.6015039062499999 
0.8464257812499999 
0.6975976562499998 
0.9952539062499999 
0.8423242187499997 
0.8499414062499998 
0.5370507812499999 
0.6559960937499998 
0.8552148437499999 
1.18041015625 
0.7333398437499998 
0.78080078125 
0.7989648437499999 
0.6073632812499999 
0.8194726562499999 
0.7890039062499999 
0.7696679687499999 
0.8897851562499998 
1.16224609375 
1.1013085937500002 
0.8733789062499998 
0.92201171875 
0.7591210937499998 
0.7696679687499999 
0.7239648437499998 
0.7186914062499998 
0.8259179687499999 
0.8306054687499999 
0.8716210937499999 
0.6618554687499998 
0.6618554687499998 
0.7749414062499999 
0.7403710937499998 
0.8171289062499999 
0.5833398437499999 
0.8493554687499998 
0.7251367187499997 
0.8347070312499999 
0.6390039062499999 
0.6858789062499998 
0.56517578125 
0.8042382812499999 
0.8018945312499999 
0.6108789062499999 
0.7216210937499998 
0.7913476562499999 
0.6290429687499999 
0.6688867187499998 
0.5751367187499998 
0.6981835937499998 
0.8974023437499998 
0.6272851562499998 
0.6337304687499998 
0.7427148437499999 
0.6653710937499998 
0.92611328125 
0.6536523437499998 
0.53001953125 
0.6231835937499999 
0.56517578125 
0.7778710937499999 
0.7761132812499999 
0.96537109375 
0.8183007812499999 
0.7046289062499999 
0.6249414062499998 
0.8558007812499999 
0.7116601562499998 
0.7210351562499998 
0.6653710937499998 
0.7919335937499999 
0.7438867187499998 
0.91263671875 
0.7063867187499998 
0.8317773437499999 
0.9683007812500001 
0.8393945312499999 
1.0655664062499999 
0.7725976562499999 
0.92259765625 
0.96068359375 
0.8083398437499999 
0.7286523437499998 
0.8388085937499998 
0.7022851562499998 
