32 50 18 
0.9073632812499999 
0.6571679687499998 
0.49369140624999996 
0.6354882812499999 
0.6343164062499999 
0.5850976562499999 
0.6641992187499998 
0.6858789062499998 
0.5124414062499999 
0.48841796874999993 
0.7005273437499998 
0.7784570312499999 
0.7063867187499998 
0.7638085937499999 
0.7597070312499998 
0.7397851562499997 
0.6413476562499999 
0.6448632812499999 
0.5716210937499999 
0.94427734375 
0.8716210937499999 
0.8265039062499999 
0.6864648437499998 
0.64017578125 
0.6624414062499998 
0.7104882812499999 
0.8177148437499999 
0.7321679687499998 
1.00697265625 
0.7016992187499997 
0.56400390625 
0.5962304687499999 
0.8083398437499999 
0.9061914062499998 
0.7069726562499998 
0.6647851562499998 
0.7081445312499999 
0.6085351562499999 
0.6554101562499998 
0.6483789062499998 
0.7661523437499999 
0.49486328124999995 
0.92552734375 
0.7714257812499999 
0.7063867187499998 
0.8540429687499999 
0.6395898437499999 
0.6120507812499999 
0.7216210937499998 
0.6677148437499999 
0.6272851562499998 
0.5704492187499999 
0.7948632812499999 
0.7708398437499999 
0.7649804687499998 
0.7110742187499998 
0.6073632812499999 
0.5493554687499999 
0.5850976562499999 
0.7708398437499999 
0.6454492187499998 
0.6899804687499997 
0.6360742187499998 
0.5751367187499998 
0.6577539062499999 
0.5481835937499999 
0.48548828124999993 
0.6009179687499999 
0.6431054687499999 
0.8100976562499999 
0.5329492187499999 
0.7145898437499999 
0.7561914062499998 
0.7884179687499999 
0.6729882812499999 
0.6296289062499999 
0.6308007812499999 
0.8470117187499998 
0.7087304687499998 
0.7280664062499997 
0.49720703124999993 
0.5804101562499998 
0.8013085937499999 
0.5821679687499999 
0.7708398437499999 
0.7977929687499998 
0.6266992187499998 
0.5622460937499999 
0.5962304687499999 
0.6694726562499999 
0.48841796874999993 
0.7210351562499998 
0.6759179687499999 
0.7813867187499999 
0.7649804687499998 
0.8241601562499998 
0.6202539062499999 
0.5686914062499999 
0.6536523437499998 
0.5470117187499999 
0.45619140625 
0.6436914062499999 
0.7210351562499998 
0.54642578125 
0.7573632812499999 
0.7597070312499998 
0.7016992187499997 
0.7321679687499998 
0.5897851562499998 
0.7192773437499999 
0.8241601562499998 
0.9870507812499999 
0.7643945312499999 
0.7274804687499997 
1.00052734375 
0.8434960937499998 
0.5393945312499999 
0.6044335937499999 
0.7409570312499998 
0.5786523437499999 
0.5733789062499999 
0.96947265625 
0.6518945312499999 
0.5013085937499999 
0.7526757812499999 
0.6823632812499999 
0.7350976562499998 
0.7509179687499998 
0.7345117187499998 
0.6483789062499998 
0.5874414062499999 
0.7591210937499998 
0.55580078125 
0.5030664062499999 
0.8306054687499999 
0.98177734375 
0.5393945312499999 
0.6577539062499999 
0.39935546875 
0.6302148437499999 
0.5224023437499999 
0.7661523437499999 
0.5833398437499999 
0.4907617187499999 
0.6876367187499998 
0.6753320312499999 
0.6395898437499999 
0.6688867187499998 
0.6190820312499998 
0.8681054687499998 
0.6220117187499998 
0.6952539062499998 
0.7163476562499999 
0.6272851562499998 
0.6753320312499999 
0.8329492187499998 
0.6700585937499999 
0.52064453125 
0.7936914062499999 
0.5950585937499999 
0.7181054687499998 
0.7632226562499999 
0.98353515625 
0.7186914062499998 
0.6431054687499999 
0.92435546875 
0.5663476562499999 
0.6190820312499998 
0.8546289062499999 
0.6009179687499999 
0.6683007812499999 
0.6196679687499999 
0.7538476562499998 
0.6999414062499998 
0.7526757812499999 
0.6677148437499999 
0.6759179687499999 
0.9425195312500001 
0.6272851562499998 
0.53470703125 
0.6308007812499999 
0.6143945312499999 
0.7872460937499999 
0.6196679687499999 
0.6571679687499998 
0.6765039062499999 
0.7573632812499999 
0.6536523437499998 
0.8411523437499998 
0.8710351562499998 
0.7280664062499997 
0.6120507812499999 
0.9032617187499998 
0.5944726562499999 
0.56751953125 
0.6934960937499998 
0.6747460937499998 
0.60208984375 
0.5768945312499999 
0.7743554687499998 
