33 50 17 
0.6278710937499998 
0.7766992187499998 
0.5868554687499998 
0.53001953125 
0.8300195312499999 
0.7093164062499998 
0.7983789062499999 
0.8956445312499999 
0.6044335937499999 
0.8475976562499998 
0.5891992187499998 
0.6202539062499999 
0.5622460937499999 
0.6372460937499999 
0.6073632812499999 
0.8429101562499998 
0.7403710937499998 
0.7292382812499998 
0.5950585937499999 
0.7011132812499998 
0.7772851562499998 
0.8317773437499999 
0.6349023437499999 
0.7948632812499999 
0.7198632812499999 
0.7386132812499998 
0.6735742187499998 
0.5727929687499999 
0.46205078124999993 
0.7327539062499998 
0.5511132812499999 
0.5505273437499999 
0.47669921874999993 
0.6741601562499998 
0.7913476562499999 
0.6835351562499998 
0.5540429687499999 
0.59330078125 
0.6706445312499999 
0.5224023437499999 
0.6852929687499998 
0.5745507812499999 
0.6349023437499999 
0.6518945312499999 
0.5054101562499999 
0.4849023437499999 
0.7579492187499998 
0.7222070312499999 
0.7186914062499998 
0.4895898437499999 
0.6102929687499998 
0.49017578124999994 
0.6466210937499999 
0.4907617187499999 
0.8487695312499999 
0.6934960937499998 
0.6987695312499999 
0.46791015624999993 
0.45560546874999996 
0.8311914062499999 
0.4602929687499999 
0.6132226562499998 
0.7040429687499998 
0.7614648437499999 
0.6542382812499998 
0.45326171874999993 
0.5522851562499999 
0.7714257812499999 
0.8763085937499998 
0.7309960937499997 
0.8950585937499999 
0.7491601562499998 
0.6225976562499999 
0.64017578125 
0.6073632812499999 
0.51830078125 
0.6765039062499999 
0.6085351562499999 
0.7321679687499998 
0.55580078125 
0.6571679687499998 
0.5792382812499999 
0.5194726562499999 
0.6782617187499999 
0.6600976562499998 
0.5856835937499999 
0.91908203125 
0.8077539062499999 
0.7022851562499998 
0.6981835937499998 
0.5991601562499999 
0.8599023437499999 
0.7181054687499998 
0.5891992187499998 
0.7227929687499998 
0.6694726562499999 
0.6641992187499998 
0.7614648437499999 
0.6061914062499999 
0.6548242187499997 
0.7022851562499998 
0.8868554687499998 
0.6091210937499999 
0.7333398437499998 
0.93666015625 
0.4866601562499999 
0.7397851562499997 
0.7321679687499998 
0.92728515625 
0.5985742187499998 
0.7022851562499998 
0.7532617187499998 
0.6665429687499999 
0.8528710937499998 
0.6671289062499999 
0.7538476562499998 
0.78080078125 
0.5985742187499998 
0.46498046874999993 
0.7104882812499999 
0.9009179687499999 
0.56458984375 
0.6237695312499999 
0.6120507812499999 
0.48548828124999993 
0.6225976562499999 
0.6138085937499999 
0.6724023437499999 
0.45208984374999994 
0.6360742187499998 
0.7227929687499998 
0.6612695312499999 
0.5429101562499998 
0.8733789062499998 
0.6653710937499998 
0.5938867187499999 
0.5434960937499999 
0.7175195312499999 
0.78080078125 
0.6360742187499998 
0.7608789062499999 
0.7737695312499999 
0.8470117187499998 
0.5399804687499998 
0.6442773437499999 
0.6735742187499998 
1.0122460937500002 
0.5423242187499998 
0.5007226562499999 
0.6161523437499998 
0.7374414062499998 
0.7058007812499999 
0.7696679687499999 
0.8171289062499999 
0.8089257812499999 
0.6788476562499999 
0.8071679687499999 
0.7403710937499998 
0.6079492187499999 
0.7011132812499998 
0.5065820312499999 
0.6765039062499999 
0.6987695312499999 
0.5891992187499998 
0.6319726562499999 
0.8265039062499999 
0.5780664062499998 
0.7140039062499999 
0.8845117187499998 
0.7397851562499997 
0.56986328125 
0.6841210937499999 
0.7778710937499999 
0.7204492187499998 
0.7257226562499998 
0.7450585937499998 
0.7520898437499999 
0.4983789062499999 
0.8657617187499999 
0.5335351562499999 
0.52767578125 
0.5522851562499999 
0.5921289062499999 
0.60267578125 
0.7608789062499999 
0.5804101562499998 
0.6466210937499999 
0.5376367187499999 
0.6325585937499999 
0.6102929687499998 
0.5095117187499999 
0.8323632812499999 
0.7550195312499999 
1.0122460937500002 
0.5663476562499999 
0.4485742187499999 
0.51830078125 
0.5440820312499999 
0.7251367187499997 
0.7684960937499998 
