34 50 16 
0.6354882812499999 
0.5247460937499999 
0.6466210937499999 
0.6823632812499999 
0.5188867187499999 
0.8522851562499998 
0.5247460937499999 
0.8030664062499998 
0.7263085937499998 
0.7602929687499999 
0.7075585937499999 
0.6530664062499998 
0.6530664062499998 
0.6366601562499998 
0.7157617187499998 
0.9050195312499999 
0.5399804687499998 
0.6747460937499998 
0.43861328125 
0.6565820312499998 
0.56400390625 
0.6167382812499999 
0.7661523437499999 
0.49603515624999994 
0.7397851562499997 
0.6917382812499998 
0.91029296875 
0.6518945312499999 
0.6038476562499999 
0.6741601562499998 
0.8159570312499999 
0.4427148437499999 
0.8294335937499999 
0.5352929687499999 
0.43333984374999995 
0.6618554687499998 
0.6161523437499998 
0.6659570312499998 
0.60501953125 
0.7063867187499998 
0.5493554687499999 
0.6255273437499999 
0.8077539062499999 
0.7321679687499998 
0.5827539062499999 
0.7263085937499998 
0.54642578125 
0.6231835937499999 
0.8352929687499998 
0.5827539062499999 
0.7638085937499999 
0.7960351562499999 
0.6366601562499998 
0.6266992187499998 
0.7292382812499998 
0.8558007812499999 
0.5845117187499999 
0.7872460937499999 
0.6888085937499998 
0.7140039062499999 
0.8405664062499998 
0.5950585937499999 
0.6460351562499999 
0.7069726562499998 
0.7567773437499998 
0.5768945312499999 
0.7046289062499999 
0.6190820312499998 
0.6085351562499999 
0.6542382812499998 
0.5511132812499999 
0.8112695312499999 
0.7099023437499998 
0.7052148437499999 
0.7579492187499998 
0.5804101562499998 
0.6384179687499999 
0.6577539062499999 
0.6841210937499999 
0.7585351562499998 
0.6513085937499998 
0.7280664062499997 
0.4684960937499999 
0.6419335937499999 
0.7239648437499998 
0.8077539062499999 
0.5306054687499999 
0.6688867187499998 
0.7403710937499998 
0.45091796874999995 
0.6847070312499999 
0.8522851562499998 
0.7292382812499998 
0.7931054687499999 
0.92962890625 
0.6524804687499998 
0.6665429687499999 
1.0011132812499999 
0.5528710937499999 
0.6284570312499999 
0.5938867187499999 
0.7831445312499999 
0.6917382812499998 
0.42923828124999996 
0.7462304687499998 
0.5716210937499999 
0.7028710937499998 
0.5071679687499999 
0.4919335937499999 
0.56751953125 
0.5862695312499999 
0.6934960937499998 
0.6056054687499999 
0.5306054687499999 
0.7649804687499998 
0.53001953125 
0.7227929687499998 
0.8692773437499999 
0.5681054687499999 
0.7362695312499998 
0.8856835937499998 
0.5774804687499998 
0.6143945312499999 
0.4684960937499999 
0.6852929687499998 
0.6460351562499999 
0.55814453125 
0.8065820312499998 
0.52943359375 
0.7667382812499999 
0.5528710937499999 
0.6706445312499999 
0.6864648437499998 
0.5405664062499999 
0.5733789062499999 
0.8071679687499999 
0.4907617187499999 
0.5979882812499999 
0.7561914062499998 
0.5007226562499999 
0.7702539062499999 
0.7831445312499999 
0.96771484375 
0.6366601562499998 
0.5475976562499999 
0.6940820312499998 
0.6354882812499999 
0.7063867187499998 
0.6811914062499999 
0.5335351562499999 
0.5792382812499999 
0.4925195312499999 
0.5786523437499999 
0.5962304687499999 
0.9073632812499999 
0.7245507812499998 
0.6858789062499998 
0.7151757812499999 
0.5768945312499999 
0.5657617187499999 
0.53001953125 
0.7321679687499998 
0.6888085937499998 
0.50892578125 
0.6934960937499998 
0.6683007812499999 
0.6513085937499998 
0.7268945312499998 
0.7849023437499999 
0.8569726562499999 
0.6847070312499999 
0.5704492187499999 
0.5364648437499999 
0.6319726562499999 
0.5352929687499999 
0.5979882812499999 
0.6155664062499998 
0.6729882812499999 
0.7550195312499999 
0.5059960937499999 
0.5991601562499999 
0.6741601562499998 
0.5804101562499998 
0.7327539062499998 
0.7837304687499999 
0.4831445312499999 
0.5845117187499999 
0.6284570312499999 
0.4309960937499999 
0.7544335937499999 
0.6477929687499998 
0.7186914062499998 
0.5944726562499999 
0.7474023437499998 
0.6261132812499999 
0.45619140625 
0.64017578125 
0.4925195312499999 
0.7802148437499999 
0.5704492187499999 
