36 50 14 
0.6800195312499999 
0.6518945312499999 
0.6278710937499998 
0.55521484375 
0.5704492187499999 
0.7257226562499998 
0.6829492187499998 
0.5100976562499999 
0.5429101562499998 
0.5516992187499998 
0.5546289062499999 
0.6114648437499999 
0.7257226562499998 
0.8282617187499999 
0.7474023437499998 
0.7081445312499999 
0.5991601562499999 
0.8054101562499998 
0.6524804687499998 
0.5733789062499999 
0.6472070312499999 
0.7702539062499999 
0.5944726562499999 
0.5358789062499999 
0.6290429687499999 
0.8610742187499998 
0.8405664062499998 
0.7309960937499997 
0.50892578125 
0.6161523437499998 
0.6759179687499999 
0.7151757812499999 
0.6091210937499999 
0.4919335937499999 
0.6653710937499998 
0.7936914062499999 
0.6220117187499998 
0.6454492187499998 
0.5141992187499999 
0.6466210937499999 
0.6536523437499998 
0.6237695312499999 
0.6454492187499998 
0.6196679687499999 
0.45794921874999994 
0.44037109374999994 
0.53470703125 
0.3841210937499999 
0.7034570312499998 
0.6636132812499999 
0.6542382812499998 
0.7181054687499998 
0.6126367187499998 
0.7761132812499999 
0.5921289062499999 
0.8804101562499997 
0.56458984375 
0.5575585937499999 
0.5962304687499999 
0.5475976562499999 
0.6524804687499998 
0.7362695312499998 
0.7198632812499999 
0.5311914062499999 
0.6483789062499998 
0.8106835937499999 
0.6097070312499999 
0.7034570312499998 
0.6518945312499999 
0.7257226562499998 
0.8364648437499999 
0.5194726562499999 
0.8007226562499998 
0.5382226562499999 
0.7192773437499999 
0.7099023437499998 
0.6823632812499999 
0.6079492187499999 
0.5399804687499998 
0.7356835937499998 
0.6466210937499999 
0.6390039062499999 
0.6167382812499999 
0.5563867187499999 
0.6331445312499999 
0.6436914062499999 
0.7491601562499998 
0.7368554687499997 
0.6864648437499998 
0.8399804687499998 
0.93607421875 
0.56517578125 
0.6917382812499998 
0.95658203125 
0.6524804687499998 
0.5757226562499999 
0.6266992187499998 
0.6056054687499999 
0.39525390625 
0.5540429687499999 
0.7972070312499999 
0.5188867187499999 
0.6056054687499999 
0.6366601562499998 
0.7509179687499998 
0.8880273437499998 
0.7784570312499999 
0.5862695312499999 
0.6841210937499999 
0.8382226562499998 
0.4661523437499999 
0.7099023437499998 
0.6384179687499999 
0.6677148437499999 
0.5054101562499999 
0.5798242187499998 
0.53470703125 
0.6091210937499999 
0.92318359375 
0.7755273437499999 
0.7509179687499998 
0.7544335937499999 
0.91966796875 
0.5739648437499999 
0.5727929687499999 
0.5153710937499999 
0.6999414062499998 
0.7690820312499999 
0.6923242187499997 
0.5710351562499999 
0.6390039062499999 
0.8962304687499998 
0.6313867187499999 
0.7204492187499998 
0.7128320312499998 
0.5593164062499999 
0.5059960937499999 
0.6091210937499999 
0.7755273437499999 
0.6806054687499998 
0.47845703124999994 
0.53470703125 
0.4878320312499999 
0.6466210937499999 
0.6255273437499999 
0.6847070312499999 
0.5528710937499999 
0.6085351562499999 
0.5880273437499999 
0.8235742187499998 
0.6436914062499999 
0.6507226562499998 
0.6548242187499997 
0.5376367187499999 
0.6483789062499998 
0.6958398437499999 
0.7884179687499999 
0.5411523437499999 
0.8100976562499999 
0.7849023437499999 
0.6120507812499999 
0.8470117187499998 
0.5505273437499999 
0.7450585937499998 
0.6138085937499999 
0.8440820312499998 
0.6659570312499998 
0.9173242187499999 
0.79017578125 
0.8136132812499999 
0.6489648437499999 
0.7415429687499998 
0.5739648437499999 
0.5399804687499998 
0.40111328125 
0.7380273437499998 
0.7977929687499998 
0.8663476562499999 
0.5001367187499999 
0.5891992187499998 
0.6360742187499998 
0.6641992187499998 
0.5880273437499999 
0.6565820312499998 
0.92494140625 
0.5224023437499999 
0.4720117187499999 
0.6313867187499999 
0.6155664062499998 
0.6442773437499999 
0.5136132812499999 
0.7005273437499998 
0.6911523437499998 
0.8329492187499998 
0.6044335937499999 
0.6425195312499999 
0.6266992187499998 
0.7333398437499998 
0.7778710937499999 
0.8229882812499999 
