3 51 46 
1.2735742187500003 
1.2923242187500001 
1.2700585937500004 
1.39427734375 
1.3081445312500002 
1.2671289062500002 
1.31517578125 
1.2700585937500004 
1.2741601562500002 
1.28529296875 
1.2888085937500002 
1.29701171875 
1.30111328125 
1.29876953125 
1.31048828125 
1.3052148437500002 
1.24134765625 
1.2138085937500003 
1.3491601562500002 
1.32337890625 
1.2794335937500003 
1.3040429687500001 
1.2659570312500001 
1.3081445312500002 
1.2554101562500002 
1.25775390625 
1.3304101562500001 
1.2724023437500003 
1.2677148437500003 
1.2753320312500003 
1.29583984375 
1.2753320312500003 
1.2477929687500002 
1.2864648437500001 
1.3122460937500002 
1.32044921875 
1.2542382812500001 
1.25775390625 
1.3081445312500002 
1.2501367187500003 
1.2724023437500003 
1.3122460937500002 
1.2835351562500001 
1.28236328125 
1.3063867187500002 
1.30111328125 
1.24427734375 
1.24134765625 
1.2800195312500002 
1.20091796875 
1.2454492187500001 
1.3433007812500002 
1.30287109375 
1.34095703125 
1.2454492187500001 
1.20853515625 
1.2788476562500002 
1.2641992187500002 
1.3474023437500002 
1.2319726562500002 
1.31048828125 
1.3169335937500002 
1.2653710937500002 
1.2565820312500002 
1.2864648437500001 
1.38841796875 
1.38080078125 
1.2565820312500002 
1.3315820312500002 
1.2718164062500001 
1.3356835937500002 
1.24603515625 
1.42591796875 
1.30345703125 
1.2981835937500001 
1.23900390625 
1.20560546875 
1.29408203125 
1.36498046875 
1.2659570312500001 
1.3509179687500001 
1.2923242187500001 
1.2817773437500002 
1.2360742187500002 
1.28822265625 
1.29056640625 
1.24486328125 
1.19212890625 
1.3298242187500002 
1.3456445312500003 
1.28822265625 
1.30287109375 
1.29935546875 
1.2665429687500003 
1.27650390625 
1.30228515625 
1.33509765625 
1.31166015625 
1.29876953125 
1.2759179687500002 
1.2718164062500001 
1.2835351562500001 
1.2665429687500003 
1.3099023437500001 
1.31927734375 
1.36146484375 
1.22669921875 
1.3239648437500002 
1.3169335937500002 
1.2706445312500003 
1.2319726562500002 
1.44349609375 
1.2161523437500001 
1.27650390625 
1.3245507812500001 
1.29173828125 
1.40833984375 
1.3298242187500002 
1.29115234375 
1.2864648437500001 
1.26361328125 
1.2366601562500001 
1.2712304687500002 
1.15169921875 
1.3052148437500002 
1.3638085937500002 
1.28587890625 
1.32220703125 
1.3040429687500001 
1.3245507812500001 
1.29876953125 
1.2747460937500004 
1.24369140625 
1.3216210937500001 
1.2741601562500002 
1.1950585937500002 
1.2278710937500001 
1.2800195312500002 
1.2800195312500002 
1.28998046875 
1.3245507812500001 
1.3403710937500002 
1.29466796875 
1.30580078125 
1.29701171875 
1.29115234375 
1.2641992187500002 
1.2893945312500001 
1.3268945312500002 
1.3427148437500003 
1.2677148437500003 
1.2753320312500003 
1.29876953125 
1.2800195312500002 
1.30345703125 
1.2806054687500001 
1.2776757812500001 
1.2466210937500002 
1.2542382812500001 
1.28822265625 
1.2583398437500002 
1.25306640625 
1.2524804687500002 
1.39427734375 
1.2782617187500003 
1.26361328125 
1.29642578125 
1.21791015625 
1.3075585937500003 
1.30580078125 
1.29173828125 
1.29466796875 
1.31517578125 
1.30580078125 
1.2483789062500001 
1.2893945312500001 
1.24427734375 
1.2325585937500003 
1.29291015625 
1.2677148437500003 
1.2923242187500001 
1.28822265625 
1.23841796875 
1.2794335937500003 
1.2794335937500003 
1.36146484375 
1.2671289062500002 
1.35267578125 
1.30228515625 
1.2999414062499999 
1.24369140625 
1.2893945312500001 
1.2776757812500001 
1.28587890625 
1.29642578125 
1.2835351562500001 
1.29291015625 
1.3157617187500001 
1.31517578125 
1.2559960937500003 
