7 51 42 
1.2700585937500004 
1.09134765625 
1.0890039062499999 
1.2595117187500002 
1.1640039062499998 
1.0122460937500002 
1.22845703125 
1.00345703125 
0.95072265625 
0.93607421875 
1.03802734375 
0.9999414062499997 
1.20794921875 
1.2061914062499999 
0.8610742187499998 
0.7995507812499999 
1.11537109375 
1.2495507812500002 
1.2231835937500002 
0.9073632812499999 
1.2671289062500002 
0.7198632812499999 
1.14115234375 
1.09310546875 
1.11537109375 
0.7638085937499999 
1.03509765625 
1.22025390625 
0.7005273437499998 
1.23900390625 
1.2132226562500001 
1.17748046875 
1.2061914062499999 
1.07201171875 
1.24017578125 
1.20033203125 
1.0890039062499999 
1.1763085937500002 
0.8757226562499998 
0.95423828125 
1.20150390625 
1.20912109375 
0.6559960937499998 
1.2712304687500002 
1.22611328125 
1.2061914062499999 
1.25892578125 
1.22494140625 
1.2630273437500001 
1.2548242187500003 
0.8270898437499999 
0.92728515625 
1.2360742187500002 
0.8704492187499998 
1.2132226562500001 
1.08841796875 
1.24720703125 
0.8177148437499999 
0.8059960937499998 
0.94310546875 
1.06615234375 
1.0749414062499998 
0.6009179687499999 
0.8487695312499999 
0.8780664062499998 
1.21556640625 
1.2729882812500002 
1.2044335937500001 
0.8979882812499999 
1.2161523437500001 
1.06498046875 
1.16048828125 
0.8686914062499999 
0.8651757812499999 
1.2138085937500003 
1.2712304687500002 
1.19681640625 
1.24310546875 
0.8938867187499998 
1.2747460937500004 
1.0286523437500001 
0.8024804687499998 
0.8874414062499998 
1.08021484375 
0.8974023437499998 
1.19681640625 
1.2542382812500001 
1.22259765625 
0.94662109375 
0.9888085937499999 
0.8335351562499999 
1.1018945312500001 
1.20794921875 
0.9015039062499999 
1.2161523437500001 
1.05970703125 
1.0497460937500003 
1.29935546875 
1.2665429687500003 
1.19740234375 
1.2677148437500003 
1.2671289062500002 
0.8628320312499999 
1.13939453125 
1.2126367187500002 
1.20853515625 
1.2477929687500002 
0.96712890625 
1.24017578125 
1.2483789062500001 
1.01634765625 
0.9876367187499998 
0.93431640625 
1.2366601562500001 
1.08373046875 
1.20912109375 
1.21673828125 
0.94310546875 
0.9530664062499999 
1.19798828125 
0.9038476562499999 
0.8698632812499999 
1.2378320312500002 
0.9050195312499999 
0.9015039062499999 
1.2542382812500001 
0.93841796875 
1.1059960937500002 
1.25306640625 
1.18626953125 
0.9032617187499998 
1.01927734375 
0.6735742187499998 
1.1956445312500001 
1.2665429687500003 
0.8206445312499999 
1.20677734375 
1.20853515625 
0.8505273437499998 
1.01458984375 
0.8018945312499999 
1.09720703125 
1.0356835937500002 
0.92201171875 
1.2407617187500002 
1.0415429687500002 
1.2173242187500002 
0.9858789062499999 
1.21966796875 
1.1886132812499999 
1.18978515625 
1.15169921875 
0.8757226562499998 
1.1997460937500002 
1.22962890625 
0.8710351562499998 
1.2559960937500003 
1.0427148437500002 
0.92083984375 
0.8681054687499998 
0.98412109375 
0.96888671875 
0.9448632812500001 
1.2290429687500002 
1.21087890625 
1.16693359375 
1.0315820312500001 
1.29466796875 
0.7421289062499998 
0.9331445312500001 
0.97533203125 
1.10716796875 
1.0825585937500002 
1.06615234375 
1.0438867187500003 
0.6987695312499999 
1.24017578125 
1.1681054687499999 
1.06439453125 
1.2372460937500003 
1.25306640625 
1.01517578125 
0.8985742187499998 
1.2184960937500002 
0.9015039062499999 
1.2395898437500001 
1.1341210937500001 
1.20794921875 
0.7198632812499999 
1.02748046875 
0.9952539062499999 
1.2513085937500004 
1.1124414062499999 
1.16458984375 
1.10951171875 
1.29115234375 
0.94837890625 
0.8265039062499999 
1.2366601562500001 
1.23431640625 
