11 51 38 
0.78958984375 
0.92025390625 
1.1341210937500001 
0.91029296875 
0.8364648437499999 
1.22611328125 
0.92904296875 
0.91029296875 
1.09837890625 
1.13822265625 
0.7474023437499998 
0.8341210937499999 
1.0268945312500002 
0.7854882812499999 
1.05970703125 
1.12416015625 
0.6565820312499998 
1.09310546875 
0.7304101562499997 
0.7942773437499999 
1.2718164062500001 
0.6108789062499999 
0.9641992187499999 
0.6460351562499999 
0.92845703125 
0.7286523437499998 
0.9302148437500001 
1.03744140625 
0.8757226562499998 
0.8516992187499998 
0.9923242187499998 
0.96654296875 
0.7257226562499998 
0.92728515625 
1.13529296875 
0.93548828125 
0.8733789062499998 
0.7415429687499998 
0.8434960937499998 
1.0532617187500002 
1.22611328125 
0.8317773437499999 
0.8241601562499998 
0.9038476562499999 
0.8452539062499999 
0.8763085937499998 
0.7075585937499999 
0.8429101562499998 
0.8153710937499998 
1.17689453125 
0.96947265625 
0.7538476562499998 
1.18626953125 
0.7960351562499999 
0.8059960937499998 
0.9149804687499999 
0.94662109375 
0.8827539062499998 
0.8569726562499999 
0.7919335937499999 
0.7550195312499999 
1.10072265625 
0.6999414062499998 
1.0122460937500002 
0.7028710937499998 
0.8640039062499999 
1.00873046875 
0.8030664062499998 
0.8505273437499998 
0.7497460937499998 
0.8194726562499999 
1.2454492187500001 
0.7755273437499999 
1.19447265625 
1.18392578125 
0.8083398437499999 
0.7350976562499998 
0.8581445312499999 
0.7444726562499998 
0.9020898437499999 
0.7444726562499998 
0.8540429687499999 
0.8118554687499998 
0.7421289062499998 
0.6683007812499999 
0.6882226562499998 
1.0415429687500002 
0.7368554687499997 
1.29642578125 
1.21498046875 
1.06205078125 
0.8968164062499998 
1.0239648437500002 
0.7725976562499999 
0.7573632812499999 
1.2366601562500001 
1.22376953125 
0.7597070312499998 
0.9999414062499997 
0.4602929687499999 
1.10951171875 
1.2829492187500002 
0.91263671875 
1.01166015625 
0.9331445312500001 
0.8153710937499998 
1.14232421875 
0.7872460937499999 
1.2220117187500001 
0.8153710937499998 
0.7157617187499998 
1.02455078125 
0.96595703125 
0.94896484375 
0.92787109375 
0.8347070312499999 
1.2583398437500002 
0.6284570312499999 
0.8669335937499999 
0.94955078125 
1.03861328125 
1.01634765625 
0.9214257812500001 
0.8599023437499999 
0.6460351562499999 
0.8335351562499999 
0.7661523437499999 
0.6847070312499999 
1.2061914062499999 
0.9032617187499998 
0.8710351562499998 
0.7673242187499998 
0.7673242187499998 
1.00697265625 
1.26361328125 
0.96361328125 
0.6735742187499998 
0.6600976562499998 
0.6893945312499998 
0.8710351562499998 
0.8681054687499998 
0.7567773437499998 
1.0309960937500002 
0.6606835937499999 
0.7995507812499999 
1.20326171875 
0.5716210937499999 
0.7860742187499998 
1.2606835937500003 
0.7872460937499999 
0.7374414062499998 
1.01517578125 
1.06673828125 
0.7638085937499999 
0.97884765625 
0.8493554687499998 
1.06673828125 
1.2835351562500001 
0.9173242187499999 
1.25892578125 
1.1165429687500001 
0.7673242187499998 
0.78080078125 
0.8347070312499999 
0.7491601562499998 
0.8253320312499999 
1.17337890625 
0.8950585937499999 
0.8862695312499999 
0.96712890625 
0.6589257812499999 
1.2395898437500001 
0.8610742187499998 
1.01986328125 
1.0286523437500001 
0.7556054687499998 
1.2483789062500001 
0.8153710937499998 
1.2513085937500004 
0.7819726562499999 
0.7409570312499998 
1.3345117187500002 
0.6653710937499998 
0.97181640625 
1.02923828125 
0.8335351562499999 
1.06615234375 
0.95716796875 
0.8880273437499998 
0.8534570312499998 
1.15287109375 
1.20970703125 
0.97884765625 
0.9647851562499999 
0.8856835937499998 
0.8054101562499998 
0.8130273437499999 
1.0309960937500002 
0.7052148437499999 
1.0227929687500001 
