17 51 32 
1.22083984375 
1.17162109375 
0.93666015625 
0.5827539062499999 
0.9009179687499999 
0.5874414062499999 
0.8259179687499999 
1.14115234375 
0.8974023437499998 
0.91556640625 
0.7421289062499998 
0.7661523437499999 
0.6911523437499998 
0.7427148437499999 
0.9852929687499998 
0.7075585937499999 
0.6765039062499999 
0.7503320312499998 
0.97884765625 
0.6126367187499998 
0.8681054687499998 
0.7714257812499999 
0.7515039062499999 
0.8727929687499998 
1.03392578125 
0.6466210937499999 
1.20970703125 
0.6653710937499998 
0.6800195312499999 
0.5856835937499999 
0.6993554687499998 
1.01986328125 
0.7022851562499998 
0.6407617187499999 
0.98119140625 
0.93255859375 
0.7667382812499999 
1.00873046875 
0.8470117187499998 
0.7556054687499998 
0.7485742187499997 
0.94076171875 
0.7796289062499999 
0.7749414062499999 
1.08080078125 
0.7784570312499999 
0.53177734375 
0.7415429687499998 
0.98294921875 
0.6952539062499998 
0.6823632812499999 
0.7561914062499998 
0.6735742187499998 
0.8681054687499998 
1.18626953125 
0.7931054687499999 
0.8358789062499998 
0.7491601562499998 
0.7368554687499997 
0.91849609375 
0.8944726562499998 
0.6431054687499999 
0.8440820312499998 
0.7368554687499997 
0.91439453125 
0.7825585937499999 
0.7655664062499998 
0.6536523437499998 
0.9952539062499999 
0.6847070312499999 
0.5335351562499999 
0.5897851562499998 
0.91029296875 
0.6893945312499998 
0.5979882812499999 
1.00462890625 
0.8206445312499999 
0.5763085937499999 
0.5686914062499999 
0.5704492187499999 
0.8083398437499999 
0.8317773437499999 
0.7444726562499998 
0.5628320312499999 
0.6975976562499998 
0.6811914062499999 
0.7210351562499998 
0.6835351562499998 
0.5757226562499999 
0.8224023437499999 
0.6999414062499998 
0.6759179687499999 
0.9015039062499999 
0.8727929687499998 
0.6425195312499999 
0.9800195312500001 
0.6524804687499998 
0.6753320312499999 
0.5628320312499999 
0.6524804687499998 
0.8511132812499999 
0.6917382812499998 
0.9917382812499999 
1.0772851562499999 
0.7772851562499998 
0.6038476562499999 
0.5452539062499999 
0.8065820312499998 
0.6548242187499997 
0.6870507812499999 
0.7737695312499999 
0.6923242187499997 
0.6911523437499998 
0.7655664062499998 
0.8370507812499999 
0.6653710937499998 
0.54642578125 
0.7350976562499998 
1.1640039062499998 
0.7643945312499999 
0.8329492187499998 
0.7872460937499999 
0.97533203125 
0.7544335937499999 
0.8153710937499998 
0.6231835937499999 
1.0315820312500001 
0.7233789062499998 
0.8382226562499998 
0.8710351562499998 
0.8048242187499998 
0.6765039062499999 
1.1247460937500002 
0.8077539062499999 
0.6659570312499998 
0.6091210937499999 
0.8417382812499998 
0.6946679687499998 
0.7403710937499998 
1.1475976562499999 
0.7403710937499998 
0.6729882812499999 
0.8475976562499998 
0.7872460937499999 
0.5821679687499999 
0.7614648437499999 
0.6196679687499999 
0.93841796875 
0.7409570312499998 
0.8692773437499999 
0.6073632812499999 
0.8915429687499998 
0.6325585937499999 
0.8235742187499998 
0.6624414062499998 
0.8224023437499999 
0.7614648437499999 
0.6419335937499999 
0.7602929687499999 
0.7725976562499999 
0.7597070312499998 
0.7333398437499998 
0.7380273437499998 
0.8552148437499999 
0.94544921875 
0.91556640625 
0.7643945312499999 
0.8288476562499999 
0.5850976562499999 
0.91615234375 
0.9266992187499999 
0.5358789062499999 
0.5985742187499998 
0.60208984375 
0.8288476562499999 
0.97181640625 
0.8716210937499999 
0.6272851562499998 
0.8651757812499999 
0.6882226562499998 
0.9331445312500001 
0.7655664062499998 
1.00931640625 
0.7515039062499999 
0.7515039062499999 
0.91146484375 
0.8376367187499998 
0.5751367187499998 
0.7263085937499998 
0.6360742187499998 
0.8710351562499998 
0.8188867187499999 
0.7350976562499998 
0.8833398437499999 
0.7245507812499998 
0.9905664062499998 
0.8704492187499998 
1.08548828125 
0.97123046875 
0.91087890625 
