27 51 22 
0.6319726562499999 
0.7567773437499998 
0.7954492187499999 
0.5763085937499999 
0.4895898437499999 
0.5809960937499998 
0.8534570312499998 
0.79017578125 
0.7626367187499998 
0.8974023437499998 
0.8382226562499998 
0.5540429687499999 
0.8048242187499998 
0.6835351562499998 
0.6630273437499998 
0.5974023437499999 
0.7702539062499999 
0.6278710937499998 
0.7134179687499999 
0.7784570312499999 
0.7995507812499999 
0.8593164062499998 
0.8294335937499999 
0.8036523437499998 
1.05736328125 
0.7192773437499999 
0.8581445312499999 
0.8768945312499998 
0.6724023437499999 
0.7268945312499998 
0.5880273437499999 
0.55580078125 
0.6513085937499998 
0.5376367187499999 
0.8024804687499998 
0.7239648437499998 
0.5985742187499998 
0.6501367187499998 
0.8511132812499999 
0.5856835937499999 
0.8405664062499998 
0.6852929687499998 
0.7643945312499999 
0.7093164062499998 
0.6231835937499999 
0.6102929687499998 
0.5434960937499999 
0.5657617187499999 
0.8300195312499999 
0.7075585937499999 
0.6038476562499999 
0.6876367187499998 
0.6899804687499997 
0.8054101562499998 
0.7849023437499999 
0.7720117187499999 
0.6266992187499998 
0.7462304687499998 
0.6079492187499999 
0.4849023437499999 
0.6788476562499999 
0.6858789062499998 
0.5610742187499999 
0.8048242187499998 
0.6706445312499999 
0.7673242187499998 
0.5962304687499999 
0.8622460937499998 
0.49369140624999996 
0.7321679687499998 
0.6870507812499999 
0.52943359375 
0.7046289062499999 
0.8200585937499999 
0.7362695312499998 
0.5417382812499999 
0.6097070312499999 
0.7169335937499999 
0.5030664062499999 
0.7016992187499997 
0.7532617187499998 
0.5411523437499999 
0.6108789062499999 
0.6366601562499998 
0.7831445312499999 
0.6038476562499999 
0.7597070312499998 
0.6835351562499998 
0.6975976562499998 
0.8733789062499998 
0.7526757812499999 
0.6272851562499998 
0.98294921875 
0.6993554687499998 
0.6589257812499999 
0.8546289062499999 
0.93548828125 
1.22845703125 
0.6477929687499998 
0.6776757812499999 
0.7128320312499998 
0.7784570312499999 
0.7216210937499998 
0.60501953125 
0.6776757812499999 
0.6220117187499998 
0.5727929687499999 
1.06966796875 
0.7667382812499999 
0.60208984375 
0.6196679687499999 
0.7175195312499999 
0.94955078125 
0.6770898437499999 
0.79017578125 
0.6841210937499999 
0.8985742187499998 
0.8311914062499999 
0.6852929687499998 
0.8059960937499998 
0.5528710937499999 
0.7016992187499997 
0.7163476562499999 
0.9981835937499999 
0.8780664062499998 
0.7204492187499998 
0.6829492187499998 
0.7503320312499998 
0.49369140624999996 
0.7538476562499998 
0.45912109374999993 
0.91966796875 
0.7433007812499999 
0.7263085937499998 
0.7292382812499998 
0.6794335937499999 
0.6102929687499998 
0.6179101562499998 
0.6794335937499999 
0.5821679687499999 
0.5927148437499999 
0.6243554687499998 
0.6079492187499999 
0.7479882812499998 
0.5710351562499999 
0.8200585937499999 
0.6167382812499999 
0.51771484375 
0.5118554687499999 
0.7362695312499998 
0.79017578125 
0.6636132812499999 
0.92845703125 
0.6472070312499999 
0.5757226562499999 
0.5610742187499999 
0.7474023437499998 
0.4485742187499999 
0.7257226562499998 
0.64017578125 
0.6788476562499999 
0.7561914062499998 
0.7491601562499998 
0.7690820312499999 
0.7315820312499998 
0.5710351562499999 
0.6436914062499999 
0.8475976562499998 
0.92728515625 
0.6782617187499999 
0.6800195312499999 
0.6981835937499998 
0.6056054687499999 
0.6003320312499999 
0.5423242187499998 
0.6759179687499999 
0.7831445312499999 
0.7157617187499998 
0.5522851562499999 
0.7597070312499998 
0.6114648437499999 
0.7321679687499998 
0.5739648437499999 
0.5434960937499999 
0.7058007812499999 
0.6589257812499999 
0.7309960937499997 
0.7128320312499998 
0.8997460937499998 
0.7843164062499999 
0.6823632812499999 
0.6097070312499999 
0.5991601562499999 
0.5815820312499999 
0.7380273437499998 
0.6220117187499998 
0.7491601562499998 
0.7638085937499999 
0.6800195312499999 
0.6952539062499998 
