30 51 19 
0.5499414062499999 
0.7743554687499998 
0.6518945312499999 
0.7280664062499997 
0.60501953125 
0.48900390624999995 
0.6794335937499999 
0.5821679687499999 
0.8270898437499999 
0.8100976562499999 
0.5335351562499999 
0.6513085937499998 
0.6015039062499999 
0.5575585937499999 
0.6917382812499998 
0.8253320312499999 
0.6823632812499999 
0.7403710937499998 
0.56986328125 
0.6671289062499999 
0.5417382812499999 
0.6466210937499999 
0.7403710937499998 
0.7720117187499999 
0.7268945312499998 
0.7907617187499999 
0.52591796875 
0.9876367187499998 
0.8909570312499998 
0.6102929687499998 
0.8722070312499999 
0.6431054687499999 
0.6231835937499999 
0.8083398437499999 
0.96771484375 
0.7409570312499998 
0.7016992187499997 
0.5950585937499999 
0.7960351562499999 
0.6495507812499999 
0.6489648437499999 
0.7104882812499999 
0.6495507812499999 
0.7725976562499999 
0.6929101562499997 
0.6290429687499999 
0.6870507812499999 
0.7350976562499998 
0.6524804687499998 
0.7849023437499999 
0.5388085937499999 
0.6454492187499998 
0.6671289062499999 
0.8265039062499999 
0.56693359375 
0.7960351562499999 
0.5534570312499999 
0.6946679687499998 
0.55580078125 
0.7034570312499998 
0.6495507812499999 
0.7163476562499999 
0.9061914062499998 
0.7140039062499999 
0.8809960937499998 
0.6981835937499998 
0.5915429687499999 
0.5487695312499999 
0.5991601562499999 
0.6923242187499997 
0.8118554687499998 
0.5218164062499999 
0.6483789062499998 
0.6489648437499999 
0.6366601562499998 
0.6659570312499998 
0.6788476562499999 
0.7169335937499999 
0.6472070312499999 
0.6700585937499999 
0.6864648437499998 
0.6677148437499999 
0.91029296875 
0.5774804687499998 
0.5077539062499999 
0.6155664062499998 
0.7292382812499998 
0.8311914062499999 
0.7421289062499998 
0.8141992187499998 
0.6220117187499998 
0.6565820312499998 
0.6067773437499999 
0.52943359375 
0.53001953125 
0.56517578125 
0.7989648437499999 
0.56751953125 
1.00931640625 
0.91615234375 
0.7561914062499998 
0.8141992187499998 
1.00873046875 
0.6559960937499998 
0.5968164062499999 
0.8768945312499998 
0.6138085937499999 
0.6934960937499998 
0.5481835937499999 
0.6782617187499999 
0.8698632812499999 
0.8118554687499998 
0.6384179687499999 
0.7702539062499999 
0.7919335937499999 
0.7714257812499999 
0.5956445312499999 
0.6688867187499998 
0.6811914062499999 
0.7509179687499998 
0.6624414062499998 
0.7433007812499999 
0.7040429687499998 
0.7942773437499999 
0.6108789062499999 
0.8335351562499999 
0.7755273437499999 
0.7227929687499998 
0.6337304687499998 
0.5974023437499999 
0.7350976562499998 
0.6800195312499999 
0.6466210937499999 
0.7251367187499997 
0.7936914062499999 
0.6032617187499999 
0.7063867187499998 
0.5856835937499999 
0.5903710937499999 
0.5751367187499998 
0.5575585937499999 
0.7286523437499998 
0.8323632812499999 
0.6102929687499998 
0.7544335937499999 
0.7345117187499998 
0.55580078125 
0.56400390625 
0.6700585937499999 
0.49486328124999995 
0.6847070312499999 
0.5475976562499999 
0.6513085937499998 
0.7175195312499999 
0.6542382812499998 
0.6806054687499998 
0.6360742187499998 
0.5868554687499998 
0.5194726562499999 
0.8698632812499999 
0.7075585937499999 
0.7427148437499999 
0.7433007812499999 
0.6952539062499998 
0.6829492187499998 
0.5522851562499999 
0.5681054687499999 
0.6460351562499999 
0.6466210937499999 
0.92552734375 
0.7081445312499999 
0.7233789062499998 
0.6202539062499999 
0.50833984375 
0.8001367187499998 
0.8007226562499998 
0.5997460937499999 
0.8839257812499999 
0.6208398437499999 
0.7233789062499998 
0.6085351562499999 
0.7104882812499999 
0.8587304687499998 
0.7948632812499999 
0.7216210937499998 
0.7667382812499999 
0.91849609375 
0.8745507812499999 
0.7350976562499998 
0.8259179687499999 
0.91205078125 
0.7245507812499998 
0.7972070312499999 
0.6483789062499998 
0.49603515624999994 
0.5710351562499999 
0.6278710937499998 
0.7251367187499997 
0.4831445312499999 
0.8265039062499999 
