33 51 16 
0.6559960937499998 
0.8323632812499999 
0.6384179687499999 
0.7450585937499998 
0.7415429687499998 
0.7591210937499998 
0.6313867187499999 
0.6325585937499999 
0.6677148437499999 
0.6079492187499999 
0.6917382812499998 
0.8511132812499999 
0.6284570312499999 
0.45794921874999994 
0.7931054687499999 
0.8288476562499999 
0.6612695312499999 
1.1446679687499999 
0.7116601562499998 
0.8311914062499999 
0.6343164062499999 
0.7825585937499999 
0.6161523437499998 
0.7122460937499998 
0.7169335937499999 
0.7081445312499999 
0.6477929687499998 
0.7233789062499998 
0.6425195312499999 
0.8030664062499998 
0.4731835937499999 
0.5839257812499999 
0.4977929687499999 
0.5516992187499998 
0.6518945312499999 
0.6354882812499999 
0.6888085937499998 
0.5511132812499999 
0.5042382812499999 
0.7890039062499999 
0.7515039062499999 
0.6524804687499998 
0.6630273437499998 
0.5786523437499999 
0.6108789062499999 
0.7315820312499998 
0.6483789062499998 
0.7163476562499999 
0.6999414062499998 
0.5634179687499999 
0.5727929687499999 
0.6196679687499999 
0.5188867187499999 
0.5950585937499999 
0.8065820312499998 
0.6231835937499999 
0.5511132812499999 
0.6595117187499998 
0.5241601562499999 
0.6184960937499998 
0.5927148437499999 
0.42279296874999994 
0.7427148437499999 
0.8364648437499999 
0.7391992187499997 
0.8856835937499998 
0.6015039062499999 
0.6776757812499999 
0.6724023437499999 
0.5440820312499999 
0.6964257812499999 
0.6923242187499997 
0.6231835937499999 
0.5241601562499999 
0.4825585937499999 
0.5974023437499999 
0.6237695312499999 
0.6694726562499999 
0.96361328125 
0.6073632812499999 
0.6641992187499998 
0.6067773437499999 
0.5950585937499999 
0.5358789062499999 
0.4995507812499999 
0.5985742187499998 
0.6120507812499999 
0.6038476562499999 
0.6032617187499999 
0.5599023437499999 
0.7433007812499999 
0.8604882812499999 
0.7884179687499999 
0.6413476562499999 
0.7597070312499998 
0.41634765625 
0.98294921875 
0.6091210937499999 
0.5194726562499999 
0.5335351562499999 
0.5962304687499999 
0.5634179687499999 
0.7386132812499998 
0.6559960937499998 
0.6641992187499998 
0.6108789062499999 
0.5241601562499999 
0.5141992187499999 
0.7673242187499998 
0.8440820312499998 
0.7380273437499998 
0.8171289062499999 
0.5306054687499999 
0.9009179687499999 
0.7163476562499999 
0.7122460937499998 
0.7016992187499997 
0.49720703124999993 
0.6044335937499999 
0.7292382812499998 
0.52005859375 
0.52298828125 
0.7638085937499999 
0.5604882812499999 
0.6366601562499998 
0.47845703124999994 
0.6460351562499999 
0.6806054687499998 
0.7790429687499999 
0.5786523437499999 
0.6061914062499999 
0.8604882812499999 
0.5686914062499999 
0.6208398437499999 
0.7714257812499999 
0.7702539062499999 
0.39876953125 
0.5329492187499999 
0.44330078124999994 
0.6272851562499998 
0.56693359375 
0.6829492187499998 
0.9876367187499998 
0.7216210937499998 
0.6442773437499999 
0.49369140624999996 
0.6108789062499999 
0.5311914062499999 
0.8985742187499998 
0.6729882812499999 
0.6149804687499998 
0.53470703125 
0.6624414062499998 
0.8112695312499999 
0.8768945312499998 
0.6940820312499998 
0.8522851562499998 
0.5382226562499999 
0.5774804687499998 
0.6571679687499998 
0.6167382812499999 
0.8376367187499998 
0.5956445312499999 
0.7491601562499998 
0.6683007812499999 
0.6700585937499999 
0.6729882812499999 
0.7843164062499999 
0.41458984374999996 
0.78080078125 
0.92845703125 
0.7819726562499999 
0.8335351562499999 
0.7684960937499998 
0.6770898437499999 
0.6325585937499999 
0.7075585937499999 
0.97826171875 
0.5704492187499999 
0.6489648437499999 
0.7743554687499998 
0.5622460937499999 
0.5692773437499999 
0.5218164062499999 
0.7315820312499998 
0.41517578125 
0.7755273437499999 
0.6524804687499998 
0.7479882812499998 
0.7251367187499997 
0.7520898437499999 
0.7093164062499998 
0.45619140625 
0.6835351562499998 
0.8077539062499999 
0.8147851562499998 
0.7005273437499998 
0.7485742187499997 
0.6993554687499998 
0.7245507812499998 
