34 51 15 
0.9981835937499999 
0.5716210937499999 
0.6817773437499999 
0.7286523437499998 
0.6624414062499998 
0.6390039062499999 
0.8311914062499999 
0.7151757812499999 
0.5997460937499999 
0.6196679687499999 
0.6724023437499999 
0.7251367187499997 
0.7052148437499999 
0.6489648437499999 
0.6530664062499998 
0.7005273437499998 
0.7743554687499998 
0.6870507812499999 
0.7942773437499999 
0.8147851562499998 
0.6413476562499999 
0.5798242187499998 
0.5985742187499998 
0.6196679687499999 
0.7890039062499999 
0.8716210937499999 
0.53001953125 
0.6032617187499999 
0.6647851562499998 
0.8640039062499999 
0.5030664062499999 
0.7099023437499998 
0.6390039062499999 
0.7421289062499998 
0.6981835937499998 
0.6290429687499999 
0.7280664062499997 
0.7884179687499999 
0.8499414062499998 
0.6630273437499998 
0.7251367187499997 
0.7315820312499998 
0.8141992187499998 
0.5839257812499999 
0.6753320312499999 
0.6606835937499999 
0.7204492187499998 
0.7321679687499998 
0.7878320312499999 
0.6266992187499998 
0.6677148437499999 
0.48900390624999995 
0.6718164062499998 
0.5095117187499999 
0.6835351562499998 
0.6970117187499998 
0.7028710937499998 
0.7948632812499999 
0.8475976562499998 
0.6378320312499999 
0.8136132812499999 
0.6583398437499999 
0.7438867187499998 
0.4731835937499999 
0.8393945312499999 
0.8030664062499998 
0.7966210937499999 
0.5071679687499999 
0.7579492187499998 
0.7468164062499998 
0.5458398437499999 
0.6817773437499999 
0.6384179687499999 
0.7251367187499997 
0.6800195312499999 
0.5804101562499998 
0.7995507812499999 
0.5141992187499999 
0.6454492187499998 
0.6923242187499997 
0.5341210937499999 
0.7233789062499998 
0.7333398437499998 
0.5997460937499999 
0.8024804687499998 
0.9020898437499999 
0.6835351562499998 
0.6806054687499998 
0.5224023437499999 
0.7368554687499997 
0.49310546874999994 
0.6636132812499999 
0.5522851562499999 
0.5452539062499999 
0.7175195312499999 
0.6161523437499998 
0.9050195312499999 
0.41048828125 
0.7421289062499998 
0.5798242187499998 
0.5153710937499999 
0.45208984374999994 
0.5710351562499999 
0.6653710937499998 
0.7433007812499999 
0.5921289062499999 
0.6261132812499999 
0.6483789062499998 
0.78958984375 
0.7069726562499998 
0.5511132812499999 
0.7567773437499998 
0.8429101562499998 
0.6917382812499998 
0.6753320312499999 
0.8352929687499998 
0.56693359375 
0.6800195312499999 
0.8030664062499998 
0.7977929687499998 
0.6425195312499999 
0.6073632812499999 
0.7462304687499998 
0.97826171875 
0.91439453125 
0.49017578124999994 
0.6454492187499998 
0.8218164062499999 
0.8018945312499999 
0.6946679687499998 
0.7128320312499998 
0.6829492187499998 
0.5417382812499999 
0.6290429687499999 
0.7591210937499998 
0.6331445312499999 
0.8118554687499998 
1.1651757812499999 
0.7561914062499998 
0.8294335937499999 
0.6272851562499998 
0.4966210937499999 
0.7298242187499997 
0.7931054687499999 
0.4895898437499999 
0.6015039062499999 
0.8698632812499999 
0.7087304687499998 
0.6794335937499999 
0.5733789062499999 
0.6571679687499998 
0.53236328125 
0.56986328125 
0.7878320312499999 
0.5593164062499999 
0.5470117187499999 
0.5962304687499999 
0.9050195312499999 
0.8710351562499998 
0.6225976562499999 
0.6061914062499999 
0.8095117187499998 
0.5968164062499999 
0.8663476562499999 
0.6518945312499999 
0.6114648437499999 
0.6390039062499999 
0.6923242187499997 
0.7040429687499998 
0.7046289062499999 
0.8300195312499999 
0.6126367187499998 
0.7362695312499998 
0.7286523437499998 
0.8147851562499998 
0.55814453125 
0.5048242187499998 
0.8522851562499998 
0.5546289062499999 
0.8710351562499998 
0.6372460937499999 
0.5897851562499998 
0.6032617187499999 
0.6308007812499999 
0.9179101562499999 
0.6179101562499998 
0.5306054687499999 
0.60501953125 
0.8552148437499999 
0.5997460937499999 
0.6747460937499998 
0.5716210937499999 
0.7298242187499997 
0.7632226562499999 
0.8001367187499998 
0.7093164062499998 
0.7989648437499999 
0.6618554687499998 
0.5458398437499999 
0.6454492187499998 
