82 4 14 
1.2184960937500002 
1.2542382812500001 
1.24369140625 
1.2923242187500001 
1.2407617187500002 
1.31048828125 
1.2800195312500002 
1.24603515625 
1.2372460937500003 
1.2999414062499999 
1.12123046875 
1.2518945312500003 
1.30228515625 
1.2501367187500003 
1.2542382812500001 
1.3421289062500001 
1.2888085937500002 
1.3216210937500001 
1.2173242187500002 
1.1763085937500002 
1.3081445312500002 
1.24486328125 
1.13236328125 
1.2876367187500002 
1.22669921875 
1.2559960937500003 
1.15580078125 
1.2999414062499999 
1.24310546875 
1.30580078125 
1.2841210937500003 
1.2337304687500001 
1.2425195312500001 
1.20853515625 
1.2641992187500002 
1.2372460937500003 
1.2665429687500003 
1.2999414062499999 
1.2999414062499999 
1.2231835937500002 
1.29642578125 
1.2641992187500002 
1.18158203125 
1.26244140625 
1.2325585937500003 
1.2507226562500002 
1.29935546875 
1.28119140625 
1.2114648437500002 
1.01400390625 
1.2513085937500004 
1.29291015625 
1.2102929687500001 
1.0169335937500001 
1.2612695312500002 
1.2630273437500001 
1.24134765625 
1.2337304687500001 
1.29408203125 
1.2419335937500002 
1.2600976562500001 
1.29525390625 
1.2501367187500003 
1.29173828125 
1.17806640625 
1.22962890625 
1.2554101562500002 
1.28119140625 
1.08197265625 
1.2735742187500003 
1.2331445312500002 
1.21966796875 
1.2477929687500002 
0.96068359375 
1.2278710937500001 
1.1985742187500001 
1.2888085937500002 
1.2641992187500002 
1.2173242187500002 
1.30462890625 
1.29759765625 
1.2735742187500003 
1.2800195312500002 
1.2583398437500002 
1.22728515625 
1.2841210937500003 
1.25775390625 
1.24720703125 
1.24369140625 
1.24134765625 
1.2466210937500002 
1.18685546875 
1.24017578125 
1.21791015625 
1.3274804687500001 
1.2776757812500001 
1.28587890625 
1.33275390625 
1.23431640625 
1.2759179687500002 
1.2319726562500002 
1.23900390625 
1.22083984375 
1.2454492187500001 
1.30873046875 
1.2290429687500002 
1.24720703125 
1.2665429687500003 
1.2114648437500002 
1.11712890625 
1.2735742187500003 
1.19037109375 
1.29056640625 
1.19154296875 
1.26478515625 
1.22611328125 
1.2548242187500003 
1.31341796875 
1.15404296875 
1.2495507812500002 
1.24720703125 
1.23841796875 
1.29935546875 
1.3227929687500002 
1.28236328125 
1.2694726562500003 
1.30052734375 
1.2489648437500003 
1.23431640625 
1.2483789062500001 
1.24134765625 
1.2536523437500002 
1.15287109375 
1.2806054687500001 
1.2800195312500002 
1.2173242187500002 
1.2138085937500003 
1.2325585937500003 
1.29525390625 
1.2718164062500001 
1.12416015625 
1.11595703125 
1.30228515625 
1.30873046875 
1.24310546875 
1.2776757812500001 
1.06322265625 
1.23548828125 
1.3122460937500002 
1.1464257812499998 
1.26478515625 
1.2501367187500003 
1.2583398437500002 
1.2102929687500001 
1.24310546875 
1.14583984375 
1.26185546875 
1.1493554687499998 
1.2507226562500002 
1.29876953125 
1.0503320312500002 
1.2683007812500002 
1.2612695312500002 
0.8265039062499999 
1.22845703125 
1.0356835937500002 
1.2893945312500001 
1.20912109375 
1.19681640625 
1.2741601562500002 
1.3099023437500001 
1.2583398437500002 
1.21087890625 
1.2454492187500001 
1.22142578125 
1.16224609375 
1.0315820312500001 
1.30931640625 
1.29525390625 
1.2724023437500003 
1.2554101562500002 
1.2788476562500002 
1.2360742187500002 
1.2454492187500001 
1.26361328125 
1.2688867187500004 
1.26244140625 
1.3433007812500002 
1.2612695312500002 
1.2524804687500002 
1.2694726562500003 
1.25306640625 
1.21498046875 
1.1452539062499998 
1.3227929687500002 
1.2407617187500002 
1.26478515625 
1.2331445312500002 
1.16927734375 
1.28529296875 
