40 51 9 
0.8177148437499999 
0.6847070312499999 
0.6718164062499998 
0.7438867187499998 
0.7216210937499998 
0.7708398437499999 
0.6712304687499998 
0.7995507812499999 
0.4866601562499999 
0.5950585937499999 
0.55521484375 
0.6589257812499999 
0.5850976562499999 
0.6483789062499998 
0.6056054687499999 
0.5622460937499999 
0.6319726562499999 
0.7163476562499999 
0.8458398437499999 
0.5950585937499999 
0.8013085937499999 
0.5938867187499999 
0.8153710937499998 
0.7268945312499998 
0.6788476562499999 
0.5440820312499999 
0.5774804687499998 
0.45326171874999993 
0.92787109375 
0.5663476562499999 
0.6184960937499998 
0.5944726562499999 
0.7714257812499999 
0.8663476562499999 
0.8224023437499999 
0.6583398437499999 
0.5763085937499999 
0.7544335937499999 
0.5774804687499998 
0.6097070312499999 
0.5429101562499998 
0.5018945312499999 
0.92962890625 
0.6618554687499998 
0.9882226562499998 
0.42162109374999995 
0.5587304687499999 
0.6454492187499998 
0.6143945312499999 
0.6847070312499999 
0.6097070312499999 
0.52005859375 
0.5722070312499999 
0.6847070312499999 
0.42923828124999996 
0.7216210937499998 
0.6706445312499999 
0.6870507812499999 
0.6624414062499998 
0.5065820312499999 
0.6548242187499997 
0.6712304687499998 
0.7415429687499998 
0.6647851562499998 
0.6852929687499998 
0.5329492187499999 
0.5956445312499999 
0.5399804687499998 
0.8798242187499997 
0.5153710937499999 
0.7134179687499999 
0.9266992187499999 
0.7608789062499999 
0.8481835937499999 
0.6741601562499998 
0.5628320312499999 
0.6641992187499998 
0.5452539062499999 
0.8311914062499999 
0.47845703124999994 
0.5763085937499999 
0.6472070312499999 
0.60267578125 
0.6214257812499999 
0.7825585937499999 
0.7040429687499998 
0.56400390625 
0.5634179687499999 
0.5622460937499999 
0.8997460937499998 
0.45677734374999995 
0.8376367187499998 
0.60501953125 
0.49310546874999994 
0.6032617187499999 
0.7163476562499999 
0.6454492187499998 
0.6987695312499999 
0.44916015624999994 
0.7134179687499999 
0.5188867187499999 
0.6929101562499997 
0.6243554687499998 
0.6495507812499999 
0.6683007812499999 
0.6712304687499998 
0.6835351562499998 
0.45150390625 
0.7058007812499999 
0.7942773437499999 
0.53236328125 
0.60501953125 
0.7731835937499999 
0.6190820312499998 
0.6724023437499999 
0.6975976562499998 
0.6120507812499999 
0.5862695312499999 
0.6384179687499999 
0.6225976562499999 
0.5470117187499999 
0.7720117187499999 
0.5452539062499999 
0.7661523437499999 
0.5100976562499999 
0.7145898437499999 
0.60501953125 
0.7274804687499997 
0.6624414062499998 
0.49486328124999995 
0.6454492187499998 
0.5821679687499999 
0.8470117187499998 
0.79017578125 
0.6126367187499998 
0.6618554687499998 
0.6343164062499999 
0.7309960937499997 
0.6067773437499999 
0.6595117187499998 
0.6208398437499999 
0.4661523437499999 
0.6659570312499998 
0.8235742187499998 
0.7766992187499998 
0.5710351562499999 
0.8077539062499999 
0.92201171875 
0.60501953125 
0.7796289062499999 
0.5065820312499999 
0.7386132812499998 
0.6003320312499999 
0.5475976562499999 
0.5423242187499998 
0.7093164062499998 
0.5440820312499999 
0.5042382812499999 
0.6097070312499999 
0.8862695312499999 
0.6308007812499999 
0.7192773437499999 
0.8183007812499999 
0.7772851562499998 
0.7298242187499997 
0.5722070312499999 
0.6647851562499998 
0.7034570312499998 
0.6483789062499998 
0.6442773437499999 
0.6577539062499999 
0.5891992187499998 
0.7251367187499997 
0.6044335937499999 
0.7696679687499999 
0.7942773437499999 
0.6015039062499999 
0.6507226562499998 
0.5124414062499999 
0.7931054687499999 
0.5446679687499999 
0.6589257812499999 
0.5657617187499999 
0.6425195312499999 
0.5628320312499999 
0.7638085937499999 
0.5071679687499999 
0.6249414062499998 
0.6999414062499998 
0.6184960937499998 
0.5780664062499998 
0.7573632812499999 
0.8177148437499999 
0.7561914062499998 
0.7485742187499997 
0.7626367187499998 
0.6917382812499998 
0.8692773437499999 
0.5792382812499999 
0.6952539062499998 
