2 52 46 
1.3298242187500002 
1.3052148437500002 
1.36439453125 
1.30462890625 
1.2888085937500002 
1.4388085937500001 
1.40423828125 
1.31048828125 
1.36087890625 
1.35736328125 
1.3263085937500003 
1.29408203125 
1.3550195312500002 
1.40248046875 
1.3315820312500002 
1.2864648437500001 
1.33392578125 
1.3591210937500002 
1.3825585937500002 
1.37142578125 
1.35853515625 
1.4194726562500002 
1.37787109375 
1.31517578125 
1.31810546875 
1.28587890625 
1.3251367187500003 
1.32044921875 
1.31400390625 
1.38958984375 
1.39017578125 
1.2999414062499999 
1.3532617187500002 
1.35560546875 
1.36966796875 
1.31166015625 
1.3761132812499999 
1.41126953125 
1.29935546875 
1.29525390625 
1.38080078125 
1.3309960937500003 
1.29525390625 
1.3749414062499998 
1.35560546875 
1.3069726562500001 
1.43119140625 
1.3444726562500002 
1.30462890625 
1.33216796875 
1.37787109375 
1.4200585937500003 
1.3245507812500001 
1.30287109375 
1.37376953125 
1.2923242187500001 
1.2923242187500001 
1.41478515625 
1.2888085937500002 
1.37435546875 
1.30931640625 
1.29935546875 
1.3257226562500002 
1.36146484375 
1.3421289062500001 
1.3069726562500001 
1.24720703125 
1.29935546875 
1.37259765625 
1.36146484375 
1.39837890625 
1.44115234375 
1.33509765625 
1.3579492187500002 
1.37318359375 
1.3479882812500001 
1.3802148437500001 
1.39427734375 
1.3304101562500001 
1.40833984375 
1.28119140625 
1.35267578125 
1.31517578125 
1.3433007812500002 
1.40423828125 
1.38373046875 
1.3274804687500001 
1.3286523437500002 
1.35267578125 
1.28705078125 
1.4018945312500002 
1.3491601562500002 
1.4188867187500003 
1.33275390625 
1.3462304687500002 
1.29525390625 
1.38431640625 
1.29056640625 
1.3309960937500003 
1.38666015625 
1.38783203125 
1.33861328125 
1.3802148437500001 
1.36556640625 
1.31458984375 
1.37669921875 
1.33978515625 
1.35619140625 
1.3069726562500001 
1.31166015625 
1.33978515625 
1.28529296875 
1.3081445312500002 
1.3591210937500002 
1.31048828125 
1.4106835937500002 
1.3304101562500001 
1.2888085937500002 
1.37259765625 
1.36029296875 
1.3257226562500002 
1.35267578125 
1.39486328125 
1.3544335937500003 
1.40775390625 
1.3989648437500002 
1.4065820312500001 
1.2806054687500001 
1.37669921875 
1.3872460937500002 
1.31048828125 
1.35736328125 
1.33744140625 
1.33392578125 
1.34681640625 
1.31341796875 
1.31048828125 
1.37142578125 
1.3099023437500001 
1.3251367187500003 
1.3444726562500002 
1.3520898437500002 
1.33802734375 
1.41712890625 
1.41185546875 
1.31869140625 
1.3497460937500003 
1.29525390625 
1.3626367187500001 
1.31634765625 
1.4007226562500001 
1.3825585937500002 
1.3315820312500002 
1.3503320312500002 
1.36556640625 
1.3421289062500001 
1.29173828125 
1.3304101562500001 
1.35736328125 
1.29642578125 
1.3702539062499999 
1.3257226562500002 
1.31869140625 
1.32220703125 
1.34095703125 
1.29642578125 
1.3251367187500003 
1.3356835937500002 
1.3638085937500002 
1.30462890625 
1.36732421875 
1.3157617187500001 
1.40833984375 
1.3802148437500001 
1.3684960937500001 
1.30111328125 
1.3263085937500003 
1.36146484375 
1.36146484375 
1.37083984375 
1.40248046875 
1.31458984375 
1.3497460937500003 
1.33685546875 
1.38958984375 
1.4048242187500002 
1.3761132812499999 
1.4177148437500002 
1.4224023437500002 
1.3362695312500001 
1.3257226562500002 
1.29701171875 
1.38548828125 
1.42298828125 
1.39544921875 
1.4194726562500002 
1.37669921875 
1.4065820312500001 
1.3532617187500002 
1.3245507812500001 
