11 52 37 
0.8657617187499999 
0.5194726562499999 
0.91439453125 
1.08314453125 
1.2190820312500001 
1.0579492187500001 
1.21673828125 
1.13001953125 
1.09427734375 
0.6167382812499999 
0.95658203125 
0.8909570312499998 
0.7040429687499998 
0.8393945312499999 
0.8850976562499998 
1.09310546875 
1.1956445312500001 
0.7942773437499999 
0.7878320312499999 
0.7714257812499999 
0.5599023437499999 
0.8968164062499998 
0.98353515625 
1.2302148437500002 
0.91205078125 
1.09779296875 
0.8640039062499999 
0.5663476562499999 
0.93373046875 
0.9425195312500001 
1.06966796875 
1.04212890625 
0.9266992187499999 
1.1493554687499998 
1.05267578125 
0.8018945312499999 
0.93490234375 
0.7696679687499999 
0.7614648437499999 
0.9524804687499999 
0.97884765625 
0.5915429687499999 
0.8265039062499999 
0.7936914062499999 
0.93841796875 
0.8522851562499998 
0.8358789062499998 
0.6776757812499999 
0.5048242187499998 
0.7333398437499998 
0.9214257812500001 
0.8663476562499999 
0.5405664062499999 
0.94955078125 
0.7579492187499998 
0.8903710937499998 
1.18802734375 
0.9038476562499999 
0.8505273437499998 
0.8868554687499998 
1.2513085937500004 
0.6653710937499998 
0.7602929687499999 
0.8979882812499999 
0.9981835937499999 
0.79017578125 
0.94720703125 
1.19623046875 
0.6659570312499998 
0.8007226562499998 
1.2132226562500001 
0.95423828125 
0.8194726562499999 
0.7655664062499998 
0.8188867187499999 
1.02220703125 
0.5968164062499999 
0.8663476562499999 
0.93255859375 
0.8095117187499998 
1.12884765625 
0.94369140625 
1.11537109375 
0.9097070312499999 
0.8839257812499999 
0.6876367187499998 
1.22552734375 
0.5593164062499999 
0.98236328125 
0.94603515625 
1.19447265625 
0.8452539062499999 
1.2184960937500002 
0.9882226562499998 
0.6946679687499998 
0.8616601562499998 
0.8411523437499998 
0.7936914062499999 
1.09310546875 
1.22552734375 
0.6688867187499998 
0.7591210937499998 
0.8130273437499999 
0.7983789062499999 
0.7960351562499999 
0.8921289062499999 
0.7087304687499998 
1.1405664062499998 
1.1593164062499999 
0.91556640625 
1.0520898437500001 
1.22376953125 
1.24720703125 
0.8399804687499998 
0.91322265625 
1.2806054687500001 
1.01576171875 
0.8880273437499998 
1.20208984375 
0.94662109375 
0.8352929687499998 
0.9888085937499999 
0.8118554687499998 
0.8007226562499998 
0.8903710937499998 
0.5739648437499999 
0.95716796875 
1.16107421875 
1.0444726562500002 
0.7181054687499998 
1.05736328125 
0.8886132812499998 
0.7597070312499998 
0.9015039062499999 
1.20384765625 
1.00052734375 
0.97064453125 
0.7977929687499998 
0.5470117187499999 
1.1751367187500001 
0.8411523437499998 
0.7561914062499998 
1.12591796875 
0.91439453125 
0.8804101562499997 
0.7491601562499998 
1.1698632812499998 
0.8423242187499997 
1.06966796875 
1.17982421875 
0.7538476562499998 
0.7860742187499998 
1.1106835937500001 
0.7591210937499998 
0.9852929687499998 
0.9899804687499998 
0.8804101562499997 
0.7860742187499998 
0.91439453125 
0.9554101562499999 
0.9448632812500001 
0.6765039062499999 
1.2542382812500001 
0.6636132812499999 
1.2501367187500003 
1.20912109375 
0.9559960937499999 
0.8558007812499999 
0.93666015625 
0.9026757812499999 
0.7778710937499999 
0.97650390625 
0.9091210937499998 
1.32337890625 
1.0813867187500001 
0.9073632812499999 
0.9876367187499998 
1.2864648437500001 
0.8347070312499999 
1.0356835937500002 
0.8599023437499999 
1.2132226562500001 
0.92025390625 
0.8165429687499999 
0.7175195312499999 
0.9905664062499998 
1.1874414062499998 
0.7216210937499998 
0.6765039062499999 
1.22728515625 
1.03216796875 
0.93724609375 
0.5235742187499999 
0.8868554687499998 
0.8177148437499999 
0.7778710937499999 
1.1188867187500002 
0.6460351562499999 
0.7843164062499999 
1.15814453125 
