22 52 26 
0.5909570312499999 
0.8558007812499999 
0.8235742187499998 
0.7837304687499999 
0.8487695312499999 
1.1124414062499999 
0.6975976562499998 
0.7573632812499999 
0.7145898437499999 
0.6466210937499999 
0.6683007812499999 
0.8938867187499998 
0.53470703125 
0.5985742187499998 
1.00990234375 
0.96009765625 
0.6214257812499999 
0.5622460937499999 
0.8059960937499998 
0.46087890624999994 
0.8206445312499999 
0.6747460937499998 
0.7169335937499999 
0.8294335937499999 
0.6097070312499999 
0.8165429687499999 
0.7602929687499999 
0.9958398437499999 
0.6641992187499998 
0.7292382812499998 
0.7520898437499999 
0.8341210937499999 
0.7345117187499998 
0.45619140625 
1.09779296875 
0.51126953125 
0.8030664062499998 
0.4954492187499999 
0.7046289062499999 
0.6735742187499998 
0.5809960937499998 
0.5950585937499999 
0.96361328125 
0.7919335937499999 
0.6665429687499999 
0.6964257812499999 
1.03861328125 
0.6138085937499999 
0.6536523437499998 
0.8704492187499998 
0.7538476562499998 
0.8317773437499999 
0.7796289062499999 
0.6354882812499999 
0.7309960937499997 
0.8452539062499999 
0.59330078125 
0.6097070312499999 
0.6940820312499998 
0.93841796875 
0.6079492187499999 
0.7485742187499997 
0.7286523437499998 
0.6636132812499999 
0.5628320312499999 
0.96302734375 
0.7837304687499999 
0.7567773437499998 
1.1206445312500002 
0.5891992187499998 
0.6987695312499999 
0.6782617187499999 
0.6378320312499999 
0.6255273437499999 
0.53236328125 
0.8821679687499998 
1.12708984375 
0.8944726562499998 
0.7450585937499998 
0.7110742187499998 
0.7433007812499999 
0.6653710937499998 
0.7175195312499999 
0.6817773437499999 
0.6876367187499998 
0.7796289062499999 
0.7931054687499999 
0.8141992187499998 
0.7608789062499999 
0.6032617187499999 
0.6817773437499999 
0.52591796875 
0.5722070312499999 
0.8124414062499998 
0.8809960937499998 
0.7708398437499999 
0.7995507812499999 
0.7415429687499998 
0.5681054687499999 
0.7854882812499999 
0.6729882812499999 
0.8030664062499998 
0.6196679687499999 
0.92318359375 
0.5452539062499999 
0.6858789062499998 
0.6841210937499999 
0.7837304687499999 
0.91615234375 
0.7884179687499999 
0.6325585937499999 
0.7140039062499999 
0.5868554687499998 
0.8042382812499999 
1.2138085937500003 
0.7573632812499999 
0.5440820312499999 
0.5850976562499999 
0.7391992187499997 
0.53177734375 
0.7081445312499999 
0.7866601562499999 
0.7843164062499999 
1.00228515625 
0.6987695312499999 
0.6091210937499999 
0.7011132812499998 
0.9448632812500001 
0.7128320312499998 
0.6126367187499998 
0.78958984375 
0.93783203125 
0.92728515625 
0.7005273437499998 
0.93783203125 
0.9061914062499998 
0.7028710937499998 
0.5599023437499999 
0.6776757812499999 
0.8446679687499998 
0.6776757812499999 
0.5833398437499999 
0.6923242187499997 
1.06966796875 
0.6747460937499998 
0.6776757812499999 
0.5716210937499999 
0.5774804687499998 
0.5628320312499999 
0.92376953125 
0.98177734375 
0.55580078125 
0.8018945312499999 
0.6888085937499998 
0.7257226562499998 
0.6413476562499999 
1.00287109375 
0.5979882812499999 
1.0263085937500003 
0.7204492187499998 
0.6102929687499998 
0.9952539062499999 
0.5411523437499999 
0.7520898437499999 
0.49369140624999996 
0.6501367187499998 
0.8124414062499998 
0.5546289062499999 
0.7743554687499998 
0.6079492187499999 
0.6442773437499999 
0.7374414062499998 
0.8868554687499998 
0.8382226562499998 
0.6038476562499999 
0.8897851562499998 
0.7339257812499999 
0.7280664062499997 
0.7831445312499999 
0.8522851562499998 
0.8786523437499998 
0.92962890625 
0.7333398437499998 
0.5681054687499999 
0.8229882812499999 
0.51771484375 
0.7304101562499997 
0.6079492187499999 
0.7427148437499999 
0.7233789062499998 
0.8921289062499999 
0.7251367187499997 
0.94662109375 
1.00931640625 
0.6975976562499998 
0.6934960937499998 
0.6940820312499998 
0.6056054687499999 
0.7227929687499998 
0.8493554687499998 
