34 52 14 
0.6073632812499999 
0.6542382812499998 
0.8013085937499999 
0.4802148437499999 
0.6964257812499999 
0.52298828125 
0.7755273437499999 
0.5569726562499999 
0.6138085937499999 
0.5921289062499999 
0.7931054687499999 
0.7872460937499999 
0.49603515624999994 
0.7597070312499998 
0.4485742187499999 
0.6542382812499998 
0.6331445312499999 
0.6530664062499998 
0.6858789062499998 
0.45501953124999994 
0.6091210937499999 
0.8235742187499998 
0.8253320312499999 
0.7233789062499998 
0.7181054687499998 
0.7890039062499999 
0.6501367187499998 
0.7491601562499998 
0.8100976562499999 
0.5622460937499999 
0.6864648437499998 
0.5757226562499999 
0.53001953125 
0.5903710937499999 
0.5868554687499998 
0.7620507812499999 
0.9009179687499999 
0.7737695312499999 
0.8048242187499998 
0.95892578125 
0.7028710937499998 
0.7936914062499999 
0.6653710937499998 
0.6015039062499999 
0.6923242187499997 
0.6284570312499999 
0.7251367187499997 
0.5446679687499999 
0.60501953125 
0.51712890625 
0.8317773437499999 
0.7602929687499999 
0.5393945312499999 
0.6929101562499997 
0.6079492187499999 
0.8136132812499999 
0.7028710937499998 
0.6155664062499998 
0.8534570312499998 
0.8311914062499999 
0.8329492187499998 
0.5663476562499999 
0.7614648437499999 
0.5968164062499999 
0.8188867187499999 
0.56693359375 
0.6864648437499998 
0.52650390625 
0.6302148437499999 
0.6384179687499999 
0.6261132812499999 
0.7245507812499998 
0.7989648437499999 
0.6841210937499999 
0.6266992187499998 
0.6472070312499999 
0.8024804687499998 
0.6155664062499998 
0.7690820312499999 
0.5780664062499998 
0.9097070312499999 
0.7181054687499998 
0.7503320312499998 
0.6284570312499999 
0.51771484375 
0.8593164062499998 
0.7356835937499998 
0.60267578125 
0.5569726562499999 
0.6706445312499999 
0.53236328125 
0.9097070312499999 
0.8270898437499999 
0.7134179687499999 
0.7526757812499999 
0.6448632812499999 
0.5522851562499999 
0.55521484375 
0.7362695312499998 
0.7356835937499998 
0.6501367187499998 
0.92318359375 
0.50892578125 
0.6255273437499999 
0.6431054687499999 
0.6079492187499999 
0.8581445312499999 
0.8347070312499999 
0.8722070312499999 
0.8165429687499999 
0.7643945312499999 
0.5540429687499999 
0.92904296875 
0.7075585937499999 
0.6325585937499999 
0.7737695312499999 
0.6184960937499998 
0.6835351562499998 
1.0263085937500003 
0.5768945312499999 
0.6495507812499999 
0.5692773437499999 
0.7339257812499999 
0.5540429687499999 
0.6454492187499998 
0.8130273437499999 
0.94720703125 
0.6548242187499997 
0.6067773437499999 
0.7884179687499999 
0.6448632812499999 
0.8886132812499998 
0.6061914062499999 
0.4977929687499999 
0.6724023437499999 
0.6800195312499999 
0.7274804687499997 
0.7268945312499998 
0.8265039062499999 
0.4802148437499999 
0.6442773437499999 
0.7755273437499999 
0.7485742187499997 
0.5839257812499999 
0.6507226562499998 
0.6056054687499999 
0.5686914062499999 
0.7216210937499998 
0.6284570312499999 
0.6472070312499999 
0.6618554687499998 
0.52708984375 
0.8071679687499999 
0.5974023437499999 
0.7075585937499999 
0.8100976562499999 
0.60501953125 
0.6513085937499998 
0.60267578125 
0.5868554687499998 
0.5874414062499999 
0.7884179687499999 
0.6143945312499999 
0.7251367187499997 
0.42279296874999994 
0.6753320312499999 
0.7222070312499999 
0.7960351562499999 
0.7011132812499998 
0.5733789062499999 
0.5974023437499999 
0.49369140624999996 
0.6126367187499998 
0.7690820312499999 
0.7169335937499999 
0.7321679687499998 
0.5130273437499999 
0.8288476562499999 
0.56751953125 
0.6214257812499999 
0.5716210937499999 
0.6864648437499998 
0.8159570312499999 
0.7591210937499998 
0.6343164062499999 
0.8364648437499999 
0.6888085937499998 
0.8141992187499998 
0.6079492187499999 
0.6665429687499999 
0.6231835937499999 
0.7421289062499998 
0.6208398437499999 
0.7181054687499998 
0.7831445312499999 
0.6477929687499998 
0.6448632812499999 
0.6571679687499998 
0.6665429687499999 
0.5692773437499999 
