44 52 4 
0.6337304687499998 
0.7702539062499999 
0.64017578125 
0.6225976562499999 
0.4661523437499999 
0.8827539062499998 
0.5188867187499999 
0.5329492187499999 
0.5024804687499999 
0.6987695312499999 
0.5780664062499998 
0.5974023437499999 
0.7274804687499997 
0.52708984375 
0.51830078125 
0.6507226562499998 
0.5253320312499999 
0.7350976562499998 
0.8774804687499997 
0.4907617187499999 
0.6823632812499999 
0.52064453125 
0.8311914062499999 
0.7866601562499999 
0.6559960937499998 
0.8604882812499999 
0.6231835937499999 
0.5979882812499999 
0.6407617187499999 
0.47494140625 
0.8165429687499999 
0.5540429687499999 
0.6729882812499999 
0.8833398437499999 
0.6641992187499998 
0.8259179687499999 
0.5130273437499999 
0.52591796875 
0.6501367187499998 
0.4643945312499999 
0.6284570312499999 
0.6079492187499999 
0.5968164062499999 
0.6688867187499998 
0.6583398437499999 
0.6395898437499999 
0.5745507812499999 
0.45326171874999993 
0.5335351562499999 
0.5593164062499999 
0.7099023437499998 
0.5458398437499999 
0.44916015624999994 
0.7063867187499998 
0.7638085937499999 
0.6155664062499998 
0.5030664062499999 
0.5786523437499999 
0.8575585937499999 
0.5979882812499999 
0.6278710937499998 
0.6483789062499998 
0.6009179687499999 
0.6108789062499999 
0.5118554687499999 
0.8083398437499999 
0.6249414062499998 
0.7099023437499998 
0.7884179687499999 
0.7561914062499998 
0.5030664062499999 
0.5440820312499999 
0.8470117187499998 
0.6688867187499998 
0.5727929687499999 
0.6108789062499999 
0.6378320312499999 
0.7151757812499999 
0.5106835937499999 
0.6436914062499999 
0.4790429687499999 
0.5733789062499999 
0.5604882812499999 
0.8470117187499998 
0.5106835937499999 
0.5352929687499999 
0.6296289062499999 
0.5423242187499998 
0.56986328125 
0.6097070312499999 
0.5704492187499999 
0.6741601562499998 
0.7989648437499999 
0.46205078124999993 
0.6313867187499999 
0.6384179687499999 
0.60267578125 
0.7110742187499998 
0.7333398437499998 
0.6688867187499998 
0.64017578125 
0.6724023437499999 
0.47611328124999996 
0.7761132812499999 
0.7655664062499998 
0.53001953125 
0.5106835937499999 
0.4813867187499999 
0.6167382812499999 
0.6149804687499998 
0.59330078125 
0.5095117187499999 
0.7819726562499999 
0.6343164062499999 
0.6940820312499998 
0.45150390625 
0.5991601562499999 
0.6395898437499999 
0.7743554687499998 
0.6360742187499998 
0.7561914062499998 
0.6852929687499998 
0.6876367187499998 
0.6536523437499998 
0.6448632812499999 
0.6671289062499999 
0.5417382812499999 
0.5475976562499999 
0.5862695312499999 
0.8194726562499999 
0.8036523437499998 
0.6061914062499999 
0.6179101562499998 
0.7298242187499997 
0.4989648437499999 
0.9056054687499998 
0.6056054687499999 
0.6208398437499999 
0.7034570312499998 
0.7257226562499998 
0.52298828125 
0.5722070312499999 
0.8259179687499999 
0.6858789062499998 
0.7421289062499998 
0.5411523437499999 
0.52591796875 
0.7708398437499999 
0.5821679687499999 
0.7099023437499998 
0.7649804687499998 
0.4497460937499999 
0.5874414062499999 
0.5979882812499999 
0.6653710937499998 
0.5745507812499999 
0.5716210937499999 
0.6513085937499998 
0.6015039062499999 
0.5634179687499999 
0.6876367187499998 
0.56458984375 
0.6999414062499998 
0.6483789062499998 
0.6466210937499999 
0.5341210937499999 
0.6231835937499999 
0.8370507812499999 
0.5839257812499999 
0.7503320312499998 
0.6360742187499998 
0.78080078125 
0.55580078125 
0.5956445312499999 
0.60501953125 
0.5809960937499998 
0.5657617187499999 
0.8780664062499998 
0.6126367187499998 
0.7046289062499999 
0.7350976562499998 
0.7356835937499998 
0.8522851562499998 
0.6548242187499997 
0.49486328124999995 
0.8013085937499999 
0.7327539062499998 
0.5850976562499999 
0.49369140624999996 
0.7433007812499999 
0.50892578125 
0.7544335937499999 
0.6079492187499999 
0.8042382812499999 
0.7257226562499998 
0.6325585937499999 
0.5663476562499999 
0.7345117187499998 
0.7116601562499998 
0.5429101562499998 
