89 4 7 
1.2290429687500002 
1.28822265625 
1.2518945312500003 
1.22962890625 
1.28236328125 
1.2782617187500003 
1.30462890625 
1.1341210937500001 
1.29291015625 
1.16634765625 
0.96361328125 
1.27650390625 
1.2583398437500002 
1.28822265625 
1.22435546875 
1.12416015625 
1.2407617187500002 
1.2349023437500002 
1.22669921875 
1.2313867187500003 
1.35150390625 
1.3063867187500002 
1.2653710937500002 
1.2407617187500002 
1.22142578125 
1.20560546875 
1.29935546875 
1.28587890625 
1.2753320312500003 
1.2981835937500001 
1.26185546875 
1.15404296875 
1.2220117187500001 
1.3415429687500002 
0.9735742187499999 
1.2876367187500002 
1.28998046875 
1.2513085937500004 
1.30052734375 
1.30345703125 
1.21205078125 
1.20091796875 
1.3110742187500002 
1.1224023437500001 
1.2688867187500004 
1.11537109375 
1.1405664062499998 
1.30111328125 
1.19037109375 
1.2190820312500001 
1.2395898437500001 
1.2847070312500002 
1.29701171875 
1.2302148437500002 
1.2325585937500003 
1.2893945312500001 
1.2600976562500001 
1.20033203125 
1.09310546875 
1.2425195312500001 
1.2729882812500002 
1.2477929687500002 
1.2724023437500003 
1.26478515625 
1.2102929687500001 
1.09955078125 
1.29876953125 
1.2337304687500001 
1.39544921875 
1.2683007812500002 
1.20091796875 
1.2712304687500002 
1.21966796875 
1.3304101562500001 
1.29701171875 
1.09603515625 
1.2536523437500002 
1.18451171875 
1.26478515625 
1.2759179687500002 
1.2407617187500002 
0.7327539062499998 
1.40716796875 
1.24310546875 
1.30345703125 
1.22376953125 
1.22142578125 
1.2706445312500003 
1.29583984375 
1.3169335937500002 
1.25775390625 
1.1640039062499998 
1.3063867187500002 
1.2454492187500001 
1.23548828125 
1.24720703125 
1.07376953125 
1.2542382812500001 
1.2641992187500002 
1.31810546875 
1.0989648437500001 
1.2600976562500001 
1.2513085937500004 
1.2349023437500002 
1.2565820312500002 
1.26478515625 
1.2518945312500003 
1.25892578125 
1.2683007812500002 
1.2829492187500002 
1.26478515625 
1.22435546875 
1.28119140625 
1.2641992187500002 
1.29525390625 
1.2483789062500001 
1.2477929687500002 
1.29701171875 
1.2688867187500004 
1.2753320312500003 
1.21966796875 
1.2559960937500003 
1.2372460937500003 
1.2524804687500002 
1.0638085937500001 
1.20853515625 
1.2829492187500002 
1.2712304687500002 
1.2835351562500001 
1.12298828125 
1.0655664062499999 
1.29056640625 
1.24603515625 
1.24369140625 
1.2677148437500003 
1.23548828125 
1.2612695312500002 
1.3333398437500001 
1.28529296875 
1.29525390625 
1.0989648437500001 
1.2524804687500002 
1.3081445312500002 
1.21498046875 
1.2454492187500001 
1.16107421875 
1.2706445312500003 
1.2888085937500002 
1.32806640625 
1.30228515625 
0.7942773437499999 
1.3040429687500001 
1.22259765625 
1.30580078125 
1.2372460937500003 
1.31986328125 
1.1452539062499998 
1.1997460937500002 
1.2466210937500002 
1.3128320312500001 
1.2688867187500004 
1.3052148437500002 
1.2759179687500002 
1.2671289062500002 
1.2143945312500002 
1.2489648437500003 
1.2507226562500002 
1.26478515625 
1.25892578125 
1.2518945312500003 
1.2659570312500001 
1.22962890625 
1.24486328125 
1.1927148437500001 
1.20794921875 
1.2489648437500003 
1.2360742187500002 
1.2794335937500003 
1.2712304687500002 
1.2536523437500002 
1.13060546875 
1.22611328125 
1.31927734375 
1.2360742187500002 
1.30345703125 
1.1950585937500002 
1.30462890625 
1.2466210937500002 
1.24017578125 
1.2741601562500002 
1.23841796875 
1.2378320312500002 
1.2735742187500003 
1.28587890625 
1.2419335937500002 
1.12708984375 
1.0872460937500001 
1.30169921875 
1.1224023437500001 
1.22669921875 
