40 53 7 
0.7866601562499999 
0.7093164062499998 
0.7140039062499999 
0.6671289062499999 
0.5042382812499999 
0.6600976562499998 
0.7333398437499998 
0.8739648437499998 
0.8030664062499998 
0.52708984375 
0.6413476562499999 
0.5809960937499998 
0.6577539062499999 
0.7602929687499999 
0.7884179687499999 
0.45033203124999993 
0.6214257812499999 
0.7884179687499999 
0.6741601562499998 
0.7309960937499997 
0.5927148437499999 
0.49310546874999994 
0.6794335937499999 
0.6085351562499999 
0.5569726562499999 
0.47669921874999993 
0.6694726562499999 
0.7198632812499999 
0.79251953125 
0.3782617187499999 
0.4638085937499999 
0.5774804687499998 
0.8147851562499998 
0.47142578124999995 
0.8124414062499998 
0.4995507812499999 
0.7544335937499999 
0.5241601562499999 
0.6782617187499999 
0.6835351562499998 
0.6518945312499999 
0.6249414062499998 
0.6776757812499999 
0.49603515624999994 
0.45619140625 
0.6184960937499998 
0.7649804687499998 
0.5153710937499999 
0.7491601562499998 
0.48900390624999995 
0.47728515624999995 
0.6993554687499998 
0.6466210937499999 
0.51771484375 
0.6835351562499998 
0.6706445312499999 
0.8563867187499998 
0.5903710937499999 
0.6765039062499999 
0.51712890625 
0.8030664062499998 
0.6091210937499999 
0.6495507812499999 
0.7263085937499998 
0.5757226562499999 
0.5915429687499999 
0.49017578124999994 
0.7462304687499998 
0.6366601562499998 
0.6425195312499999 
0.5153710937499999 
0.7913476562499999 
0.7643945312499999 
0.6712304687499998 
0.6934960937499998 
0.7831445312499999 
0.5241601562499999 
0.7368554687499997 
0.7128320312499998 
1.0743554687499999 
0.7450585937499998 
0.7725976562499999 
0.6735742187499998 
0.6852929687499998 
0.53470703125 
0.5950585937499999 
0.6923242187499997 
0.5153710937499999 
0.6911523437499998 
0.5839257812499999 
0.6483789062499998 
0.5241601562499999 
0.79251953125 
0.7532617187499998 
0.6513085937499998 
0.7491601562499998 
0.79017578125 
0.5604882812499999 
0.45794921874999994 
0.6372460937499999 
0.56458984375 
0.8651757812499999 
0.7292382812499998 
0.4983789062499999 
0.6501367187499998 
0.46087890624999994 
0.7743554687499998 
0.5071679687499999 
0.6923242187499997 
0.6448632812499999 
0.5722070312499999 
0.7567773437499998 
0.8516992187499998 
0.45326171874999993 
0.5036523437499999 
0.6067773437499999 
0.6149804687499998 
0.5968164062499999 
0.6044335937499999 
0.5042382812499999 
0.6038476562499999 
0.6630273437499998 
0.8294335937499999 
0.6688867187499998 
0.7163476562499999 
0.6905664062499998 
0.7151757812499999 
0.7292382812499998 
0.5411523437499999 
0.6390039062499999 
0.4632226562499999 
0.5839257812499999 
0.7058007812499999 
0.6911523437499998 
0.5604882812499999 
0.6741601562499998 
0.6032617187499999 
0.7145898437499999 
0.5862695312499999 
0.7714257812499999 
0.91966796875 
0.5534570312499999 
0.5733789062499999 
0.6085351562499999 
0.6138085937499999 
0.91439453125 
0.8956445312499999 
0.6595117187499998 
0.6641992187499998 
0.5880273437499999 
0.53001953125 
0.6981835937499998 
0.41224609374999993 
0.6671289062499999 
0.4878320312499999 
0.6132226562499998 
0.4878320312499999 
0.6548242187499997 
0.8511132812499999 
0.5007226562499999 
0.6337304687499998 
0.6858789062499998 
0.6114648437499999 
0.5950585937499999 
0.5804101562499998 
0.6138085937499999 
0.7304101562499997 
0.6360742187499998 
0.50833984375 
0.7192773437499999 
0.42044921874999996 
0.7286523437499998 
0.7280664062499997 
0.7386132812499998 
0.5739648437499999 
0.6999414062499998 
0.5780664062499998 
0.64017578125 
0.6319726562499999 
0.6179101562499998 
0.5235742187499999 
0.5446679687499999 
0.8341210937499999 
0.7298242187499997 
0.7567773437499998 
0.5663476562499999 
0.5575585937499999 
0.6097070312499999 
0.6817773437499999 
0.8405664062499998 
0.5540429687499999 
0.5306054687499999 
0.5165429687499999 
0.6823632812499999 
0.4497460937499999 
0.7474023437499998 
0.7028710937499998 
0.8077539062499999 
0.6647851562499998 
0.5376367187499999 
