9 54 37 
0.9530664062499999 
1.21673828125 
0.8247460937499999 
0.8880273437499998 
0.8933007812499999 
0.7567773437499998 
1.0544335937500002 
0.7702539062499999 
0.92259765625 
0.92201171875 
0.6395898437499999 
0.9044335937499999 
0.8710351562499998 
1.08548828125 
1.04095703125 
0.6460351562499999 
1.21791015625 
0.8270898437499999 
0.6653710937499998 
0.95833984375 
0.92728515625 
0.9776757812500001 
0.60501953125 
0.5546289062499999 
0.8663476562499999 
0.8809960937499998 
0.7766992187499998 
0.7538476562499998 
1.02044921875 
1.20912109375 
0.7462304687499998 
1.20033203125 
1.08841796875 
1.25892578125 
0.8464257812499999 
1.20853515625 
0.7778710937499999 
1.16048828125 
1.2360742187500002 
1.0474023437500002 
0.94310546875 
0.9038476562499999 
0.7104882812499999 
0.8370507812499999 
1.22552734375 
0.7731835937499999 
0.79017578125 
0.7333398437499998 
1.0462304687500001 
0.8739648437499998 
0.7743554687499998 
1.22083984375 
1.23431640625 
0.9419335937500001 
0.7649804687499998 
0.8938867187499998 
0.8587304687499998 
1.24603515625 
0.8475976562499998 
1.2308007812500001 
1.04681640625 
1.22728515625 
1.1985742187500001 
1.21966796875 
0.92083984375 
0.8722070312499999 
0.8651757812499999 
0.94837890625 
0.7837304687499999 
1.2278710937500001 
0.8405664062499998 
1.23548828125 
1.02103515625 
1.08197265625 
0.9647851562499999 
0.8663476562499999 
0.7936914062499999 
0.96712890625 
1.2061914062499999 
1.21087890625 
0.9917382812499999 
0.97533203125 
0.8950585937499999 
1.08841796875 
1.22142578125 
1.23841796875 
0.8815820312499998 
1.2454492187500001 
1.22611328125 
1.23431640625 
0.8429101562499998 
0.8815820312499998 
0.6530664062499998 
0.7374414062499998 
0.7257226562499998 
0.9999414062499997 
1.0075585937500002 
0.8997460937499998 
0.8130273437499999 
1.05677734375 
1.2319726562500002 
1.31048828125 
1.2454492187500001 
1.10072265625 
0.8815820312499998 
0.93724609375 
1.19623046875 
1.2565820312500002 
1.29759765625 
0.6302148437499999 
0.7684960937499998 
0.8979882812499999 
1.03626953125 
0.9003320312499998 
1.0122460937500002 
0.91908203125 
1.30580078125 
0.96126953125 
1.24720703125 
1.0263085937500003 
0.7977929687499998 
0.94603515625 
1.10248046875 
1.2483789062500001 
0.7251367187499997 
1.09662109375 
0.8423242187499997 
0.9776757812500001 
0.9448632812500001 
1.15521484375 
0.7626367187499998 
1.2278710937500001 
1.22552734375 
0.95775390625 
0.8640039062499999 
1.1938867187500002 
1.24017578125 
0.97416015625 
0.8587304687499998 
1.2126367187500002 
1.0456445312500002 
0.94427734375 
1.0433007812500001 
1.1886132812499999 
0.7538476562499998 
0.9683007812500001 
0.8968164062499998 
1.2419335937500002 
1.2495507812500002 
1.1048242187500001 
0.8376367187499998 
1.2190820312500001 
1.04798828125 
0.8083398437499999 
0.92904296875 
0.7620507812499999 
1.0989648437500001 
1.11478515625 
0.8974023437499998 
1.2044335937500001 
0.7016992187499997 
0.96888671875 
0.8604882812499999 
0.9020898437499999 
0.8569726562499999 
0.8745507812499999 
0.6466210937499999 
0.8376367187499998 
1.0638085937500001 
0.7649804687499998 
0.92787109375 
0.8804101562499997 
1.0772851562499999 
1.18509765625 
1.2794335937500003 
1.04798828125 
0.8177148437499999 
1.2126367187500002 
0.8376367187499998 
0.9934960937499998 
0.78958984375 
1.2337304687500001 
0.8311914062499999 
0.7796289062499999 
0.7520898437499999 
0.8716210937499999 
1.05853515625 
0.96595703125 
1.19681640625 
1.21498046875 
0.93666015625 
1.21205078125 
0.6442773437499999 
0.9917382812499999 
0.5335351562499999 
1.17044921875 
1.2366601562500001 
1.14349609375 
0.9981835937499999 
0.91322265625 
