95 4 1 
1.2559960937500003 
1.1247460937500002 
1.20501953125 
1.29583984375 
1.2665429687500003 
1.2829492187500002 
1.2729882812500002 
1.2747460937500004 
1.13529296875 
1.0749414062499998 
1.2712304687500002 
1.2595117187500002 
1.2366601562500001 
1.29291015625 
1.30580078125 
1.2378320312500002 
1.23841796875 
1.0052148437500001 
1.22552734375 
1.2864648437500001 
1.24017578125 
1.2524804687500002 
1.07669921875 
1.1452539062499998 
1.2671289062500002 
1.38431640625 
1.3110742187500002 
1.18216796875 
1.29173828125 
1.22376953125 
1.2495507812500002 
1.28998046875 
1.2220117187500001 
1.10833984375 
1.28236328125 
1.2513085937500004 
1.2724023437500003 
1.2419335937500002 
1.2600976562500001 
1.2729882812500002 
1.22259765625 
1.29115234375 
1.2513085937500004 
0.97474609375 
1.17982421875 
1.2513085937500004 
1.18919921875 
1.3227929687500002 
1.3099023437500001 
1.19447265625 
1.24720703125 
1.2735742187500003 
1.2770898437500002 
1.1522851562499998 
1.24720703125 
1.30169921875 
1.2331445312500002 
1.12181640625 
1.08373046875 
1.16458984375 
1.2706445312500003 
1.39544921875 
1.09427734375 
1.2706445312500003 
1.2483789062500001 
1.29115234375 
1.28119140625 
1.2331445312500002 
1.21498046875 
1.2694726562500003 
1.2753320312500003 
1.2683007812500002 
1.24134765625 
1.32044921875 
1.2729882812500002 
1.2542382812500001 
1.2671289062500002 
1.3081445312500002 
1.2554101562500002 
1.30931640625 
1.11302734375 
1.1886132812499999 
1.24369140625 
1.27650390625 
1.18509765625 
1.2571679687500001 
1.2565820312500002 
1.2278710937500001 
1.2571679687500001 
1.3069726562500001 
1.22728515625 
1.24310546875 
1.2483789062500001 
1.2319726562500002 
1.2548242187500003 
1.24486328125 
1.25775390625 
1.13060546875 
0.92318359375 
1.2489648437500003 
1.29466796875 
1.2794335937500003 
1.3362695312500001 
1.2138085937500003 
1.28236328125 
1.22669921875 
1.2612695312500002 
1.2600976562500001 
1.2817773437500002 
1.18568359375 
1.2501367187500003 
1.2606835937500003 
1.2835351562500001 
1.2741601562500002 
1.41244140625 
1.2653710937500002 
1.1048242187500001 
1.2565820312500002 
1.1927148437500001 
1.2600976562500001 
1.2600976562500001 
1.28119140625 
1.2554101562500002 
1.2741601562500002 
1.2372460937500003 
1.16576171875 
1.2477929687500002 
1.2466210937500002 
1.30228515625 
1.15638671875 
1.2114648437500002 
1.2841210937500003 
1.2630273437500001 
0.8464257812499999 
1.2559960937500003 
1.2313867187500003 
1.2571679687500001 
1.2114648437500002 
1.2893945312500001 
1.1651757812499999 
1.3216210937500001 
1.29876953125 
1.3063867187500002 
1.28587890625 
1.24427734375 
1.24017578125 
1.2718164062500001 
1.3122460937500002 
1.14818359375 
1.2606835937500003 
1.2694726562500003 
1.2788476562500002 
1.07845703125 
1.24369140625 
1.16927734375 
1.2372460937500003 
1.1001367187500002 
1.28587890625 
1.30462890625 
1.21205078125 
1.2308007812500001 
1.2653710937500002 
1.20150390625 
1.2554101562500002 
1.12591796875 
1.24427734375 
1.21966796875 
1.2308007812500001 
1.2308007812500001 
1.3268945312500002 
1.2554101562500002 
1.23900390625 
1.2788476562500002 
1.2747460937500004 
1.2829492187500002 
1.03685546875 
1.2571679687500001 
1.18392578125 
1.16283203125 
1.2612695312500002 
1.2712304687500002 
1.2349023437500002 
1.29466796875 
1.2495507812500002 
1.29056640625 
1.2518945312500003 
1.0749414062499998 
1.08490234375 
1.26244140625 
1.29291015625 
1.03216796875 
0.8938867187499998 
1.13822265625 
1.3544335937500003 
1.2595117187500002 
1.31517578125 
1.15462890625 
1.3081445312500002 
1.2718164062500001 
1.2337304687500001 
