25 54 21 
0.8745507812499999 
0.9266992187499999 
0.7597070312499998 
0.7737695312499999 
0.5604882812499999 
0.5429101562499998 
0.7368554687499997 
0.8675195312499999 
0.6946679687499998 
0.8686914062499999 
0.5833398437499999 
0.7093164062499998 
0.7679101562499998 
0.6905664062499998 
0.6419335937499999 
0.7450585937499998 
0.6641992187499998 
0.7591210937499998 
0.7345117187499998 
1.06263671875 
0.6975976562499998 
0.56400390625 
0.7028710937499998 
0.5593164062499999 
0.5704492187499999 
0.7245507812499998 
0.8024804687499998 
0.7866601562499999 
0.6636132812499999 
0.6999414062499998 
0.7796289062499999 
0.7878320312499999 
0.6776757812499999 
0.7731835937499999 
0.8323632812499999 
0.56986328125 
0.5253320312499999 
0.6548242187499997 
0.8985742187499998 
0.7567773437499998 
0.8446679687499998 
0.7989648437499999 
0.5950585937499999 
0.5868554687499998 
0.7872460937499999 
0.6296289062499999 
0.6741601562499998 
0.8235742187499998 
0.6243554687499998 
0.7579492187499998 
0.7134179687499999 
0.6589257812499999 
0.6360742187499998 
0.94955078125 
0.7474023437499998 
0.94310546875 
0.8458398437499999 
0.6835351562499998 
0.8909570312499998 
0.8335351562499999 
0.6354882812499999 
0.7696679687499999 
1.03861328125 
0.8511132812499999 
0.7567773437499998 
0.92845703125 
0.91380859375 
0.7005273437499998 
0.7532617187499998 
0.7456445312499999 
0.7415429687499998 
0.6179101562499998 
0.8434960937499998 
0.5757226562499999 
0.7116601562499998 
0.5979882812499999 
0.5352929687499999 
0.8288476562499999 
0.94076171875 
0.92201171875 
0.6044335937499999 
0.5516992187499998 
0.7169335937499999 
0.6132226562499998 
0.6817773437499999 
0.6395898437499999 
0.6606835937499999 
0.8030664062499998 
0.59330078125 
0.6349023437499999 
0.8669335937499999 
0.7233789062499998 
0.6952539062499998 
0.7140039062499999 
0.7690820312499999 
0.7309960937499997 
0.7714257812499999 
0.60501953125 
0.5376367187499999 
0.7942773437499999 
0.7233789062499998 
0.6102929687499998 
0.6636132812499999 
0.5364648437499999 
0.6688867187499998 
0.9038476562499999 
0.6753320312499999 
0.6970117187499998 
0.6636132812499999 
0.5997460937499999 
0.91087890625 
0.7802148437499999 
0.7602929687499999 
0.51126953125 
0.82767578125 
0.6243554687499998 
0.7960351562499999 
0.78080078125 
0.9003320312499998 
0.6038476562499999 
0.8985742187499998 
0.7116601562499998 
0.8587304687499998 
0.7849023437499999 
0.6595117187499998 
0.6794335937499999 
0.7491601562499998 
0.5704492187499999 
0.5809960937499998 
0.8370507812499999 
0.6272851562499998 
0.82767578125 
0.7315820312499998 
0.6864648437499998 
0.7345117187499998 
0.8130273437499999 
0.5968164062499999 
0.6835351562499998 
0.7245507812499998 
0.8224023437499999 
0.7368554687499997 
0.6981835937499998 
0.8159570312499999 
0.8487695312499999 
0.7151757812499999 
0.91146484375 
0.6108789062499999 
0.6507226562499998 
0.8616601562499998 
0.8809960937499998 
0.5839257812499999 
0.6583398437499999 
0.7333398437499998 
0.7614648437499999 
0.6384179687499999 
0.5686914062499999 
0.5077539062499999 
0.6313867187499999 
0.8194726562499999 
0.96068359375 
0.8768945312499998 
0.6390039062499999 
0.7485742187499997 
0.8616601562499998 
0.5991601562499999 
0.6507226562499998 
0.6009179687499999 
0.6694726562499999 
0.5130273437499999 
0.91205078125 
0.8522851562499998 
0.8850976562499998 
0.4673242187499999 
0.7608789062499999 
0.52650390625 
0.4819726562499999 
0.7321679687499998 
0.6706445312499999 
0.7526757812499999 
0.7397851562499997 
0.7638085937499999 
0.7099023437499998 
0.45326171874999993 
0.6319726562499999 
0.6934960937499998 
0.6360742187499998 
1.11126953125 
0.5780664062499998 
0.60267578125 
0.7538476562499998 
0.7046289062499999 
0.6811914062499999 
0.5604882812499999 
0.6436914062499999 
0.8874414062499998 
0.6513085937499998 
0.7497460937499998 
0.7350976562499998 
0.7444726562499998 
0.6571679687499998 
