36 54 10 
0.51712890625 
0.6770898437499999 
0.6132226562499998 
0.6231835937499999 
0.7667382812499999 
0.8399804687499998 
0.7046289062499999 
0.6882226562499998 
0.6507226562499998 
0.6630273437499998 
0.6571679687499998 
0.7110742187499998 
0.5727929687499999 
0.5516992187499998 
0.5452539062499999 
0.5833398437499999 
0.5733789062499999 
0.6876367187499998 
0.6993554687499998 
0.92259765625 
0.6296289062499999 
0.6718164062499998 
0.7022851562499998 
0.5686914062499999 
0.59330078125 
0.7345117187499998 
0.53470703125 
0.6940820312499998 
0.6841210937499999 
0.91205078125 
0.6284570312499999 
0.5991601562499999 
0.5077539062499999 
0.7081445312499999 
0.7216210937499998 
0.5493554687499999 
0.5821679687499999 
0.44154296874999993 
0.55814453125 
0.6518945312499999 
0.6923242187499997 
0.7931054687499999 
0.4878320312499999 
0.49427734374999993 
0.6407617187499999 
0.6102929687499998 
0.6964257812499999 
0.5610742187499999 
0.6120507812499999 
0.6923242187499997 
0.8640039062499999 
0.4954492187499999 
0.7714257812499999 
0.6179101562499998 
0.6583398437499999 
0.7016992187499997 
0.7556054687499998 
0.6149804687499998 
0.6518945312499999 
0.7532617187499998 
0.7403710937499998 
0.6425195312499999 
0.6536523437499998 
0.7163476562499999 
0.7866601562499999 
0.5516992187499998 
0.7034570312499998 
0.5493554687499999 
0.6290429687499999 
0.7309960937499997 
0.8475976562499998 
0.6431054687499999 
0.6718164062499998 
0.5944726562499999 
0.7069726562499998 
0.7087304687499998 
0.8013085937499999 
0.6964257812499999 
0.7315820312499998 
0.5657617187499999 
0.6079492187499999 
0.6876367187499998 
0.5522851562499999 
0.7550195312499999 
0.6806054687499998 
0.6864648437499998 
0.7151757812499999 
0.6102929687499998 
0.6067773437499999 
0.54642578125 
0.7825585937499999 
0.6372460937499999 
0.6466210937499999 
0.5388085937499999 
0.6061914062499999 
0.6694726562499999 
0.7491601562499998 
0.6472070312499999 
0.8493554687499998 
0.6272851562499998 
0.7708398437499999 
0.6700585937499999 
0.6343164062499999 
0.6683007812499999 
0.7989648437499999 
0.6559960937499998 
0.7186914062499998 
0.5376367187499999 
0.7468164062499998 
0.7122460937499998 
0.42748046874999995 
0.6325585937499999 
0.7245507812499998 
0.8575585937499999 
0.5341210937499999 
0.6641992187499998 
0.5997460937499999 
0.6097070312499999 
0.5903710937499999 
0.6278710937499998 
0.79017578125 
0.45208984374999994 
0.6378320312499999 
0.6864648437499998 
0.4966210937499999 
0.53470703125 
0.6811914062499999 
0.7069726562499998 
0.6343164062499999 
0.7878320312499999 
0.6759179687499999 
0.5095117187499999 
0.5622460937499999 
0.6003320312499999 
0.7140039062499999 
0.5774804687499998 
0.7667382812499999 
0.6882226562499998 
0.6108789062499999 
0.93841796875 
0.7058007812499999 
0.6776757812499999 
0.5218164062499999 
0.7696679687499999 
0.6038476562499999 
0.6524804687499998 
0.5604882812499999 
0.5036523437499999 
0.40404296874999995 
0.6366601562499998 
0.8522851562499998 
0.5628320312499999 
0.5997460937499999 
0.5528710937499999 
0.6741601562499998 
0.8886132812499998 
0.5880273437499999 
0.5856835937499999 
0.6296289062499999 
0.7140039062499999 
0.52708984375 
0.92611328125 
0.7866601562499999 
0.5224023437499999 
0.6800195312499999 
0.5130273437499999 
0.5774804687499998 
0.5147851562499999 
0.5921289062499999 
0.6102929687499998 
0.9179101562499999 
0.5130273437499999 
0.6829492187499998 
0.5938867187499999 
0.52005859375 
0.6718164062499998 
0.60267578125 
1.15697265625 
0.7954492187499999 
0.5165429687499999 
0.7140039062499999 
0.6800195312499999 
0.6091210937499999 
0.6044335937499999 
0.5968164062499999 
0.7579492187499998 
0.7233789062499998 
0.5903710937499999 
0.6583398437499999 
0.7397851562499997 
0.6981835937499998 
0.5739648437499999 
0.93783203125 
0.6688867187499998 
0.7157617187499998 
0.5850976562499999 
0.8405664062499998 
0.6606835937499999 
0.6313867187499999 
0.7544335937499999 
