44 54 2 
0.43509765624999996 
0.8042382812499999 
0.7960351562499999 
0.43509765624999996 
0.7175195312499999 
0.8563867187499998 
0.6038476562499999 
0.5522851562499999 
0.6659570312499998 
0.5944726562499999 
0.8376367187499998 
0.8915429687499998 
0.4837304687499999 
0.6688867187499998 
0.5891992187499998 
0.5218164062499999 
0.7339257812499999 
0.6384179687499999 
0.8757226562499998 
0.53177734375 
0.4790429687499999 
0.5880273437499999 
0.51712890625 
0.6700585937499999 
0.6671289062499999 
0.6636132812499999 
0.47728515624999995 
0.5165429687499999 
0.6964257812499999 
0.7872460937499999 
0.6823632812499999 
0.6700585937499999 
0.6741601562499998 
0.5505273437499999 
0.7503320312499998 
0.6489648437499999 
0.5411523437499999 
0.7942773437499999 
0.6940820312499998 
0.5833398437499999 
0.8054101562499998 
0.6466210937499999 
0.8200585937499999 
0.8429101562499998 
0.6149804687499998 
0.6419335937499999 
0.7104882812499999 
0.6073632812499999 
0.6864648437499998 
0.5921289062499999 
0.7450585937499998 
0.5440820312499999 
0.51771484375 
0.5681054687499999 
0.8095117187499998 
0.5681054687499999 
0.7145898437499999 
0.6524804687499998 
0.7204492187499998 
0.6964257812499999 
0.5850976562499999 
0.6565820312499998 
0.6964257812499999 
0.52591796875 
0.7268945312499998 
0.7239648437499998 
0.6243554687499998 
0.6565820312499998 
0.52650390625 
0.7661523437499999 
0.6647851562499998 
0.49486328124999995 
0.6688867187499998 
0.6413476562499999 
0.60267578125 
0.5804101562499998 
0.5944726562499999 
0.6595117187499998 
0.5546289062499999 
0.7181054687499998 
0.47259765624999994 
0.7022851562499998 
0.5059960937499999 
0.7210351562499998 
0.5024804687499999 
0.7350976562499998 
0.7849023437499999 
0.4790429687499999 
0.5886132812499999 
0.4614648437499999 
0.8581445312499999 
0.6067773437499999 
0.6782617187499999 
0.7198632812499999 
0.7233789062499998 
0.5827539062499999 
0.5985742187499998 
0.6513085937499998 
0.5429101562499998 
0.5745507812499999 
0.6202539062499999 
0.5692773437499999 
0.6946679687499998 
0.5739648437499999 
0.6583398437499999 
0.8001367187499998 
0.5042382812499999 
0.82767578125 
0.7093164062499998 
0.46791015624999993 
0.6835351562499998 
0.6225976562499999 
0.52650390625 
0.41341796875 
0.6143945312499999 
0.46498046874999993 
0.6319726562499999 
0.6097070312499999 
0.6161523437499998 
0.6108789062499999 
0.6888085937499998 
0.5985742187499998 
0.8979882812499999 
0.5774804687499998 
0.6677148437499999 
0.5622460937499999 
0.5534570312499999 
0.5868554687499998 
0.5950585937499999 
0.7421289062499998 
0.7479882812499998 
0.47962890624999993 
0.6770898437499999 
0.5124414062499999 
0.60501953125 
0.6583398437499999 
0.6278710937499998 
0.5903710937499999 
0.6184960937499998 
0.6308007812499999 
0.8212304687499998 
0.6589257812499999 
0.47845703124999994 
0.6858789062499998 
0.5505273437499999 
0.5505273437499999 
0.6302148437499999 
0.5845117187499999 
0.47611328124999996 
0.8962304687499998 
0.6718164062499998 
0.5628320312499999 
0.5429101562499998 
0.5804101562499998 
0.6425195312499999 
0.6548242187499997 
0.5985742187499998 
0.5974023437499999 
0.6700585937499999 
0.7942773437499999 
0.6852929687499998 
0.45853515624999996 
0.5452539062499999 
0.6641992187499998 
0.6565820312499998 
0.8194726562499999 
0.4690820312499999 
0.52298828125 
0.6665429687499999 
0.5956445312499999 
0.7556054687499998 
0.7192773437499999 
0.5440820312499999 
0.6987695312499999 
0.5001367187499999 
0.7602929687499999 
0.53001953125 
0.45736328125 
0.7597070312499998 
0.6009179687499999 
0.5534570312499999 
0.7222070312499999 
0.5845117187499999 
0.6302148437499999 
0.7175195312499999 
0.7251367187499997 
0.6032617187499999 
0.5763085937499999 
0.7169335937499999 
0.42689453124999993 
0.6143945312499999 
0.6741601562499998 
0.5358789062499999 
0.6091210937499999 
0.7380273437499998 
0.5388085937499999 
0.8013085937499999 
0.5282617187499999 
0.8628320312499999 
0.45736328125 
