6 55 39 
1.3110742187500002 
1.00873046875 
0.9179101562499999 
0.97943359375 
1.2888085937500002 
1.1493554687499998 
1.14349609375 
1.2741601562500002 
1.23431640625 
0.94837890625 
0.8886132812499998 
1.2741601562500002 
1.22552734375 
1.2407617187500002 
1.08314453125 
1.22494140625 
1.06615234375 
1.2138085937500003 
1.2477929687500002 
1.2595117187500002 
0.9858789062499999 
1.20326171875 
1.0948632812499999 
1.27650390625 
1.24017578125 
1.15638671875 
1.2143945312500002 
1.31634765625 
1.2700585937500004 
1.2724023437500003 
1.07904296875 
1.22435546875 
1.2395898437500001 
1.21498046875 
0.92259765625 
1.2524804687500002 
1.22845703125 
1.22142578125 
1.25306640625 
1.24310546875 
1.1763085937500002 
1.13763671875 
1.2331445312500002 
1.2132226562500001 
1.2700585937500004 
1.2466210937500002 
1.22376953125 
1.0743554687499999 
1.11126953125 
1.28998046875 
1.2595117187500002 
1.0825585937500002 
1.20208984375 
0.8329492187499998 
1.00697265625 
1.0403710937500001 
0.9952539062499999 
1.2741601562500002 
1.0444726562500002 
1.2489648437500003 
1.20560546875 
1.01751953125 
1.06615234375 
1.22259765625 
1.22435546875 
1.29525390625 
1.00873046875 
1.22611328125 
0.8804101562499997 
0.93666015625 
1.09310546875 
0.9050195312499999 
0.7485742187499997 
0.93138671875 
1.2290429687500002 
1.06498046875 
0.8798242187499997 
1.2571679687500001 
0.7761132812499999 
1.20501953125 
1.02806640625 
0.8604882812499999 
1.25892578125 
1.2349023437500002 
1.23431640625 
1.1224023437500001 
0.9993554687499997 
1.06029296875 
0.9776757812500001 
1.0011132812499999 
1.0813867187500001 
0.9946679687499999 
0.9800195312500001 
0.97181640625 
1.2290429687500002 
1.23900390625 
1.2290429687500002 
1.2794335937500003 
1.23900390625 
1.2501367187500003 
1.12123046875 
1.22552734375 
1.2630273437500001 
1.20736328125 
1.24017578125 
1.24134765625 
1.06966796875 
1.28119140625 
0.9929101562499998 
1.17806640625 
1.2759179687500002 
1.2501367187500003 
1.05853515625 
0.8452539062499999 
0.8558007812499999 
1.2161523437500001 
1.2542382812500001 
1.25892578125 
1.0110742187500001 
1.2337304687500001 
1.2419335937500002 
1.0503320312500002 
1.2313867187500003 
0.7567773437499998 
1.22845703125 
1.22611328125 
1.2190820312500001 
1.32220703125 
1.10892578125 
1.0257226562500001 
0.8587304687499998 
1.22728515625 
1.2554101562500002 
1.2595117187500002 
0.7251367187499997 
0.96009765625 
1.0520898437500001 
1.24369140625 
1.2653710937500002 
1.27650390625 
1.3075585937500003 
1.2114648437500002 
1.2331445312500002 
1.21791015625 
1.13880859375 
1.2114648437500002 
1.2753320312500003 
0.7725976562499999 
1.2349023437500002 
1.01927734375 
1.1018945312500001 
1.14349609375 
1.2407617187500002 
0.8282617187499999 
0.8558007812499999 
0.92494140625 
1.2308007812500001 
1.2044335937500001 
1.3128320312500001 
1.2536523437500002 
1.00873046875 
1.24017578125 
1.12416015625 
1.0427148437500002 
1.2489648437500003 
1.02220703125 
1.24603515625 
1.07787109375 
0.7790429687499999 
1.1124414062499999 
1.2290429687500002 
1.29466796875 
0.9618554687499999 
1.2184960937500002 
0.91322265625 
1.2688867187500004 
1.1001367187500002 
1.29525390625 
0.6975976562499998 
0.8950585937499999 
1.07318359375 
0.92962890625 
0.7058007812499999 
1.25892578125 
1.2184960937500002 
1.23431640625 
1.2161523437500001 
1.2466210937500002 
1.0772851562499999 
1.0520898437500001 
1.25306640625 
1.2536523437500002 
1.10306640625 
1.1358789062499999 
1.17044921875 
1.0813867187500001 
1.2518945312500003 
0.8112695312499999 
0.7772851562499998 
1.0169335937500001 
