10 55 35 
1.2360742187500002 
0.6015039062499999 
0.8997460937499998 
1.22083984375 
0.8446679687499998 
0.7690820312499999 
0.91615234375 
0.8991601562499998 
1.22259765625 
1.19623046875 
0.9009179687499999 
0.9149804687499999 
0.7034570312499998 
1.2278710937500001 
0.8323632812499999 
0.7772851562499998 
0.7520898437499999 
1.0474023437500002 
1.2372460937500003 
0.96361328125 
1.2220117187500001 
0.8979882812499999 
1.01986328125 
0.91380859375 
0.9876367187499998 
1.22728515625 
0.7391992187499997 
0.7907617187499999 
0.9958398437499999 
1.19212890625 
0.9852929687499998 
0.7474023437499998 
0.7491601562499998 
0.92259765625 
1.2759179687500002 
0.8270898437499999 
0.98412109375 
1.2888085937500002 
1.00404296875 
0.6677148437499999 
1.06615234375 
1.00052734375 
1.1809960937500001 
0.9882226562499998 
1.0251367187500002 
0.8692773437499999 
0.8429101562499998 
0.7233789062499998 
1.21087890625 
0.7597070312499998 
1.20560546875 
1.1511132812499998 
0.8352929687499998 
1.1341210937500001 
0.9618554687499999 
0.9735742187499999 
1.2600976562500001 
0.6794335937499999 
1.2495507812500002 
0.7872460937499999 
0.7186914062499998 
1.2349023437500002 
1.02337890625 
0.9987695312499999 
1.2524804687500002 
0.94076171875 
0.8470117187499998 
0.98412109375 
0.8522851562499998 
0.6724023437499999 
1.30169921875 
1.24486328125 
1.00462890625 
1.0298242187500002 
1.07787109375 
0.8048242187499998 
0.8194726562499999 
0.94720703125 
0.7995507812499999 
0.8804101562499997 
0.8804101562499997 
0.96126953125 
1.0544335937500002 
0.96244140625 
0.7954492187499999 
0.91205078125 
1.05853515625 
1.0520898437500001 
0.8288476562499999 
1.22025390625 
0.7608789062499999 
0.8329492187499998 
1.0345117187500001 
1.0110742187500001 
1.22845703125 
0.7819726562499999 
1.0456445312500002 
1.11478515625 
0.96712890625 
1.24369140625 
0.8874414062499998 
0.9003320312499998 
1.2794335937500003 
0.8054101562499998 
1.10716796875 
1.06908203125 
1.07787109375 
0.96771484375 
1.1640039062499998 
1.20560546875 
0.7263085937499998 
0.97884765625 
1.0403710937500001 
1.2893945312500001 
0.7585351562499998 
0.7866601562499999 
0.6729882812499999 
1.2308007812500001 
0.9302148437500001 
1.30052734375 
1.22728515625 
0.7761132812499999 
1.04212890625 
1.1188867187500002 
0.7837304687499999 
0.7831445312499999 
1.18451171875 
0.7315820312499998 
1.24720703125 
0.5874414062499999 
1.0749414062499998 
0.9097070312499999 
1.2231835937500002 
0.8247460937499999 
0.94603515625 
0.8552148437499999 
0.7995507812499999 
0.7538476562499998 
0.7819726562499999 
0.7696679687499999 
1.2190820312500001 
0.96771484375 
0.6946679687499998 
1.28822265625 
1.19330078125 
0.7591210937499998 
0.6343164062499999 
0.7684960937499998 
0.8159570312499999 
0.7661523437499999 
0.8288476562499999 
0.8897851562499998 
0.8376367187499998 
0.7034570312499998 
0.8628320312499999 
0.96712890625 
1.1938867187500002 
1.0239648437500002 
1.1177148437500002 
1.07669921875 
0.7638085937499999 
1.0714257812499999 
0.7878320312499999 
0.6981835937499998 
0.8891992187499997 
0.95423828125 
1.1224023437500001 
1.06849609375 
0.8499414062499998 
1.0263085937500003 
0.8323632812499999 
0.91439453125 
1.22611328125 
1.20912109375 
1.2694726562500003 
1.07318359375 
0.8815820312499998 
1.0433007812500001 
0.8616601562499998 
0.7245507812499998 
0.8727929687499998 
0.9554101562499999 
1.15814453125 
0.8651757812499999 
0.7573632812499999 
1.22845703125 
0.7972070312499999 
0.7591210937499998 
1.1048242187500001 
0.92845703125 
0.8095117187499998 
0.8059960937499998 
0.7069726562499998 
0.91146484375 
0.94369140625 
0.7725976562499999 
0.7233789062499998 
0.93841796875 
1.0749414062499998 
0.8352929687499998 
