12 55 33 
0.8165429687499999 
0.9448632812500001 
0.6981835937499998 
0.9149804687499999 
0.8833398437499999 
0.7849023437499999 
0.8458398437499999 
0.92201171875 
0.7690820312499999 
0.8388085937499998 
0.9929101562499998 
0.7140039062499999 
0.9173242187499999 
1.07845703125 
0.7954492187499999 
1.01458984375 
1.2542382812500001 
0.8270898437499999 
1.11302734375 
0.7597070312499998 
1.2114648437500002 
0.8552148437499999 
0.78958984375 
0.6899804687499997 
0.94544921875 
0.7989648437499999 
0.7702539062499999 
1.2507226562500002 
0.6706445312499999 
0.8030664062499998 
1.03978515625 
1.0491601562500001 
0.9946679687499999 
0.6671289062499999 
0.7602929687499999 
0.8030664062499998 
0.6565820312499998 
1.24369140625 
0.9940820312499998 
0.91205078125 
1.2190820312500001 
0.8839257812499999 
0.7181054687499998 
0.6448632812499999 
0.8306054687499999 
1.1997460937500002 
1.2454492187500001 
0.7714257812499999 
1.20326171875 
0.7169335937499999 
0.6694726562499999 
0.7802148437499999 
0.6852929687499998 
0.7597070312499998 
0.8171289062499999 
0.8610742187499998 
1.2841210937500003 
0.5458398437499999 
0.8294335937499999 
0.5979882812499999 
0.7491601562499998 
1.24720703125 
0.8171289062499999 
0.7538476562499998 
0.8136132812499999 
0.7280664062499997 
1.02103515625 
0.8962304687499998 
0.6554101562499998 
0.8581445312499999 
1.11537109375 
1.2231835937500002 
0.7954492187499999 
1.01634765625 
0.8311914062499999 
0.8212304687499998 
0.8909570312499998 
0.7919335937499999 
0.7403710937499998 
0.7409570312499998 
1.13119140625 
1.09720703125 
0.8358789062499998 
0.6038476562499999 
1.1124414062499999 
1.30462890625 
0.8827539062499998 
0.6817773437499999 
1.25306640625 
0.98060546875 
0.9870507812499999 
0.7550195312499999 
0.8903710937499998 
1.2630273437500001 
1.08197265625 
0.8487695312499999 
0.8171289062499999 
0.8979882812499999 
0.93255859375 
1.17162109375 
0.9929101562499998 
0.7016992187499997 
0.6653710937499998 
0.7403710937499998 
1.26361328125 
0.7661523437499999 
0.7802148437499999 
0.7116601562499998 
0.8153710937499998 
0.7263085937499998 
0.6753320312499999 
0.6940820312499998 
0.6126367187499998 
0.8768945312499998 
0.9993554687499997 
1.13060546875 
0.8165429687499999 
0.7479882812499998 
0.9940820312499998 
0.7099023437499998 
0.6940820312499998 
0.96009765625 
0.7497460937499998 
0.6923242187499997 
0.97181640625 
0.8429101562499998 
1.2102929687500001 
1.18626953125 
0.7579492187499998 
1.2325585937500003 
0.8833398437499999 
0.7532617187499998 
1.25775390625 
0.6975976562499998 
0.42689453124999993 
0.7462304687499998 
0.91908203125 
1.03861328125 
0.92083984375 
1.13060546875 
0.7374414062499998 
0.9641992187499999 
1.08431640625 
1.08607421875 
0.8007226562499998 
0.94955078125 
0.8739648437499998 
0.9067773437499999 
0.9020898437499999 
0.96947265625 
0.96361328125 
0.8979882812499999 
1.14291015625 
0.97533203125 
1.03216796875 
1.01400390625 
1.0520898437500001 
0.91322265625 
0.8493554687499998 
0.8493554687499998 
0.7913476562499999 
1.01634765625 
0.7286523437499998 
0.8218164062499999 
0.9899804687499998 
0.7315820312499998 
1.05853515625 
0.98294921875 
0.7550195312499999 
0.7028710937499998 
0.7145898437499999 
0.6946679687499998 
0.8903710937499998 
0.6741601562499998 
0.7151757812499999 
1.14818359375 
1.2161523437500001 
0.8745507812499999 
0.7456445312499999 
0.7561914062499998 
0.6917382812499998 
0.8229882812499999 
0.6384179687499999 
0.7169335937499999 
0.7561914062499998 
1.21087890625 
1.03216796875 
0.8159570312499999 
0.92787109375 
0.8792382812499998 
0.8950585937499999 
0.8645898437499999 
0.8774804687499997 
0.98177734375 
0.8669335937499999 
1.19095703125 
0.8259179687499999 
0.9501367187499999 
0.8247460937499999 
0.8018945312499999 
