13 55 32 
1.10892578125 
1.1475976562499999 
0.7632226562499999 
0.7315820312499998 
0.92376953125 
0.7655664062499998 
0.7497460937499998 
0.6952539062499998 
1.00873046875 
0.7532617187499998 
1.09193359375 
0.7866601562499999 
0.6337304687499998 
0.8030664062499998 
0.8013085937499999 
0.95775390625 
0.7954492187499999 
1.21205078125 
0.8938867187499998 
0.98177734375 
1.21791015625 
1.00345703125 
0.7315820312499998 
0.8481835937499999 
0.8118554687499998 
0.7761132812499999 
0.6530664062499998 
1.24310546875 
1.18041015625 
0.8112695312499999 
1.2126367187500002 
0.7028710937499998 
0.6390039062499999 
0.8188867187499999 
0.8921289062499999 
0.94076171875 
0.5827539062499999 
0.7304101562499997 
0.8704492187499998 
0.8604882812499999 
0.7233789062499998 
0.59330078125 
1.06263671875 
0.7679101562499998 
0.6214257812499999 
0.97123046875 
1.19740234375 
0.8792382812499998 
0.94603515625 
0.6911523437499998 
0.8540429687499999 
1.1505273437499999 
0.7104882812499999 
0.7497460937499998 
1.04212890625 
0.7878320312499999 
0.7749414062499999 
0.8968164062499998 
0.8733789062499998 
0.8528710937499998 
0.8118554687499998 
0.6724023437499999 
0.7608789062499999 
0.8499414062499998 
0.8206445312499999 
0.9026757812499999 
0.6448632812499999 
0.8265039062499999 
0.8159570312499999 
0.8552148437499999 
0.8686914062499999 
0.6794335937499999 
0.8968164062499998 
0.7298242187499997 
0.96654296875 
0.8352929687499998 
0.8974023437499998 
0.6917382812499998 
0.9800195312500001 
1.0263085937500003 
0.9448632812500001 
0.6911523437499998 
1.2366601562500001 
0.9683007812500001 
0.8628320312499999 
0.7257226562499998 
1.1206445312500002 
0.92728515625 
0.9899804687499998 
0.7690820312499999 
1.0110742187500001 
0.9683007812500001 
1.09662109375 
0.7081445312499999 
1.29642578125 
0.7638085937499999 
0.91263671875 
0.8640039062499999 
0.5979882812499999 
0.6108789062499999 
0.9946679687499999 
1.23431640625 
0.8839257812499999 
1.0438867187500003 
0.6940820312499998 
0.9020898437499999 
0.91849609375 
0.8745507812499999 
1.0345117187500001 
1.2565820312500002 
0.97298828125 
0.5710351562499999 
0.6864648437499998 
0.9554101562499999 
0.8522851562499998 
0.7761132812499999 
0.8206445312499999 
0.6683007812499999 
0.7849023437499999 
0.97005859375 
0.6003320312499999 
0.8938867187499998 
0.7579492187499998 
0.8311914062499999 
0.98177734375 
0.7210351562499998 
1.05384765625 
1.02337890625 
0.7450585937499998 
1.2683007812500002 
0.8786523437499998 
0.9308007812500001 
0.7474023437499998 
0.79251953125 
0.6624414062499998 
0.9858789062499999 
0.6905664062499998 
0.92552734375 
1.1001367187500002 
1.0315820312500001 
0.8100976562499999 
1.01048828125 
0.8229882812499999 
0.97181640625 
0.97005859375 
0.8399804687499998 
0.9770898437500001 
1.1809960937500001 
0.95365234375 
0.6981835937499998 
1.03685546875 
0.6770898437499999 
0.7356835937499998 
1.09837890625 
0.7556054687499998 
1.00697265625 
0.7175195312499999 
0.6765039062499999 
0.8757226562499998 
1.0403710937500001 
0.6536523437499998 
0.8399804687499998 
1.04212890625 
0.8604882812499999 
0.9395898437500001 
0.6759179687499999 
0.8640039062499999 
0.8645898437499999 
0.8030664062499998 
0.8686914062499999 
0.9266992187499999 
0.6641992187499998 
0.91556640625 
0.8850976562499998 
0.97181640625 
0.8077539062499999 
0.8224023437499999 
0.98119140625 
0.97474609375 
0.7099023437499998 
0.6056054687499999 
1.11537109375 
1.1686914062499998 
1.2548242187500003 
1.18509765625 
0.8306054687499999 
0.6202539062499999 
0.6559960937499998 
0.8610742187499998 
0.5991601562499999 
1.12181640625 
0.6817773437499999 
0.7550195312499999 
0.8464257812499999 
1.20736328125 
1.03509765625 
0.56458984375 
0.6929101562499997 
0.8054101562499998 
0.7561914062499998 
