4 5 91 
0.8323632812499999 
1.19798828125 
1.2688867187500004 
1.22611328125 
0.8962304687499998 
1.21791015625 
1.1405664062499998 
1.2220117187500001 
1.22669921875 
1.24369140625 
1.12884765625 
0.8569726562499999 
1.0936914062499998 
1.17748046875 
1.11419921875 
1.22025390625 
0.9559960937499999 
1.2524804687500002 
1.1177148437500002 
1.1282617187500001 
1.14701171875 
1.3110742187500002 
1.4809960937500002 
1.2583398437500002 
1.1282617187500001 
1.31634765625 
1.13001953125 
1.42767578125 
1.0591210937500002 
1.2220117187500001 
1.1809960937500001 
1.2349023437500002 
1.33275390625 
0.82767578125 
1.19916015625 
1.2513085937500004 
1.2841210937500003 
1.2583398437500002 
1.2600976562500001 
1.22142578125 
1.1534570312499999 
1.2313867187500003 
0.7813867187499999 
1.32923828125 
1.29291015625 
1.0122460937500002 
1.2477929687500002 
1.2313867187500003 
0.98236328125 
1.06615234375 
0.56458984375 
1.0948632812499999 
1.45287109375 
1.31810546875 
1.2483789062500001 
1.2302148437500002 
1.3315820312500002 
1.13939453125 
1.06615234375 
1.22083984375 
1.2044335937500001 
1.13119140625 
1.19798828125 
1.2536523437500002 
1.2782617187500003 
1.22845703125 
1.22376953125 
1.31751953125 
1.2372460937500003 
1.22025390625 
1.2729882812500002 
1.16341796875 
1.13939453125 
1.33861328125 
1.22083984375 
1.01166015625 
1.2395898437500001 
0.9917382812499999 
1.13119140625 
1.13763671875 
1.2554101562500002 
1.29115234375 
0.5798242187499998 
1.05970703125 
1.2565820312500002 
1.1985742187500001 
0.8071679687499999 
1.59583984375 
1.2138085937500003 
1.22669921875 
0.8681054687499998 
1.2454492187500001 
1.18802734375 
0.8376367187499998 
0.9888085937499999 
1.2542382812500001 
0.8640039062499999 
1.13763671875 
1.33802734375 
1.29291015625 
0.8956445312499999 
1.15462890625 
1.0263085937500003 
1.22259765625 
1.20033203125 
1.1809960937500001 
1.11302734375 
1.41478515625 
1.2302148437500002 
1.2665429687500003 
1.1165429687500001 
1.21966796875 
1.1417382812499999 
1.2126367187500002 
1.13001953125 
1.00287109375 
1.2419335937500002 
1.13060546875 
1.2190820312500001 
1.01400390625 
1.08021484375 
1.22728515625 
1.18802734375 
1.2483789062500001 
1.13353515625 
1.2425195312500001 
1.1997460937500002 
1.12708984375 
1.2677148437500003 
1.22728515625 
0.9061914062499998 
1.1417382812499999 
1.2349023437500002 
1.13880859375 
1.2220117187500001 
1.0450585937500003 
1.2308007812500001 
1.25775390625 
1.20736328125 
1.3227929687500002 
1.2290429687500002 
1.2190820312500001 
1.12884765625 
1.10541015625 
1.22962890625 
1.12123046875 
1.2735742187500003 
0.8323632812499999 
1.1282617187500001 
1.2788476562500002 
1.3263085937500003 
1.24720703125 
1.2419335937500002 
1.1751367187500001 
0.7099023437499998 
1.23548828125 
1.22083984375 
1.12767578125 
1.1710351562499999 
1.2565820312500002 
1.02044921875 
1.2337304687500001 
1.5489648437500003 
1.2483789062500001 
1.2331445312500002 
1.22494140625 
1.31751953125 
1.2395898437500001 
1.01810546875 
1.2542382812500001 
1.2143945312500002 
0.9893945312499999 
1.16224609375 
1.2308007812500001 
1.13177734375 
1.24134765625 
0.9079492187499998 
1.12884765625 
1.2548242187500003 
1.23900390625 
1.21966796875 
1.13001953125 
1.22611328125 
1.2454492187500001 
0.8792382812499998 
1.10775390625 
1.11126953125 
0.7257226562499998 
1.24603515625 
1.22669921875 
1.1809960937500001 
1.14818359375 
0.6073632812499999 
1.2319726562500002 
1.2864648437500001 
1.5179101562500001 
0.5341210937499999 
1.2606835937500003 
1.2583398437500002 
1.24603515625 
