33 55 12 
0.5821679687499999 
0.7169335937499999 
0.6120507812499999 
0.8106835937499999 
0.8071679687499999 
0.6061914062499999 
0.92201171875 
0.7866601562499999 
0.6911523437499998 
0.60208984375 
0.6378320312499999 
0.6196679687499999 
0.6530664062499998 
0.7878320312499999 
0.6454492187499998 
0.7081445312499999 
0.6472070312499999 
0.6671289062499999 
0.6518945312499999 
0.7309960937499997 
0.6442773437499999 
0.9401757812500001 
0.5974023437499999 
0.6934960937499998 
0.8845117187499998 
0.4643945312499999 
0.5505273437499999 
0.5616601562499999 
0.5616601562499999 
0.7052148437499999 
0.7526757812499999 
0.5874414062499999 
0.5839257812499999 
0.9395898437500001 
0.6952539062499998 
0.52064453125 
0.7298242187499997 
0.5616601562499999 
0.7995507812499999 
0.5048242187499998 
0.5686914062499999 
0.8546289062499999 
0.7456445312499999 
0.6308007812499999 
0.6753320312499999 
0.6893945312499998 
0.7298242187499997 
0.6091210937499999 
0.5839257812499999 
0.7567773437499998 
0.6823632812499999 
0.7028710937499998 
0.7251367187499997 
1.03626953125 
0.8417382812499998 
0.7052148437499999 
0.8364648437499999 
0.7116601562499998 
0.7028710937499998 
0.7550195312499999 
0.78080078125 
0.6337304687499998 
0.5077539062499999 
0.8505273437499998 
0.6003320312499999 
0.44916015624999994 
0.6466210937499999 
0.8405664062499998 
0.8007226562499998 
0.6255273437499999 
0.7263085937499998 
0.6495507812499999 
0.7825585937499999 
0.5862695312499999 
0.6659570312499998 
0.6782617187499999 
0.7222070312499999 
0.6934960937499998 
0.8558007812499999 
0.5616601562499999 
0.6466210937499999 
0.6120507812499999 
0.5850976562499999 
0.7796289062499999 
0.7204492187499998 
0.6454492187499998 
0.7544335937499999 
0.7778710937499999 
0.56751953125 
0.6612695312499999 
1.10306640625 
0.8347070312499999 
0.82767578125 
0.53236328125 
1.05091796875 
0.6448632812499999 
0.6835351562499998 
0.8036523437499998 
0.7104882812499999 
0.6653710937499998 
0.51712890625 
0.5974023437499999 
0.7561914062499998 
0.9559960937499999 
0.5997460937499999 
0.6647851562499998 
0.5370507812499999 
0.5048242187499998 
0.5628320312499999 
0.8013085937499999 
0.5335351562499999 
0.6003320312499999 
0.8493554687499998 
0.4819726562499999 
0.6665429687499999 
0.6653710937499998 
0.6290429687499999 
0.4673242187499999 
0.5921289062499999 
0.4925195312499999 
0.5839257812499999 
0.8446679687499998 
0.7093164062499998 
0.6665429687499999 
0.6841210937499999 
0.6729882812499999 
0.5493554687499999 
0.8153710937499998 
0.7561914062499998 
0.5997460937499999 
0.7602929687499999 
0.7509179687499998 
0.6489648437499999 
0.8786523437499998 
0.8235742187499998 
0.8100976562499999 
0.6466210937499999 
0.6559960937499998 
0.6964257812499999 
0.6372460937499999 
0.7936914062499999 
0.4614648437499999 
0.7227929687499998 
0.6184960937499998 
0.6097070312499999 
0.6671289062499999 
0.6624414062499998 
0.6618554687499998 
0.6143945312499999 
0.6460351562499999 
0.5528710937499999 
0.5862695312499999 
0.6641992187499998 
0.7948632812499999 
0.7052148437499999 
0.4919335937499999 
0.56458984375 
0.8616601562499998 
0.5036523437499999 
0.5733789062499999 
0.8054101562499998 
0.8417382812499998 
0.9870507812499999 
0.91615234375 
0.7731835937499999 
0.7222070312499999 
0.53001953125 
0.78080078125 
0.5962304687499999 
0.6800195312499999 
0.49720703124999993 
0.7854882812499999 
0.7438867187499998 
0.7433007812499999 
0.5071679687499999 
0.8001367187499998 
0.7069726562499998 
0.6811914062499999 
0.5569726562499999 
0.7403710937499998 
0.7251367187499997 
0.7063867187499998 
0.7655664062499998 
0.49427734374999993 
0.6993554687499998 
0.5663476562499999 
0.5722070312499999 
0.5341210937499999 
0.6138085937499999 
0.6940820312499998 
0.5610742187499999 
0.6360742187499998 
0.6589257812499999 
0.7063867187499998 
0.6718164062499998 
0.6559960937499998 
0.6214257812499999 
0.7016992187499997 
0.6981835937499998 
0.5054101562499999 
