38 55 7 
0.8352929687499998 
0.6114648437499999 
0.6366601562499998 
0.8054101562499998 
0.5065820312499999 
0.5768945312499999 
0.6325585937499999 
0.7339257812499999 
0.5657617187499999 
0.5997460937499999 
0.7081445312499999 
0.5534570312499999 
0.6155664062499998 
0.78080078125 
0.6202539062499999 
0.6841210937499999 
0.6179101562499998 
0.7878320312499999 
0.5604882812499999 
0.6929101562499997 
0.7192773437499999 
0.4438867187499999 
0.6243554687499998 
0.7409570312499998 
0.7356835937499998 
0.7960351562499999 
0.8165429687499999 
0.8194726562499999 
0.6290429687499999 
0.6665429687499999 
0.93373046875 
0.6442773437499999 
0.52005859375 
0.5938867187499999 
0.5792382812499999 
0.5218164062499999 
0.5938867187499999 
0.5657617187499999 
0.6841210937499999 
0.7268945312499998 
0.6583398437499999 
0.6841210937499999 
0.94134765625 
0.6313867187499999 
0.5944726562499999 
0.6431054687499999 
0.56400390625 
0.7866601562499999 
0.9647851562499999 
0.5909570312499999 
0.5710351562499999 
0.6466210937499999 
0.55580078125 
0.6507226562499998 
0.6958398437499999 
0.5745507812499999 
0.7239648437499998 
0.7948632812499999 
0.60267578125 
0.6454492187499998 
0.8382226562499998 
0.6718164062499998 
0.7292382812499998 
0.6753320312499999 
0.7040429687499998 
0.7016992187499997 
0.6876367187499998 
0.6683007812499999 
0.6208398437499999 
0.8054101562499998 
0.6296289062499999 
0.39759765625 
0.7222070312499999 
0.6559960937499998 
0.6161523437499998 
0.5610742187499999 
0.6864648437499998 
0.4825585937499999 
0.7356835937499998 
0.7813867187499999 
0.6893945312499998 
0.7579492187499998 
0.5827539062499999 
0.6108789062499999 
0.7485742187499997 
0.6911523437499998 
0.5417382812499999 
0.6079492187499999 
0.6934960937499998 
0.7022851562499998 
0.7075585937499999 
0.6788476562499999 
0.6278710937499998 
0.7227929687499998 
0.44916015624999994 
1.0110742187500001 
0.8581445312499999 
0.6677148437499999 
0.48841796874999993 
0.6436914062499999 
0.5944726562499999 
0.5405664062499999 
0.42689453124999993 
0.6243554687499998 
0.6712304687499998 
0.6770898437499999 
0.8364648437499999 
0.7456445312499999 
0.5786523437499999 
0.6032617187499999 
0.5979882812499999 
0.6214257812499999 
0.8821679687499998 
0.6600976562499998 
0.8300195312499999 
0.7327539062499998 
0.52708984375 
0.5434960937499999 
0.8007226562499998 
0.6565820312499998 
0.6009179687499999 
0.5886132812499999 
0.6829492187499998 
0.6665429687499999 
0.6718164062499998 
0.47142578124999995 
0.6378320312499999 
0.7702539062499999 
0.6993554687499998 
0.41869140625 
0.64017578125 
0.7198632812499999 
0.7145898437499999 
0.7122460937499998 
0.5915429687499999 
0.7585351562499998 
0.7063867187499998 
0.7696679687499999 
0.6624414062499998 
0.6665429687499999 
0.6530664062499998 
0.6870507812499999 
0.6179101562499998 
0.7673242187499998 
0.6600976562499998 
0.56986328125 
0.52064453125 
0.6067773437499999 
0.6934960937499998 
0.5042382812499999 
0.4626367187499999 
0.6202539062499999 
0.6923242187499997 
0.8200585937499999 
0.5470117187499999 
0.7766992187499998 
0.6823632812499999 
0.6899804687499997 
0.8581445312499999 
0.6636132812499999 
0.4825585937499999 
0.5563867187499999 
0.5487695312499999 
0.56751953125 
0.6653710937499998 
0.79017578125 
0.7081445312499999 
0.5241601562499999 
0.6618554687499998 
0.56751953125 
0.5329492187499999 
0.4925195312499999 
0.6196679687499999 
0.6237695312499999 
0.7034570312499998 
0.5657617187499999 
0.7995507812499999 
0.6841210937499999 
0.6483789062499998 
0.7491601562499998 
0.5833398437499999 
0.48431640624999994 
0.5739648437499999 
0.6477929687499998 
0.6946679687499998 
0.7772851562499998 
0.6067773437499999 
0.5686914062499999 
0.4661523437499999 
0.6882226562499998 
0.56693359375 
0.6999414062499998 
0.4878320312499999 
0.7339257812499999 
0.6548242187499997 
0.6360742187499998 
0.59330078125 
0.7468164062499998 
0.8030664062499998 
0.5370507812499999 
