45 55 0 
0.5921289062499999 
0.5569726562499999 
0.50892578125 
0.5188867187499999 
0.7866601562499999 
0.8516992187499998 
0.5411523437499999 
0.6729882812499999 
0.7280664062499997 
0.6975976562499998 
0.6747460937499998 
0.5569726562499999 
0.5997460937499999 
0.7075585937499999 
0.6606835937499999 
0.6419335937499999 
0.4684960937499999 
0.7684960937499998 
0.5147851562499999 
0.44154296874999993 
0.8347070312499999 
0.6472070312499999 
0.8048242187499998 
0.5757226562499999 
0.8341210937499999 
0.5628320312499999 
0.6038476562499999 
0.6407617187499999 
0.6788476562499999 
0.7145898437499999 
0.5440820312499999 
0.5118554687499999 
0.6395898437499999 
0.7608789062499999 
0.6079492187499999 
0.5440820312499999 
0.6917382812499998 
0.7667382812499999 
0.6530664062499998 
0.52591796875 
0.4866601562499999 
0.5054101562499999 
0.6237695312499999 
0.53177734375 
0.6776757812499999 
0.7843164062499999 
0.7743554687499998 
0.7034570312499998 
0.4831445312499999 
0.6501367187499998 
0.56751953125 
0.5505273437499999 
0.5364648437499999 
0.6542382812499998 
0.7391992187499997 
0.5188867187499999 
0.5516992187499998 
0.7972070312499999 
0.6636132812499999 
0.5628320312499999 
0.5399804687499998 
0.6143945312499999 
0.7333398437499998 
0.5921289062499999 
0.5306054687499999 
0.6870507812499999 
0.48431640624999994 
0.7116601562499998 
0.7790429687499999 
0.7655664062499998 
0.7362695312499998 
0.6911523437499998 
0.42337890624999996 
0.5124414062499999 
0.8306054687499999 
0.42220703125 
0.6507226562499998 
0.6272851562499998 
0.6079492187499999 
0.7638085937499999 
0.5804101562499998 
0.5440820312499999 
0.45208984374999994 
0.8323632812499999 
0.7227929687499998 
0.7690820312499999 
0.47669921874999993 
0.56400390625 
0.7602929687499999 
0.5827539062499999 
0.5241601562499999 
0.5358789062499999 
0.44095703124999996 
0.6835351562499998 
0.6202539062499999 
0.4690820312499999 
0.5147851562499999 
0.7280664062499997 
0.6425195312499999 
0.7011132812499998 
0.6612695312499999 
0.5587304687499999 
0.5522851562499999 
0.6296289062499999 
0.6032617187499999 
0.6765039062499999 
0.6934960937499998 
0.52943359375 
0.5212304687499999 
0.5587304687499999 
0.7977929687499998 
0.5188867187499999 
0.6196679687499999 
0.7245507812499998 
0.5985742187499998 
0.52650390625 
0.6952539062499998 
0.5792382812499999 
0.7081445312499999 
0.52943359375 
0.47376953124999993 
0.6806054687499998 
0.7022851562499998 
0.6114648437499999 
0.6536523437499998 
0.49720703124999993 
0.43626953124999995 
0.6653710937499998 
0.5411523437499999 
0.6483789062499998 
0.4643945312499999 
0.7456445312499999 
0.6038476562499999 
0.5188867187499999 
0.6319726562499999 
0.9448632812500001 
0.6595117187499998 
0.6337304687499998 
0.6882226562499998 
0.5528710937499999 
0.5757226562499999 
0.7907617187499999 
0.7257226562499998 
0.7216210937499998 
0.7825585937499999 
0.8171289062499999 
0.5013085937499999 
0.6559960937499998 
0.6993554687499998 
0.7016992187499997 
0.47728515624999995 
0.6313867187499999 
0.6683007812499999 
0.8376367187499998 
0.6196679687499999 
0.5247460937499999 
0.5147851562499999 
0.7450585937499998 
0.7298242187499997 
0.5733789062499999 
0.7040429687499998 
0.7022851562499998 
0.6946679687499998 
0.5358789062499999 
0.6800195312499999 
0.6612695312499999 
0.6132226562499998 
0.6718164062499998 
0.6688867187499998 
0.5733789062499999 
0.6290429687499999 
0.5311914062499999 
0.5569726562499999 
0.5604882812499999 
0.8323632812499999 
0.6724023437499999 
0.7515039062499999 
0.5335351562499999 
0.5118554687499999 
0.8352929687499998 
0.7485742187499997 
0.6630273437499998 
0.7919335937499999 
0.7708398437499999 
0.7966210937499999 
0.6829492187499998 
0.8042382812499999 
0.6032617187499999 
0.7766992187499998 
0.6817773437499999 
0.6302148437499999 
0.8686914062499999 
0.6841210937499999 
0.7479882812499998 
0.6583398437499999 
0.6724023437499999 
0.5974023437499999 
0.5563867187499999 
0.7766992187499998 
0.5452539062499999 
