2 56 42 
1.3444726562500002 
1.3391992187500001 
1.3274804687500001 
1.29701171875 
1.4095117187500001 
1.37201171875 
1.3802148437500001 
1.3638085937500002 
1.31869140625 
1.23548828125 
1.3069726562500001 
1.3345117187500002 
1.3286523437500002 
1.36029296875 
1.29173828125 
1.32923828125 
1.3216210937500001 
1.2407617187500002 
1.3503320312500002 
1.3263085937500003 
1.3872460937500002 
1.3356835937500002 
1.3825585937500002 
1.30287109375 
1.4206445312500002 
1.3474023437500002 
1.38841796875 
1.3433007812500002 
1.28587890625 
1.29466796875 
1.39662109375 
1.40716796875 
1.42767578125 
1.3304101562500001 
1.3403710937500002 
1.3462304687500002 
1.32337890625 
1.2770898437500002 
1.36322265625 
1.36322265625 
1.32220703125 
1.3813867187500002 
1.31810546875 
1.3251367187500003 
1.31458984375 
1.45345703125 
1.31634765625 
1.39076171875 
1.30873046875 
1.36615234375 
1.35853515625 
1.3333398437500001 
1.3309960937500003 
1.3052148437500002 
1.39837890625 
1.43060546875 
1.3257226562500002 
1.42181640625 
1.35267578125 
1.3227929687500002 
1.3122460937500002 
1.31458984375 
1.3567773437500001 
1.33685546875 
1.31166015625 
1.3485742187500003 
1.31869140625 
1.3268945312500002 
1.3298242187500002 
1.33685546875 
1.4224023437500002 
1.36556640625 
1.36732421875 
1.3450585937500004 
1.29935546875 
1.28822265625 
1.29935546875 
1.33861328125 
1.30111328125 
1.31048828125 
1.38373046875 
1.36908203125 
1.29466796875 
1.33744140625 
1.28705078125 
1.37962890625 
1.3110742187500002 
1.33802734375 
1.3356835937500002 
1.3245507812500001 
1.3263085937500003 
1.39544921875 
1.4007226562500001 
1.38373046875 
1.2302148437500002 
1.33978515625 
1.36908203125 
1.37845703125 
1.3761132812499999 
1.3122460937500002 
1.37845703125 
1.3591210937500002 
1.3239648437500002 
1.3227929687500002 
1.31341796875 
1.30287109375 
1.3749414062499998 
1.31751953125 
1.33744140625 
1.43587890625 
1.4200585937500003 
1.31634765625 
1.39603515625 
1.37083984375 
1.38958984375 
1.39310546875 
1.28587890625 
1.39134765625 
1.4253320312500002 
1.3110742187500002 
1.39955078125 
1.3450585937500004 
1.30873046875 
1.3245507812500001 
1.3263085937500003 
1.37435546875 
1.31048828125 
1.32806640625 
1.33392578125 
1.3485742187500003 
1.2999414062499999 
1.23841796875 
1.42767578125 
1.28998046875 
1.35619140625 
1.3433007812500002 
1.3122460937500002 
1.4018945312500002 
1.4253320312500002 
1.3227929687500002 
1.3532617187500002 
1.4270898437500001 
1.3462304687500002 
1.30931640625 
1.26478515625 
1.3684960937500001 
1.29173828125 
1.4018945312500002 
1.3315820312500002 
1.3638085937500002 
1.36498046875 
1.3128320312500001 
1.38783203125 
1.36087890625 
1.31751953125 
1.4095117187500001 
1.39017578125 
1.30228515625 
1.30580078125 
1.3227929687500002 
1.3251367187500003 
1.45169921875 
1.32044921875 
1.36498046875 
1.4001367187500002 
1.29408203125 
1.3309960937500003 
1.32044921875 
1.4013085937500003 
1.40716796875 
1.3936914062499999 
1.31400390625 
1.3239648437500002 
1.30462890625 
1.29583984375 
1.37083984375 
1.40306640625 
1.28998046875 
1.36673828125 
1.40892578125 
1.38431640625 
1.3450585937500004 
1.38666015625 
1.2934960937500002 
1.3479882812500001 
1.3550195312500002 
1.36556640625 
1.3860742187500001 
1.30228515625 
1.3438867187500003 
1.2190820312500001 
1.4224023437500002 
1.3626367187500001 
1.3040429687500001 
1.33216796875 
1.3684960937500001 
1.41185546875 
1.3450585937500004 
1.37669921875 
1.3579492187500002 
