3 56 41 
1.30111328125 
1.35853515625 
1.29935546875 
1.2981835937500001 
1.3421289062500001 
1.2770898437500002 
1.30169921875 
1.2665429687500003 
1.34095703125 
1.33744140625 
1.31869140625 
1.2677148437500003 
1.2753320312500003 
1.2841210937500003 
1.2753320312500003 
1.2788476562500002 
1.32923828125 
1.19681640625 
1.4270898437500001 
1.31400390625 
1.2923242187500001 
1.31400390625 
1.32923828125 
1.3538476562500001 
1.35853515625 
1.3216210937500001 
1.29759765625 
1.30228515625 
1.3063867187500002 
1.3538476562500001 
1.2700585937500004 
1.3567773437500001 
1.29056640625 
1.2817773437500002 
1.25892578125 
1.2741601562500002 
1.38958984375 
1.2759179687500002 
1.29173828125 
1.2759179687500002 
1.30873046875 
1.3040429687500001 
1.30169921875 
1.2571679687500001 
1.2700585937500004 
1.3128320312500001 
1.2735742187500003 
1.4235742187500002 
1.29583984375 
1.2559960937500003 
1.2747460937500004 
1.40306640625 
1.3532617187500002 
1.2782617187500003 
1.25775390625 
1.28236328125 
1.2729882812500002 
1.2712304687500002 
1.15990234375 
1.2641992187500002 
1.3345117187500002 
1.3462304687500002 
1.2724023437500003 
1.2712304687500002 
1.2489648437500003 
1.30287109375 
1.29056640625 
1.29935546875 
1.3403710937500002 
1.24486328125 
1.26478515625 
1.3081445312500002 
1.2688867187500004 
1.2700585937500004 
1.28822265625 
1.24134765625 
1.2999414062499999 
1.2753320312500003 
1.2190820312500001 
1.3362695312500001 
1.3128320312500001 
1.3638085937500002 
1.18158203125 
1.2600976562500001 
1.28822265625 
1.3257226562500002 
1.30345703125 
1.2477929687500002 
1.3169335937500002 
1.39251953125 
1.30052734375 
1.29642578125 
1.2888085937500002 
1.29408203125 
1.24310546875 
1.3099023437500001 
1.24427734375 
1.2419335937500002 
1.3040429687500001 
1.28529296875 
1.28998046875 
1.3122460937500002 
1.31810546875 
1.2395898437500001 
1.2800195312500002 
1.30931640625 
1.29291015625 
1.2659570312500001 
1.2806054687500001 
1.2794335937500003 
1.24017578125 
1.2800195312500002 
1.30345703125 
1.27650390625 
1.2325585937500003 
1.2706445312500003 
1.3122460937500002 
1.29935546875 
1.1997460937500002 
1.2794335937500003 
1.2536523437500002 
1.27650390625 
1.2308007812500001 
1.2817773437500002 
1.26361328125 
1.28705078125 
1.2337304687500001 
1.3122460937500002 
1.3110742187500002 
1.31517578125 
1.2718164062500001 
1.2688867187500004 
1.32220703125 
1.2753320312500003 
1.2507226562500002 
1.18978515625 
1.2794335937500003 
1.2876367187500002 
1.3286523437500002 
1.30462890625 
1.29642578125 
1.2683007812500002 
1.2817773437500002 
1.2501367187500003 
1.23841796875 
1.2477929687500002 
1.3063867187500002 
1.2800195312500002 
1.30345703125 
1.2759179687500002 
1.30462890625 
1.2724023437500003 
1.2513085937500004 
1.2829492187500002 
1.3315820312500002 
1.2864648437500001 
1.29701171875 
1.26361328125 
1.2806054687500001 
1.29876953125 
1.31869140625 
1.20677734375 
1.3075585937500003 
1.2518945312500003 
1.28119140625 
1.3579492187500002 
1.24369140625 
1.2554101562500002 
1.2184960937500002 
1.42884765625 
1.2706445312500003 
1.2524804687500002 
1.2923242187500001 
1.28529296875 
1.2847070312500002 
1.2565820312500002 
1.2683007812500002 
1.2559960937500003 
1.29876953125 
1.2425195312500001 
1.33509765625 
1.2659570312500001 
1.2729882812500002 
1.3567773437500001 
1.28822265625 
1.2817773437500002 
1.3479882812500001 
1.2518945312500003 
1.29173828125 
1.28119140625 
1.29056640625 
1.2677148437500003 
1.33392578125 
1.28119140625 
1.4183007812500001 
1.30931640625 
1.2888085937500002 
1.3099023437500001 
1.26244140625 
1.2407617187500002 
