16 56 28 
0.94662109375 
0.8681054687499998 
0.9893945312499999 
0.6255273437499999 
0.8007226562499998 
0.94369140625 
0.7614648437499999 
0.7907617187499999 
0.6255273437499999 
1.02162109375 
1.17162109375 
0.6472070312499999 
0.6683007812499999 
0.9009179687499999 
0.7966210937499999 
0.6436914062499999 
0.8018945312499999 
0.7854882812499999 
0.8804101562499997 
0.6700585937499999 
0.8206445312499999 
1.0075585937500002 
0.78080078125 
0.7673242187499998 
0.7169335937499999 
0.6993554687499998 
0.8347070312499999 
0.7766992187499998 
1.06908203125 
0.92435546875 
0.7948632812499999 
1.08021484375 
0.96126953125 
1.12416015625 
0.82767578125 
0.6313867187499999 
0.8997460937499998 
0.8622460937499998 
0.6155664062499998 
0.6466210937499999 
0.7989648437499999 
0.8329492187499998 
1.0309960937500002 
1.0520898437500001 
0.7597070312499998 
0.7087304687499998 
0.8763085937499998 
0.7854882812499999 
0.6530664062499998 
0.6425195312499999 
1.0403710937500001 
0.8640039062499999 
0.7673242187499998 
0.8294335937499999 
0.8329492187499998 
0.4995507812499999 
0.8950585937499999 
0.7755273437499999 
0.8558007812499999 
0.7866601562499999 
0.91380859375 
0.8452539062499999 
0.97650390625 
0.96888671875 
1.15404296875 
0.8036523437499998 
1.01048828125 
0.7684960937499998 
0.7866601562499999 
0.7040429687499998 
0.7298242187499997 
0.7772851562499998 
0.8897851562499998 
0.8440820312499998 
0.7368554687499997 
0.7936914062499999 
0.7474023437499998 
1.03275390625 
0.45619140625 
1.1827539062499999 
0.8757226562499998 
0.9038476562499999 
0.6583398437499999 
0.6460351562499999 
0.6589257812499999 
0.7890039062499999 
0.93724609375 
0.8311914062499999 
0.7755273437499999 
0.6419335937499999 
0.8511132812499999 
1.0403710937500001 
0.93138671875 
0.9032617187499998 
0.92083984375 
1.2331445312500002 
0.9173242187499999 
0.92787109375 
0.6911523437499998 
0.6665429687499999 
0.53236328125 
0.53001953125 
0.7186914062499998 
1.08841796875 
0.7872460937499999 
0.8581445312499999 
0.5809960937499998 
0.7878320312499999 
0.7849023437499999 
1.11537109375 
0.8686914062499999 
0.6255273437499999 
0.8095117187499998 
1.2184960937500002 
1.2683007812500002 
0.7116601562499998 
0.7145898437499999 
0.7690820312499999 
0.7597070312499998 
0.5815820312499999 
0.92318359375 
0.7854882812499999 
0.7725976562499999 
0.55521484375 
0.6085351562499999 
0.8417382812499998 
0.6958398437499999 
0.43802734374999996 
0.6231835937499999 
0.6735742187499998 
0.8663476562499999 
0.95130859375 
0.6448632812499999 
0.6448632812499999 
1.03685546875 
0.7737695312499999 
0.6864648437499998 
0.7673242187499998 
0.8030664062499998 
0.8739648437499998 
0.9425195312500001 
0.96068359375 
0.6624414062499998 
0.6261132812499999 
0.8077539062499999 
0.8962304687499998 
0.9401757812500001 
0.8616601562499998 
0.96771484375 
0.8024804687499998 
0.7960351562499999 
0.9864648437499999 
0.7479882812499998 
0.8663476562499999 
0.8628320312499999 
0.6759179687499999 
0.6923242187499997 
0.7257226562499998 
0.9905664062499998 
0.9395898437500001 
0.8593164062499998 
0.6097070312499999 
0.7602929687499999 
0.8909570312499998 
0.9618554687499999 
0.91205078125 
0.7397851562499997 
0.8370507812499999 
1.03919921875 
0.91673828125 
0.8048242187499998 
0.8141992187499998 
0.8927148437499999 
0.7210351562499998 
0.5833398437499999 
0.7503320312499998 
0.7620507812499999 
0.7989648437499999 
0.7263085937499998 
0.6237695312499999 
0.8059960937499998 
0.6237695312499999 
0.7227929687499998 
0.7350976562499998 
0.7380273437499998 
1.30873046875 
0.7368554687499997 
0.5839257812499999 
0.92259765625 
0.7702539062499999 
1.1522851562499998 
0.92025390625 
0.7948632812499999 
1.09837890625 
0.59330078125 
0.96068359375 
1.1985742187500001 
0.6905664062499998 
1.3216210937500001 
0.6483789062499998 
