39 56 5 
0.8323632812499999 
0.6993554687499998 
0.7936914062499999 
0.6208398437499999 
0.49720703124999993 
0.7210351562499998 
0.6395898437499999 
0.5821679687499999 
1.20267578125 
0.7257226562499998 
0.6325585937499999 
0.5511132812499999 
0.6255273437499999 
0.6208398437499999 
0.56986328125 
0.52943359375 
0.7403710937499998 
0.5241601562499999 
0.7186914062499998 
0.49720703124999993 
0.6571679687499998 
0.5376367187499999 
0.5393945312499999 
0.7702539062499999 
0.5686914062499999 
0.5874414062499999 
0.6126367187499998 
0.7304101562499997 
0.5974023437499999 
0.7638085937499999 
0.5335351562499999 
0.7321679687499998 
0.6712304687499998 
0.6431054687499999 
0.8815820312499998 
0.4614648437499999 
0.6536523437499998 
0.6899804687499997 
0.6852929687499998 
0.43919921874999995 
0.56693359375 
0.52884765625 
0.7087304687499998 
0.7052148437499999 
0.7977929687499998 
0.6202539062499999 
0.7497460937499998 
0.7550195312499999 
0.7597070312499998 
0.5364648437499999 
0.5809960937499998 
0.7128320312499998 
0.7977929687499998 
0.5194726562499999 
0.56986328125 
0.6149804687499998 
0.52767578125 
0.8575585937499999 
0.7761132812499999 
0.6009179687499999 
0.5974023437499999 
0.5458398437499999 
0.7292382812499998 
0.5616601562499999 
0.6524804687499998 
0.6436914062499999 
0.7866601562499999 
0.6056054687499999 
0.8042382812499999 
0.7661523437499999 
0.7591210937499998 
0.5604882812499999 
0.6208398437499999 
0.5522851562499999 
0.5663476562499999 
0.6981835937499998 
0.7093164062499998 
0.56693359375 
0.5833398437499999 
0.7556054687499998 
0.7251367187499997 
0.7181054687499998 
0.6864648437499998 
0.6911523437499998 
0.7843164062499999 
0.6477929687499998 
0.52650390625 
0.7151757812499999 
0.6442773437499999 
0.8405664062499998 
0.6296289062499999 
0.6630273437499998 
0.7468164062499998 
0.95951171875 
0.6214257812499999 
0.6390039062499999 
0.6917382812499998 
0.6466210937499999 
0.7626367187499998 
0.6536523437499998 
0.5868554687499998 
0.7198632812499999 
0.6712304687499998 
0.4989648437499999 
0.6272851562499998 
0.82767578125 
0.6700585937499999 
0.82767578125 
0.6829492187499998 
0.5487695312499999 
0.78958984375 
0.6524804687499998 
0.5686914062499999 
0.5499414062499999 
0.6718164062499998 
0.7104882812499999 
0.5417382812499999 
0.6970117187499998 
0.7210351562499998 
0.5944726562499999 
0.7181054687499998 
0.7468164062499998 
0.6612695312499999 
0.8347070312499999 
0.6905664062499998 
0.7597070312499998 
0.5546289062499999 
0.5352929687499999 
0.7304101562499997 
0.46087890624999994 
0.4638085937499999 
0.5804101562499998 
0.5903710937499999 
0.41634765625 
0.6753320312499999 
0.8522851562499998 
0.6724023437499999 
0.6600976562499998 
0.5136132812499999 
0.6724023437499999 
0.56458984375 
0.7403710937499998 
0.6349023437499999 
0.4919335937499999 
0.5071679687499999 
0.6431054687499999 
0.6847070312499999 
0.78080078125 
0.6630273437499998 
0.6003320312499999 
0.6155664062499998 
0.6765039062499999 
0.6489648437499999 
0.7157617187499998 
0.5587304687499999 
0.47669921874999993 
0.6735742187499998 
0.6653710937499998 
0.5007226562499999 
0.6202539062499999 
0.8358789062499998 
0.5997460937499999 
0.7626367187499998 
0.7034570312499998 
0.5446679687499999 
0.7890039062499999 
0.93548828125 
0.5792382812499999 
0.8241601562499998 
0.6114648437499999 
0.5470117187499999 
0.6888085937499998 
0.6278710937499998 
0.46673828124999994 
0.7327539062499998 
0.5622460937499999 
0.8540429687499999 
0.4895898437499999 
0.6108789062499999 
0.6677148437499999 
0.51830078125 
0.6138085937499999 
0.6518945312499999 
0.6085351562499999 
0.6946679687499998 
0.39525390625 
0.5704492187499999 
0.5821679687499999 
0.40814453124999994 
0.8317773437499999 
0.6694726562499999 
0.7520898437499999 
0.5575585937499999 
0.5610742187499999 
0.6741601562499998 
0.5891992187499998 
0.53001953125 
0.5833398437499999 
0.7216210937499998 
0.52767578125 
