10 5 85 
1.22669921875 
0.8505273437499998 
1.23431640625 
1.01283203125 
1.2143945312500002 
0.6091210937499999 
0.6507226562499998 
0.8446679687499998 
0.9448632812500001 
1.2524804687500002 
1.2782617187500003 
1.22435546875 
1.16166015625 
1.1827539062499999 
1.0655664062499999 
0.9003320312499998 
0.8370507812499999 
1.1534570312499999 
1.2817773437500002 
1.1013085937500002 
1.15521484375 
0.7837304687499999 
1.2278710937500001 
1.2542382812500001 
1.22962890625 
1.2290429687500002 
1.17396484375 
1.29876953125 
1.22259765625 
1.2782617187500003 
0.9618554687499999 
1.09134765625 
1.19154296875 
1.17806640625 
0.7890039062499999 
1.22669921875 
0.8874414062499998 
0.8780664062499998 
1.05150390625 
0.9970117187499998 
1.1048242187500001 
1.2419335937500002 
1.16283203125 
1.26361328125 
1.15521484375 
0.8171289062499999 
0.7977929687499998 
1.22142578125 
1.2337304687500001 
0.9899804687499998 
1.25892578125 
1.1522851562499998 
1.2190820312500001 
1.23431640625 
1.2231835937500002 
1.13236328125 
0.8423242187499997 
1.05619140625 
0.9735742187499999 
1.18685546875 
1.1511132812499998 
1.2595117187500002 
0.95365234375 
1.2559960937500003 
1.2888085937500002 
1.2161523437500001 
1.14818359375 
1.21966796875 
1.22142578125 
1.1534570312499999 
0.6061914062499999 
1.08373046875 
1.2308007812500001 
1.26244140625 
0.8599023437499999 
1.2349023437500002 
0.6032617187499999 
1.25892578125 
1.2489648437500003 
1.01458984375 
1.3415429687500002 
1.2360742187500002 
1.2454492187500001 
1.2501367187500003 
1.2349023437500002 
0.98119140625 
0.7561914062499998 
1.15287109375 
0.8218164062499999 
1.07318359375 
1.16693359375 
1.1522851562499998 
1.1001367187500002 
0.8177148437499999 
0.7620507812499999 
1.22962890625 
1.2466210937500002 
1.13822265625 
0.5763085937499999 
0.8985742187499998 
0.94837890625 
1.03626953125 
0.8575585937499999 
1.04095703125 
1.18919921875 
1.1475976562499999 
0.92787109375 
1.2278710937500001 
1.18451171875 
1.2290429687500002 
0.7714257812499999 
1.17162109375 
1.2466210937500002 
0.7972070312499999 
1.10833984375 
1.2554101562500002 
1.2138085937500003 
1.2319726562500002 
1.22083984375 
1.2325585937500003 
1.14876953125 
1.19154296875 
1.22494140625 
0.9911523437499998 
0.5124414062499999 
1.16341796875 
1.22552734375 
1.12181640625 
1.26478515625 
1.2220117187500001 
1.14408203125 
1.29583984375 
1.15873046875 
1.1475976562499999 
1.22962890625 
1.2220117187500001 
1.2407617187500002 
1.3802148437500001 
1.2513085937500004 
1.17748046875 
1.2706445312500003 
0.8751367187499998 
0.9524804687499999 
1.18333984375 
1.21556640625 
1.2495507812500002 
1.17044921875 
0.91263671875 
1.2518945312500003 
1.24603515625 
0.79251953125 
1.2302148437500002 
1.24017578125 
0.95658203125 
1.1927148437500001 
0.8042382812499999 
1.2419335937500002 
0.92787109375 
1.04212890625 
0.8757226562499998 
1.2548242187500003 
1.1499414062499997 
0.9050195312499999 
1.13294921875 
1.2788476562500002 
1.29642578125 
1.11830078125 
1.2548242187500003 
1.2425195312500001 
1.2360742187500002 
1.2688867187500004 
0.7415429687499998 
0.8130273437499999 
1.06966796875 
1.1194726562500001 
0.8370507812499999 
1.2102929687500001 
1.2794335937500003 
1.02806640625 
1.23841796875 
0.79017578125 
1.1809960937500001 
1.2548242187500003 
1.24720703125 
1.2483789062500001 
0.9501367187499999 
0.8370507812499999 
0.6149804687499998 
1.17748046875 
1.1446679687499999 
0.6571679687499998 
1.13353515625 
1.2378320312500002 
1.06439453125 
1.19740234375 
1.2378320312500002 
1.0081445312500001 
0.9009179687499999 
1.2864648437500001 
1.28236328125 
