6 57 37 
1.24603515625 
0.8493554687499998 
1.21966796875 
1.00580078125 
0.9975976562499999 
1.2395898437500001 
1.15580078125 
0.7714257812499999 
1.23900390625 
1.2841210937500003 
1.16927734375 
0.8985742187499998 
0.7222070312499999 
1.24134765625 
0.8423242187499997 
1.19740234375 
0.6735742187499998 
1.18158203125 
1.19740234375 
1.2606835937500003 
1.22494140625 
1.07259765625 
0.8681054687499998 
1.26185546875 
1.20267578125 
1.2331445312500002 
1.0591210937500002 
0.92025390625 
1.1886132812499999 
1.20384765625 
1.03802734375 
0.8540429687499999 
0.8979882812499999 
1.18626953125 
0.97650390625 
0.7163476562499999 
0.7620507812499999 
0.8681054687499998 
1.2495507812500002 
1.24427734375 
1.2683007812500002 
1.03685546875 
1.2325585937500003 
1.22025390625 
1.07552734375 
0.9401757812500001 
0.9050195312499999 
1.22435546875 
0.94955078125 
1.20853515625 
1.15814453125 
1.2349023437500002 
0.95892578125 
1.01576171875 
1.2741601562500002 
0.9331445312500001 
1.29466796875 
1.20501953125 
1.2671289062500002 
1.28119140625 
1.17220703125 
1.20853515625 
1.05736328125 
0.8177148437499999 
1.2671289062500002 
1.0890039062499999 
1.24720703125 
1.2571679687500001 
1.09017578125 
1.2583398437500002 
0.8534570312499998 
0.8698632812499999 
1.2454492187500001 
1.1698632812499998 
1.12591796875 
1.19916015625 
0.8376367187499998 
1.24486328125 
1.13353515625 
1.23431640625 
1.03861328125 
1.11712890625 
1.29642578125 
1.2700585937500004 
1.22142578125 
0.6097070312499999 
1.01400390625 
1.0356835937500002 
0.8288476562499999 
1.23900390625 
1.22259765625 
1.18333984375 
0.9958398437499999 
1.04798828125 
1.2630273437500001 
1.21205078125 
0.95658203125 
1.16634765625 
1.0532617187500002 
0.8856835937499998 
1.2653710937500002 
1.17220703125 
1.2513085937500004 
1.2132226562500001 
0.8950585937499999 
0.7597070312499998 
0.9647851562499999 
0.96244140625 
1.13294921875 
1.2184960937500002 
1.17455078125 
1.28587890625 
1.2671289062500002 
0.6108789062499999 
0.8288476562499999 
1.09017578125 
1.1405664062499998 
0.7854882812499999 
1.2847070312500002 
0.8522851562499998 
0.7145898437499999 
0.9618554687499999 
1.10365234375 
1.14583984375 
1.27650390625 
0.8136132812499999 
0.7860742187499998 
1.2132226562500001 
1.0503320312500002 
1.2559960937500003 
1.21205078125 
0.6659570312499998 
1.22669921875 
1.2319726562500002 
1.26478515625 
1.2477929687500002 
0.8188867187499999 
1.00462890625 
1.26361328125 
1.22142578125 
1.23431640625 
1.2671289062500002 
0.8235742187499998 
1.2313867187500003 
1.23548828125 
0.96595703125 
1.14115234375 
1.0433007812500001 
0.8634179687499999 
1.02806640625 
1.0761132812499998 
1.2753320312500003 
1.2759179687500002 
1.2518945312500003 
0.9893945312499999 
1.1282617187500001 
1.10248046875 
1.22259765625 
0.9179101562499999 
0.8364648437499999 
1.21966796875 
1.2466210937500002 
1.06029296875 
0.98470703125 
1.2659570312500001 
1.13353515625 
0.8903710937499998 
1.0485742187500002 
0.8059960937499998 
0.9858789062499999 
1.2518945312500003 
1.1452539062499998 
1.0485742187500002 
0.91146484375 
1.0813867187500001 
1.1763085937500002 
1.28822265625 
1.2847070312500002 
1.13119140625 
1.08080078125 
0.8347070312499999 
0.8311914062499999 
1.32044921875 
0.7661523437499999 
1.21673828125 
1.2694726562500003 
1.22728515625 
1.2477929687500002 
1.20560546875 
1.00580078125 
0.91205078125 
0.8534570312499998 
1.2776757812500001 
1.29759765625 
1.12123046875 
1.25306640625 
0.8347070312499999 
1.2325585937500003 
1.3128320312500001 
1.3227929687500002 
