15 57 28 
0.7438867187499998 
0.5886132812499999 
0.7731835937499999 
0.9266992187499999 
0.6999414062499998 
0.7063867187499998 
0.7321679687499998 
0.7169335937499999 
0.9952539062499999 
1.1001367187500002 
0.9905664062499998 
0.6214257812499999 
1.01810546875 
0.8007226562499998 
0.7227929687499998 
0.7960351562499999 
0.6143945312499999 
0.8610742187499998 
0.8651757812499999 
0.6501367187499998 
0.91205078125 
0.8675195312499999 
0.7696679687499999 
0.93255859375 
0.8915429687499998 
0.5786523437499999 
0.91966796875 
0.92552734375 
1.06146484375 
0.6852929687499998 
0.8388085937499998 
0.7526757812499999 
1.1493554687499998 
0.8429101562499998 
1.01283203125 
1.0520898437500001 
0.7210351562499998 
0.5915429687499999 
0.6993554687499998 
0.8030664062499998 
0.7485742187499997 
0.8065820312499998 
0.94662109375 
0.8241601562499998 
1.01810546875 
0.92201171875 
0.7280664062499997 
0.7819726562499999 
0.8341210937499999 
0.7116601562499998 
0.8341210937499999 
0.6296289062499999 
0.8183007812499999 
0.7116601562499998 
0.6811914062499999 
0.60208984375 
0.6530664062499998 
0.9173242187499999 
0.5827539062499999 
0.7427148437499999 
0.5757226562499999 
0.7210351562499998 
0.8681054687499998 
0.6091210937499999 
0.6114648437499999 
0.7515039062499999 
0.8921289062499999 
0.92904296875 
0.7503320312499998 
0.7479882812499998 
1.08841796875 
0.8089257812499999 
1.2524804687500002 
0.8850976562499998 
0.8891992187499997 
0.8054101562499998 
0.52591796875 
0.8212304687499998 
0.7356835937499998 
0.8856835937499998 
0.8768945312499998 
0.6934960937499998 
1.14701171875 
0.7433007812499999 
0.5874414062499999 
0.9085351562499998 
0.7983789062499999 
0.9929101562499998 
0.8130273437499999 
0.8399804687499998 
0.91322265625 
0.56986328125 
0.6249414062499998 
0.7186914062499998 
0.6712304687499998 
0.8587304687499998 
0.7667382812499999 
0.6337304687499998 
0.6067773437499999 
0.7989648437499999 
0.8604882812499999 
0.7163476562499999 
0.8891992187499997 
0.9401757812500001 
0.92083984375 
0.7620507812499999 
0.95072265625 
0.6946679687499998 
0.7579492187499998 
1.25306640625 
0.7251367187499997 
0.8815820312499998 
0.6483789062499998 
0.8007226562499998 
0.8352929687499998 
0.7210351562499998 
0.91673828125 
0.7813867187499999 
0.8522851562499998 
0.6905664062499998 
0.6735742187499998 
0.9009179687499999 
0.6905664062499998 
0.8552148437499999 
1.06498046875 
0.97474609375 
0.8927148437499999 
0.95072265625 
0.7122460937499998 
0.6261132812499999 
0.93431640625 
0.7479882812499998 
1.33509765625 
0.95951171875 
0.8241601562499998 
1.09017578125 
0.5804101562499998 
0.7116601562499998 
0.9448632812500001 
0.8634179687499999 
1.22669921875 
0.7239648437499998 
0.7298242187499997 
0.6688867187499998 
1.0714257812499999 
0.8405664062499998 
0.95072265625 
0.6442773437499999 
0.78080078125 
0.8183007812499999 
0.6442773437499999 
0.7561914062499998 
1.07259765625 
1.09076171875 
1.06146484375 
0.8347070312499999 
0.96009765625 
0.9647851562499999 
0.6313867187499999 
0.5423242187499998 
0.8265039062499999 
1.06615234375 
0.7391992187499997 
0.96654296875 
0.7772851562499998 
0.7409570312499998 
0.7995507812499999 
0.8985742187499998 
0.6255273437499999 
0.7550195312499999 
1.18041015625 
0.93841796875 
0.7468164062499998 
0.7772851562499998 
0.6759179687499999 
0.8768945312499998 
1.31166015625 
0.7638085937499999 
0.5663476562499999 
0.6788476562499999 
0.82767578125 
0.91966796875 
0.7520898437499999 
0.8850976562499998 
0.8856835937499998 
0.9067773437499999 
1.2735742187500003 
0.8886132812499998 
0.92728515625 
0.9683007812500001 
0.7315820312499998 
0.8036523437499998 
0.95658203125 
0.8200585937499999 
0.7907617187499999 
0.8159570312499999 
0.9975976562499999 
0.7444726562499998 
0.6765039062499999 
0.7960351562499999 
