16 57 27 
0.8481835937499999 
0.8511132812499999 
0.7391992187499997 
0.91673828125 
0.96712890625 
0.96126953125 
0.7321679687499998 
0.8927148437499999 
0.8124414062499998 
1.2735742187500003 
0.6753320312499999 
0.7948632812499999 
0.6806054687499998 
0.8030664062499998 
0.7292382812499998 
0.8692773437499999 
0.6765039062499999 
0.7690820312499999 
0.7854882812499999 
0.8938867187499998 
0.7708398437499999 
1.09017578125 
0.8528710937499998 
0.7579492187499998 
0.7626367187499998 
0.9946679687499999 
0.7755273437499999 
0.96126953125 
0.6518945312499999 
1.22728515625 
0.6161523437499998 
1.10072265625 
0.8042382812499999 
0.7620507812499999 
0.7134179687499999 
0.94896484375 
0.7708398437499999 
0.91380859375 
0.7989648437499999 
0.7942773437499999 
0.9395898437500001 
0.7919335937499999 
0.7802148437499999 
0.7368554687499997 
0.8177148437499999 
0.7263085937499998 
0.92201171875 
0.6407617187499999 
1.09837890625 
0.9020898437499999 
0.6184960937499998 
0.6583398437499999 
0.5780664062499998 
0.9776757812500001 
0.94720703125 
0.8938867187499998 
0.7995507812499999 
0.7942773437499999 
0.55814453125 
0.8581445312499999 
0.8376367187499998 
0.6917382812499998 
0.5798242187499998 
0.6120507812499999 
0.6390039062499999 
0.60267578125 
0.7819726562499999 
0.8815820312499998 
0.8985742187499998 
0.7069726562499998 
0.6940820312499998 
1.02044921875 
0.91087890625 
0.8112695312499999 
0.5458398437499999 
1.0052148437500001 
0.7526757812499999 
0.8710351562499998 
0.8306054687499999 
0.7684960937499998 
0.7204492187499998 
0.93255859375 
0.7309960937499997 
0.6823632812499999 
0.5516992187499998 
0.8388085937499998 
1.02806640625 
0.7022851562499998 
0.6700585937499999 
0.6782617187499999 
0.7702539062499999 
1.0052148437500001 
0.8083398437499999 
0.8909570312499998 
0.7884179687499999 
0.6032617187499999 
0.6829492187499998 
0.6964257812499999 
0.8927148437499999 
0.8212304687499998 
0.96712890625 
1.14583984375 
0.8675195312499999 
0.7936914062499999 
0.5604882812499999 
0.7866601562499999 
0.5493554687499999 
0.6665429687499999 
0.6097070312499999 
0.8083398437499999 
1.01048828125 
0.6149804687499998 
1.0186914062499999 
0.7462304687499998 
0.55814453125 
1.08490234375 
0.7456445312499999 
0.7843164062499999 
0.7304101562499997 
0.92904296875 
0.7374414062499998 
0.6864648437499998 
0.8200585937499999 
0.6436914062499999 
0.7561914062499998 
0.6366601562499998 
0.9870507812499999 
0.8464257812499999 
0.7714257812499999 
0.6126367187499998 
0.7087304687499998 
0.8622460937499998 
0.7304101562499997 
0.7421289062499998 
0.8675195312499999 
0.7479882812499998 
0.7544335937499999 
0.7286523437499998 
0.6495507812499999 
0.7989648437499999 
0.91146484375 
1.1763085937500002 
0.7058007812499999 
0.8798242187499997 
0.9056054687499998 
0.8587304687499998 
0.9683007812500001 
0.9559960937499999 
0.8370507812499999 
0.7567773437499998 
0.7134179687499999 
0.6940820312499998 
0.6683007812499999 
0.7585351562499998 
1.15404296875 
0.93548828125 
0.96068359375 
0.8036523437499998 
0.6589257812499999 
0.8915429687499998 
0.96595703125 
0.6893945312499998 
1.19154296875 
0.95072265625 
0.6272851562499998 
0.8534570312499998 
0.7696679687499999 
0.8763085937499998 
0.6571679687499998 
0.7046289062499999 
0.7761132812499999 
0.8511132812499999 
0.94720703125 
1.07259765625 
1.2173242187500002 
0.7145898437499999 
0.6583398437499999 
0.94603515625 
0.9401757812500001 
0.92494140625 
0.7016992187499997 
0.92201171875 
0.7725976562499999 
1.2554101562500002 
0.8669335937499999 
1.15462890625 
0.93138671875 
0.92904296875 
0.7474023437499998 
0.9419335937500001 
0.7046289062499999 
1.02455078125 
0.7602929687499999 
0.6958398437499999 
1.0315820312500001 
0.8856835937499998 
0.7515039062499999 
0.8552148437499999 
0.8516992187499998 
0.7433007812499999 
