17 57 26 
0.7099023437499998 
0.8282617187499999 
0.8704492187499998 
0.8487695312499999 
0.6993554687499998 
0.6173242187499998 
0.7538476562499998 
0.8786523437499998 
0.8124414062499998 
0.6958398437499999 
0.8071679687499999 
0.8376367187499998 
0.8921289062499999 
0.7966210937499999 
0.7251367187499997 
0.8610742187499998 
0.7515039062499999 
0.6934960937499998 
0.6923242187499997 
0.6671289062499999 
1.2454492187500001 
0.7954492187499999 
0.7849023437499999 
0.5962304687499999 
0.7444726562499998 
0.7913476562499999 
0.98470703125 
0.6272851562499998 
0.5997460937499999 
0.6349023437499999 
0.6472070312499999 
0.8177148437499999 
0.8188867187499999 
0.98294921875 
0.7802148437499999 
0.7714257812499999 
0.79017578125 
0.8007226562499998 
0.7919335937499999 
0.7772851562499998 
0.8446679687499998 
0.5927148437499999 
0.8552148437499999 
0.9899804687499998 
0.9905664062499998 
1.09720703125 
0.7702539062499999 
0.6706445312499999 
0.7515039062499999 
0.9149804687499999 
0.6741601562499998 
0.79017578125 
0.94310546875 
1.31400390625 
0.7497460937499998 
0.8317773437499999 
0.8095117187499998 
0.8323632812499999 
0.7649804687499998 
0.8640039062499999 
0.8224023437499999 
0.8018945312499999 
0.8130273437499999 
0.7157617187499998 
0.7608789062499999 
0.6495507812499999 
0.7766992187499998 
0.8358789062499998 
0.6571679687499998 
0.8581445312499999 
0.92201171875 
0.7128320312499998 
0.7444726562499998 
0.7626367187499998 
0.6337304687499998 
1.0491601562500001 
0.6952539062499998 
0.7222070312499999 
0.6126367187499998 
0.7397851562499997 
1.17806640625 
0.8218164062499999 
0.7690820312499999 
0.8007226562499998 
0.8141992187499998 
0.91146484375 
0.7778710937499999 
0.7140039062499999 
0.6431054687499999 
0.7591210937499998 
0.6477929687499998 
0.6214257812499999 
0.8581445312499999 
0.7866601562499999 
0.6683007812499999 
0.7766992187499998 
0.7034570312499998 
1.0532617187500002 
0.7058007812499999 
0.6858789062499998 
0.5868554687499998 
0.7831445312499999 
0.7614648437499999 
0.5944726562499999 
0.8698632812499999 
0.56517578125 
0.8171289062499999 
0.92318359375 
0.7878320312499999 
0.7643945312499999 
0.8054101562499998 
0.8827539062499998 
1.02044921875 
0.6823632812499999 
0.8317773437499999 
1.00873046875 
0.8382226562499998 
0.6876367187499998 
1.1464257812499998 
0.7315820312499998 
0.8429101562499998 
0.6970117187499998 
0.7796289062499999 
0.7134179687499999 
0.9800195312500001 
0.8440820312499998 
0.8229882812499999 
0.6800195312499999 
0.5593164062499999 
0.7175195312499999 
0.7983789062499999 
0.7339257812499999 
0.4983789062499999 
0.8042382812499999 
0.7813867187499999 
1.24603515625 
0.7216210937499998 
1.21556640625 
0.9079492187499998 
0.60208984375 
0.9647851562499999 
0.7790429687499999 
0.56986328125 
0.8054101562499998 
0.98177734375 
0.8411523437499998 
0.7632226562499999 
0.7380273437499998 
0.8780664062499998 
0.8405664062499998 
0.7028710937499998 
0.7602929687499999 
0.98353515625 
0.7239648437499998 
1.20970703125 
0.6712304687499998 
0.5739648437499999 
0.7479882812499998 
0.6858789062499998 
0.7040429687499998 
0.5909570312499999 
0.6624414062499998 
0.94720703125 
0.7116601562499998 
0.82767578125 
0.8733789062499998 
0.5528710937499999 
1.12123046875 
0.6735742187499998 
0.8927148437499999 
0.6806054687499998 
0.8030664062499998 
0.8405664062499998 
0.9091210937499998 
0.7485742187499997 
0.6448632812499999 
0.8897851562499998 
1.03978515625 
0.7766992187499998 
0.7292382812499998 
0.8622460937499998 
1.02455078125 
1.2712304687500002 
0.7696679687499999 
1.07904296875 
0.7052148437499999 
0.8546289062499999 
0.5856835937499999 
0.8704492187499998 
0.6337304687499998 
0.7491601562499998 
1.0122460937500002 
1.10423828125 
0.8352929687499998 
0.92083984375 
0.7948632812499999 
1.01166015625 
0.5681054687499999 
0.6776757812499999 
0.7257226562499998 
