29 57 14 
0.6313867187499999 
0.6220117187499998 
0.5487695312499999 
0.8013085937499999 
0.3735742187499999 
0.6624414062499998 
0.6624414062499998 
0.92025390625 
0.6114648437499999 
0.5886132812499999 
0.93607421875 
0.7919335937499999 
0.8669335937499999 
0.6724023437499999 
0.6448632812499999 
0.5985742187499998 
0.7831445312499999 
0.6987695312499999 
0.6630273437499998 
0.7292382812499998 
0.8710351562499998 
0.8364648437499999 
0.7040429687499998 
0.6360742187499998 
0.8364648437499999 
0.5880273437499999 
0.7907617187499999 
0.6729882812499999 
0.51126953125 
0.6800195312499999 
0.7608789062499999 
0.6489648437499999 
0.7890039062499999 
0.8868554687499998 
0.6911523437499998 
0.7837304687499999 
0.9003320312499998 
0.6694726562499999 
0.7011132812499998 
0.6835351562499998 
0.6249414062499998 
0.6337304687499998 
0.6138085937499999 
0.5487695312499999 
0.6829492187499998 
0.6472070312499999 
0.64017578125 
0.7737695312499999 
0.6073632812499999 
0.6852929687499998 
0.7643945312499999 
0.56693359375 
0.6653710937499998 
0.6308007812499999 
0.7585351562499998 
0.7673242187499998 
0.56458984375 
0.6354882812499999 
0.8645898437499999 
0.8686914062499999 
0.6554101562499998 
0.7233789062499998 
0.8036523437499998 
0.7813867187499999 
0.6729882812499999 
0.5235742187499999 
0.7005273437499998 
0.5681054687499999 
0.8106835937499999 
0.6694726562499999 
0.5921289062499999 
0.5212304687499999 
0.8311914062499999 
0.7561914062499998 
0.8235742187499998 
0.8136132812499999 
0.7315820312499998 
0.5458398437499999 
0.5253320312499999 
0.5833398437499999 
0.7936914062499999 
0.98060546875 
0.49603515624999994 
0.6946679687499998 
0.7110742187499998 
0.5487695312499999 
1.00404296875 
0.6003320312499999 
0.5335351562499999 
0.7743554687499998 
0.7011132812499998 
0.52064453125 
0.7972070312499999 
0.6706445312499999 
0.5733789062499999 
0.93724609375 
0.8042382812499999 
0.6442773437499999 
0.5710351562499999 
0.6583398437499999 
0.7526757812499999 
0.6483789062499998 
0.8534570312499998 
0.4966210937499999 
0.7245507812499998 
0.7585351562499998 
0.7743554687499998 
0.8188867187499999 
0.7567773437499998 
0.94076171875 
0.8915429687499998 
0.60208984375 
0.5862695312499999 
0.7638085937499999 
0.9683007812500001 
0.8370507812499999 
0.7163476562499999 
0.51126953125 
0.42865234374999994 
0.7415429687499998 
0.8434960937499998 
0.7339257812499999 
0.7433007812499999 
0.6337304687499998 
0.6261132812499999 
0.7145898437499999 
0.60267578125 
0.5950585937499999 
0.7913476562499999 
0.46673828124999994 
0.8956445312499999 
0.7503320312499998 
0.7561914062499998 
0.4860742187499999 
0.5839257812499999 
0.7966210937499999 
0.8024804687499998 
0.5950585937499999 
0.5974023437499999 
0.7063867187499998 
0.8159570312499999 
0.4673242187499999 
0.6806054687499998 
0.6056054687499999 
0.96302734375 
0.5663476562499999 
0.8118554687499998 
0.8540429687499999 
0.6794335937499999 
0.6489648437499999 
0.6366601562499998 
0.8300195312499999 
0.8440820312499998 
0.53177734375 
0.8364648437499999 
0.6308007812499999 
0.5768945312499999 
0.9975976562499999 
0.6923242187499997 
0.5862695312499999 
0.7222070312499999 
0.5710351562499999 
0.7438867187499998 
0.6431054687499999 
0.6378320312499999 
0.6577539062499999 
0.5364648437499999 
0.6015039062499999 
0.8089257812499999 
0.7110742187499998 
0.8763085937499998 
0.6612695312499999 
0.7520898437499999 
0.6143945312499999 
0.6360742187499998 
0.5704492187499999 
0.7913476562499999 
0.7391992187499997 
0.5352929687499999 
0.5458398437499999 
0.5018945312499999 
0.8417382812499998 
0.6958398437499999 
0.6460351562499999 
0.6091210937499999 
0.6577539062499999 
0.7011132812499998 
0.6706445312499999 
0.5247460937499999 
0.7919335937499999 
0.7186914062499998 
0.7093164062499998 
0.5927148437499999 
0.6372460937499999 
0.8206445312499999 
0.6964257812499999 
0.7819726562499999 
0.6917382812499998 
0.6261132812499999 
0.6489648437499999 
