32 57 11 
0.6911523437499998 
0.8997460937499998 
0.7116601562499998 
0.7110742187499998 
0.5218164062499999 
0.6454492187499998 
0.6091210937499999 
0.6085351562499999 
0.6425195312499999 
0.7304101562499997 
0.7075585937499999 
0.6460351562499999 
0.48900390624999995 
0.5774804687499998 
0.5487695312499999 
0.5786523437499999 
0.49369140624999996 
0.5522851562499999 
0.46498046874999993 
0.8007226562499998 
0.4802148437499999 
0.6706445312499999 
0.6179101562499998 
0.4919335937499999 
0.7005273437499998 
0.6091210937499999 
0.7362695312499998 
0.98294921875 
0.6905664062499998 
0.8663476562499999 
0.96009765625 
0.6999414062499998 
0.8516992187499998 
0.7427148437499999 
0.4632226562499999 
0.6741601562499998 
0.7134179687499999 
0.6108789062499999 
0.6179101562499998 
0.6056054687499999 
0.6378320312499999 
0.47728515624999995 
0.7274804687499997 
0.8001367187499998 
0.56458984375 
0.7427148437499999 
0.6852929687499998 
0.6436914062499999 
0.93255859375 
0.5458398437499999 
0.6448632812499999 
0.6061914062499999 
0.7884179687499999 
0.7321679687499998 
0.5616601562499999 
0.92611328125 
0.7421289062499998 
0.7292382812499998 
0.5921289062499999 
0.7292382812499998 
0.5915429687499999 
0.5915429687499999 
0.6606835937499999 
0.8159570312499999 
0.7210351562499998 
0.7667382812499999 
0.8686914062499999 
0.60208984375 
0.6806054687499998 
0.5593164062499999 
0.5804101562499998 
0.7614648437499999 
0.6202539062499999 
0.7497460937499998 
0.6624414062499998 
0.5610742187499999 
0.7544335937499999 
0.6466210937499999 
0.55580078125 
0.6823632812499999 
0.6858789062499998 
0.7632226562499999 
0.5921289062499999 
0.6975976562499998 
0.52884765625 
0.5030664062499999 
0.8780664062499998 
0.8850976562499998 
0.7532617187499998 
0.5897851562499998 
0.5950585937499999 
0.5616601562499999 
0.7327539062499998 
0.5681054687499999 
0.6044335937499999 
0.6431054687499999 
0.6431054687499999 
0.5862695312499999 
0.5768945312499999 
0.8985742187499998 
0.5716210937499999 
0.8229882812499999 
0.8001367187499998 
0.6390039062499999 
0.6612695312499999 
0.6138085937499999 
0.7684960937499998 
0.6583398437499999 
0.6460351562499999 
0.6085351562499999 
0.6999414062499998 
0.6231835937499999 
0.7790429687499999 
0.5809960937499998 
0.6987695312499999 
0.7339257812499999 
0.7538476562499998 
0.45560546874999996 
0.5587304687499999 
0.6577539062499999 
0.6747460937499998 
0.8311914062499999 
0.6548242187499997 
0.7679101562499998 
0.7972070312499999 
0.55521484375 
0.5774804687499998 
0.5886132812499999 
0.7497460937499998 
0.5956445312499999 
0.5997460937499999 
0.4813867187499999 
0.8282617187499999 
0.5569726562499999 
0.5850976562499999 
0.95072265625 
0.5880273437499999 
0.7696679687499999 
0.7268945312499998 
0.6765039062499999 
0.5505273437499999 
0.42923828124999996 
0.5950585937499999 
0.5710351562499999 
0.7474023437499998 
0.5739648437499999 
0.5786523437499999 
0.7743554687499998 
0.7140039062499999 
0.8329492187499998 
0.6729882812499999 
0.6143945312499999 
0.6600976562499998 
0.5774804687499998 
0.7796289062499999 
0.7602929687499999 
0.5018945312499999 
0.6290429687499999 
0.8470117187499998 
0.7386132812499998 
0.5839257812499999 
0.7737695312499999 
0.6460351562499999 
0.7714257812499999 
0.6671289062499999 
0.7192773437499999 
0.6647851562499998 
0.8059960937499998 
0.5587304687499999 
0.5950585937499999 
0.5880273437499999 
0.44740234374999993 
0.7866601562499999 
0.6138085937499999 
0.7737695312499999 
0.5763085937499999 
0.6272851562499998 
0.5962304687499999 
0.7099023437499998 
0.7110742187499998 
0.7479882812499998 
0.6882226562499998 
0.6647851562499998 
0.6472070312499999 
0.7157617187499998 
0.6173242187499998 
0.6548242187499997 
0.6407617187499999 
0.7069726562499998 
0.94427734375 
0.7989648437499999 
0.6155664062499998 
0.44212890624999995 
0.6852929687499998 
0.7602929687499999 
0.6987695312499999 
0.6975976562499998 
0.6718164062499998 
0.6618554687499998 
0.5546289062499999 
