14 5 81 
1.24720703125 
1.17748046875 
1.39017578125 
1.22552734375 
0.8757226562499998 
1.2302148437500002 
1.2565820312500002 
1.22376953125 
1.2313867187500003 
1.2302148437500002 
1.2337304687500001 
1.21087890625 
1.2583398437500002 
1.20033203125 
1.2313867187500003 
0.8265039062499999 
1.2331445312500002 
0.8985742187499998 
1.1018945312500001 
1.17923828125 
1.2231835937500002 
1.2184960937500002 
1.11185546875 
1.2606835937500003 
0.7497460937499998 
1.27650390625 
1.2653710937500002 
1.2302148437500002 
1.03685546875 
1.2735742187500003 
0.8944726562499998 
0.7591210937499998 
0.8470117187499998 
0.97298828125 
0.6284570312499999 
1.2688867187500004 
1.2683007812500002 
1.16576171875 
1.17923828125 
1.26185546875 
1.37435546875 
1.20501953125 
0.5704492187499999 
1.23548828125 
1.2923242187500001 
1.21498046875 
1.23548828125 
1.1505273437499999 
1.2835351562500001 
1.24427734375 
1.2360742187500002 
1.13470703125 
1.14349609375 
1.2308007812500001 
0.7298242187499997 
0.97533203125 
1.08431640625 
1.2419335937500002 
1.01927734375 
1.24720703125 
0.6419335937499999 
0.7239648437499998 
1.35267578125 
1.2513085937500004 
1.07787109375 
1.2132226562500001 
1.22728515625 
0.7602929687499999 
0.98353515625 
1.22552734375 
1.2612695312500002 
1.2349023437500002 
1.2806054687500001 
1.2395898437500001 
1.0268945312500002 
0.7362695312499998 
1.4739648437500001 
1.12884765625 
1.2044335937500001 
1.29876953125 
0.91849609375 
1.2595117187500002 
1.09720703125 
1.16107421875 
1.30873046875 
1.3257226562500002 
0.97884765625 
1.1464257812499998 
0.6724023437499999 
1.24486328125 
1.24134765625 
1.21087890625 
0.97591796875 
1.24603515625 
1.20912109375 
0.8183007812499999 
1.1640039062499998 
1.11478515625 
0.97591796875 
1.3391992187500001 
1.20033203125 
1.2220117187500001 
1.18451171875 
1.2641992187500002 
0.9266992187499999 
1.0825585937500002 
1.2489648437500003 
1.3257226562500002 
1.25892578125 
1.2841210937500003 
0.8927148437499999 
1.2583398437500002 
1.2700585937500004 
1.2571679687500001 
1.38783203125 
1.2337304687500001 
0.6108789062499999 
1.1048242187500001 
1.2337304687500001 
0.4989648437499999 
1.02103515625 
1.2501367187500003 
1.31810546875 
1.10775390625 
1.0309960937500002 
1.1417382812499999 
1.2483789062500001 
1.12181640625 
0.8136132812499999 
0.95716796875 
1.18216796875 
0.97943359375 
1.0403710937500001 
1.2782617187500003 
1.23431640625 
1.2425195312500001 
1.2278710937500001 
1.2759179687500002 
1.1886132812499999 
1.26478515625 
1.0813867187500001 
0.8903710937499998 
1.43587890625 
1.2729882812500002 
1.1985742187500001 
1.2700585937500004 
1.2331445312500002 
1.19095703125 
0.9917382812499999 
1.36146484375 
1.2513085937500004 
1.05736328125 
0.6817773437499999 
1.19681640625 
0.9390039062500001 
1.11478515625 
1.18802734375 
1.2313867187500003 
1.16576171875 
1.2659570312500001 
1.20033203125 
0.9061914062499998 
0.7186914062499998 
1.22611328125 
1.3075585937500003 
0.96126953125 
1.0503320312500002 
1.2712304687500002 
1.2700585937500004 
0.8944726562499998 
0.95833984375 
1.12181640625 
1.20853515625 
1.2231835937500002 
1.18568359375 
1.22552734375 
1.1698632812499998 
1.29115234375 
1.2612695312500002 
1.22845703125 
1.22845703125 
1.2641992187500002 
1.2337304687500001 
1.2143945312500002 
0.5048242187499998 
1.2184960937500002 
0.8991601562499998 
0.64017578125 
1.10892578125 
1.1358789062499999 
1.2419335937500002 
1.00931640625 
1.1188867187500002 
1.07201171875 
0.6261132812499999 
1.3227929687500002 
1.24427734375 
1.2308007812500001 
1.18568359375 
1.2220117187500001 
