38 57 5 
0.7298242187499997 
0.5247460937499999 
0.45033203124999993 
0.7069726562499998 
0.53236328125 
0.8739648437499998 
0.7046289062499999 
0.4837304687499999 
0.5727929687499999 
0.7602929687499999 
0.7104882812499999 
0.5159570312499999 
0.7210351562499998 
0.8581445312499999 
0.6571679687499998 
0.6143945312499999 
0.3753320312499999 
0.59330078125 
0.5505273437499999 
0.6056054687499999 
0.5868554687499998 
0.55521484375 
0.95130859375 
0.7831445312499999 
0.7052148437499999 
0.4802148437499999 
0.7679101562499998 
0.6407617187499999 
0.5194726562499999 
0.7778710937499999 
0.8616601562499998 
0.6700585937499999 
0.6612695312499999 
0.6097070312499999 
0.7263085937499998 
0.9097070312499999 
0.5429101562499998 
0.7556054687499998 
0.6782617187499999 
0.7069726562499998 
0.6706445312499999 
0.6155664062499998 
0.5376367187499999 
0.6776757812499999 
0.7028710937499998 
0.45619140625 
0.5382226562499999 
0.6460351562499999 
0.5997460937499999 
0.6759179687499999 
0.96361328125 
0.6237695312499999 
0.7104882812499999 
0.5716210937499999 
0.5868554687499998 
0.5874414062499999 
0.6636132812499999 
0.4966210937499999 
0.5733789062499999 
0.7362695312499998 
0.6518945312499999 
0.56458984375 
0.6448632812499999 
0.5798242187499998 
0.7333398437499998 
0.4895898437499999 
0.6360742187499998 
0.47142578124999995 
0.6858789062499998 
0.6015039062499999 
0.9067773437499999 
0.5241601562499999 
0.5751367187499998 
0.8235742187499998 
0.55814453125 
0.7216210937499998 
0.5534570312499999 
0.6167382812499999 
0.7966210937499999 
0.7087304687499998 
0.7157617187499998 
0.7350976562499998 
0.42396484374999993 
0.7714257812499999 
0.50892578125 
0.40111328125 
0.7690820312499999 
0.6179101562499998 
0.6073632812499999 
0.38939453124999995 
0.6606835937499999 
0.7280664062499997 
0.5159570312499999 
0.5522851562499999 
0.6747460937499998 
0.5493554687499999 
0.6032617187499999 
0.6290429687499999 
0.9179101562499999 
0.6372460937499999 
0.6337304687499998 
0.7966210937499999 
0.6343164062499999 
0.6378320312499999 
0.5850976562499999 
0.7538476562499998 
0.92083984375 
0.8335351562499999 
0.7304101562499997 
0.6718164062499998 
0.7245507812499998 
0.6372460937499999 
0.5528710937499999 
0.5077539062499999 
0.9085351562499998 
0.7093164062499998 
0.5399804687499998 
0.6852929687499998 
0.6354882812499999 
0.6934960937499998 
0.6577539062499999 
0.7157617187499998 
0.6015039062499999 
0.7550195312499999 
0.6677148437499999 
0.7198632812499999 
0.9395898437500001 
0.8007226562499998 
0.5423242187499998 
0.7397851562499997 
0.49017578124999994 
0.6202539062499999 
0.5610742187499999 
0.6167382812499999 
0.6788476562499999 
0.5798242187499998 
0.5956445312499999 
0.8704492187499998 
0.6858789062499998 
0.7444726562499998 
0.5622460937499999 
0.5599023437499999 
0.6946679687499998 
0.45326171874999993 
0.6272851562499998 
0.60208984375 
0.7468164062499998 
0.7602929687499999 
0.44798828124999995 
0.55580078125 
0.6079492187499999 
0.7222070312499999 
0.6835351562499998 
0.7561914062499998 
0.52064453125 
0.52767578125 
0.5411523437499999 
0.7087304687499998 
0.7222070312499999 
0.7456445312499999 
0.55580078125 
0.5938867187499999 
0.5991601562499999 
0.6765039062499999 
0.6776757812499999 
0.8188867187499999 
0.5141992187499999 
0.5792382812499999 
0.8382226562499998 
0.5382226562499999 
0.7028710937499998 
0.6442773437499999 
0.6372460937499999 
0.55521484375 
0.5341210937499999 
0.55580078125 
0.6349023437499999 
0.6319726562499999 
0.6530664062499998 
0.8440820312499998 
0.6120507812499999 
0.6999414062499998 
0.7169335937499999 
0.7145898437499999 
0.64017578125 
0.7843164062499999 
0.6952539062499998 
0.6284570312499999 
0.5493554687499999 
0.6905664062499998 
0.5311914062499999 
0.56517578125 
0.7450585937499998 
0.5716210937499999 
0.8393945312499999 
0.6349023437499999 
0.6753320312499999 
0.7298242187499997 
0.5165429687499999 
0.6759179687499999 
