39 57 4 
0.7415429687499998 
0.6460351562499999 
0.7175195312499999 
0.5399804687499998 
0.49427734374999993 
0.7181054687499998 
0.7843164062499999 
0.7052148437499999 
0.8464257812499999 
0.6290429687499999 
0.7474023437499998 
0.5241601562499999 
0.7479882812499998 
0.4309960937499999 
0.56986328125 
0.6290429687499999 
0.5868554687499998 
0.8153710937499998 
0.6835351562499998 
0.5985742187499998 
0.7626367187499998 
0.6284570312499999 
0.7198632812499999 
0.4614648437499999 
0.5921289062499999 
0.6214257812499999 
0.6794335937499999 
0.5804101562499998 
0.6888085937499998 
0.79017578125 
0.48548828124999993 
0.8768945312499998 
0.8423242187499997 
0.5880273437499999 
0.6231835937499999 
0.60208984375 
0.5604882812499999 
0.5358789062499999 
0.6390039062499999 
0.7602929687499999 
0.5944726562499999 
0.7520898437499999 
0.7134179687499999 
0.6354882812499999 
0.6899804687499997 
0.7632226562499999 
0.7192773437499999 
0.5944726562499999 
0.49310546874999994 
0.53236328125 
0.5751367187499998 
0.5880273437499999 
0.8686914062499999 
0.6284570312499999 
0.94369140625 
0.7315820312499998 
0.5604882812499999 
0.5727929687499999 
0.7608789062499999 
0.60501953125 
0.6214257812499999 
0.6091210937499999 
0.5235742187499999 
0.7157617187499998 
0.5815820312499999 
0.45912109374999993 
0.6806054687499998 
0.56693359375 
0.55580078125 
0.6337304687499998 
0.6565820312499998 
0.6243554687499998 
0.7931054687499999 
0.6061914062499999 
0.6835351562499998 
0.6009179687499999 
0.8212304687499998 
0.5587304687499999 
0.7198632812499999 
0.7591210937499998 
0.5388085937499999 
0.49427734374999993 
0.7784570312499999 
0.6964257812499999 
0.5516992187499998 
0.6577539062499999 
0.6472070312499999 
0.53236328125 
0.6173242187499998 
0.7005273437499998 
0.5938867187499999 
0.7884179687499999 
0.5376367187499999 
0.7602929687499999 
0.6208398437499999 
0.6184960937499998 
0.7620507812499999 
0.7421289062499998 
0.8183007812499999 
0.4925195312499999 
0.6929101562499997 
0.6208398437499999 
0.6419335937499999 
0.6208398437499999 
0.7515039062499999 
0.7450585937499998 
0.8036523437499998 
0.6536523437499998 
0.46966796874999994 
0.5130273437499999 
0.5013085937499999 
0.6712304687499998 
0.7860742187499998 
0.7104882812499999 
0.53001953125 
0.6483789062499998 
0.7116601562499998 
0.6243554687499998 
0.5311914062499999 
0.8288476562499999 
0.7673242187499998 
0.7948632812499999 
0.6061914062499999 
0.6179101562499998 
0.7772851562499998 
0.5364648437499999 
0.6800195312499999 
0.7532617187499998 
0.8001367187499998 
0.9899804687499998 
0.5956445312499999 
0.7028710937499998 
0.6407617187499999 
0.6612695312499999 
0.6852929687499998 
0.5382226562499999 
0.6319726562499999 
0.55521484375 
0.6741601562499998 
0.6981835937499998 
0.7503320312499998 
0.6565820312499998 
0.6372460937499999 
0.4977929687499999 
0.5306054687499999 
0.7813867187499999 
0.5856835937499999 
0.8434960937499998 
0.6108789062499999 
0.5809960937499998 
0.8862695312499999 
0.6665429687499999 
0.6987695312499999 
0.6091210937499999 
0.9067773437499999 
0.7849023437499999 
0.8136132812499999 
0.7140039062499999 
0.6694726562499999 
0.48900390624999995 
0.56986328125 
0.6712304687499998 
0.7462304687499998 
0.4456445312499999 
0.7110742187499998 
0.6114648437499999 
0.6173242187499998 
0.7227929687499998 
0.6817773437499999 
0.7257226562499998 
0.93431640625 
0.6624414062499998 
0.7579492187499998 
0.6589257812499999 
0.6606835937499999 
0.6436914062499999 
0.6266992187499998 
0.6196679687499999 
0.52884765625 
0.7210351562499998 
0.5370507812499999 
0.6372460937499999 
0.7110742187499998 
1.0186914062499999 
0.5681054687499999 
0.49486328124999995 
0.64017578125 
0.6032617187499999 
0.6653710937499998 
0.7755273437499999 
0.6284570312499999 
0.98060546875 
0.7427148437499999 
0.8329492187499998 
0.5850976562499999 
0.5956445312499999 
0.5716210937499999 
0.5774804687499998 
0.5927148437499999 
0.5868554687499998 
