42 57 1 
0.7561914062499998 
0.6208398437499999 
0.4684960937499999 
0.7972070312499999 
0.8247460937499999 
0.7181054687499998 
0.6688867187499998 
0.5604882812499999 
0.7122460937499998 
0.45091796874999995 
0.6302148437499999 
0.7122460937499998 
0.39994140625 
0.5388085937499999 
0.5915429687499999 
0.8317773437499999 
0.6061914062499999 
0.5481835937499999 
0.5686914062499999 
0.8323632812499999 
0.6600976562499998 
0.52943359375 
0.4626367187499999 
0.6067773437499999 
0.5593164062499999 
0.52708984375 
0.6161523437499998 
0.5727929687499999 
0.6237695312499999 
0.6354882812499999 
0.6665429687499999 
0.6132226562499998 
0.8288476562499999 
0.7116601562499998 
0.6706445312499999 
0.7725976562499999 
0.5540429687499999 
0.7749414062499999 
0.8370507812499999 
0.6126367187499998 
0.4895898437499999 
0.7198632812499999 
0.7391992187499997 
0.7696679687499999 
0.5329492187499999 
0.6929101562499997 
0.55580078125 
0.5130273437499999 
0.6612695312499999 
0.6278710937499998 
0.6741601562499998 
0.45384765624999995 
0.6231835937499999 
0.6729882812499999 
0.8599023437499999 
0.6436914062499999 
0.4438867187499999 
0.6571679687499998 
0.53236328125 
0.5048242187499998 
0.6999414062499998 
0.5862695312499999 
0.5950585937499999 
0.5950585937499999 
0.5763085937499999 
0.6571679687499998 
0.6653710937499998 
0.4720117187499999 
0.7415429687499998 
0.5704492187499999 
0.5569726562499999 
0.6413476562499999 
0.6770898437499999 
0.6888085937499998 
0.5657617187499999 
0.6893945312499998 
0.5505273437499999 
0.4966210937499999 
0.6284570312499999 
0.7116601562499998 
0.5569726562499999 
0.6085351562499999 
0.5739648437499999 
0.6143945312499999 
0.6296289062499999 
0.47669921874999993 
1.00404296875 
0.6683007812499999 
0.7890039062499999 
0.7649804687499998 
0.6981835937499998 
0.5329492187499999 
0.6384179687499999 
0.8077539062499999 
0.8897851562499998 
0.5704492187499999 
0.5956445312499999 
0.6085351562499999 
0.6425195312499999 
0.5868554687499998 
0.5909570312499999 
0.6501367187499998 
0.6044335937499999 
0.5891992187499998 
0.5218164062499999 
0.5915429687499999 
0.6841210937499999 
0.49720703124999993 
0.6143945312499999 
0.45970703124999995 
0.7403710937499998 
0.5862695312499999 
0.5962304687499999 
0.8183007812499999 
0.6190820312499998 
0.8159570312499999 
0.6442773437499999 
0.45912109374999993 
0.7579492187499998 
0.4831445312499999 
0.5429101562499998 
0.7667382812499999 
0.7474023437499998 
0.4661523437499999 
0.7175195312499999 
0.6536523437499998 
0.6718164062499998 
0.6308007812499999 
0.6284570312499999 
0.6847070312499999 
0.6395898437499999 
0.6097070312499999 
0.5839257812499999 
0.5757226562499999 
0.6847070312499999 
0.7011132812499998 
0.7409570312499998 
0.8751367187499998 
0.49720703124999993 
0.8499414062499998 
0.5774804687499998 
0.6349023437499999 
0.9003320312499998 
0.6296289062499999 
0.7333398437499998 
0.5282617187499999 
0.55521484375 
0.6718164062499998 
0.6102929687499998 
0.7327539062499998 
0.8440820312499998 
0.6202539062499999 
0.6483789062499998 
0.6981835937499998 
0.64017578125 
0.6952539062499998 
0.5950585937499999 
0.6759179687499999 
0.6858789062499998 
0.6337304687499998 
0.8270898437499999 
0.6876367187499998 
0.7843164062499999 
0.41048828125 
0.7058007812499999 
0.7104882812499999 
0.7110742187499998 
0.6724023437499999 
0.5850976562499999 
0.45970703124999995 
0.7222070312499999 
0.6091210937499999 
0.6677148437499999 
0.6800195312499999 
0.6044335937499999 
0.6559960937499998 
0.5979882812499999 
0.60208984375 
0.52064453125 
0.4895898437499999 
0.6524804687499998 
0.7087304687499998 
0.6852929687499998 
0.7181054687499998 
0.7585351562499998 
0.6677148437499999 
0.8218164062499999 
0.44154296874999993 
0.7614648437499999 
0.8704492187499998 
0.8095117187499998 
0.7954492187499999 
0.7989648437499999 
0.5704492187499999 
0.7122460937499998 
0.7093164062499998 
0.5722070312499999 
0.6524804687499998 
0.7462304687499998 
0.43626953124999995 
