5 58 37 
0.5692773437499999 
1.2126367187500002 
1.22611328125 
1.17455078125 
1.2507226562500002 
0.7397851562499997 
1.13705078125 
1.17396484375 
1.2782617187500003 
1.2102929687500001 
0.8751367187499998 
1.2190820312500001 
1.19681640625 
1.20208984375 
0.8897851562499998 
1.22611328125 
1.2548242187500003 
1.28529296875 
1.24603515625 
1.23431640625 
1.10248046875 
1.07318359375 
1.2677148437500003 
1.22435546875 
1.22611328125 
1.0948632812499999 
0.93373046875 
1.22552734375 
1.15580078125 
0.7104882812499999 
1.21498046875 
0.97650390625 
1.3110742187500002 
1.2847070312500002 
0.7655664062499998 
1.13060546875 
1.2934960937500002 
1.15169921875 
1.19037109375 
0.8282617187499999 
1.06322265625 
0.8640039062499999 
1.2114648437500002 
0.9554101562499999 
1.2612695312500002 
1.2583398437500002 
1.2489648437500003 
1.19740234375 
1.2518945312500003 
1.26361328125 
0.8804101562499997 
1.21087890625 
1.0948632812499999 
0.7192773437499999 
0.8827539062499998 
1.2595117187500002 
1.0749414062499998 
1.2864648437500001 
1.2688867187500004 
1.21673828125 
1.24427734375 
1.25306640625 
1.21087890625 
1.1827539062499999 
1.2600976562500001 
1.13001953125 
1.22845703125 
1.2700585937500004 
1.30287109375 
1.1001367187500002 
1.2536523437500002 
1.23841796875 
1.0011132812499999 
1.2641992187500002 
1.19095703125 
1.11830078125 
1.2378320312500002 
1.12298828125 
1.20970703125 
1.2518945312500003 
1.22376953125 
1.2425195312500001 
1.18978515625 
1.2489648437500003 
1.09251953125 
0.9214257812500001 
1.30052734375 
1.23548828125 
1.1575585937500001 
0.8112695312499999 
1.2337304687500001 
1.0520898437500001 
1.13705078125 
0.8938867187499998 
1.11419921875 
1.26185546875 
1.2718164062500001 
1.2583398437500002 
1.23548828125 
1.24017578125 
1.2677148437500003 
1.06849609375 
1.2425195312500001 
0.9940820312499998 
1.3239648437500002 
1.2542382812500001 
0.8106835937499999 
1.2114648437500002 
1.2600976562500001 
0.8938867187499998 
1.0579492187500001 
1.2507226562500002 
0.7708398437499999 
1.29056640625 
1.2302148437500002 
1.1001367187500002 
1.26244140625 
0.8306054687499999 
1.18216796875 
1.24427734375 
1.08431640625 
0.8452539062499999 
1.2325585937500003 
1.2677148437500003 
1.2161523437500001 
1.2729882812500002 
1.22669921875 
1.2806054687500001 
1.2630273437500001 
1.1013085937500002 
1.2659570312500001 
1.1534570312499999 
1.2923242187500001 
1.2419335937500002 
1.22259765625 
1.2378320312500002 
1.2495507812500002 
1.1640039062499998 
1.12123046875 
1.21205078125 
1.2794335937500003 
1.2278710937500001 
0.8288476562499999 
1.2360742187500002 
0.93373046875 
0.8282617187499999 
1.1886132812499999 
1.2724023437500003 
1.21966796875 
1.2513085937500004 
1.2477929687500002 
1.09720703125 
1.2372460937500003 
1.2829492187500002 
1.16048828125 
1.22376953125 
1.2425195312500001 
1.22083984375 
1.3081445312500002 
1.18802734375 
1.24310546875 
0.9390039062500001 
1.2395898437500001 
1.2753320312500003 
1.1698632812499998 
0.8159570312499999 
0.8745507812499999 
1.2173242187500002 
1.2507226562500002 
1.22728515625 
1.22962890625 
0.5780664062499998 
1.2349023437500002 
1.27650390625 
1.2583398437500002 
1.2524804687500002 
1.2349023437500002 
1.22376953125 
1.0544335937500002 
1.28587890625 
1.2876367187500002 
0.96947265625 
0.8206445312499999 
1.2290429687500002 
1.08958984375 
1.2753320312500003 
0.98412109375 
1.22376953125 
1.1827539062499999 
0.9091210937499998 
1.28822265625 
1.2173242187500002 
1.22494140625 
1.1950585937500002 
1.2554101562500002 
1.2184960937500002 
0.93138671875 
1.2308007812500001 
1.15169921875 
1.2337304687500001 
