16 5 79 
1.2302148437500002 
1.05619140625 
1.2683007812500002 
1.12298828125 
0.8405664062499998 
1.2888085937500002 
1.0403710937500001 
1.21205078125 
1.2706445312500003 
1.17044921875 
1.2606835937500003 
1.1522851562499998 
1.01517578125 
1.0356835937500002 
1.2507226562500002 
1.2694726562500003 
1.2138085937500003 
1.17923828125 
1.3157617187500001 
1.2595117187500002 
1.1886132812499999 
0.8376367187499998 
1.21673828125 
0.8481835937499999 
1.2688867187500004 
1.28998046875 
1.39837890625 
1.0345117187500001 
1.2683007812500002 
1.02748046875 
1.25306640625 
1.1165429687500001 
1.22259765625 
1.1927148437500001 
1.2308007812500001 
0.9331445312500001 
1.2542382812500001 
0.7643945312499999 
1.2173242187500002 
0.8065820312499998 
0.92904296875 
0.91205078125 
1.29115234375 
1.33978515625 
1.18392578125 
1.30462890625 
1.42591796875 
1.2888085937500002 
1.2220117187500001 
1.2518945312500003 
1.2776757812500001 
1.2542382812500001 
1.00462890625 
1.2606835937500003 
1.22376953125 
1.12123046875 
1.2313867187500003 
1.2524804687500002 
1.2378320312500002 
1.06791015625 
1.01517578125 
1.22494140625 
1.0743554687499999 
1.13119140625 
0.8364648437499999 
1.24017578125 
1.2542382812500001 
1.0309960937500002 
0.8979882812499999 
1.2741601562500002 
0.8282617187499999 
1.1247460937500002 
1.20736328125 
1.26185546875 
1.2313867187500003 
1.20091796875 
0.92083984375 
1.23900390625 
1.22435546875 
1.1809960937500001 
0.5938867187499999 
0.8997460937499998 
1.22552734375 
1.2847070312500002 
0.5393945312499999 
1.4153710937500001 
1.18333984375 
1.20384765625 
1.2290429687500002 
1.25775390625 
1.27650390625 
0.8757226562499998 
1.22376953125 
1.01341796875 
1.01634765625 
1.1124414062499999 
1.10833984375 
0.8903710937499998 
1.22376953125 
1.2360742187500002 
1.30287109375 
1.2061914062499999 
1.03392578125 
1.23431640625 
1.1985742187500001 
1.3479882812500001 
1.18041015625 
0.92962890625 
1.2688867187500004 
0.97123046875 
0.7433007812499999 
1.19447265625 
0.42806640625 
1.22962890625 
1.00990234375 
1.2337304687500001 
1.2302148437500002 
1.24134765625 
1.2641992187500002 
0.8452539062499999 
1.22552734375 
1.30052734375 
1.2841210937500003 
1.22259765625 
1.2513085937500004 
1.1985742187500001 
1.3110742187500002 
1.1188867187500002 
1.24720703125 
0.92962890625 
1.09955078125 
0.9981835937499999 
1.22376953125 
1.2425195312500001 
0.6981835937499998 
1.2454492187500001 
1.31048828125 
1.0462304687500001 
1.21087890625 
1.17044921875 
1.2395898437500001 
1.2308007812500001 
1.2513085937500004 
1.14232421875 
0.9946679687499999 
1.06615234375 
0.79017578125 
1.20794921875 
1.2524804687500002 
1.2542382812500001 
0.8833398437499999 
1.0251367187500002 
0.9999414062499997 
1.0011132812499999 
0.8458398437499999 
0.94310546875 
1.00990234375 
0.7960351562499999 
0.8622460937499998 
1.18392578125 
1.2888085937500002 
1.3802148437500001 
1.1938867187500002 
1.0444726562500002 
1.1358789062499999 
1.28822265625 
0.8985742187499998 
1.2630273437500001 
0.98353515625 
1.0169335937500001 
1.2571679687500001 
1.1282617187500001 
1.21673828125 
1.08841796875 
0.7081445312499999 
0.96244140625 
1.17923828125 
0.5511132812499999 
1.2741601562500002 
1.2501367187500003 
1.2583398437500002 
1.20326171875 
1.24369140625 
1.3263085937500003 
0.8475976562499998 
1.21498046875 
1.23431640625 
1.2659570312500001 
0.9882226562499998 
1.0544335937500002 
0.8915429687499998 
1.19330078125 
1.06791015625 
1.22259765625 
1.2313867187500003 
1.3075585937500003 
1.2466210937500002 
1.07376953125 
1.2313867187500003 
1.18509765625 
