21 58 21 
0.6477929687499998 
0.7052148437499999 
0.8118554687499998 
0.5786523437499999 
1.03685546875 
0.9079492187499998 
1.0936914062499998 
0.8335351562499999 
0.8335351562499999 
0.49486328124999995 
0.97181640625 
0.6337304687499998 
0.78080078125 
0.8253320312499999 
0.6882226562499998 
0.97826171875 
0.6472070312499999 
0.6893945312499998 
0.8921289062499999 
0.6993554687499998 
0.9056054687499998 
0.6636132812499999 
0.8423242187499997 
0.7474023437499998 
0.56693359375 
0.7931054687499999 
0.7913476562499999 
0.6085351562499999 
0.6811914062499999 
0.7931054687499999 
0.6911523437499998 
0.8850976562499998 
0.48548828124999993 
0.6671289062499999 
0.6788476562499999 
0.7948632812499999 
0.6518945312499999 
0.9952539062499999 
0.7456445312499999 
0.6829492187499998 
0.5352929687499999 
0.7427148437499999 
0.8388085937499998 
0.7022851562499998 
0.5153710937499999 
0.7825585937499999 
0.97240234375 
0.6823632812499999 
0.91087890625 
0.6091210937499999 
0.5979882812499999 
0.5130273437499999 
1.0257226562500001 
0.8569726562499999 
0.8792382812499998 
0.8130273437499999 
0.7474023437499998 
0.6782617187499999 
0.8757226562499998 
0.7538476562499998 
0.7227929687499998 
0.8153710937499998 
0.7679101562499998 
0.6454492187499998 
0.6776757812499999 
0.9559960937499999 
0.8944726562499998 
0.60208984375 
0.6876367187499998 
0.49427734374999993 
0.7157617187499998 
0.7233789062499998 
0.6852929687499998 
0.8599023437499999 
0.7280664062499997 
0.7011132812499998 
0.6308007812499999 
0.8974023437499998 
1.0485742187500002 
0.6934960937499998 
0.5968164062499999 
0.8997460937499998 
0.91849609375 
0.6829492187499998 
0.8100976562499999 
0.9647851562499999 
0.8188867187499999 
0.6624414062499998 
0.91908203125 
0.6372460937499999 
0.6231835937499999 
1.04095703125 
0.6073632812499999 
0.8499414062499998 
0.8065820312499998 
0.9179101562499999 
0.7257226562499998 
0.6811914062499999 
0.4866601562499999 
0.8183007812499999 
0.6278710937499998 
0.95423828125 
0.6688867187499998 
0.5897851562499998 
0.91146484375 
0.44798828124999995 
0.6272851562499998 
0.8218164062499999 
1.01458984375 
0.6372460937499999 
0.5809960937499998 
0.6964257812499999 
0.7556054687499998 
0.7702539062499999 
0.60267578125 
0.5874414062499999 
0.8282617187499999 
0.91146484375 
0.6905664062499998 
0.8083398437499999 
0.5575585937499999 
0.8241601562499998 
0.8048242187499998 
0.7151757812499999 
0.6729882812499999 
0.8212304687499998 
0.6091210937499999 
1.19740234375 
0.7034570312499998 
0.7204492187499998 
0.7444726562499998 
0.7491601562499998 
0.5915429687499999 
0.9015039062499999 
0.5136132812499999 
0.7216210937499998 
0.6794335937499999 
0.7093164062499998 
0.7280664062499997 
0.7005273437499998 
0.8640039062499999 
0.9085351562499998 
0.6641992187499998 
0.6641992187499998 
0.9302148437500001 
0.6806054687499998 
0.7667382812499999 
0.6091210937499999 
0.9530664062499999 
0.8071679687499999 
0.8493554687499998 
0.5909570312499999 
0.6067773437499999 
0.8839257812499999 
0.5253320312499999 
0.7749414062499999 
0.8774804687499997 
0.7052148437499999 
0.6442773437499999 
0.7509179687499998 
0.7204492187499998 
0.6700585937499999 
0.7192773437499999 
1.17044921875 
0.8071679687499999 
0.7608789062499999 
0.7456445312499999 
0.7128320312499998 
0.7755273437499999 
0.6349023437499999 
0.5845117187499999 
0.7104882812499999 
0.9149804687499999 
0.8792382812499998 
0.7280664062499997 
0.6782617187499999 
0.8669335937499999 
0.5710351562499999 
0.7550195312499999 
0.92845703125 
0.4819726562499999 
0.7069726562499998 
0.8188867187499999 
1.0491601562500001 
0.6864648437499998 
0.6296289062499999 
0.53236328125 
0.6302148437499999 
0.6044335937499999 
0.6536523437499998 
0.6184960937499998 
0.6056054687499999 
0.7309960937499997 
0.5774804687499998 
0.7327539062499998 
0.6319726562499999 
0.4831445312499999 
1.07787109375 
0.7919335937499999 
0.6759179687499999 
