28 58 14 
0.7233789062499998 
0.5686914062499999 
0.56400390625 
0.6272851562499998 
0.6677148437499999 
0.6624414062499998 
0.5399804687499998 
0.49427734374999993 
0.7409570312499998 
0.7632226562499999 
0.8370507812499999 
0.96595703125 
0.96009765625 
0.7761132812499999 
0.7743554687499998 
0.6114648437499999 
0.7063867187499998 
0.5405664062499999 
0.7286523437499998 
0.7608789062499999 
0.6419335937499999 
0.7503320312499998 
0.95423828125 
0.6483789062499998 
0.7075585937499999 
0.7222070312499999 
0.7350976562499998 
0.7016992187499997 
0.7263085937499998 
0.5733789062499999 
0.8429101562499998 
0.7690820312499999 
0.6677148437499999 
0.7626367187499998 
0.5376367187499999 
0.6829492187499998 
0.6606835937499999 
0.7110742187499998 
0.56751953125 
0.7948632812499999 
0.44916015624999994 
0.7069726562499998 
0.7063867187499998 
0.7960351562499999 
0.8048242187499998 
0.7796289062499999 
0.7936914062499999 
0.6946679687499998 
0.7175195312499999 
0.7667382812499999 
0.5768945312499999 
0.52064453125 
0.5235742187499999 
0.7544335937499999 
0.8224023437499999 
0.78080078125 
0.8569726562499999 
0.6138085937499999 
0.8311914062499999 
0.6097070312499999 
0.7309960937499997 
0.5868554687499998 
0.7819726562499999 
0.7403710937499998 
0.6600976562499998 
0.6788476562499999 
0.7163476562499999 
0.5364648437499999 
0.6056054687499999 
0.8212304687499998 
0.6677148437499999 
0.7491601562499998 
0.5692773437499999 
0.5833398437499999 
0.56517578125 
0.5821679687499999 
0.6835351562499998 
0.8393945312499999 
0.6729882812499999 
0.6940820312499998 
0.7350976562499998 
0.6864648437499998 
0.9893945312499999 
0.79017578125 
0.6864648437499998 
0.60267578125 
0.7843164062499999 
0.7532617187499998 
0.5007226562499999 
0.7333398437499998 
0.6987695312499999 
0.7720117187499999 
0.7145898437499999 
0.6466210937499999 
0.6536523437499998 
0.7626367187499998 
0.6319726562499999 
0.92552734375 
0.6225976562499999 
0.6899804687499997 
0.6817773437499999 
1.0655664062499999 
0.8171289062499999 
0.6161523437499998 
0.6044335937499999 
0.8147851562499998 
0.6425195312499999 
0.5388085937499999 
0.7796289062499999 
0.6220117187499998 
0.7345117187499998 
0.7327539062499998 
0.7081445312499999 
0.8382226562499998 
0.7128320312499998 
0.8645898437499999 
0.7872460937499999 
0.7485742187499997 
0.7538476562499998 
0.55580078125 
0.6237695312499999 
0.7122460937499998 
0.6009179687499999 
0.91205078125 
0.5804101562499998 
0.7186914062499998 
1.08841796875 
0.7474023437499998 
0.4983789062499999 
0.4837304687499999 
0.7386132812499998 
0.6753320312499999 
0.6595117187499998 
0.7227929687499998 
0.8130273437499999 
0.8130273437499999 
0.7140039062499999 
0.6893945312499998 
0.7608789062499999 
1.01986328125 
0.7216210937499998 
0.6987695312499999 
0.9032617187499998 
0.93138671875 
0.6677148437499999 
0.8124414062499998 
0.56517578125 
0.47083984374999993 
0.8089257812499999 
0.5141992187499999 
0.5382226562499999 
0.55580078125 
0.6015039062499999 
0.6038476562499999 
0.6987695312499999 
0.6378320312499999 
0.8165429687499999 
0.6841210937499999 
0.6442773437499999 
0.7591210937499998 
0.6272851562499998 
0.8100976562499999 
0.8382226562499998 
0.6712304687499998 
0.5165429687499999 
0.6706445312499999 
0.5733789062499999 
0.7573632812499999 
0.91556640625 
0.8968164062499998 
0.7966210937499999 
0.6964257812499999 
0.7192773437499999 
0.6700585937499999 
0.7702539062499999 
0.5218164062499999 
0.6724023437499999 
0.7725976562499999 
0.6800195312499999 
0.7263085937499998 
0.6507226562499998 
0.7954492187499999 
0.6747460937499998 
1.1165429687500001 
0.6952539062499998 
0.6636132812499999 
0.6378320312499999 
0.5956445312499999 
0.7802148437499999 
0.6325585937499999 
1.05091796875 
0.7063867187499998 
0.6126367187499998 
0.7327539062499998 
0.5868554687499998 
0.7479882812499998 
0.9929101562499998 
0.6419335937499999 
0.6079492187499999 
0.4778710937499999 
