29 58 13 
0.6688867187499998 
0.5358789062499999 
0.6354882812499999 
0.6571679687499998 
0.7216210937499998 
0.7397851562499997 
0.8511132812499999 
0.78958984375 
0.8657617187499999 
0.5692773437499999 
0.6917382812499998 
0.6788476562499999 
0.4309960937499999 
0.7433007812499999 
0.6524804687499998 
0.7509179687499998 
0.6671289062499999 
0.6290429687499999 
0.6671289062499999 
1.12298828125 
0.5434960937499999 
0.7585351562499998 
0.5399804687499998 
0.56458984375 
0.5065820312499999 
0.7843164062499999 
0.5663476562499999 
0.6483789062499998 
0.5388085937499999 
0.7462304687499998 
0.8118554687499998 
0.6747460937499998 
0.41458984374999996 
0.8429101562499998 
0.6729882812499999 
0.6806054687499998 
0.7608789062499999 
0.52298828125 
0.9009179687499999 
0.60267578125 
0.7245507812499998 
0.93724609375 
0.8522851562499998 
0.7093164062499998 
0.6577539062499999 
0.5815820312499999 
0.9026757812499999 
0.5071679687499999 
0.46205078124999993 
0.5891992187499998 
0.52064453125 
0.7843164062499999 
0.6600976562499998 
0.40287109374999996 
0.7099023437499998 
0.7948632812499999 
0.5979882812499999 
0.49486328124999995 
0.6542382812499998 
0.7216210937499998 
0.55814453125 
0.5991601562499999 
0.7145898437499999 
0.6477929687499998 
0.6806054687499998 
0.8147851562499998 
0.7198632812499999 
0.7749414062499999 
1.0052148437500001 
0.7591210937499998 
0.45501953124999994 
0.4849023437499999 
0.6108789062499999 
0.5686914062499999 
0.9876367187499998 
0.6735742187499998 
0.8118554687499998 
0.6829492187499998 
0.7485742187499997 
0.6196679687499999 
0.7058007812499999 
0.7520898437499999 
0.6372460937499999 
0.8165429687499999 
0.95130859375 
0.6073632812499999 
0.7034570312499998 
0.7602929687499999 
0.7198632812499999 
0.53236328125 
0.7350976562499998 
0.6565820312499998 
0.7374414062499998 
0.7374414062499998 
0.5364648437499999 
0.5059960937499999 
0.6132226562499998 
0.49603515624999994 
0.7333398437499998 
0.5745507812499999 
0.6624414062499998 
0.7790429687499999 
0.6179101562499998 
0.6448632812499999 
0.6794335937499999 
1.12181640625 
0.8335351562499999 
0.6366601562499998 
0.8903710937499998 
0.6003320312499999 
0.6278710937499998 
0.7538476562499998 
0.7391992187499997 
0.64017578125 
0.78958984375 
0.7309960937499997 
0.6647851562499998 
0.5968164062499999 
0.7022851562499998 
0.6618554687499998 
0.6155664062499998 
0.9097070312499999 
0.7831445312499999 
0.5757226562499999 
0.7210351562499998 
0.94837890625 
0.8417382812499998 
0.5587304687499999 
0.6964257812499999 
0.6647851562499998 
0.8640039062499999 
0.5399804687499998 
0.6612695312499999 
0.8399804687499998 
0.6466210937499999 
0.8024804687499998 
0.6460351562499999 
0.5780664062499998 
0.91615234375 
0.7415429687499998 
0.5950585937499999 
0.6794335937499999 
0.7632226562499999 
0.6765039062499999 
0.5481835937499999 
0.6964257812499999 
0.7198632812499999 
0.8417382812499998 
0.7222070312499999 
0.7110742187499998 
0.7825585937499999 
0.6683007812499999 
0.5985742187499998 
0.6999414062499998 
0.6835351562499998 
0.7069726562499998 
0.7655664062499998 
0.6612695312499999 
0.6876367187499998 
0.48841796874999993 
0.6149804687499998 
0.6729882812499999 
0.8511132812499999 
0.7907617187499999 
0.7175195312499999 
0.6606835937499999 
0.6911523437499998 
0.48841796874999993 
0.6190820312499998 
0.47552734374999994 
0.5862695312499999 
0.8405664062499998 
0.6349023437499999 
0.9893945312499999 
0.7597070312499998 
0.8968164062499998 
0.5212304687499999 
0.7591210937499998 
0.9946679687499999 
0.8464257812499999 
0.6782617187499999 
0.6208398437499999 
0.5891992187499998 
0.6759179687499999 
0.5956445312499999 
0.7286523437499998 
0.7397851562499997 
0.6864648437499998 
0.8792382812499998 
0.6061914062499999 
0.8124414062499998 
0.5065820312499999 
0.7679101562499998 
0.7643945312499999 
0.6659570312499998 
0.8470117187499998 
0.8429101562499998 
0.6600976562499998 
0.7972070312499999 
0.4866601562499999 
