18 5 77 
0.97064453125 
1.3456445312500003 
1.2518945312500003 
1.13353515625 
1.2138085937500003 
1.22845703125 
1.2876367187500002 
1.29173828125 
1.1938867187500002 
1.3362695312500001 
1.2513085937500004 
0.9934960937499998 
1.1493554687499998 
0.8979882812499999 
0.8054101562499998 
1.0251367187500002 
1.0227929687500001 
1.2308007812500001 
1.29701171875 
0.8241601562499998 
1.2114648437500002 
1.22962890625 
0.8915429687499998 
1.17806640625 
1.03861328125 
1.21087890625 
1.2518945312500003 
0.98177734375 
0.7784570312499999 
0.8780664062499998 
1.1059960937500002 
1.2888085937500002 
0.8933007812499999 
1.20677734375 
1.19623046875 
1.22025390625 
1.1048242187500001 
1.46283203125 
1.0497460937500003 
1.21966796875 
1.21966796875 
1.2876367187500002 
1.3421289062500001 
1.2893945312500001 
1.0579492187500001 
1.2694726562500003 
0.9149804687499999 
1.2407617187500002 
0.7942773437499999 
0.8405664062499998 
0.8891992187499997 
1.3110742187500002 
1.22259765625 
1.1493554687499998 
1.2231835937500002 
0.6190820312499998 
1.2290429687500002 
1.3081445312500002 
1.2290429687500002 
0.7128320312499998 
1.23431640625 
1.25775390625 
1.19037109375 
1.18392578125 
1.2724023437500003 
1.23548828125 
1.0345117187500001 
1.2683007812500002 
1.30462890625 
1.18333984375 
1.16048828125 
1.2800195312500002 
1.36791015625 
1.2190820312500001 
1.22142578125 
1.1194726562500001 
1.21087890625 
1.2419335937500002 
0.91322265625 
1.15169921875 
1.23431640625 
1.2378320312500002 
1.20677734375 
0.9091210937499998 
1.2565820312500002 
1.17748046875 
1.2278710937500001 
0.7825585937499999 
1.14291015625 
0.9888085937499999 
1.07201171875 
1.31927734375 
1.2337304687500001 
0.6372460937499999 
1.29759765625 
1.2536523437500002 
0.6694726562499999 
1.13294921875 
1.2518945312500003 
1.19330078125 
1.06498046875 
1.24017578125 
0.8581445312499999 
1.2454492187500001 
1.22025390625 
1.2302148437500002 
1.2220117187500001 
1.18041015625 
1.17865234375 
1.18158203125 
1.2934960937500002 
0.8581445312499999 
1.19330078125 
1.2770898437500002 
1.00990234375 
0.6126367187499998 
1.39837890625 
1.28705078125 
1.2319726562500002 
0.8997460937499998 
1.26361328125 
0.8997460937499998 
1.19798828125 
1.13294921875 
1.0169335937500001 
1.2483789062500001 
1.18392578125 
0.7204492187499998 
1.1956445312500001 
0.94310546875 
0.92904296875 
1.2524804687500002 
1.2372460937500003 
1.26244140625 
1.01341796875 
1.03392578125 
1.17279296875 
1.10248046875 
1.0761132812499998 
1.23841796875 
1.0450585937500003 
1.1985742187500001 
0.6278710937499998 
1.2313867187500003 
1.26478515625 
1.19798828125 
1.3474023437500002 
1.21791015625 
0.94837890625 
1.19037109375 
1.2366601562500001 
0.7884179687499999 
0.7884179687499999 
0.6893945312499998 
0.9032617187499998 
1.23841796875 
1.04681640625 
1.25892578125 
0.6372460937499999 
1.29642578125 
1.15814453125 
0.8352929687499998 
0.9015039062499999 
0.96947265625 
0.5962304687499999 
1.2173242187500002 
1.11478515625 
1.22845703125 
1.2184960937500002 
1.0591210937500002 
1.3362695312500001 
1.31458984375 
1.1985742187500001 
1.2724023437500003 
1.28705078125 
1.2308007812500001 
1.22728515625 
0.94837890625 
1.2349023437500002 
0.5733789062499999 
0.8733789062499998 
1.27650390625 
1.3251367187500003 
0.7989648437499999 
1.31166015625 
1.1886132812499999 
1.1710351562499999 
1.26244140625 
1.2518945312500003 
1.26478515625 
1.13880859375 
1.2231835937500002 
1.2407617187500002 
0.7725976562499999 
0.7995507812499999 
1.2841210937500003 
1.2671289062500002 
1.2559960937500003 
1.24017578125 
1.00287109375 
