41 58 1 
0.5751367187499998 
0.6747460937499998 
0.5393945312499999 
0.6237695312499999 
0.8622460937499998 
0.5634179687499999 
0.6313867187499999 
0.5710351562499999 
0.4638085937499999 
0.5013085937499999 
0.6266992187499998 
0.6806054687499998 
0.6565820312499998 
0.7421289062499998 
0.6366601562499998 
0.5616601562499999 
0.5599023437499999 
0.7350976562499998 
0.6184960937499998 
0.56986328125 
0.6864648437499998 
0.6559960937499998 
0.4450585937499999 
0.8546289062499999 
0.8868554687499998 
0.6390039062499999 
0.6518945312499999 
0.7661523437499999 
0.97884765625 
0.7368554687499997 
0.7602929687499999 
0.5423242187499998 
0.6823632812499999 
0.8141992187499998 
0.6448632812499999 
0.6999414062499998 
0.6114648437499999 
0.7538476562499998 
0.5282617187499999 
0.6782617187499999 
0.45970703124999995 
0.5915429687499999 
0.7433007812499999 
0.43861328125 
0.6044335937499999 
0.6782617187499999 
0.5681054687499999 
0.5745507812499999 
0.5329492187499999 
0.5968164062499999 
0.5704492187499999 
0.6237695312499999 
0.7626367187499998 
0.5417382812499999 
0.8388085937499998 
0.6858789062499998 
0.7204492187499998 
0.6688867187499998 
0.6009179687499999 
0.5968164062499999 
0.4263085937499999 
0.48548828124999993 
0.6688867187499998 
0.8317773437499999 
0.4866601562499999 
0.6794335937499999 
0.6507226562499998 
0.8065820312499998 
0.5147851562499999 
0.5382226562499999 
0.6765039062499999 
0.5481835937499999 
0.5399804687499998 
0.5716210937499999 
0.7989648437499999 
0.5944726562499999 
0.6460351562499999 
0.5423242187499998 
0.6407617187499999 
0.7069726562499998 
0.6940820312499998 
0.60501953125 
0.6237695312499999 
0.6149804687499998 
0.5153710937499999 
0.5054101562499999 
0.54642578125 
0.5247460937499999 
0.6513085937499998 
0.6753320312499999 
0.44916015624999994 
0.7456445312499999 
0.6237695312499999 
0.6940820312499998 
0.48548828124999993 
0.6378320312499999 
0.46673828124999994 
0.8188867187499999 
0.44095703124999996 
0.5352929687499999 
0.7444726562499998 
0.4813867187499999 
0.5399804687499998 
0.6694726562499999 
0.6114648437499999 
0.6061914062499999 
0.6448632812499999 
0.6003320312499999 
0.5071679687499999 
0.5692773437499999 
0.7913476562499999 
0.6817773437499999 
0.6841210937499999 
0.6782617187499999 
0.6882226562499998 
0.5446679687499999 
0.6173242187499998 
0.4661523437499999 
0.5024804687499999 
0.6091210937499999 
0.6782617187499999 
0.6606835937499999 
0.52650390625 
0.43861328125 
0.5903710937499999 
0.5985742187499998 
0.6343164062499999 
0.6477929687499998 
0.5452539062499999 
0.5745507812499999 
0.7368554687499997 
0.6893945312499998 
0.8083398437499999 
0.56986328125 
0.6419335937499999 
0.5247460937499999 
0.7626367187499998 
0.6296289062499999 
0.6477929687499998 
0.6483789062499998 
0.56693359375 
0.7802148437499999 
0.6108789062499999 
0.6448632812499999 
0.7386132812499998 
0.6612695312499999 
0.6184960937499998 
0.8657617187499999 
0.6677148437499999 
0.6032617187499999 
0.45970703124999995 
0.5528710937499999 
0.47259765624999994 
0.5054101562499999 
0.5470117187499999 
0.6665429687499999 
0.6272851562499998 
0.5235742187499999 
0.5938867187499999 
0.6454492187499998 
0.56986328125 
0.7169335937499999 
0.6360742187499998 
0.6155664062499998 
0.5927148437499999 
0.6958398437499999 
0.52708984375 
0.8036523437499998 
0.53236328125 
0.5710351562499999 
0.6249414062499998 
0.7122460937499998 
0.6296289062499999 
0.5833398437499999 
0.6173242187499998 
0.6390039062499999 
0.6266992187499998 
0.8434960937499998 
0.6518945312499999 
0.5821679687499999 
0.6067773437499999 
0.6349023437499999 
0.7034570312499998 
0.7919335937499999 
0.6987695312499999 
0.5024804687499999 
0.8352929687499998 
0.8921289062499999 
0.7450585937499998 
0.60208984375 
0.7632226562499999 
0.7913476562499999 
0.6009179687499999 
0.5768945312499999 
0.6132226562499998 
0.9501367187499999 
0.5710351562499999 
0.6243554687499998 
0.4614648437499999 
0.7216210937499998 
