13 59 28 
1.2571679687500001 
0.9524804687499999 
1.09076171875 
0.8194726562499999 
0.98119140625 
0.95716796875 
0.6167382812499999 
1.00990234375 
0.8909570312499998 
0.5927148437499999 
0.95072265625 
0.7620507812499999 
1.0462304687500001 
0.8446679687499998 
1.2606835937500003 
0.7011132812499998 
0.98060546875 
0.7356835937499998 
0.7602929687499999 
0.98119140625 
0.7110742187499998 
0.7755273437499999 
0.91673828125 
0.8124414062499998 
0.8722070312499999 
0.8979882812499999 
1.10423828125 
0.97650390625 
0.6431054687499999 
0.6466210937499999 
0.91087890625 
0.8915429687499998 
0.5487695312499999 
1.00873046875 
0.7128320312499998 
0.8886132812499998 
0.7597070312499998 
0.8042382812499999 
0.7386132812499998 
0.9776757812500001 
0.7638085937499999 
0.7415429687499998 
0.94310546875 
0.7585351562499998 
0.6653710937499998 
0.92201171875 
0.8153710937499998 
0.91849609375 
0.8563867187499998 
0.93255859375 
1.01986328125 
0.7526757812499999 
0.8944726562499998 
0.8229882812499999 
0.7456445312499999 
0.95189453125 
0.8686914062499999 
0.8733789062499998 
0.8874414062499998 
0.9964257812499999 
1.20853515625 
0.93666015625 
0.95716796875 
0.9331445312500001 
0.7825585937499999 
0.8036523437499998 
0.7790429687499999 
0.79017578125 
0.8440820312499998 
1.0345117187500001 
0.6630273437499998 
0.5153710937499999 
0.8177148437499999 
0.6243554687499998 
0.8300195312499999 
0.94779296875 
0.7491601562499998 
0.7274804687499997 
0.9266992187499999 
1.1358789062499999 
0.8909570312499998 
0.94955078125 
0.7790429687499999 
0.8429101562499998 
0.95423828125 
0.9929101562499998 
0.6067773437499999 
0.9975976562499999 
0.98353515625 
1.2554101562500002 
0.8763085937499998 
1.22435546875 
0.94369140625 
0.9091210937499998 
0.6149804687499998 
0.7304101562499997 
0.7626367187499998 
0.9993554687499997 
0.7972070312499999 
1.10833984375 
0.8669335937499999 
1.01810546875 
0.7526757812499999 
0.8095117187499998 
0.7614648437499999 
1.09251953125 
0.6677148437499999 
0.7743554687499998 
1.26185546875 
0.8640039062499999 
1.2612695312500002 
0.6436914062499999 
0.93548828125 
0.7667382812499999 
0.7597070312499998 
0.8581445312499999 
0.94076171875 
0.9149804687499999 
0.8516992187499998 
0.92904296875 
1.2934960937500002 
0.8294335937499999 
0.8558007812499999 
0.94837890625 
0.9173242187499999 
0.8938867187499998 
1.2419335937500002 
0.7995507812499999 
1.07376953125 
0.7597070312499998 
0.8434960937499998 
0.8388085937499998 
0.94779296875 
0.8352929687499998 
0.92201171875 
1.01341796875 
0.7198632812499999 
0.6577539062499999 
1.01576171875 
0.6729882812499999 
0.6589257812499999 
0.8704492187499998 
0.98119140625 
1.2606835937500003 
0.8944726562499998 
0.6905664062499998 
0.92904296875 
1.0579492187500001 
1.2501367187500003 
0.8798242187499997 
0.8763085937499998 
0.7028710937499998 
1.10833984375 
0.7479882812499998 
1.0315820312500001 
0.8991601562499998 
1.10365234375 
0.6431054687499999 
0.8270898437499999 
1.0315820312500001 
1.01341796875 
0.6015039062499999 
0.6349023437499999 
0.6372460937499999 
0.9085351562499998 
0.8505273437499998 
0.7345117187499998 
0.7831445312499999 
0.9981835937499999 
1.06908203125 
0.7028710937499998 
0.8253320312499999 
1.2999414062499999 
0.7509179687499998 
0.8985742187499998 
0.8997460937499998 
0.8599023437499999 
1.04681640625 
0.92318359375 
0.8862695312499999 
1.2559960937500003 
1.14115234375 
0.7936914062499999 
0.9073632812499999 
0.8007226562499998 
0.7415429687499998 
0.8188867187499999 
0.8352929687499998 
0.94779296875 
1.14115234375 
0.7702539062499999 
1.2559960937500003 
0.8306054687499999 
1.2220117187500001 
0.8640039062499999 
0.6718164062499998 
0.8393945312499999 
0.6706445312499999 
0.7181054687499998 
0.8575585937499999 
