17 59 24 
0.8440820312499998 
0.5446679687499999 
0.8007226562499998 
0.8440820312499998 
0.6278710937499998 
0.9038476562499999 
0.7479882812499998 
0.8095117187499998 
0.94076171875 
1.2542382812500001 
0.5095117187499999 
0.5341210937499999 
0.9097070312499999 
0.6759179687499999 
0.6800195312499999 
0.7485742187499997 
0.6671289062499999 
0.7749414062499999 
0.8183007812499999 
0.8610742187499998 
0.7784570312499999 
0.6618554687499998 
0.6366601562499998 
0.8558007812499999 
0.7819726562499999 
0.6302148437499999 
1.18041015625 
0.6190820312499998 
0.5862695312499999 
0.9987695312499999 
1.08490234375 
0.8106835937499999 
0.7567773437499998 
0.7649804687499998 
1.2190820312500001 
0.7591210937499998 
0.6571679687499998 
0.7655664062499998 
0.7503320312499998 
0.7550195312499999 
0.7725976562499999 
0.8891992187499997 
0.8563867187499998 
0.6366601562499998 
0.94603515625 
0.6548242187499997 
0.6472070312499999 
0.7872460937499999 
0.95951171875 
0.6436914062499999 
0.8411523437499998 
0.8798242187499997 
0.6835351562499998 
0.6741601562499998 
0.6817773437499999 
1.1200585937500003 
0.8675195312499999 
0.8165429687499999 
0.7872460937499999 
0.6513085937499998 
0.92962890625 
1.14583984375 
0.6718164062499998 
0.8839257812499999 
0.7579492187499998 
0.7731835937499999 
0.7409570312499998 
1.00287109375 
0.8651757812499999 
0.7772851562499998 
0.8071679687499999 
0.55521484375 
0.7761132812499999 
0.91439453125 
0.7743554687499998 
0.96302734375 
0.8048242187499998 
0.5657617187499999 
0.9073632812499999 
0.5757226562499999 
0.6249414062499998 
0.8100976562499999 
0.8511132812499999 
0.8329492187499998 
0.6595117187499998 
0.7140039062499999 
0.97240234375 
0.7597070312499998 
0.8610742187499998 
0.6501367187499998 
0.8188867187499999 
0.6606835937499999 
0.8868554687499998 
0.5440820312499999 
0.7233789062499998 
0.6694726562499999 
0.4831445312499999 
1.09837890625 
0.8177148437499999 
0.6097070312499999 
0.7597070312499998 
0.7761132812499999 
0.8927148437499999 
0.7292382812499998 
0.7227929687499998 
0.5388085937499999 
0.7731835937499999 
0.8405664062499998 
0.8411523437499998 
0.6794335937499999 
1.1341210937500001 
0.6800195312499999 
1.23431640625 
0.7561914062499998 
0.9852929687499998 
0.6981835937499998 
0.7614648437499999 
0.7391992187499997 
0.7181054687499998 
0.7714257812499999 
0.8177148437499999 
0.91439453125 
1.0936914062499998 
0.49720703124999993 
0.8833398437499999 
1.21498046875 
0.91849609375 
0.7778710937499999 
0.98294921875 
0.7913476562499999 
0.7140039062499999 
0.7298242187499997 
0.7468164062499998 
0.8440820312499998 
0.9554101562499999 
0.6934960937499998 
0.9061914062499998 
0.8352929687499998 
0.7720117187499999 
0.6524804687499998 
0.9770898437500001 
0.7766992187499998 
0.93666015625 
0.6261132812499999 
0.7561914062499998 
0.9952539062499999 
0.8188867187499999 
0.92083984375 
1.15814453125 
0.47728515624999995 
0.7140039062499999 
0.7602929687499999 
0.7796289062499999 
0.7140039062499999 
0.6847070312499999 
0.6501367187499998 
0.7339257812499999 
0.7022851562499998 
1.08080078125 
0.8493554687499998 
1.2729882812500002 
0.7116601562499998 
0.8329492187499998 
0.6870507812499999 
0.5540429687499999 
0.5868554687499998 
0.7837304687499999 
1.10833984375 
0.8698632812499999 
0.7561914062499998 
1.1956445312500001 
0.8306054687499999 
0.6255273437499999 
0.8991601562499998 
0.6641992187499998 
0.5376367187499999 
0.7427148437499999 
0.5516992187499998 
0.6741601562499998 
0.7239648437499998 
0.7181054687499998 
0.5434960937499999 
0.6190820312499998 
0.6472070312499999 
0.7538476562499998 
1.20501953125 
0.93373046875 
1.1938867187500002 
0.8194726562499999 
0.7837304687499999 
0.7860742187499998 
0.8399804687499998 
0.91263671875 
0.6483789062499998 
0.8434960937499998 
1.04798828125 
0.6630273437499998 
0.91380859375 
0.9061914062499998 
0.5563867187499999 
