21 59 20 
0.96888671875 
0.8599023437499999 
0.6302148437499999 
0.8950585937499999 
0.8364648437499999 
0.7485742187499997 
0.8493554687499998 
0.8727929687499998 
0.5710351562499999 
0.6835351562499998 
0.5903710937499999 
0.7649804687499998 
0.6964257812499999 
0.7069726562499998 
0.7145898437499999 
0.94779296875 
0.7995507812499999 
0.7931054687499999 
0.8265039062499999 
0.7526757812499999 
0.7702539062499999 
0.8347070312499999 
0.7005273437499998 
0.8136132812499999 
0.91615234375 
0.5845117187499999 
1.3040429687500001 
0.7509179687499998 
0.92611328125 
0.7690820312499999 
0.5141992187499999 
0.7104882812499999 
0.6835351562499998 
0.7550195312499999 
0.93724609375 
0.5780664062499998 
0.6524804687499998 
0.7766992187499998 
0.95072265625 
0.5335351562499999 
0.6841210937499999 
0.94369140625 
0.60501953125 
0.7157617187499998 
0.8757226562499998 
0.6724023437499999 
0.7913476562499999 
0.7122460937499998 
0.91263671875 
0.8891992187499997 
0.7016992187499997 
0.60501953125 
0.7438867187499998 
0.8540429687499999 
0.5821679687499999 
0.6647851562499998 
0.9044335937499999 
0.5593164062499999 
0.8763085937499998 
1.0655664062499999 
0.6548242187499997 
0.7860742187499998 
1.11478515625 
0.7790429687499999 
0.8200585937499999 
0.6536523437499998 
0.9179101562499999 
0.6847070312499999 
0.7122460937499998 
0.6630273437499998 
0.6811914062499999 
0.4485742187499999 
0.6724023437499999 
0.7456445312499999 
0.7749414062499999 
0.8733789062499998 
0.6929101562499997 
0.52005859375 
0.8159570312499999 
0.6864648437499998 
0.7667382812499999 
0.6325585937499999 
0.92025390625 
0.7286523437499998 
0.5493554687499999 
0.8095117187499998 
0.6952539062499998 
0.7778710937499999 
0.7415429687499998 
0.7204492187499998 
0.8774804687499997 
0.5493554687499999 
0.6384179687499999 
0.7450585937499998 
0.6571679687499998 
0.6659570312499998 
0.5569726562499999 
0.6929101562499997 
0.7761132812499999 
0.8147851562499998 
0.7280664062499997 
0.8516992187499998 
0.6079492187499999 
0.6975976562499998 
0.7093164062499998 
0.6009179687499999 
0.8616601562499998 
0.8300195312499999 
0.64017578125 
0.5962304687499999 
0.6167382812499999 
0.97416015625 
0.9026757812499999 
0.6700585937499999 
0.8018945312499999 
0.78080078125 
0.6243554687499998 
0.7872460937499999 
0.6003320312499999 
0.7186914062499998 
0.55521484375 
0.8927148437499999 
0.8224023437499999 
0.6548242187499997 
0.5628320312499999 
0.8077539062499999 
0.5921289062499999 
0.6354882812499999 
0.9266992187499999 
0.7966210937499999 
0.55580078125 
0.78080078125 
0.8112695312499999 
0.6847070312499999 
0.8136132812499999 
0.6981835937499998 
0.8657617187499999 
0.92025390625 
0.7661523437499999 
0.47845703124999994 
0.8112695312499999 
0.6595117187499998 
0.7058007812499999 
0.9026757812499999 
0.7649804687499998 
0.91263671875 
0.8950585937499999 
0.5393945312499999 
0.7034570312499998 
0.5212304687499999 
0.7444726562499998 
0.6782617187499999 
0.8417382812499998 
0.9530664062499999 
0.6454492187499998 
0.6929101562499997 
0.92025390625 
0.7526757812499999 
0.8229882812499999 
0.6097070312499999 
0.6395898437499999 
0.6852929687499998 
0.4813867187499999 
0.7696679687499999 
0.6477929687499998 
1.06263671875 
0.50892578125 
0.7222070312499999 
0.8833398437499999 
0.6753320312499999 
0.6817773437499999 
0.6923242187499997 
0.7960351562499999 
0.7163476562499999 
0.9015039062499999 
0.6981835937499998 
0.5856835937499999 
0.8089257812499999 
0.6929101562499997 
0.6700585937499999 
0.9214257812500001 
0.7983789062499999 
0.8464257812499999 
0.6782617187499999 
0.6073632812499999 
0.7802148437499999 
0.7058007812499999 
0.91615234375 
0.6794335937499999 
0.7960351562499999 
0.96302734375 
0.6003320312499999 
0.7825585937499999 
0.8212304687499998 
0.8516992187499998 
0.8546289062499999 
0.8956445312499999 
0.7110742187499998 
0.7679101562499998 
0.6114648437499999 
