36 59 5 
0.8610742187499998 
0.5487695312499999 
0.6009179687499999 
0.53001953125 
0.6823632812499999 
0.5757226562499999 
0.5850976562499999 
0.8311914062499999 
0.9308007812500001 
0.6208398437499999 
0.4895898437499999 
0.6132226562499998 
0.7058007812499999 
0.7046289062499999 
0.7145898437499999 
0.5786523437499999 
0.60208984375 
0.6688867187499998 
0.6542382812499998 
0.6225976562499999 
0.79017578125 
0.5030664062499999 
0.7222070312499999 
0.7913476562499999 
0.6061914062499999 
0.7790429687499999 
0.6343164062499999 
0.6893945312499998 
0.6636132812499999 
0.45912109374999993 
0.7245507812499998 
0.5716210937499999 
0.7350976562499998 
0.7315820312499998 
0.7110742187499998 
0.6366601562499998 
0.7567773437499998 
0.5774804687499998 
0.5979882812499999 
0.40580078124999996 
0.6524804687499998 
0.5663476562499999 
0.7427148437499999 
0.8552148437499999 
0.56517578125 
0.6559960937499998 
0.6436914062499999 
0.6852929687499998 
0.6225976562499999 
0.6940820312499998 
0.5874414062499999 
0.6981835937499998 
0.53177734375 
0.5575585937499999 
0.6448632812499999 
0.7046289062499999 
0.7884179687499999 
0.7081445312499999 
0.7140039062499999 
0.7391992187499997 
0.6079492187499999 
0.5856835937499999 
0.6483789062499998 
0.7298242187499997 
0.6044335937499999 
0.60208984375 
0.5511132812499999 
0.6190820312499998 
0.6308007812499999 
0.4813867187499999 
0.5956445312499999 
0.8669335937499999 
0.7011132812499998 
0.60501953125 
0.6970117187499998 
0.51830078125 
0.7245507812499998 
0.8388085937499998 
0.6225976562499999 
0.8446679687499998 
0.45736328125 
0.6917382812499998 
0.6419335937499999 
0.5481835937499999 
0.8827539062499998 
0.7350976562499998 
0.5241601562499999 
0.45208984374999994 
0.5903710937499999 
0.5136132812499999 
0.44740234374999993 
0.53470703125 
0.59330078125 
0.8376367187499998 
0.6284570312499999 
0.6929101562499997 
0.7327539062499998 
0.5534570312499999 
0.5048242187499998 
0.6970117187499998 
0.5745507812499999 
0.7040429687499998 
0.6829492187499998 
0.6653710937499998 
0.5710351562499999 
0.6179101562499998 
0.6583398437499999 
0.6284570312499999 
0.9266992187499999 
0.5915429687499999 
0.7005273437499998 
0.7919335937499999 
0.6442773437499999 
0.7093164062499998 
0.6542382812499998 
0.7772851562499998 
0.8089257812499999 
0.5880273437499999 
0.4977929687499999 
0.6073632812499999 
0.6284570312499999 
0.6061914062499999 
0.7684960937499998 
0.51126953125 
0.7222070312499999 
0.7872460937499999 
0.6032617187499999 
0.6876367187499998 
0.7556054687499998 
0.6366601562499998 
0.6618554687499998 
0.4860742187499999 
0.6472070312499999 
0.8317773437499999 
0.6999414062499998 
0.8540429687499999 
0.8171289062499999 
0.8727929687499998 
0.7567773437499998 
0.6120507812499999 
0.6483789062499998 
0.7643945312499999 
0.7802148437499999 
0.6360742187499998 
0.7591210937499998 
0.7374414062499998 
0.6067773437499999 
0.6700585937499999 
0.82767578125 
0.7550195312499999 
0.48900390624999995 
0.5938867187499999 
0.4802148437499999 
0.6882226562499998 
1.00228515625 
0.5434960937499999 
0.6278710937499998 
0.8516992187499998 
0.7884179687499999 
0.5792382812499999 
0.7620507812499999 
0.5540429687499999 
0.5704492187499999 
0.5042382812499999 
0.5938867187499999 
0.6765039062499999 
0.5868554687499998 
0.6548242187499997 
0.7022851562499998 
0.6858789062499998 
0.6436914062499999 
0.5786523437499999 
0.6835351562499998 
0.7684960937499998 
0.6612695312499999 
0.6507226562499998 
0.7731835937499999 
0.6395898437499999 
0.5733789062499999 
0.6202539062499999 
0.60501953125 
0.5505273437499999 
0.6073632812499999 
0.6296289062499999 
0.7491601562499998 
0.5862695312499999 
0.5804101562499998 
0.6759179687499999 
0.8874414062499998 
0.6706445312499999 
0.49427734374999993 
0.8171289062499999 
0.6395898437499999 
0.7843164062499999 
0.6735742187499998 
0.7708398437499999 
0.7913476562499999 
0.6143945312499999 
0.49369140624999996 
0.7966210937499999 
