5 60 35 
1.2718164062500001 
1.1710351562499999 
1.20501953125 
1.24720703125 
1.23900390625 
1.0227929687500001 
0.9050195312499999 
1.31458984375 
1.2759179687500002 
1.2114648437500002 
1.06908203125 
0.7239648437499998 
1.25892578125 
1.2319726562500002 
0.8352929687499998 
1.2184960937500002 
1.05853515625 
1.1698632812499998 
1.22669921875 
1.2518945312500003 
1.24427734375 
1.2102929687500001 
1.18802734375 
0.8552148437499999 
1.29173828125 
1.24310546875 
0.93548828125 
1.2184960937500002 
1.2378320312500002 
1.25775390625 
1.21791015625 
1.09662109375 
1.2694726562500003 
1.21673828125 
1.2753320312500003 
1.2143945312500002 
1.09427734375 
1.22083984375 
0.94955078125 
1.2302148437500002 
1.28119140625 
1.25306640625 
1.24310546875 
1.2583398437500002 
1.1522851562499998 
1.15462890625 
0.9683007812500001 
1.2331445312500002 
1.2770898437500002 
1.2729882812500002 
0.97943359375 
1.19740234375 
1.09427734375 
1.19154296875 
1.22142578125 
1.07845703125 
1.17220703125 
1.2419335937500002 
1.2308007812500001 
1.2477929687500002 
0.9425195312500001 
1.2782617187500003 
1.2712304687500002 
1.32044921875 
1.22083984375 
1.2712304687500002 
1.11712890625 
1.2518945312500003 
0.8194726562499999 
0.7526757812499999 
1.08958984375 
1.2600976562500001 
1.18919921875 
1.3427148437500003 
1.06791015625 
1.0772851562499999 
1.15462890625 
1.22025390625 
1.07259765625 
1.24720703125 
0.9940820312499998 
1.17982421875 
1.2190820312500001 
1.2366601562500001 
1.21087890625 
1.2313867187500003 
1.15462890625 
1.2319726562500002 
1.2501367187500003 
1.20560546875 
1.23841796875 
1.2114648437500002 
1.0532617187500002 
0.8968164062499998 
1.2126367187500002 
1.2173242187500002 
1.22962890625 
1.02044921875 
1.2308007812500001 
1.2612695312500002 
1.0263085937500003 
1.22845703125 
1.10541015625 
0.8581445312499999 
1.22494140625 
0.9524804687499999 
1.2683007812500002 
0.9085351562499998 
1.22376953125 
1.1358789062499999 
1.13880859375 
1.2466210937500002 
1.09427734375 
1.29583984375 
1.1475976562499999 
1.08490234375 
0.9448632812500001 
0.8270898437499999 
1.19798828125 
1.18158203125 
1.2706445312500003 
1.11302734375 
0.6970117187499998 
1.3268945312500002 
1.1493554687499998 
0.97943359375 
1.0890039062499999 
0.8856835937499998 
1.0403710937500001 
1.06263671875 
0.7327539062499998 
1.12298828125 
1.08080078125 
1.2132226562500001 
1.2665429687500003 
0.9970117187499998 
0.8528710937499998 
1.2688867187500004 
1.19095703125 
1.2337304687500001 
1.2231835937500002 
1.24603515625 
1.23900390625 
1.1511132812499998 
1.08197265625 
1.2507226562500002 
1.20560546875 
1.23900390625 
1.15462890625 
1.2466210937500002 
1.2524804687500002 
1.07904296875 
1.2600976562500001 
1.0989648437500001 
1.24720703125 
1.13705078125 
1.22494140625 
1.0890039062499999 
1.2302148437500002 
0.9929101562499998 
1.2595117187500002 
1.29056640625 
1.18802734375 
1.08314453125 
1.1522851562499998 
1.22962890625 
1.22845703125 
0.9940820312499998 
1.22611328125 
1.3251367187500003 
1.2372460937500003 
1.23548828125 
1.2571679687500001 
1.31751953125 
1.2641992187500002 
0.95951171875 
1.35619140625 
1.21087890625 
0.8974023437499998 
1.11419921875 
1.22025390625 
1.0427148437500002 
1.2489648437500003 
1.06732421875 
1.21673828125 
1.11478515625 
1.3099023437500001 
1.31048828125 
1.2483789062500001 
1.25775390625 
0.6958398437499999 
1.2466210937500002 
1.06908203125 
1.2641992187500002 
1.1751367187500001 
1.26185546875 
1.2759179687500002 
1.1751367187500001 
0.7661523437499999 
1.22611328125 
