24 5 71 
1.26244140625 
1.08841796875 
1.2360742187500002 
1.2114648437500002 
1.2524804687500002 
1.0655664062499999 
1.2138085937500003 
1.22552734375 
1.22552734375 
1.22494140625 
1.19212890625 
1.2565820312500002 
1.2308007812500001 
1.0936914062499998 
1.01810546875 
1.2173242187500002 
1.2501367187500003 
1.2290429687500002 
1.1938867187500002 
1.2641992187500002 
1.2518945312500003 
1.26244140625 
1.00873046875 
1.2302148437500002 
1.21966796875 
0.8317773437499999 
0.92611328125 
1.0532617187500002 
1.19740234375 
1.2337304687500001 
0.8927148437499999 
0.7427148437499999 
1.30169921875 
0.7210351562499998 
1.2114648437500002 
1.0989648437500001 
1.2806054687500001 
1.14818359375 
0.91322265625 
1.18392578125 
1.2501367187500003 
0.8891992187499997 
1.24017578125 
1.2290429687500002 
1.2893945312500001 
1.38666015625 
1.2425195312500001 
1.17279296875 
1.23548828125 
1.25892578125 
1.2841210937500003 
1.1059960937500002 
1.2542382812500001 
1.2770898437500002 
1.28998046875 
1.09193359375 
1.22728515625 
0.9015039062499999 
1.2507226562500002 
1.29583984375 
1.0503320312500002 
0.7977929687499998 
1.2507226562500002 
1.0474023437500002 
1.22259765625 
1.07787109375 
1.0456445312500002 
0.7058007812499999 
1.0309960937500002 
1.2706445312500003 
1.0936914062499998 
1.2161523437500001 
1.2665429687500003 
1.2606835937500003 
1.2407617187500002 
0.7854882812499999 
1.10833984375 
1.0714257812499999 
1.24427734375 
1.1247460937500002 
1.2132226562500001 
1.10248046875 
1.24017578125 
0.7087304687499998 
1.22669921875 
1.2729882812500002 
1.2143945312500002 
1.2302148437500002 
1.2495507812500002 
1.0186914062499999 
0.5944726562499999 
1.2190820312500001 
0.9618554687499999 
1.26185546875 
1.2741601562500002 
1.22611328125 
1.11361328125 
1.15462890625 
1.22142578125 
1.2724023437500003 
1.22083984375 
1.2114648437500002 
1.2565820312500002 
1.24603515625 
1.2331445312500002 
1.03275390625 
1.3099023437500001 
1.31458984375 
1.2718164062500001 
0.9940820312499998 
1.2718164062500001 
1.1886132812499999 
1.24017578125 
1.0450585937500003 
1.24486328125 
1.18685546875 
0.9893945312499999 
1.22728515625 
1.2694726562500003 
1.30111328125 
0.7298242187499997 
0.8593164062499998 
1.14232421875 
1.2425195312500001 
1.1464257812499998 
0.8868554687499998 
1.28705078125 
0.92552734375 
1.38431640625 
1.04798828125 
0.8177148437499999 
1.31869140625 
0.7421289062499998 
1.15990234375 
1.08666015625 
1.09779296875 
1.15287109375 
0.8722070312499999 
1.07787109375 
0.9981835937499999 
1.22494140625 
1.2231835937500002 
1.24369140625 
1.2688867187500004 
1.10658203125 
1.22025390625 
1.22611328125 
1.02748046875 
1.2923242187500001 
1.23841796875 
1.2313867187500003 
1.06498046875 
1.03744140625 
1.08490234375 
1.2659570312500001 
1.1751367187500001 
1.09603515625 
0.8634179687499999 
0.9870507812499999 
0.8253320312499999 
1.01166015625 
1.2595117187500002 
1.33802734375 
1.22669921875 
1.22669921875 
1.3169335937500002 
0.9419335937500001 
1.0936914062499998 
0.6706445312499999 
1.29291015625 
1.20033203125 
1.00990234375 
1.3438867187500003 
0.9390039062500001 
1.21791015625 
0.8587304687499998 
1.2700585937500004 
1.37083984375 
1.3333398437500001 
1.12591796875 
1.2231835937500002 
1.2325585937500003 
0.8059960937499998 
1.13763671875 
1.24603515625 
1.21673828125 
1.20384765625 
1.20267578125 
1.2308007812500001 
1.10658203125 
1.1522851562499998 
1.30345703125 
1.17982421875 
1.22142578125 
1.2302148437500002 
0.9266992187499999 
0.7954492187499999 
1.2061914062499999 
1.2173242187500002 
1.0438867187500003 
