10 60 30 
0.7362695312499998 
1.07962890625 
0.8821679687499998 
0.5974023437499999 
1.01283203125 
1.17689453125 
0.7972070312499999 
0.94134765625 
0.8265039062499999 
0.82767578125 
0.6565820312499998 
0.7286523437499998 
1.21498046875 
0.94544921875 
0.9911523437499998 
0.94427734375 
0.7714257812499999 
1.19916015625 
0.8481835937499999 
0.8229882812499999 
0.6571679687499998 
1.10248046875 
0.8112695312499999 
0.92083984375 
0.7022851562499998 
1.0315820312500001 
0.7421289062499998 
1.0298242187500002 
0.8200585937499999 
0.7608789062499999 
1.27650390625 
0.8054101562499998 
0.7468164062499998 
0.93255859375 
1.1059960937500002 
1.2220117187500001 
1.2114648437500002 
0.6302148437499999 
0.8763085937499998 
0.7556054687499998 
0.98470703125 
0.7825585937499999 
1.23841796875 
0.9050195312499999 
1.01576171875 
1.0433007812500001 
1.2349023437500002 
0.8698632812499999 
1.22083984375 
0.7462304687499998 
0.91673828125 
0.8282617187499999 
1.18041015625 
1.11419921875 
1.2583398437500002 
0.7450585937499998 
0.7802148437499999 
0.6929101562499997 
0.8704492187499998 
1.2319726562500002 
0.7304101562499997 
0.8663476562499999 
0.7725976562499999 
0.7474023437499998 
1.22552734375 
0.45970703124999995 
1.15169921875 
0.8786523437499998 
1.04095703125 
1.24134765625 
0.6208398437499999 
0.7936914062499999 
0.7274804687499997 
0.9425195312500001 
1.29525390625 
0.8850976562499998 
0.8763085937499998 
1.2477929687500002 
0.8891992187499997 
1.21498046875 
1.11419921875 
0.6958398437499999 
0.9940820312499998 
1.2302148437500002 
1.09251953125 
0.7081445312499999 
0.7011132812499998 
0.5733789062499999 
0.7391992187499997 
1.21556640625 
0.8136132812499999 
1.10365234375 
0.7239648437499998 
0.8516992187499998 
0.8259179687499999 
0.8886132812499998 
0.7755273437499999 
1.07318359375 
1.1997460937500002 
0.7561914062499998 
0.7380273437499998 
0.8511132812499999 
0.8423242187499997 
0.8563867187499998 
1.03275390625 
1.06732421875 
0.9530664062499999 
1.07376953125 
0.8259179687499999 
0.7327539062499998 
0.7954492187499999 
0.9524804687499999 
1.02748046875 
0.92845703125 
1.05736328125 
1.15990234375 
0.98177734375 
0.8991601562499998 
0.91029296875 
0.7667382812499999 
0.9770898437500001 
0.7222070312499999 
0.8253320312499999 
0.8979882812499999 
0.7362695312499998 
1.01634765625 
1.24427734375 
1.08490234375 
1.03861328125 
1.29583984375 
0.9085351562499998 
0.92962890625 
1.11595703125 
1.23548828125 
1.0772851562499999 
0.7983789062499999 
0.8938867187499998 
1.00052734375 
0.94427734375 
1.10775390625 
0.9683007812500001 
0.96947265625 
0.9079492187499998 
0.8669335937499999 
1.00404296875 
0.8675195312499999 
1.05677734375 
1.21556640625 
0.8440820312499998 
0.8505273437499998 
1.2313867187500003 
0.5991601562499999 
0.6038476562499999 
0.9073632812499999 
1.17162109375 
0.8036523437499998 
1.22083984375 
0.93666015625 
0.6718164062499998 
0.8927148437499999 
0.8065820312499998 
0.9893945312499999 
0.8575585937499999 
0.6964257812499999 
0.7561914062499998 
0.8335351562499999 
0.95072265625 
1.2776757812500001 
0.98470703125 
1.24720703125 
1.17923828125 
1.2313867187500003 
0.7415429687499998 
0.8493554687499998 
0.8030664062499998 
0.97591796875 
1.16048828125 
1.0813867187500001 
0.7134179687499999 
1.08783203125 
0.7145898437499999 
1.2659570312500001 
1.2173242187500002 
0.9214257812500001 
0.6612695312499999 
0.92318359375 
1.14115234375 
0.6290429687499999 
1.05560546875 
0.8434960937499998 
1.02806640625 
1.22259765625 
0.8288476562499999 
1.11009765625 
0.7661523437499999 
1.2161523437500001 
0.96302734375 
0.8640039062499999 
1.29876953125 
0.8241601562499998 
