21 60 19 
0.8516992187499998 
0.7022851562499998 
0.8165429687499999 
0.8212304687499998 
0.9050195312499999 
0.8979882812499999 
0.7268945312499998 
0.6179101562499998 
0.7263085937499998 
0.7298242187499997 
0.6559960937499998 
0.6419335937499999 
0.7608789062499999 
0.5681054687499999 
0.6354882812499999 
0.8669335937499999 
0.91322265625 
0.5487695312499999 
0.7585351562499998 
0.7550195312499999 
0.7643945312499999 
0.8786523437499998 
0.7638085937499999 
0.8411523437499998 
0.6331445312499999 
0.7350976562499998 
0.7638085937499999 
1.06966796875 
0.6495507812499999 
0.5604882812499999 
0.6460351562499999 
0.6067773437499999 
0.6448632812499999 
0.9179101562499999 
0.9079492187499998 
0.6067773437499999 
0.6214257812499999 
0.7444726562499998 
0.53236328125 
0.7333398437499998 
0.8739648437499998 
0.8323632812499999 
0.6003320312499999 
0.5604882812499999 
0.7169335937499999 
0.6237695312499999 
0.8751367187499998 
0.6940820312499998 
0.7643945312499999 
0.9308007812500001 
0.6073632812499999 
0.7040429687499998 
0.78080078125 
0.6823632812499999 
0.8235742187499998 
0.8329492187499998 
0.8229882812499999 
0.6888085937499998 
0.7198632812499999 
0.5616601562499999 
0.8534570312499998 
0.7532617187499998 
0.55521484375 
0.6513085937499998 
0.7075585937499999 
0.8048242187499998 
0.6823632812499999 
0.6759179687499999 
0.8534570312499998 
0.7468164062499998 
0.8030664062499998 
0.6700585937499999 
0.6073632812499999 
0.8528710937499998 
0.8458398437499999 
0.6735742187499998 
0.7878320312499999 
0.8446679687499998 
0.7661523437499999 
1.20794921875 
0.6659570312499998 
0.7995507812499999 
0.7186914062499998 
0.7755273437499999 
0.8306054687499999 
0.6899804687499997 
0.7620507812499999 
0.6841210937499999 
0.6501367187499998 
0.6630273437499998 
0.8856835937499998 
0.6899804687499997 
0.7626367187499998 
0.8886132812499998 
0.7157617187499998 
0.43919921874999995 
0.6243554687499998 
0.7614648437499999 
0.6999414062499998 
0.6841210937499999 
0.8827539062499998 
0.92083984375 
0.7673242187499998 
0.92552734375 
0.79251953125 
0.5768945312499999 
0.51712890625 
0.6003320312499999 
0.7362695312499998 
0.6688867187499998 
0.7456445312499999 
1.0063867187500002 
0.5798242187499998 
0.7128320312499998 
0.7626367187499998 
0.9079492187499998 
0.8927148437499999 
0.7655664062499998 
0.7849023437499999 
0.5622460937499999 
0.7679101562499998 
0.8716210937499999 
0.9091210937499998 
0.6354882812499999 
0.6378320312499999 
0.7286523437499998 
0.6911523437499998 
0.6079492187499999 
0.9091210937499998 
0.7433007812499999 
0.8979882812499999 
0.6811914062499999 
0.8827539062499998 
0.7503320312499998 
0.64017578125 
0.9425195312500001 
0.7450585937499998 
0.6864648437499998 
0.6091210937499999 
0.6483789062499998 
0.7321679687499998 
0.47669921874999993 
0.7433007812499999 
0.8622460937499998 
0.7450585937499998 
0.56986328125 
0.6694726562499999 
0.5282617187499999 
0.7602929687499999 
0.7632226562499999 
0.8124414062499998 
0.9331445312500001 
0.6454492187499998 
0.7667382812499999 
0.7714257812499999 
0.91615234375 
0.6788476562499999 
1.0309960937500002 
0.7081445312499999 
0.8645898437499999 
0.6841210937499999 
0.8798242187499997 
0.8130273437499999 
0.91029296875 
0.5809960937499998 
0.45501953124999994 
0.6272851562499998 
0.6788476562499999 
0.6419335937499999 
0.6255273437499999 
0.7169335937499999 
0.5382226562499999 
0.78080078125 
0.6565820312499998 
0.4673242187499999 
0.7403710937499998 
0.8757226562499998 
0.6419335937499999 
0.7608789062499999 
0.5903710937499999 
0.8393945312499999 
0.6929101562499997 
0.96244140625 
0.8452539062499999 
0.7175195312499999 
0.6208398437499999 
0.6143945312499999 
0.6888085937499998 
0.7391992187499997 
0.7942773437499999 
0.7263085937499998 
0.7409570312499998 
0.8681054687499998 
1.0544335937500002 
0.7245507812499998 
0.6442773437499999 
0.7561914062499998 
0.7720117187499999 
0.5862695312499999 
0.8147851562499998 
