24 60 16 
0.6284570312499999 
0.7479882812499998 
0.6419335937499999 
0.5751367187499998 
0.6436914062499999 
0.8229882812499999 
0.6741601562499998 
0.7931054687499999 
0.56517578125 
0.7778710937499999 
0.7585351562499998 
0.6659570312499998 
1.04798828125 
0.8405664062499998 
0.45970703124999995 
0.7485742187499997 
0.6565820312499998 
0.6220117187499998 
0.7298242187499997 
0.79251953125 
0.7655664062499998 
0.7720117187499999 
0.7597070312499998 
0.7772851562499998 
0.7140039062499999 
0.55580078125 
0.7011132812499998 
0.7198632812499999 
0.8634179687499999 
0.6548242187499997 
0.39642578125 
0.7016992187499997 
0.6542382812499998 
0.6489648437499999 
0.6729882812499999 
0.6466210937499999 
1.01166015625 
0.8815820312499998 
0.7509179687499998 
0.7151757812499999 
0.6993554687499998 
0.8751367187499998 
0.7936914062499999 
0.6302148437499999 
0.8493554687499998 
0.6571679687499998 
0.7638085937499999 
0.6155664062499998 
0.6911523437499998 
0.7684960937499998 
0.6243554687499998 
0.94662109375 
0.7011132812499998 
1.0462304687500001 
0.5862695312499999 
0.6735742187499998 
0.7708398437499999 
0.6847070312499999 
0.5575585937499999 
0.7292382812499998 
0.7708398437499999 
0.8399804687499998 
0.6255273437499999 
0.9929101562499998 
0.9946679687499999 
0.5827539062499999 
0.7784570312499999 
0.6952539062499998 
0.7245507812499998 
0.6946679687499998 
0.9067773437499999 
0.6003320312499999 
0.79251953125 
1.10892578125 
0.93490234375 
0.8745507812499999 
0.6390039062499999 
0.6501367187499998 
0.6354882812499999 
0.6360742187499998 
0.7368554687499997 
0.6975976562499998 
0.6331445312499999 
0.94134765625 
0.5921289062499999 
0.5950585937499999 
0.6571679687499998 
0.7304101562499997 
0.97650390625 
0.6190820312499998 
0.6255273437499999 
0.7251367187499997 
0.7333398437499998 
0.8001367187499998 
0.93666015625 
0.6360742187499998 
1.0309960937500002 
0.95892578125 
0.7813867187499999 
0.7216210937499998 
0.8487695312499999 
0.8452539062499999 
0.7837304687499999 
0.7696679687499999 
0.8915429687499998 
0.7421289062499998 
0.6272851562499998 
0.6712304687499998 
0.6589257812499999 
0.8106835937499999 
0.6284570312499999 
0.5991601562499999 
0.6003320312499999 
0.4907617187499999 
0.7268945312499998 
0.9214257812500001 
0.7309960937499997 
0.7890039062499999 
0.7819726562499999 
0.6091210937499999 
0.6706445312499999 
0.4690820312499999 
0.6835351562499998 
0.5874414062499999 
0.96888671875 
0.7175195312499999 
0.7046289062499999 
0.5376367187499999 
0.7497460937499998 
0.7679101562499998 
0.7684960937499998 
0.6841210937499999 
0.8013085937499999 
0.6091210937499999 
0.6536523437499998 
0.5106835937499999 
1.1698632812499998 
0.53177734375 
0.7989648437499999 
0.7714257812499999 
0.6337304687499998 
0.7579492187499998 
0.7491601562499998 
1.00873046875 
0.48548828124999993 
0.8306054687499999 
0.7380273437499998 
0.7263085937499998 
0.6366601562499998 
0.6085351562499999 
0.8194726562499999 
0.7796289062499999 
0.7421289062499998 
0.7890039062499999 
0.6097070312499999 
0.6876367187499998 
0.8552148437499999 
0.5159570312499999 
0.47611328124999996 
0.6460351562499999 
0.6108789062499999 
0.7315820312499998 
0.6677148437499999 
0.50833984375 
0.5745507812499999 
0.7421289062499998 
0.9097070312499999 
1.01810546875 
0.7198632812499999 
0.6981835937499998 
0.7983789062499999 
0.8171289062499999 
0.6970117187499998 
0.6466210937499999 
0.6911523437499998 
0.7222070312499999 
0.5235742187499999 
0.93666015625 
1.06673828125 
0.7321679687499998 
0.7216210937499998 
0.47962890624999993 
0.7380273437499998 
0.6308007812499999 
0.5792382812499999 
0.7063867187499998 
0.6308007812499999 
0.5686914062499999 
0.51712890625 
0.9214257812500001 
0.6138085937499999 
0.6606835937499999 
0.8815820312499998 
0.8341210937499999 
0.97591796875 
0.9020898437499999 
0.6870507812499999 
0.7556054687499998 
0.6847070312499999 
0.6934960937499998 
