31 60 9 
0.6354882812499999 
0.6161523437499998 
0.6776757812499999 
0.7175195312499999 
0.7620507812499999 
0.8891992187499997 
0.48900390624999995 
0.6032617187499999 
0.5212304687499999 
0.8634179687499999 
0.6161523437499998 
0.6308007812499999 
0.6770898437499999 
0.8434960937499998 
0.5393945312499999 
0.7444726562499998 
1.1224023437500001 
0.43509765624999996 
0.7069726562499998 
0.6214257812499999 
0.6472070312499999 
0.7093164062499998 
0.6753320312499999 
0.6454492187499998 
0.6097070312499999 
0.6782617187499999 
0.47435546874999995 
1.01400390625 
0.7339257812499999 
0.5979882812499999 
0.7093164062499998 
0.6718164062499998 
0.8710351562499998 
0.5862695312499999 
0.46087890624999994 
0.47259765624999994 
0.6829492187499998 
0.6659570312499998 
0.8569726562499999 
0.6343164062499999 
0.5845117187499999 
0.7028710937499998 
0.6225976562499999 
0.6073632812499999 
0.7825585937499999 
0.7860742187499998 
0.6325585937499999 
0.6261132812499999 
0.6770898437499999 
0.5481835937499999 
0.6079492187499999 
0.8827539062499998 
0.6085351562499999 
0.8839257812499999 
0.5253320312499999 
0.5587304687499999 
0.7626367187499998 
0.7151757812499999 
0.7368554687499997 
0.7954492187499999 
0.7983789062499999 
0.4778710937499999 
0.49720703124999993 
0.6759179687499999 
0.6800195312499999 
0.6776757812499999 
0.6765039062499999 
0.7093164062499998 
0.8388085937499998 
0.7614648437499999 
0.4690820312499999 
0.9097070312499999 
0.5516992187499998 
0.5704492187499999 
0.6413476562499999 
0.6114648437499999 
0.5974023437499999 
0.7339257812499999 
0.6190820312499998 
0.5985742187499998 
0.5780664062499998 
0.7743554687499998 
0.5921289062499999 
0.5944726562499999 
0.8522851562499998 
0.8464257812499999 
0.6888085937499998 
0.5839257812499999 
1.04095703125 
0.6724023437499999 
0.8727929687499998 
0.7110742187499998 
0.6208398437499999 
0.7866601562499999 
0.6407617187499999 
0.7661523437499999 
0.6811914062499999 
0.6284570312499999 
0.7333398437499998 
0.6600976562499998 
0.7433007812499999 
0.5429101562499998 
0.6882226562499998 
0.7538476562499998 
0.7292382812499998 
0.6360742187499998 
0.8604882812499999 
0.8370507812499999 
0.6161523437499998 
0.55580078125 
0.6419335937499999 
0.78958984375 
0.6659570312499998 
0.7520898437499999 
0.6120507812499999 
0.4895898437499999 
0.6466210937499999 
0.6331445312499999 
0.5364648437499999 
0.5429101562499998 
0.6782617187499999 
0.7608789062499999 
0.8487695312499999 
0.5733789062499999 
0.5780664062499998 
0.5991601562499999 
0.6313867187499999 
0.5352929687499999 
0.6829492187499998 
0.5833398437499999 
0.93666015625 
0.6577539062499999 
0.7204492187499998 
0.7696679687499999 
0.6911523437499998 
0.6442773437499999 
0.6823632812499999 
0.8698632812499999 
0.53236328125 
0.53177734375 
0.79017578125 
0.6472070312499999 
0.7315820312499998 
1.1651757812499999 
0.8013085937499999 
0.6061914062499999 
0.7966210937499999 
0.6888085937499998 
0.6073632812499999 
0.7491601562499998 
0.52708984375 
0.5856835937499999 
0.6888085937499998 
0.5968164062499999 
0.6911523437499998 
0.44798828124999995 
0.6911523437499998 
0.5440820312499999 
0.7397851562499997 
0.8393945312499999 
0.7333398437499998 
0.7081445312499999 
0.5458398437499999 
0.7011132812499998 
0.6056054687499999 
0.6513085937499998 
0.8188867187499999 
0.6466210937499999 
0.6413476562499999 
0.6759179687499999 
0.5470117187499999 
0.7309960937499997 
1.1013085937500002 
0.8891992187499997 
0.6964257812499999 
0.7198632812499999 
0.8141992187499998 
0.7638085937499999 
0.7116601562499998 
0.6243554687499998 
0.7772851562499998 
0.5376367187499999 
0.7397851562499997 
0.7649804687499998 
0.7415429687499998 
0.6202539062499999 
0.6015039062499999 
0.6290429687499999 
0.6208398437499999 
0.5657617187499999 
0.7649804687499998 
0.6261132812499999 
0.6583398437499999 
0.7099023437499998 
0.6442773437499999 
0.7673242187499998 
0.8177148437499999 
0.52650390625 
0.8018945312499999 
0.6612695312499999 
