38 60 2 
0.6735742187499998 
0.54642578125 
0.6600976562499998 
0.7163476562499999 
0.8692773437499999 
0.8581445312499999 
0.49369140624999996 
0.5399804687499998 
0.5522851562499999 
0.7415429687499998 
0.6606835937499999 
0.6759179687499999 
0.6993554687499998 
0.39291015625 
0.7497460937499998 
0.7350976562499998 
0.6536523437499998 
0.6360742187499998 
0.6934960937499998 
0.9331445312500001 
0.5874414062499999 
0.6589257812499999 
0.4808007812499999 
0.6161523437499998 
0.6038476562499999 
0.7304101562499997 
0.5985742187499998 
0.6272851562499998 
0.5100976562499999 
0.5856835937499999 
0.7737695312499999 
0.8159570312499999 
0.6384179687499999 
0.6911523437499998 
0.7315820312499998 
0.6636132812499999 
0.5358789062499999 
0.7186914062499998 
0.7022851562499998 
0.7960351562499999 
0.91908203125 
0.39349609374999994 
0.7649804687499998 
0.40990234374999995 
0.5757226562499999 
0.6349023437499999 
0.6249414062499998 
0.6483789062499998 
0.6454492187499998 
0.6108789062499999 
0.52064453125 
0.6735742187499998 
0.5481835937499999 
0.5809960937499998 
0.45912109374999993 
0.6806054687499998 
0.6724023437499999 
0.6196679687499999 
0.45794921874999994 
0.6413476562499999 
0.6507226562499998 
0.7526757812499999 
0.5821679687499999 
0.5956445312499999 
0.43568359374999993 
0.7380273437499998 
0.5628320312499999 
0.7134179687499999 
0.5897851562499998 
0.8007226562499998 
0.6829492187499998 
0.7298242187499997 
0.8405664062499998 
0.5886132812499999 
0.5804101562499998 
0.7157617187499998 
0.4778710937499999 
0.5938867187499999 
0.6477929687499998 
0.55521484375 
0.79251953125 
0.5821679687499999 
0.7011132812499998 
0.7854882812499999 
0.6882226562499998 
0.4989648437499999 
0.41693359374999994 
0.8540429687499999 
0.6331445312499999 
0.49134765624999993 
0.5891992187499998 
0.8534570312499998 
0.5001367187499999 
0.6964257812499999 
0.7116601562499998 
0.6852929687499998 
0.6325585937499999 
0.6349023437499999 
0.6636132812499999 
0.6612695312499999 
0.6143945312499999 
0.5282617187499999 
0.8405664062499998 
0.6829492187499998 
0.5399804687499998 
0.56751953125 
0.7034570312499998 
0.6208398437499999 
0.8323632812499999 
0.6665429687499999 
0.5546289062499999 
0.53177734375 
0.6554101562499998 
0.51830078125 
0.5599023437499999 
0.4802148437499999 
0.6143945312499999 
0.6278710937499998 
0.6032617187499999 
0.7122460937499998 
0.6225976562499999 
0.6694726562499999 
0.6448632812499999 
0.6126367187499998 
0.9993554687499997 
0.6618554687499998 
0.7708398437499999 
0.5352929687499999 
0.50892578125 
0.5850976562499999 
0.6360742187499998 
0.8218164062499999 
0.6202539062499999 
0.95833984375 
0.5827539062499999 
0.6724023437499999 
0.7216210937499998 
0.7151757812499999 
0.7591210937499998 
0.8751367187499998 
0.6823632812499999 
0.52884765625 
0.4673242187499999 
0.6671289062499999 
0.6940820312499998 
0.7772851562499998 
0.5054101562499999 
0.7421289062499998 
0.6741601562499998 
0.8247460937499999 
0.6765039062499999 
0.7028710937499998 
0.6659570312499998 
0.6852929687499998 
0.56693359375 
0.5235742187499999 
0.52591796875 
0.7005273437499998 
0.5868554687499998 
0.7825585937499999 
0.5475976562499999 
0.5880273437499999 
0.5095117187499999 
0.4632226562499999 
0.5763085937499999 
0.6677148437499999 
0.5821679687499999 
0.4263085937499999 
0.8446679687499998 
0.6489648437499999 
0.7731835937499999 
0.7860742187499998 
0.5815820312499999 
0.9173242187499999 
0.5909570312499999 
0.49134765624999993 
0.6489648437499999 
0.79017578125 
0.7784570312499999 
0.6794335937499999 
0.6097070312499999 
0.6378320312499999 
0.5956445312499999 
0.6085351562499999 
0.7128320312499998 
0.7614648437499999 
0.7532617187499998 
0.5733789062499999 
0.8470117187499998 
0.53470703125 
0.6829492187499998 
0.7052148437499999 
0.5956445312499999 
0.8956445312499999 
0.6349023437499999 
0.5059960937499999 
0.6518945312499999 
0.6893945312499998 
0.8774804687499997 
0.6349023437499999 
