3 61 36 
1.3421289062500001 
1.29642578125 
1.2735742187500003 
1.24720703125 
1.3122460937500002 
1.2724023437500003 
1.3040429687500001 
1.2595117187500002 
1.2349023437500002 
1.21087890625 
1.2571679687500001 
1.29759765625 
1.30228515625 
1.3110742187500002 
1.28822265625 
1.2923242187500001 
1.3263085937500003 
1.33861328125 
1.32806640625 
1.28119140625 
1.30345703125 
1.2665429687500003 
1.31634765625 
1.2641992187500002 
1.2724023437500003 
1.3450585937500004 
1.2712304687500002 
1.3216210937500001 
1.30228515625 
1.24310546875 
1.17865234375 
1.28998046875 
1.23431640625 
1.2595117187500002 
1.31341796875 
1.28705078125 
1.31751953125 
1.2829492187500002 
1.2612695312500002 
1.33392578125 
1.29408203125 
1.28705078125 
1.38958984375 
1.3157617187500001 
1.3052148437500002 
1.31927734375 
1.2489648437500003 
1.2981835937500001 
1.31166015625 
1.22552734375 
1.29759765625 
1.3356835937500002 
1.24603515625 
1.3474023437500002 
1.30111328125 
1.2835351562500001 
1.30228515625 
1.2747460937500004 
1.3075585937500003 
1.23841796875 
1.29583984375 
1.32806640625 
1.31400390625 
1.31634765625 
1.2138085937500003 
1.24017578125 
1.22376953125 
1.25892578125 
1.29642578125 
1.29056640625 
1.2612695312500002 
1.2923242187500001 
1.2612695312500002 
1.26478515625 
1.2595117187500002 
1.3362695312500001 
1.33802734375 
1.31517578125 
1.36673828125 
1.32103515625 
1.2665429687500003 
1.2700585937500004 
1.29935546875 
1.2407617187500002 
1.3239648437500002 
1.2554101562500002 
1.2817773437500002 
1.30873046875 
1.37259765625 
1.2290429687500002 
1.2677148437500003 
1.2489648437500003 
1.26185546875 
1.2683007812500002 
1.3245507812500001 
1.29583984375 
1.28236328125 
1.31986328125 
1.30052734375 
1.28119140625 
1.2700585937500004 
1.33802734375 
1.29115234375 
1.3227929687500002 
1.25775390625 
1.29056640625 
1.30580078125 
1.25306640625 
1.18041015625 
1.33509765625 
1.28587890625 
1.3315820312500002 
1.3520898437500002 
1.3263085937500003 
1.17455078125 
1.33978515625 
1.29759765625 
1.2706445312500003 
1.33275390625 
1.29876953125 
1.3825585937500002 
1.28236328125 
1.30287109375 
1.2753320312500003 
1.28119140625 
1.32044921875 
1.30580078125 
1.33744140625 
1.3362695312500001 
1.3075585937500003 
1.2559960937500003 
1.2683007812500002 
1.41302734375 
1.33685546875 
1.2729882812500002 
1.2653710937500002 
1.28705078125 
1.2571679687500001 
1.24720703125 
1.29583984375 
1.3550195312500002 
1.3245507812500001 
1.3362695312500001 
1.30052734375 
1.21205078125 
1.33216796875 
1.16693359375 
1.2360742187500002 
1.28529296875 
1.2706445312500003 
1.3550195312500002 
1.32044921875 
1.25892578125 
1.30580078125 
1.3169335937500002 
1.2999414062499999 
1.24310546875 
1.2595117187500002 
1.2542382812500001 
1.33509765625 
1.2923242187500001 
1.2712304687500002 
1.31986328125 
1.2407617187500002 
1.26185546875 
1.3304101562500001 
1.2583398437500002 
1.3169335937500002 
1.22083984375 
1.2923242187500001 
1.29173828125 
1.2507226562500002 
1.28529296875 
1.3503320312500002 
1.28119140625 
1.2677148437500003 
1.30462890625 
1.28529296875 
1.3157617187500001 
1.2583398437500002 
1.2278710937500001 
1.3421289062500001 
1.31400390625 
1.2782617187500003 
1.28236328125 
1.2934960937500002 
1.2753320312500003 
1.2841210937500003 
1.28998046875 
1.28119140625 
1.3438867187500003 
1.31634765625 
1.3157617187500001 
1.33509765625 
1.29642578125 
1.3315820312500002 
1.3251367187500003 
1.3245507812500001 
1.2677148437500003 
1.2729882812500002 
