12 61 27 
0.93431640625 
1.08666015625 
0.8388085937499998 
0.8001367187499998 
0.8429101562499998 
0.91146484375 
0.9530664062499999 
0.8704492187499998 
0.8300195312499999 
0.7479882812499998 
0.8622460937499998 
0.94134765625 
0.8475976562499998 
0.8634179687499999 
0.6735742187499998 
0.8927148437499999 
0.8030664062499998 
0.9091210937499998 
0.8112695312499999 
0.8815820312499998 
0.7403710937499998 
0.7708398437499999 
0.7995507812499999 
1.2102929687500001 
1.08958984375 
0.8042382812499999 
0.8030664062499998 
1.1681054687499999 
0.8446679687499998 
0.9085351562499998 
0.8364648437499999 
0.7380273437499998 
0.6641992187499998 
0.9050195312499999 
0.6495507812499999 
0.98353515625 
0.93431640625 
0.8681054687499998 
0.8868554687499998 
1.11419921875 
0.94955078125 
0.7790429687499999 
0.8593164062499998 
0.91615234375 
0.5686914062499999 
0.8364648437499999 
0.94369140625 
0.7239648437499998 
0.7556054687499998 
0.9893945312499999 
0.56986328125 
0.8897851562499998 
0.7989648437499999 
0.8423242187499997 
0.97474609375 
1.19798828125 
0.8183007812499999 
0.8845117187499998 
0.5991601562499999 
0.93841796875 
1.16224609375 
0.8054101562499998 
1.0263085937500003 
1.2706445312500003 
1.01634765625 
1.2817773437500002 
0.6794335937499999 
0.6893945312499998 
0.92494140625 
0.8968164062499998 
0.8704492187499998 
1.13119140625 
0.8300195312499999 
1.17279296875 
1.16751953125 
0.5921289062499999 
0.6413476562499999 
1.03744140625 
1.22435546875 
0.7462304687499998 
0.7731835937499999 
0.93431640625 
0.8921289062499999 
0.6190820312499998 
1.1927148437500001 
0.97181640625 
1.22728515625 
1.2132226562500001 
0.8352929687499998 
1.21205078125 
0.9308007812500001 
0.6765039062499999 
0.5821679687499999 
0.7268945312499998 
1.2325585937500003 
1.15462890625 
0.7936914062499999 
0.92025390625 
0.8821679687499998 
1.0491601562500001 
1.11419921875 
0.92259765625 
0.8106835937499999 
0.6817773437499999 
1.01341796875 
0.6770898437499999 
0.5868554687499998 
0.8610742187499998 
1.05853515625 
1.17044921875 
0.96009765625 
0.8516992187499998 
1.24603515625 
0.8704492187499998 
0.8018945312499999 
1.1475976562499999 
1.0268945312500002 
0.9425195312500001 
0.94837890625 
0.6589257812499999 
0.7755273437499999 
0.8188867187499999 
0.6313867187499999 
0.8018945312499999 
0.8124414062499998 
0.8610742187499998 
1.07845703125 
0.9425195312500001 
1.01751953125 
0.7028710937499998 
0.8106835937499999 
1.00931640625 
0.8558007812499999 
1.01341796875 
0.7573632812499999 
0.9214257812500001 
1.01810546875 
0.8171289062499999 
0.7456445312499999 
0.7427148437499999 
1.2302148437500002 
0.96361328125 
0.8329492187499998 
0.7028710937499998 
0.7843164062499999 
0.6284570312499999 
0.95130859375 
0.97474609375 
1.1505273437499999 
1.05091796875 
0.6770898437499999 
0.7761132812499999 
0.8007226562499998 
0.9530664062499999 
0.7802148437499999 
0.8774804687499997 
1.20091796875 
0.92376953125 
0.94896484375 
0.8458398437499999 
0.6138085937499999 
0.7087304687499998 
0.8757226562499998 
0.8786523437499998 
1.02044921875 
0.7192773437499999 
0.92845703125 
0.7362695312499998 
0.94662109375 
0.7702539062499999 
0.9091210937499998 
0.92259765625 
0.7397851562499997 
0.8452539062499999 
0.9999414062499997 
0.9050195312499999 
0.8698632812499999 
0.8634179687499999 
0.6800195312499999 
0.7872460937499999 
0.8774804687499997 
0.8909570312499998 
1.00697265625 
0.8634179687499999 
0.9800195312500001 
0.9929101562499998 
0.8815820312499998 
1.1698632812499998 
0.8739648437499998 
0.6507226562499998 
1.26185546875 
0.6765039062499999 
1.04095703125 
0.8106835937499999 
0.6448632812499999 
1.2061914062499999 
0.7702539062499999 
0.7245507812499998 
0.7456445312499999 
0.94955078125 
