18 61 21 
0.9091210937499998 
0.6571679687499998 
1.06439453125 
0.94603515625 
0.8909570312499998 
0.7936914062499999 
0.8165429687499999 
1.0052148437500001 
0.8604882812499999 
0.7093164062499998 
0.6788476562499999 
1.20794921875 
0.7257226562499998 
0.7620507812499999 
1.02337890625 
0.9882226562499998 
1.0591210937500002 
1.06205078125 
0.7145898437499999 
0.6354882812499999 
0.8593164062499998 
0.7960351562499999 
0.7403710937499998 
0.6741601562499998 
0.6015039062499999 
1.12416015625 
1.08197265625 
0.8042382812499999 
0.7222070312499999 
0.8528710937499998 
0.8974023437499998 
0.94076171875 
0.8388085937499998 
1.06087890625 
0.6946679687499998 
0.95423828125 
0.7942773437499999 
0.96537109375 
0.6952539062499998 
0.6946679687499998 
0.6911523437499998 
0.8376367187499998 
0.54642578125 
0.8710351562499998 
0.5856835937499999 
0.6120507812499999 
0.7819726562499999 
1.06673828125 
1.08373046875 
0.78958984375 
0.7913476562499999 
0.7766992187499998 
0.7321679687499998 
0.6665429687499999 
0.7755273437499999 
0.8809960937499998 
0.8165429687499999 
0.7140039062499999 
0.8054101562499998 
0.6425195312499999 
0.7690820312499999 
0.6278710937499998 
0.7626367187499998 
0.94955078125 
0.7456445312499999 
0.8446679687499998 
0.41400390625 
0.7063867187499998 
0.9073632812499999 
0.6425195312499999 
1.10248046875 
0.9923242187499998 
0.7093164062499998 
0.5938867187499999 
0.6448632812499999 
0.7649804687499998 
1.01517578125 
0.91146484375 
0.92787109375 
1.08021484375 
0.7081445312499999 
0.92376953125 
0.8792382812499998 
0.7052148437499999 
0.8054101562499998 
0.5429101562499998 
0.5458398437499999 
0.8915429687499998 
0.7931054687499999 
1.3304101562500001 
0.8429101562499998 
0.7825585937499999 
0.52884765625 
0.54642578125 
0.7860742187499998 
0.8862695312499999 
0.8569726562499999 
1.09779296875 
0.9091210937499998 
0.7210351562499998 
0.8786523437499998 
0.7714257812499999 
0.8200585937499999 
0.6934960937499998 
0.8751367187499998 
0.8347070312499999 
0.8528710937499998 
0.7374414062499998 
0.7450585937499998 
0.8265039062499999 
0.78958984375 
0.59330078125 
0.92025390625 
0.5786523437499999 
0.9085351562499998 
0.7227929687499998 
0.9923242187499998 
0.6577539062499999 
0.8229882812499999 
1.0702539062499998 
0.7526757812499999 
0.8071679687499999 
0.6852929687499998 
0.6636132812499999 
0.7274804687499997 
0.97474609375 
0.6067773437499999 
0.5681054687499999 
0.51830078125 
0.6454492187499998 
1.0743554687499999 
0.96302734375 
0.8218164062499999 
0.7286523437499998 
0.7878320312499999 
0.5622460937499999 
0.8921289062499999 
0.6108789062499999 
1.0268945312500002 
0.8311914062499999 
0.8200585937499999 
0.8042382812499999 
0.6641992187499998 
1.01986328125 
0.6536523437499998 
0.6618554687499998 
0.7058007812499999 
0.6565820312499998 
0.96361328125 
0.7977929687499998 
0.7573632812499999 
0.9050195312499999 
0.8470117187499998 
1.00169921875 
0.6993554687499998 
0.8534570312499998 
0.94896484375 
0.7638085937499999 
0.7907617187499999 
0.7069726562499998 
0.6577539062499999 
0.9419335937500001 
0.8171289062499999 
0.6964257812499999 
0.91263671875 
0.91908203125 
0.8733789062499998 
0.8710351562499998 
0.7333398437499998 
0.91029296875 
0.8341210937499999 
0.6448632812499999 
0.7567773437499998 
0.7778710937499999 
0.95775390625 
0.7192773437499999 
0.6923242187499997 
0.7415429687499998 
0.6823632812499999 
0.92318359375 
0.6624414062499998 
0.96771484375 
0.7239648437499998 
0.8065820312499998 
0.8540429687499999 
0.8610742187499998 
0.97591796875 
0.7602929687499999 
0.6155664062499998 
0.8809960937499998 
0.7573632812499999 
1.14876953125 
0.8827539062499998 
0.6067773437499999 
0.6964257812499999 
0.8071679687499999 
1.08021484375 
0.7995507812499999 
0.7075585937499999 
0.8575585937499999 
