21 61 18 
0.6776757812499999 
0.52767578125 
0.8065820312499998 
0.8241601562499998 
0.8487695312499999 
0.6852929687499998 
0.7409570312499998 
0.7479882812499998 
0.5575585937499999 
0.8669335937499999 
0.7444726562499998 
0.8997460937499998 
0.7503320312499998 
0.7116601562499998 
0.39056640625 
0.7485742187499997 
0.8282617187499999 
0.7058007812499999 
0.6600976562499998 
0.8563867187499998 
0.6589257812499999 
0.7602929687499999 
0.7520898437499999 
0.6624414062499998 
0.6196679687499999 
0.6460351562499999 
0.8241601562499998 
0.6911523437499998 
0.6970117187499998 
0.5962304687499999 
0.7661523437499999 
0.7761132812499999 
0.7813867187499999 
0.6847070312499999 
0.7368554687499997 
0.7813867187499999 
0.7614648437499999 
0.6724023437499999 
0.7016992187499997 
0.91556640625 
0.6290429687499999 
0.5909570312499999 
0.7222070312499999 
0.9003320312499998 
0.8575585937499999 
0.5880273437499999 
1.08314453125 
0.6184960937499998 
0.7890039062499999 
0.92611328125 
0.7679101562499998 
0.7315820312499998 
0.8253320312499999 
0.78080078125 
0.8552148437499999 
0.7421289062499998 
0.64017578125 
0.6243554687499998 
0.6641992187499998 
0.7890039062499999 
0.8083398437499999 
0.5962304687499999 
0.6636132812499999 
0.7380273437499998 
0.7192773437499999 
0.7684960937499998 
0.7186914062499998 
0.6149804687499998 
0.5780664062499998 
0.7210351562499998 
0.96888671875 
0.6899804687499997 
0.7391992187499997 
0.56400390625 
1.0286523437500001 
0.7468164062499998 
0.6759179687499999 
0.47669921874999993 
0.7134179687499999 
1.0052148437500001 
0.7286523437499998 
0.6290429687499999 
0.6179101562499998 
0.6431054687499999 
0.8891992187499997 
0.6835351562499998 
0.8200585937499999 
0.6765039062499999 
0.49369140624999996 
0.7034570312499998 
0.7128320312499998 
0.8048242187499998 
0.9876367187499998 
1.03685546875 
0.7263085937499998 
1.2518945312500003 
0.8036523437499998 
0.7538476562499998 
0.8112695312499999 
0.8423242187499997 
0.56458984375 
0.6102929687499998 
0.6554101562499998 
0.91849609375 
0.97533203125 
0.7415429687499998 
0.6524804687499998 
0.7714257812499999 
0.7714257812499999 
0.8768945312499998 
0.78080078125 
0.7216210937499998 
0.9032617187499998 
0.8054101562499998 
0.6378320312499999 
0.7714257812499999 
0.93373046875 
0.6712304687499998 
0.6208398437499999 
1.16283203125 
0.7485742187499997 
0.6061914062499999 
0.7696679687499999 
0.7690820312499999 
0.79251953125 
0.7696679687499999 
0.5440820312499999 
0.5798242187499998 
0.7995507812499999 
0.8141992187499998 
0.7069726562499998 
0.8681054687499998 
0.8850976562499998 
0.7251367187499997 
0.5212304687499999 
0.6800195312499999 
0.6331445312499999 
1.0110742187500001 
0.8317773437499999 
0.7497460937499998 
0.6507226562499998 
0.6565820312499998 
0.8774804687499997 
0.5546289062499999 
1.20033203125 
0.6407617187499999 
0.6073632812499999 
0.6184960937499998 
0.47611328124999996 
0.7456445312499999 
0.7058007812499999 
0.6518945312499999 
0.5452539062499999 
0.5751367187499998 
0.6325585937499999 
0.92904296875 
0.5411523437499999 
0.6483789062499998 
0.7063867187499998 
0.6624414062499998 
1.2829492187500002 
1.24486328125 
0.6425195312499999 
0.6759179687499999 
0.8352929687499998 
0.6677148437499999 
0.7608789062499999 
0.59330078125 
0.6876367187499998 
0.95658203125 
0.6718164062499998 
0.5739648437499999 
0.7520898437499999 
0.7995507812499999 
0.6993554687499998 
0.7005273437499998 
0.6829492187499998 
0.97650390625 
0.6571679687499998 
0.39994140625 
0.6108789062499999 
0.6513085937499998 
0.8558007812499999 
0.9085351562499998 
0.9618554687499999 
0.3794335937499999 
0.7444726562499998 
0.8024804687499998 
0.5915429687499999 
0.6647851562499998 
0.7022851562499998 
0.6302148437499999 
0.5352929687499999 
0.6999414062499998 
0.8610742187499998 
0.6653710937499998 
0.5434960937499999 
1.00228515625 
0.5241601562499999 
0.5886132812499999 
