30 61 9 
0.8587304687499998 
0.6513085937499998 
0.7849023437499999 
0.4866601562499999 
0.6759179687499999 
0.8628320312499999 
0.7409570312499998 
0.6319726562499999 
0.8024804687499998 
0.5727929687499999 
0.6097070312499999 
0.6905664062499998 
0.7438867187499998 
0.5042382812499999 
0.8780664062499998 
0.6214257812499999 
0.64017578125 
0.6993554687499998 
0.6091210937499999 
0.8077539062499999 
0.7063867187499998 
0.6852929687499998 
0.7204492187499998 
0.6003320312499999 
0.5188867187499999 
0.6085351562499999 
0.6489648437499999 
0.6923242187499997 
0.9970117187499998 
0.7421289062499998 
0.6923242187499997 
0.6495507812499999 
0.6636132812499999 
0.5856835937499999 
0.6477929687499998 
0.7298242187499997 
0.5622460937499999 
0.7204492187499998 
0.8581445312499999 
0.5546289062499999 
0.5335351562499999 
0.56517578125 
0.6308007812499999 
0.5024804687499999 
0.7052148437499999 
0.7386132812499998 
0.7679101562499998 
0.5716210937499999 
0.7573632812499999 
0.7567773437499998 
0.6278710937499998 
0.7327539062499998 
0.7532617187499998 
0.6126367187499998 
0.7222070312499999 
0.56693359375 
0.7016992187499997 
0.5821679687499999 
0.45912109374999993 
0.7643945312499999 
0.8065820312499998 
0.7403710937499998 
0.7872460937499999 
0.5722070312499999 
0.6964257812499999 
0.7966210937499999 
0.6313867187499999 
0.6952539062499998 
0.7591210937499998 
0.6694726562499999 
0.5335351562499999 
0.6173242187499998 
0.8628320312499999 
0.8475976562499998 
0.9735742187499999 
0.7204492187499998 
0.6466210937499999 
0.79251953125 
0.53177734375 
0.7140039062499999 
0.43216796874999996 
0.6542382812499998 
0.5382226562499999 
0.6173242187499998 
0.6858789062499998 
0.6847070312499999 
0.5874414062499999 
0.9419335937500001 
0.5927148437499999 
0.6009179687499999 
0.5587304687499999 
0.5616601562499999 
0.7186914062499998 
0.6999414062499998 
0.8821679687499998 
0.7298242187499997 
0.6542382812499998 
0.6366601562499998 
0.6266992187499998 
0.91615234375 
0.8628320312499999 
0.8253320312499999 
0.5927148437499999 
0.6302148437499999 
0.8657617187499999 
0.6559960937499998 
0.5165429687499999 
0.7175195312499999 
0.5763085937499999 
0.9981835937499999 
0.6395898437499999 
0.5704492187499999 
0.8938867187499998 
0.6817773437499999 
0.5522851562499999 
0.7069726562499998 
1.0110742187500001 
0.6893945312499998 
0.5218164062499999 
0.7063867187499998 
0.53470703125 
0.7942773437499999 
0.6331445312499999 
0.7134179687499999 
0.5253320312499999 
0.7919335937499999 
0.6296289062499999 
0.6337304687499998 
0.6753320312499999 
0.5124414062499999 
0.5013085937499999 
0.5804101562499998 
0.6237695312499999 
0.8692773437499999 
0.45970703124999995 
0.7345117187499998 
0.5534570312499999 
0.47142578124999995 
0.5768945312499999 
0.53001953125 
0.7696679687499999 
0.93431640625 
0.7860742187499998 
0.5212304687499999 
0.48548828124999993 
0.40169921875 
0.8347070312499999 
0.5136132812499999 
0.8024804687499998 
0.6466210937499999 
0.8335351562499999 
0.5352929687499999 
0.6700585937499999 
0.8024804687499998 
0.49603515624999994 
0.6893945312499998 
0.8183007812499999 
0.7345117187499998 
0.6817773437499999 
0.8388085937499998 
0.7684960937499998 
0.8013085937499999 
0.7673242187499998 
0.5188867187499999 
0.6501367187499998 
0.6056054687499999 
0.92494140625 
0.7878320312499999 
0.6794335937499999 
0.7825585937499999 
0.6038476562499999 
0.5663476562499999 
0.5962304687499999 
0.7661523437499999 
0.60208984375 
0.45736328125 
0.6888085937499998 
1.0761132812499998 
0.6413476562499999 
0.8423242187499997 
0.6308007812499999 
0.7620507812499999 
0.5493554687499999 
0.7708398437499999 
0.56986328125 
0.56458984375 
0.5716210937499999 
0.6548242187499997 
0.8001367187499998 
0.7936914062499999 
0.6618554687499998 
0.8288476562499999 
0.6847070312499999 
0.6577539062499999 
0.8282617187499999 
0.8347070312499999 
0.7216210937499998 
0.6811914062499999 
0.6179101562499998 
0.7743554687499998 
