14 62 24 
0.7268945312499998 
0.8399804687499998 
0.7515039062499999 
0.8393945312499999 
0.8382226562499998 
1.07259765625 
0.7972070312499999 
0.8804101562499997 
0.8763085937499998 
0.7075585937499999 
0.8358789062499998 
0.7110742187499998 
0.8106835937499999 
0.8622460937499998 
0.9981835937499999 
1.07787109375 
1.0761132812499998 
0.91029296875 
0.8897851562499998 
0.7696679687499999 
0.53177734375 
0.8364648437499999 
0.8200585937499999 
0.95130859375 
0.8434960937499998 
0.94544921875 
1.22611328125 
0.8306054687499999 
0.5921289062499999 
1.1224023437500001 
0.9882226562499998 
0.8388085937499998 
0.8686914062499999 
0.9085351562499998 
0.91322265625 
0.7649804687499998 
0.7831445312499999 
0.7591210937499998 
0.9888085937499999 
0.8751367187499998 
1.09134765625 
0.9179101562499999 
0.96244140625 
0.8212304687499998 
0.7819726562499999 
0.8516992187499998 
0.94427734375 
0.5241601562499999 
0.7456445312499999 
0.7755273437499999 
0.8569726562499999 
0.91615234375 
0.92962890625 
0.9987695312499999 
0.8546289062499999 
0.6911523437499998 
0.9987695312499999 
0.6899804687499997 
0.7966210937499999 
0.7368554687499997 
0.7456445312499999 
0.7831445312499999 
0.91322265625 
0.7227929687499998 
0.94544921875 
0.92376953125 
0.7386132812499998 
0.9038476562499999 
0.7110742187499998 
0.6126367187499998 
0.8048242187499998 
0.97064453125 
0.9091210937499998 
0.5505273437499999 
0.7040429687499998 
1.03041015625 
0.7643945312499999 
0.8235742187499998 
0.94779296875 
1.13646484375 
1.2495507812500002 
0.91322265625 
0.6835351562499998 
0.8118554687499998 
0.7474023437499998 
0.8417382812499998 
0.97240234375 
0.8487695312499999 
0.7702539062499999 
0.7386132812499998 
0.7983789062499999 
0.8001367187499998 
0.6097070312499999 
0.8651757812499999 
0.5874414062499999 
0.8956445312499999 
0.8130273437499999 
0.5722070312499999 
0.8054101562499998 
0.8130273437499999 
0.56693359375 
0.6688867187499998 
0.6015039062499999 
0.7257226562499998 
0.5575585937499999 
1.2366601562500001 
0.92083984375 
0.6817773437499999 
1.06615234375 
0.7661523437499999 
0.6231835937499999 
0.7274804687499997 
1.2665429687500003 
0.8300195312499999 
0.92025390625 
0.93373046875 
1.05736328125 
0.6735742187499998 
1.25775390625 
0.7649804687499998 
0.5757226562499999 
0.7315820312499998 
1.11537109375 
0.7632226562499999 
1.01634765625 
1.21205078125 
0.91087890625 
0.7878320312499999 
0.7210351562499998 
0.92611328125 
0.8669335937499999 
0.8106835937499999 
0.96595703125 
0.9009179687499999 
0.8024804687499998 
0.7110742187499998 
0.8722070312499999 
0.7977929687499998 
1.24603515625 
1.0075585937500002 
0.8798242187499997 
0.94955078125 
0.8663476562499999 
0.7204492187499998 
0.8903710937499998 
0.8839257812499999 
0.6056054687499999 
0.9618554687499999 
0.8417382812499998 
1.01517578125 
0.9917382812499999 
0.8704492187499998 
0.8452539062499999 
0.7321679687499998 
0.9524804687499999 
0.8358789062499998 
0.9993554687499997 
1.03802734375 
0.7081445312499999 
0.9020898437499999 
0.8165429687499999 
0.7579492187499998 
0.8880273437499998 
1.12708984375 
0.8792382812499998 
0.7749414062499999 
0.8645898437499999 
0.7099023437499998 
0.7520898437499999 
0.8540429687499999 
0.9149804687499999 
0.8065820312499998 
0.8405664062499998 
0.7468164062499998 
0.91849609375 
0.7966210937499999 
0.95892578125 
0.6079492187499999 
0.8013085937499999 
0.8704492187499998 
0.7022851562499998 
0.6472070312499999 
0.95833984375 
1.2360742187500002 
0.9331445312500001 
0.79017578125 
0.8956445312499999 
0.93138671875 
0.6882226562499998 
1.00228515625 
0.91322265625 
0.6782617187499999 
0.8446679687499998 
1.2325585937500003 
0.6729882812499999 
0.7866601562499999 
0.7245507812499998 
0.7544335937499999 
0.9425195312500001 
0.8153710937499998 
