16 62 22 
0.6811914062499999 
1.04212890625 
0.9448632812500001 
0.7913476562499999 
0.6923242187499997 
0.8247460937499999 
0.8007226562499998 
1.2372460937500003 
0.6296289062499999 
0.6770898437499999 
0.7333398437499998 
1.20794921875 
0.5716210937499999 
0.7362695312499998 
0.7350976562499998 
0.8399804687499998 
0.7222070312499999 
0.6565820312499998 
0.8048242187499998 
0.6782617187499999 
0.8651757812499999 
0.5927148437499999 
0.6483789062499998 
0.8487695312499999 
0.6870507812499999 
1.2747460937500004 
0.8927148437499999 
0.7415429687499998 
0.53001953125 
0.7497460937499998 
0.9015039062499999 
0.9530664062499999 
0.97591796875 
0.7790429687499999 
0.7538476562499998 
0.6876367187499998 
0.6624414062499998 
0.7966210937499999 
0.7802148437499999 
0.7608789062499999 
0.7843164062499999 
0.9308007812500001 
0.7503320312499998 
0.7690820312499999 
0.6073632812499999 
0.8141992187499998 
0.7309960937499997 
0.7661523437499999 
0.6964257812499999 
0.7011132812499998 
0.6477929687499998 
1.03216796875 
0.7977929687499998 
0.7069726562499998 
0.6038476562499999 
0.8288476562499999 
0.7515039062499999 
0.8645898437499999 
0.7327539062499998 
0.95365234375 
1.06439453125 
0.5452539062499999 
0.7977929687499998 
0.7755273437499999 
0.7831445312499999 
0.7977929687499998 
1.05091796875 
0.9079492187499998 
0.94720703125 
0.8927148437499999 
0.6946679687499998 
0.9559960937499999 
0.7456445312499999 
0.8886132812499998 
0.7134179687499999 
0.5458398437499999 
0.93138671875 
0.6858789062499998 
1.0063867187500002 
0.6225976562499999 
0.6688867187499998 
0.8253320312499999 
0.6571679687499998 
0.7890039062499999 
0.82767578125 
0.97474609375 
0.6196679687499999 
0.8470117187499998 
0.7093164062499998 
0.6214257812499999 
0.8850976562499998 
0.96537109375 
0.6753320312499999 
0.7561914062499998 
0.8534570312499998 
0.9981835937499999 
0.8106835937499999 
0.7093164062499998 
0.7169335937499999 
0.8481835937499999 
0.8886132812499998 
0.8001367187499998 
0.7520898437499999 
0.7907617187499999 
0.92435546875 
0.6009179687499999 
0.8171289062499999 
0.7427148437499999 
1.00931640625 
0.8323632812499999 
0.7022851562499998 
0.6729882812499999 
0.6964257812499999 
0.9864648437499999 
0.7151757812499999 
0.7497460937499998 
0.6958398437499999 
0.9448632812500001 
0.8681054687499998 
1.16341796875 
0.6841210937499999 
0.7485742187499997 
0.94720703125 
0.8681054687499998 
0.5681054687499999 
0.8065820312499998 
0.7016992187499997 
0.6852929687499998 
0.9876367187499998 
0.93783203125 
0.7222070312499999 
0.8909570312499998 
0.7433007812499999 
0.7145898437499999 
0.6770898437499999 
0.6671289062499999 
0.8458398437499999 
0.6999414062499998 
0.8991601562499998 
0.8177148437499999 
0.7919335937499999 
0.7427148437499999 
0.7046289062499999 
0.7356835937499998 
0.6284570312499999 
0.9999414062499997 
0.8903710937499998 
1.24369140625 
0.6677148437499999 
0.5897851562499998 
0.6477929687499998 
1.08783203125 
0.9009179687499999 
1.0309960937500002 
1.0749414062499998 
0.7872460937499999 
0.8727929687499998 
0.7374414062499998 
0.6665429687499999 
0.93607421875 
0.8300195312499999 
0.7280664062499997 
0.7585351562499998 
0.9044335937499999 
0.92025390625 
0.5733789062499999 
0.7837304687499999 
1.1253320312500001 
1.0186914062499999 
0.7175195312499999 
1.10833984375 
0.7573632812499999 
0.6589257812499999 
0.6653710937499998 
0.8136132812499999 
1.0948632812499999 
0.8745507812499999 
0.5845117187499999 
0.6266992187499998 
0.7157617187499998 
0.5370507812499999 
1.1294335937500002 
0.8780664062499998 
0.8487695312499999 
0.7515039062499999 
1.03216796875 
1.18451171875 
0.7866601562499999 
0.7597070312499998 
0.8804101562499997 
0.6518945312499999 
0.7298242187499997 
0.7339257812499999 
0.7731835937499999 
0.9905664062499998 
0.7491601562499998 
0.7608789062499999 
0.6126367187499998 
0.8100976562499999 
0.8218164062499999 
