26 62 12 
0.91615234375 
0.6366601562499998 
0.6811914062499999 
0.6583398437499999 
0.6325585937499999 
0.7216210937499998 
0.7016992187499997 
0.7280664062499997 
0.96771484375 
0.6097070312499999 
0.7409570312499998 
0.52708984375 
0.6565820312499998 
0.5839257812499999 
0.7403710937499998 
0.7380273437499998 
0.50892578125 
0.6975976562499998 
0.8434960937499998 
1.1405664062499998 
0.6179101562499998 
0.6753320312499999 
0.5821679687499999 
0.7890039062499999 
0.7304101562499997 
0.7069726562499998 
0.6847070312499999 
0.8042382812499999 
0.8270898437499999 
0.8405664062499998 
0.6929101562499997 
0.9097070312499999 
0.7772851562499998 
0.6220117187499998 
0.6208398437499999 
0.7409570312499998 
0.6606835937499999 
0.6331445312499999 
0.5622460937499999 
0.7890039062499999 
0.52298828125 
0.56986328125 
0.7315820312499998 
0.8458398437499999 
0.6073632812499999 
0.7075585937499999 
0.7058007812499999 
0.7825585937499999 
0.5944726562499999 
0.6589257812499999 
0.8270898437499999 
0.43451171874999994 
0.6454492187499998 
0.6489648437499999 
0.7725976562499999 
0.6009179687499999 
0.5153710937499999 
0.5745507812499999 
0.5282617187499999 
0.7175195312499999 
0.8306054687499999 
0.7790429687499999 
0.8704492187499998 
0.6378320312499999 
0.6102929687499998 
0.6987695312499999 
0.7597070312499998 
0.96537109375 
0.5845117187499999 
0.8645898437499999 
0.9331445312500001 
0.7268945312499998 
0.7040429687499998 
0.5382226562499999 
0.8323632812499999 
0.7321679687499998 
0.8927148437499999 
0.8856835937499998 
0.5505273437499999 
0.5780664062499998 
0.92376953125 
0.6612695312499999 
0.9061914062499998 
0.6184960937499998 
0.8915429687499998 
0.7550195312499999 
0.5985742187499998 
0.7110742187499998 
0.7667382812499999 
0.8393945312499999 
0.7116601562499998 
0.6179101562499998 
0.7567773437499998 
0.8054101562499998 
0.8013085937499999 
0.5768945312499999 
0.6272851562499998 
0.6911523437499998 
0.6753320312499999 
0.5634179687499999 
0.5569726562499999 
0.6284570312499999 
0.8645898437499999 
0.6536523437499998 
0.6688867187499998 
0.6460351562499999 
0.6390039062499999 
0.6149804687499998 
0.8018945312499999 
0.7169335937499999 
0.7222070312499999 
0.5862695312499999 
0.8171289062499999 
0.7350976562499998 
1.01400390625 
0.6653710937499998 
0.6665429687499999 
0.7374414062499998 
0.6970117187499998 
0.5886132812499999 
0.8106835937499999 
0.5534570312499999 
0.6360742187499998 
0.7983789062499999 
0.6331445312499999 
0.5241601562499999 
0.5944726562499999 
0.7397851562499997 
0.6518945312499999 
0.7983789062499999 
0.5470117187499999 
0.5880273437499999 
0.6061914062499999 
0.6255273437499999 
0.6847070312499999 
0.7720117187499999 
0.8692773437499999 
0.6893945312499998 
0.8534570312499998 
0.6319726562499999 
0.7878320312499999 
0.5364648437499999 
0.7175195312499999 
0.50892578125 
0.6852929687499998 
0.6349023437499999 
0.7626367187499998 
0.8739648437499998 
0.6056054687499999 
0.7755273437499999 
0.8077539062499999 
0.7579492187499998 
0.6126367187499998 
0.6911523437499998 
0.6143945312499999 
0.7315820312499998 
0.7597070312499998 
0.7866601562499999 
0.6729882812499999 
0.8522851562499998 
0.7321679687499998 
0.8686914062499999 
0.6032617187499999 
0.7866601562499999 
0.6472070312499999 
0.6290429687499999 
0.6829492187499998 
0.8640039062499999 
0.6970117187499998 
0.6278710937499998 
0.5956445312499999 
0.8159570312499999 
0.8516992187499998 
0.6618554687499998 
0.8030664062499998 
0.7333398437499998 
0.8018945312499999 
0.8311914062499999 
0.7544335937499999 
0.7474023437499998 
0.5938867187499999 
0.7204492187499998 
0.6595117187499998 
0.5968164062499999 
0.47728515624999995 
0.7016992187499997 
0.5358789062499999 
0.7181054687499998 
0.5628320312499999 
0.8979882812499999 
0.7526757812499999 
0.52298828125 
0.7632226562499999 
0.79251953125 
0.96068359375 
0.6319726562499999 
0.6659570312499998 
0.7632226562499999 
0.7503320312499998 
0.6659570312499998 
