5 63 32 
1.22728515625 
1.24486328125 
1.31166015625 
1.22611328125 
1.2114648437500002 
1.13353515625 
1.20794921875 
1.2665429687500003 
1.2554101562500002 
1.22669921875 
1.2489648437500003 
1.22025390625 
1.03509765625 
1.24310546875 
1.2536523437500002 
1.2425195312500001 
1.20560546875 
1.2600976562500001 
1.09310546875 
1.18685546875 
1.2302148437500002 
1.06966796875 
1.2718164062500001 
1.0702539062499998 
0.8950585937499999 
1.2600976562500001 
1.1763085937500002 
0.8376367187499998 
1.18978515625 
1.02748046875 
1.2290429687500002 
1.15990234375 
1.24134765625 
0.8727929687499998 
1.10072265625 
1.2847070312500002 
1.0063867187500002 
0.9852929687499998 
0.8622460937499998 
1.30462890625 
1.22845703125 
1.2507226562500002 
1.19740234375 
1.15580078125 
1.29291015625 
0.8839257812499999 
0.8388085937499998 
1.13705078125 
1.2571679687500001 
1.0491601562500001 
1.15697265625 
1.2308007812500001 
1.25775390625 
1.2659570312500001 
1.2518945312500003 
1.2554101562500002 
1.2829492187500002 
1.2671289062500002 
0.7110742187499998 
1.26185546875 
1.2378320312500002 
1.22142578125 
1.2466210937500002 
1.2337304687500001 
1.10951171875 
1.19916015625 
1.2554101562500002 
1.2729882812500002 
1.1059960937500002 
1.06908203125 
1.2653710937500002 
1.28587890625 
0.8382226562499998 
1.24427734375 
0.8405664062499998 
1.21087890625 
1.16224609375 
1.12767578125 
1.06615234375 
1.2513085937500004 
1.10658203125 
1.01283203125 
0.8903710937499998 
1.03626953125 
1.15873046875 
1.15462890625 
1.2061914062499999 
1.11302734375 
0.7860742187499998 
1.2612695312500002 
1.1464257812499998 
1.20677734375 
1.26185546875 
1.2554101562500002 
1.26478515625 
1.23431640625 
1.11126953125 
1.22962890625 
1.25306640625 
1.13705078125 
1.10306640625 
1.22845703125 
1.2612695312500002 
1.2571679687500001 
1.0239648437500002 
1.2688867187500004 
1.2641992187500002 
1.2366601562500001 
0.8897851562499998 
1.25306640625 
1.25775390625 
1.2565820312500002 
1.2630273437500001 
1.2524804687500002 
1.03744140625 
1.17279296875 
1.25306640625 
1.2893945312500001 
1.06263671875 
1.2308007812500001 
1.0415429687500002 
0.9419335937500001 
1.08080078125 
0.8780664062499998 
1.0989648437500001 
0.7397851562499997 
1.09837890625 
1.2518945312500003 
1.24720703125 
1.03978515625 
1.22962890625 
1.26244140625 
1.32103515625 
1.2419335937500002 
1.20560546875 
1.23900390625 
1.2337304687500001 
0.8897851562499998 
1.2606835937500003 
1.23841796875 
1.0532617187500002 
0.8259179687499999 
1.21087890625 
1.2220117187500001 
1.28705078125 
1.06615234375 
1.09544921875 
0.95189453125 
1.31166015625 
1.22728515625 
1.19798828125 
1.15462890625 
1.2126367187500002 
1.08197265625 
1.2290429687500002 
1.17982421875 
1.2495507812500002 
1.3122460937500002 
1.21966796875 
1.25306640625 
1.2548242187500003 
1.22552734375 
1.0474023437500002 
1.03333984375 
1.31634765625 
1.00345703125 
1.22142578125 
1.2712304687500002 
1.2706445312500003 
1.22435546875 
1.20384765625 
1.0936914062499998 
1.19740234375 
1.22259765625 
1.25775390625 
1.19330078125 
1.1874414062499998 
1.2542382812500001 
1.07259765625 
1.10306640625 
1.02103515625 
1.17162109375 
1.23900390625 
1.27650390625 
1.2565820312500002 
1.2776757812500001 
1.31048828125 
0.6794335937499999 
1.21791015625 
1.21556640625 
1.2138085937500003 
1.2143945312500002 
1.12767578125 
1.20912109375 
1.22376953125 
1.1809960937500001 
1.27650390625 
1.0268945312500002 
1.29115234375 
1.2565820312500002 
