9 63 28 
0.7538476562499998 
0.91849609375 
0.94779296875 
1.10072265625 
0.9864648437499999 
0.93255859375 
1.28822265625 
1.30580078125 
1.08197265625 
1.12298828125 
0.7005273437499998 
0.97298828125 
1.1763085937500002 
0.95365234375 
0.95130859375 
0.9179101562499999 
1.08373046875 
1.15990234375 
1.2694726562500003 
0.97298828125 
1.01283203125 
0.9067773437499999 
1.2302148437500002 
0.9501367187499999 
1.24134765625 
1.2319726562500002 
1.26361328125 
0.7286523437499998 
1.1950585937500002 
0.8534570312499998 
0.8663476562499999 
0.9395898437500001 
0.8997460937499998 
1.2548242187500003 
1.07318359375 
0.8100976562499999 
1.3450585937500004 
0.8927148437499999 
1.2190820312500001 
1.14876953125 
0.98294921875 
1.21556640625 
0.7597070312499998 
1.25775390625 
0.7825585937499999 
0.8997460937499998 
1.2571679687500001 
0.8604882812499999 
0.6161523437499998 
1.00580078125 
0.93431640625 
0.95072265625 
0.8036523437499998 
1.2501367187500003 
1.22376953125 
0.8593164062499998 
0.8487695312499999 
1.16634765625 
1.13880859375 
0.9683007812500001 
1.2583398437500002 
1.0239648437500002 
1.02103515625 
0.7919335937499999 
0.8112695312499999 
1.25892578125 
0.8933007812499999 
0.8458398437499999 
0.6501367187499998 
1.0456445312500002 
0.7761132812499999 
1.08373046875 
1.20267578125 
0.94544921875 
1.2612695312500002 
0.93373046875 
0.8253320312499999 
0.9934960937499998 
0.6847070312499999 
0.9917382812499999 
0.9641992187499999 
1.07083984375 
0.91380859375 
1.22845703125 
0.96595703125 
0.8388085937499998 
1.1640039062499998 
1.0011132812499999 
1.09779296875 
1.2143945312500002 
0.95072265625 
0.91673828125 
1.2419335937500002 
0.7597070312499998 
1.22494140625 
1.2302148437500002 
0.6073632812499999 
1.2161523437500001 
0.6577539062499999 
1.14818359375 
0.95423828125 
1.2407617187500002 
0.9003320312499998 
1.09251953125 
0.7462304687499998 
0.8569726562499999 
0.7415429687499998 
0.92904296875 
1.2132226562500001 
0.9149804687499999 
1.06791015625 
1.08783203125 
0.8915429687499998 
0.8938867187499998 
1.2319726562500002 
0.98470703125 
0.8815820312499998 
1.2507226562500002 
0.8563867187499998 
0.8985742187499998 
1.2665429687500003 
0.6952539062499998 
0.56751953125 
0.8317773437499999 
1.2724023437500003 
1.05091796875 
0.7690820312499999 
0.7772851562499998 
1.2366601562500001 
1.17162109375 
1.01751953125 
0.8698632812499999 
0.6729882812499999 
0.8059960937499998 
1.20912109375 
1.1997460937500002 
1.18685546875 
0.9970117187499998 
1.2548242187500003 
0.9419335937500001 
0.7620507812499999 
0.7427148437499999 
0.9266992187499999 
0.8347070312499999 
0.9401757812500001 
0.93255859375 
0.95833984375 
0.6876367187499998 
1.22552734375 
0.8622460937499998 
0.8733789062499998 
0.6934960937499998 
0.7286523437499998 
1.06615234375 
0.7854882812499999 
1.2360742187500002 
0.8341210937499999 
0.97005859375 
0.97181640625 
0.6852929687499998 
1.2325585937500003 
0.8417382812499998 
0.6999414062499998 
1.09662109375 
0.8317773437499999 
0.7374414062499998 
1.2378320312500002 
1.11302734375 
1.01751953125 
0.8013085937499999 
1.22259765625 
0.8393945312499999 
1.29642578125 
1.08783203125 
0.9970117187499998 
0.8809960937499998 
1.14349609375 
0.8733789062499998 
1.1956445312500001 
1.05736328125 
1.0532617187500002 
1.2665429687500003 
0.8897851562499998 
0.8634179687499999 
0.9038476562499999 
1.06439453125 
0.8921289062499999 
0.7708398437499999 
0.7409570312499998 
0.8247460937499999 
1.0462304687500001 
0.7878320312499999 
1.00287109375 
0.8856835937499998 
1.2571679687500001 
0.9091210937499998 
0.94662109375 
1.2138085937500003 
0.7778710937499999 
1.22552734375 
