12 63 25 
0.8007226562499998 
0.6776757812499999 
0.93607421875 
0.95892578125 
1.21556640625 
0.7614648437499999 
0.7860742187499998 
0.8833398437499999 
1.2454492187500001 
0.8206445312499999 
0.94369140625 
0.6489648437499999 
1.22552734375 
0.7333398437499998 
0.8657617187499999 
0.7954492187499999 
0.8224023437499999 
1.18626953125 
0.8809960937499998 
1.10072265625 
0.9876367187499998 
1.1177148437500002 
0.8393945312499999 
0.7632226562499999 
1.23900390625 
0.92845703125 
0.7151757812499999 
0.7415429687499998 
0.8036523437499998 
0.8370507812499999 
1.01810546875 
1.2061914062499999 
0.97123046875 
1.2536523437500002 
0.7720117187499999 
0.7251367187499997 
0.7725976562499999 
0.8733789062499998 
0.94720703125 
0.9735742187499999 
1.19330078125 
0.7245507812499998 
0.9091210937499998 
0.8112695312499999 
0.8218164062499999 
0.6888085937499998 
0.55814453125 
1.19037109375 
0.9061914062499998 
0.7427148437499999 
1.2220117187500001 
1.14408203125 
0.7374414062499998 
0.94779296875 
0.7122460937499998 
0.6882226562499998 
0.6841210937499999 
0.6888085937499998 
0.8944726562499998 
0.8891992187499997 
1.2782617187500003 
0.64017578125 
0.5106835937499999 
0.9032617187499998 
1.12708984375 
0.8335351562499999 
0.79017578125 
1.05384765625 
0.92904296875 
0.9067773437499999 
1.09779296875 
0.7292382812499998 
0.8464257812499999 
0.6964257812499999 
1.04681640625 
1.1188867187500002 
0.94369140625 
0.8804101562499997 
0.7942773437499999 
0.7643945312499999 
0.7667382812499999 
0.8083398437499999 
0.7972070312499999 
1.2378320312500002 
0.7620507812499999 
1.20208984375 
0.6888085937499998 
0.8991601562499998 
1.2583398437500002 
1.18509765625 
1.1763085937500002 
0.79017578125 
0.6665429687499999 
0.7802148437499999 
0.7931054687499999 
0.91966796875 
0.7737695312499999 
1.2395898437500001 
1.12650390625 
0.92552734375 
0.7643945312499999 
1.11185546875 
0.92494140625 
0.7345117187499998 
0.6477929687499998 
0.8716210937499999 
1.05150390625 
0.8599023437499999 
0.7755273437499999 
0.8915429687499998 
0.93666015625 
0.93666015625 
0.7444726562499998 
0.8100976562499999 
0.8634179687499999 
1.05384765625 
0.8593164062499998 
1.0503320312500002 
0.6343164062499999 
1.21498046875 
0.7333398437499998 
1.2483789062500001 
0.98236328125 
0.7720117187499999 
0.97474609375 
0.6700585937499999 
0.6952539062499998 
0.8194726562499999 
1.0702539062499998 
0.8575585937499999 
0.6354882812499999 
0.8528710937499998 
1.09837890625 
0.8311914062499999 
0.95658203125 
1.06908203125 
0.92376953125 
0.7433007812499999 
0.8722070312499999 
1.02337890625 
1.1341210937500001 
0.96654296875 
1.0081445312500001 
0.6835351562499998 
0.7825585937499999 
0.8622460937499998 
1.1534570312499999 
0.97943359375 
0.6431054687499999 
0.92494140625 
1.2536523437500002 
1.22962890625 
0.7608789062499999 
0.8569726562499999 
0.7110742187499998 
0.94779296875 
1.05853515625 
0.7227929687499998 
0.6003320312499999 
0.7749414062499999 
0.8200585937499999 
1.17455078125 
1.13705078125 
0.8487695312499999 
0.7233789062499998 
0.8657617187499999 
0.8604882812499999 
0.7614648437499999 
0.8798242187499997 
0.96302734375 
1.22669921875 
1.16341796875 
0.8569726562499999 
0.7479882812499998 
0.7772851562499998 
0.8780664062499998 
0.9050195312499999 
0.8141992187499998 
0.98412109375 
0.9999414062499997 
0.8183007812499999 
1.0063867187500002 
0.7239648437499998 
0.7614648437499999 
1.01048828125 
1.10833984375 
1.2114648437500002 
0.9050195312499999 
0.9173242187499999 
0.7485742187499997 
0.9425195312500001 
0.7356835937499998 
0.8376367187499998 
0.7497460937499998 
0.91029296875 
1.20736328125 
0.8165429687499999 
0.9079492187499998 
0.8294335937499999 
1.22845703125 
