22 63 15 
0.5757226562499999 
0.7550195312499999 
0.5434960937499999 
0.7843164062499999 
0.7116601562499998 
1.03802734375 
0.8722070312499999 
0.6735742187499998 
0.9530664062499999 
0.6636132812499999 
0.7122460937499998 
0.6876367187499998 
0.7597070312499998 
0.6858789062499998 
0.7743554687499998 
0.96654296875 
0.8915429687499998 
1.0286523437500001 
0.9079492187499998 
0.7433007812499999 
0.7186914062499998 
0.5335351562499999 
0.6993554687499998 
0.8985742187499998 
0.49603515624999994 
0.6981835937499998 
0.7222070312499999 
0.5968164062499999 
0.56751953125 
0.7602929687499999 
0.7239648437499998 
0.8804101562499997 
0.6243554687499998 
0.7749414062499999 
0.94720703125 
0.8628320312499999 
0.6313867187499999 
0.8212304687499998 
0.8300195312499999 
0.8452539062499999 
0.7145898437499999 
0.5962304687499999 
0.78080078125 
0.6413476562499999 
0.7175195312499999 
0.8886132812499998 
0.6284570312499999 
0.6143945312499999 
0.92728515625 
0.7567773437499998 
0.6847070312499999 
0.4684960937499999 
0.6577539062499999 
0.95423828125 
0.8183007812499999 
0.7837304687499999 
0.5681054687499999 
0.6472070312499999 
0.7778710937499999 
0.5997460937499999 
0.5370507812499999 
0.8405664062499998 
0.5341210937499999 
0.91205078125 
0.6530664062499998 
1.13294921875 
0.5587304687499999 
0.6852929687499998 
0.8382226562499998 
0.7790429687499999 
0.7122460937499998 
0.6360742187499998 
0.7497460937499998 
0.7011132812499998 
0.6460351562499999 
0.8265039062499999 
0.6636132812499999 
0.7737695312499999 
0.7462304687499998 
0.7995507812499999 
0.7491601562499998 
0.93431640625 
0.8253320312499999 
0.7813867187499999 
0.8651757812499999 
0.5891992187499998 
0.7737695312499999 
0.6647851562499998 
0.7591210937499998 
0.7743554687499998 
0.8083398437499999 
0.7222070312499999 
0.9179101562499999 
0.6009179687499999 
0.8159570312499999 
0.47611328124999996 
1.02220703125 
0.6518945312499999 
0.6823632812499999 
0.7743554687499998 
0.8147851562499998 
0.7802148437499999 
0.7245507812499998 
0.8352929687499998 
0.6823632812499999 
0.5235742187499999 
0.8558007812499999 
0.6788476562499999 
0.60267578125 
0.7890039062499999 
0.8001367187499998 
0.9149804687499999 
0.7866601562499999 
0.6554101562499998 
0.7304101562499997 
0.6296289062499999 
0.5634179687499999 
0.6653710937499998 
1.0052148437500001 
0.7491601562499998 
0.9003320312499998 
1.08841796875 
0.6706445312499999 
1.2747460937500004 
0.7714257812499999 
0.7907617187499999 
0.8610742187499998 
0.93197265625 
0.7802148437499999 
0.78080078125 
0.6870507812499999 
0.6155664062499998 
0.5727929687499999 
0.6477929687499998 
0.5733789062499999 
0.9073632812499999 
0.7274804687499997 
0.59330078125 
0.9097070312499999 
0.95951171875 
0.78080078125 
0.7737695312499999 
1.0052148437500001 
0.6776757812499999 
0.6489648437499999 
0.5440820312499999 
0.8124414062499998 
0.8540429687499999 
0.8083398437499999 
0.7878320312499999 
0.4872460937499999 
0.7005273437499998 
0.9003320312499998 
0.7755273437499999 
0.6120507812499999 
0.8241601562499998 
0.8786523437499998 
0.8270898437499999 
0.6718164062499998 
0.5341210937499999 
0.6782617187499999 
0.7169335937499999 
0.8270898437499999 
0.7878320312499999 
0.7309960937499997 
0.6501367187499998 
0.56751953125 
0.8311914062499999 
0.94369140625 
0.7983789062499999 
0.7016992187499997 
0.52298828125 
1.1950585937500002 
0.7233789062499998 
0.8862695312499999 
0.8100976562499999 
0.5774804687499998 
0.6653710937499998 
0.6782617187499999 
0.6923242187499997 
0.5786523437499999 
0.6899804687499997 
0.46087890624999994 
0.6266992187499998 
0.7227929687499998 
0.7632226562499999 
0.6395898437499999 
0.6606835937499999 
0.6548242187499997 
0.6870507812499999 
0.7966210937499999 
0.96771484375 
0.7040429687499998 
0.7456445312499999 
0.6343164062499999 
0.8528710937499998 
0.6120507812499999 
1.2735742187500003 
0.96947265625 
0.8698632812499999 
