31 63 6 
0.6407617187499999 
0.91849609375 
0.6097070312499999 
0.5470117187499999 
0.7391992187499997 
0.7608789062499999 
0.7251367187499997 
0.8616601562499998 
0.6589257812499999 
0.4919335937499999 
0.5751367187499998 
0.7931054687499999 
0.4450585937499999 
0.6501367187499998 
0.7520898437499999 
0.54642578125 
0.7708398437499999 
1.05736328125 
0.7456445312499999 
0.97591796875 
0.92845703125 
0.7415429687499998 
0.8774804687499997 
0.6823632812499999 
0.7263085937499998 
0.45208984374999994 
0.7878320312499999 
0.7977929687499998 
0.5593164062499999 
0.8388085937499998 
0.5599023437499999 
0.6015039062499999 
0.6349023437499999 
0.6220117187499998 
0.6677148437499999 
0.6472070312499999 
0.5282617187499999 
0.5909570312499999 
0.5821679687499999 
0.8153710937499998 
0.97884765625 
0.7649804687499998 
0.8300195312499999 
0.6565820312499998 
0.91908203125 
0.7140039062499999 
0.6167382812499999 
0.6097070312499999 
0.8534570312499998 
0.5628320312499999 
0.5716210937499999 
0.5341210937499999 
0.6864648437499998 
0.6618554687499998 
0.6202539062499999 
0.5997460937499999 
0.6038476562499999 
0.5868554687499998 
0.8323632812499999 
0.7538476562499998 
0.52650390625 
0.6782617187499999 
0.7046289062499999 
0.6261132812499999 
0.6413476562499999 
0.6735742187499998 
0.5681054687499999 
0.52767578125 
0.43744140625 
0.4632226562499999 
0.55580078125 
0.8206445312499999 
0.7790429687499999 
0.7602929687499999 
0.7257226562499998 
0.6190820312499998 
0.6600976562499998 
0.6981835937499998 
0.82767578125 
0.6841210937499999 
0.6724023437499999 
0.6378320312499999 
0.7257226562499998 
0.6003320312499999 
0.5745507812499999 
0.8487695312499999 
0.7485742187499997 
0.7708398437499999 
0.8675195312499999 
0.8552148437499999 
0.49427734374999993 
0.6641992187499998 
0.7913476562499999 
0.5733789062499999 
0.7684960937499998 
0.8300195312499999 
0.7339257812499999 
0.6161523437499998 
0.6946679687499998 
0.7099023437499998 
0.5692773437499999 
0.6905664062499998 
0.7497460937499998 
0.60267578125 
0.53236328125 
0.6958398437499999 
0.5727929687499999 
0.6847070312499999 
0.5470117187499999 
0.6138085937499999 
0.7292382812499998 
0.5985742187499998 
0.5628320312499999 
0.6460351562499999 
0.5991601562499999 
0.91556640625 
0.6261132812499999 
0.6202539062499999 
0.6384179687499999 
0.5036523437499999 
0.5282617187499999 
0.6712304687499998 
0.4995507812499999 
0.5704492187499999 
0.5716210937499999 
0.7532617187499998 
0.5897851562499998 
0.8487695312499999 
0.7233789062499998 
0.7485742187499997 
0.5036523437499999 
0.8124414062499998 
0.7368554687499997 
0.5868554687499998 
0.5974023437499999 
0.5681054687499999 
0.6864648437499998 
0.6518945312499999 
0.6741601562499998 
0.7169335937499999 
0.7169335937499999 
0.52767578125 
0.7298242187499997 
0.5534570312499999 
0.7556054687499998 
0.7251367187499997 
0.6706445312499999 
0.6694726562499999 
0.5405664062499999 
0.6864648437499998 
0.7714257812499999 
0.5042382812499999 
0.6507226562499998 
0.8470117187499998 
0.8294335937499999 
0.8141992187499998 
0.5874414062499999 
0.5393945312499999 
0.7972070312499999 
0.5856835937499999 
0.5352929687499999 
0.4731835937499999 
0.5282617187499999 
0.5218164062499999 
0.6554101562499998 
0.6688867187499998 
0.96712890625 
0.51712890625 
0.6284570312499999 
0.7058007812499999 
0.6559960937499998 
0.7046289062499999 
0.52650390625 
0.6196679687499999 
0.7731835937499999 
0.6864648437499998 
0.6343164062499999 
0.6466210937499999 
0.6378320312499999 
0.6653710937499998 
0.6009179687499999 
0.6524804687499998 
0.5159570312499999 
0.6501367187499998 
0.9079492187499998 
0.6618554687499998 
0.4866601562499999 
0.6313867187499999 
0.8938867187499998 
0.7819726562499999 
0.6114648437499999 
0.8018945312499999 
0.6671289062499999 
0.6501367187499998 
0.44095703124999996 
0.5370507812499999 
0.7972070312499999 
0.6817773437499999 
0.9554101562499999 
0.5862695312499999 
