38 5 57 
1.02162109375 
1.31458984375 
1.27650390625 
1.19154296875 
1.2923242187500001 
1.28705078125 
1.1698632812499998 
1.2419335937500002 
1.10072265625 
1.2360742187500002 
1.2489648437500003 
1.22259765625 
1.22494140625 
1.3485742187500003 
1.24017578125 
1.2419335937500002 
1.2999414062499999 
0.6290429687499999 
0.7544335937499999 
1.15580078125 
1.2641992187500002 
1.24603515625 
1.10775390625 
1.18451171875 
1.2126367187500002 
0.8335351562499999 
1.2518945312500003 
1.2308007812500001 
1.06498046875 
1.13470703125 
1.24720703125 
1.1640039062499998 
1.24310546875 
1.01576171875 
1.01751953125 
1.28236328125 
1.2313867187500003 
1.2407617187500002 
0.8774804687499997 
1.08958984375 
1.20208984375 
1.06498046875 
1.12591796875 
1.29759765625 
1.24720703125 
1.1827539062499999 
1.19681640625 
0.9079492187499998 
1.1997460937500002 
1.20033203125 
0.8891992187499997 
0.8370507812499999 
1.13529296875 
1.2349023437500002 
1.26478515625 
1.17806640625 
1.2841210937500003 
0.8839257812499999 
1.2407617187500002 
1.11478515625 
1.15404296875 
1.30111328125 
1.08021484375 
1.18626953125 
1.16751953125 
1.2278710937500001 
1.18509765625 
0.9554101562499999 
1.0227929687500001 
1.0702539062499998 
1.11712890625 
1.2319726562500002 
1.2524804687500002 
1.00462890625 
1.2788476562500002 
1.2126367187500002 
1.3069726562500001 
1.2454492187500001 
1.29876953125 
1.20326171875 
0.7350976562499998 
1.07259765625 
1.23548828125 
0.8681054687499998 
1.1985742187500001 
1.2888085937500002 
1.2753320312500003 
1.2231835937500002 
0.9401757812500001 
1.09603515625 
1.21556640625 
1.21205078125 
1.2483789062500001 
1.2559960937500003 
1.16048828125 
1.20912109375 
1.2349023437500002 
0.93373046875 
1.19623046875 
1.28529296875 
0.8727929687499998 
1.2800195312500002 
1.24720703125 
1.26361328125 
1.01986328125 
0.8886132812499998 
1.0011132812499999 
0.96947265625 
1.2114648437500002 
1.13294921875 
1.05970703125 
1.26361328125 
1.03626953125 
1.2759179687500002 
1.28119140625 
1.02923828125 
0.8780664062499998 
1.2659570312500001 
1.23548828125 
0.8979882812499999 
1.3268945312500002 
1.2102929687500001 
1.2600976562500001 
1.09779296875 
1.2835351562500001 
1.12181640625 
1.2565820312500002 
1.2700585937500004 
1.2683007812500002 
1.23548828125 
0.64017578125 
1.08607421875 
1.10365234375 
1.1106835937500001 
1.11302734375 
1.3309960937500003 
1.2606835937500003 
1.2683007812500002 
1.20384765625 
1.17865234375 
1.07904296875 
1.2659570312500001 
1.22962890625 
0.8265039062499999 
1.13763671875 
1.00990234375 
1.0872460937500001 
1.22728515625 
1.27650390625 
1.07787109375 
1.06498046875 
1.0813867187500001 
1.24369140625 
1.2542382812500001 
0.97181640625 
1.2524804687500002 
1.2641992187500002 
1.16166015625 
1.2489648437500003 
1.28236328125 
0.9056054687499998 
1.01986328125 
1.06791015625 
1.29408203125 
1.28587890625 
0.7526757812499999 
1.22845703125 
1.2331445312500002 
1.2161523437500001 
1.13470703125 
1.08607421875 
1.2847070312500002 
0.9390039062500001 
1.2888085937500002 
1.23841796875 
1.2331445312500002 
0.6120507812499999 
1.13646484375 
1.2571679687500001 
1.16927734375 
1.1452539062499998 
1.2308007812500001 
1.29642578125 
0.92201171875 
1.13939453125 
1.22611328125 
1.2313867187500003 
1.1751367187500001 
1.11537109375 
1.2653710937500002 
1.29701171875 
1.26185546875 
1.20384765625 
1.2565820312500002 
1.24310546875 
1.26244140625 
0.8165429687499999 
1.1405664062499998 
1.21966796875 
1.16693359375 
