36 63 1 
0.8745507812499999 
0.97591796875 
0.7134179687499999 
0.5845117187499999 
0.6132226562499998 
0.8522851562499998 
0.4977929687499999 
0.6196679687499999 
0.40111328125 
0.6272851562499998 
0.8774804687499997 
0.6683007812499999 
0.6817773437499999 
0.5856835937499999 
0.5118554687499999 
0.7268945312499998 
0.7016992187499997 
1.06029296875 
0.6015039062499999 
0.52591796875 
0.7052148437499999 
0.6296289062499999 
0.7614648437499999 
0.6683007812499999 
0.60267578125 
0.60208984375 
0.5329492187499999 
0.6536523437499998 
0.6436914062499999 
0.5364648437499999 
0.6618554687499998 
0.4614648437499999 
0.8030664062499998 
0.9888085937499999 
0.6044335937499999 
0.9003320312499998 
0.7468164062499998 
0.7233789062499998 
0.7526757812499999 
0.7163476562499999 
0.5247460937499999 
0.6091210937499999 
0.7497460937499998 
0.5534570312499999 
0.52767578125 
0.7954492187499999 
0.5909570312499999 
0.6712304687499998 
0.7175195312499999 
0.45560546874999996 
0.6413476562499999 
0.6431054687499999 
0.6179101562499998 
0.5505273437499999 
0.6835351562499998 
0.7690820312499999 
0.7843164062499999 
0.8247460937499999 
0.7222070312499999 
0.6905664062499998 
0.6296289062499999 
0.6460351562499999 
0.49017578124999994 
0.5915429687499999 
0.6220117187499998 
0.7831445312499999 
0.5839257812499999 
0.7796289062499999 
0.5727929687499999 
0.6688867187499998 
0.7503320312499998 
0.6548242187499997 
0.93431640625 
0.53177734375 
0.6038476562499999 
0.8054101562499998 
0.7333398437499998 
0.6776757812499999 
0.6618554687499998 
0.6712304687499998 
0.5352929687499999 
0.7813867187499999 
0.56693359375 
0.6800195312499999 
0.5845117187499999 
0.5657617187499999 
0.6530664062499998 
0.7268945312499998 
0.5458398437499999 
0.8464257812499999 
0.5358789062499999 
0.7743554687499998 
0.5382226562499999 
0.6378320312499999 
0.56693359375 
0.8458398437499999 
0.52064453125 
0.7292382812499998 
0.6753320312499999 
0.6108789062499999 
0.5874414062499999 
0.6770898437499999 
0.6067773437499999 
0.5880273437499999 
0.5815820312499999 
0.5106835937499999 
0.5106835937499999 
0.8095117187499998 
0.8364648437499999 
0.7643945312499999 
0.5153710937499999 
0.5241601562499999 
0.5452539062499999 
0.5839257812499999 
0.7286523437499998 
0.7532617187499998 
0.6272851562499998 
0.5235742187499999 
0.6776757812499999 
0.7755273437499999 
0.6864648437499998 
0.7374414062499998 
0.8030664062499998 
0.5604882812499999 
0.60267578125 
0.7532617187499998 
0.7854882812499999 
0.8376367187499998 
0.52884765625 
0.7345117187499998 
0.7626367187499998 
0.6173242187499998 
0.7960351562499999 
0.7175195312499999 
0.7421289062499998 
0.8640039062499999 
0.6366601562499998 
0.8153710937499998 
0.7099023437499998 
0.6331445312499999 
0.6179101562499998 
0.51126953125 
0.7532617187499998 
0.8388085937499998 
0.7479882812499998 
0.5768945312499999 
0.6870507812499999 
0.6518945312499999 
0.5458398437499999 
0.5780664062499998 
0.5405664062499999 
0.7766992187499998 
0.7345117187499998 
0.5833398437499999 
0.6255273437499999 
0.5516992187499998 
0.6331445312499999 
0.6612695312499999 
0.4977929687499999 
0.8118554687499998 
0.5704492187499999 
0.6495507812499999 
0.7960351562499999 
0.6442773437499999 
0.5499414062499999 
0.6132226562499998 
0.7151757812499999 
0.6354882812499999 
0.7509179687499998 
0.6999414062499998 
0.5804101562499998 
0.8804101562499997 
0.52884765625 
0.6987695312499999 
0.8159570312499999 
0.7849023437499999 
0.52884765625 
0.7690820312499999 
0.7315820312499998 
0.53470703125 
0.5722070312499999 
0.8528710937499998 
0.5534570312499999 
0.5311914062499999 
0.8358789062499998 
0.5616601562499999 
0.78958984375 
0.8991601562499998 
0.7497460937499998 
0.6753320312499999 
0.8522851562499998 
0.5516992187499998 
0.5528710937499999 
0.6641992187499998 
0.6577539062499999 
0.6032617187499999 
0.7977929687499998 
0.64017578125 
0.5809960937499998 
0.7175195312499999 
