23 64 13 
0.6097070312499999 
0.8159570312499999 
0.7890039062499999 
0.6987695312499999 
0.98236328125 
0.7784570312499999 
0.7608789062499999 
0.8294335937499999 
0.4977929687499999 
0.7849023437499999 
0.6349023437499999 
0.6524804687499998 
0.5886132812499999 
0.9079492187499998 
0.8522851562499998 
0.8921289062499999 
0.7854882812499999 
0.6290429687499999 
0.7122460937499998 
0.7280664062499997 
0.6278710937499998 
0.8903710937499998 
0.7309960937499997 
0.91205078125 
0.9448632812500001 
0.7860742187499998 
0.6395898437499999 
0.6149804687499998 
0.5429101562499998 
0.8458398437499999 
0.6530664062499998 
0.6659570312499998 
0.5458398437499999 
0.7919335937499999 
0.7515039062499999 
0.98236328125 
0.7468164062499998 
0.6431054687499999 
0.7655664062499998 
0.5018945312499999 
1.0485742187500002 
0.6384179687499999 
0.7983789062499999 
1.03744140625 
0.8171289062499999 
0.7063867187499998 
0.51830078125 
0.8001367187499998 
0.7415429687499998 
0.8804101562499997 
0.9085351562499998 
0.7245507812499998 
0.7456445312499999 
0.6542382812499998 
0.9061914062499998 
1.06966796875 
0.82767578125 
0.8370507812499999 
0.56751953125 
0.7854882812499999 
0.5827539062499999 
0.6173242187499998 
0.5763085937499999 
0.8265039062499999 
0.7878320312499999 
0.6108789062499999 
0.5241601562499999 
0.7708398437499999 
0.8815820312499998 
0.7069726562499998 
0.6806054687499998 
0.9641992187499999 
0.8112695312499999 
0.7427148437499999 
0.6431054687499999 
1.0122460937500002 
0.49603515624999994 
0.8188867187499999 
0.7280664062499997 
0.6946679687499998 
0.7725976562499999 
0.5575585937499999 
0.97826171875 
0.8235742187499998 
0.7345117187499998 
0.5962304687499999 
0.8100976562499999 
0.6893945312499998 
0.6138085937499999 
0.5827539062499999 
0.6671289062499999 
0.6425195312499999 
0.7110742187499998 
0.92787109375 
0.6477929687499998 
1.07669921875 
0.7099023437499998 
0.5599023437499999 
0.7948632812499999 
0.96595703125 
0.6653710937499998 
0.8909570312499998 
0.8856835937499998 
0.7620507812499999 
0.6870507812499999 
0.7626367187499998 
0.5997460937499999 
0.6753320312499999 
0.5194726562499999 
0.6366601562499998 
0.4684960937499999 
0.5335351562499999 
0.6929101562499997 
0.8071679687499999 
0.6225976562499999 
0.5956445312499999 
0.7667382812499999 
0.8165429687499999 
1.00580078125 
0.6313867187499999 
0.4825585937499999 
0.7761132812499999 
0.5569726562499999 
0.91966796875 
0.47259765624999994 
0.6958398437499999 
0.6231835937499999 
0.7362695312499998 
0.6343164062499999 
0.6290429687499999 
0.8417382812499998 
0.9987695312499999 
0.6009179687499999 
0.7421289062499998 
0.94076171875 
0.6852929687499998 
0.94369140625 
0.8294335937499999 
0.7725976562499999 
0.7638085937499999 
0.91322265625 
0.8528710937499998 
0.5757226562499999 
0.78958984375 
0.7556054687499998 
0.7608789062499999 
0.7022851562499998 
0.7280664062499997 
0.6571679687499998 
0.5165429687499999 
0.5546289062499999 
0.7766992187499998 
0.5839257812499999 
0.6360742187499998 
0.8065820312499998 
0.7515039062499999 
0.8733789062499998 
0.7374414062499998 
0.6864648437499998 
0.6255273437499999 
0.5974023437499999 
0.6272851562499998 
0.7362695312499998 
0.45794921874999994 
0.7134179687499999 
0.7368554687499997 
0.5405664062499999 
0.8212304687499998 
0.7784570312499999 
0.8059960937499998 
0.7620507812499999 
0.7298242187499997 
0.7227929687499998 
0.7186914062499998 
0.7274804687499997 
0.96947265625 
0.6331445312499999 
0.7966210937499999 
0.97005859375 
0.5897851562499998 
0.7263085937499998 
0.5850976562499999 
0.6184960937499998 
0.8311914062499999 
0.7749414062499999 
0.5628320312499999 
0.8106835937499999 
0.8786523437499998 
0.6413476562499999 
0.93841796875 
0.6671289062499999 
0.7110742187499998 
0.5124414062499999 
0.6313867187499999 
0.78080078125 
0.6929101562499997 
0.6325585937499999 
0.6929101562499997 
0.7702539062499999 
0.7849023437499999 
