28 64 8 
0.8915429687499998 
0.6138085937499999 
0.8048242187499998 
0.4977929687499999 
0.6800195312499999 
0.7233789062499998 
0.5979882812499999 
0.6067773437499999 
0.95658203125 
0.9067773437499999 
0.8311914062499999 
0.56751953125 
0.5991601562499999 
0.6243554687499998 
0.7532617187499998 
0.6694726562499999 
0.9395898437500001 
0.8399804687499998 
0.6759179687499999 
0.6360742187499998 
0.7362695312499998 
0.7497460937499998 
0.8241601562499998 
0.7145898437499999 
0.93724609375 
0.6184960937499998 
0.6829492187499998 
0.6636132812499999 
0.6225976562499999 
0.6929101562499997 
0.8136132812499999 
0.40111328125 
0.6559960937499998 
0.6132226562499998 
0.8112695312499999 
0.7063867187499998 
0.7813867187499999 
0.7825585937499999 
0.7948632812499999 
0.7227929687499998 
0.52884765625 
0.7913476562499999 
0.5118554687499999 
0.5880273437499999 
0.7749414062499999 
0.92494140625 
0.5974023437499999 
0.8159570312499999 
0.6231835937499999 
0.7567773437499998 
0.7479882812499998 
0.6905664062499998 
0.6981835937499998 
0.7403710937499998 
0.7386132812499998 
0.6952539062499998 
0.7567773437499998 
0.6753320312499999 
0.8751367187499998 
0.6489648437499999 
0.6190820312499998 
0.6524804687499998 
0.5985742187499998 
0.6987695312499999 
0.7286523437499998 
0.5522851562499999 
0.92435546875 
0.7772851562499998 
0.6788476562499999 
0.6472070312499999 
0.7087304687499998 
0.46791015624999993 
0.7116601562499998 
0.7380273437499998 
0.6905664062499998 
0.5434960937499999 
0.8183007812499999 
0.7268945312499998 
0.6612695312499999 
0.7509179687499998 
0.8030664062499998 
0.6811914062499999 
0.5634179687499999 
0.7825585937499999 
0.5224023437499999 
0.6173242187499998 
0.7520898437499999 
0.7251367187499997 
0.6436914062499999 
0.8645898437499999 
0.8259179687499999 
0.6114648437499999 
0.5727929687499999 
0.8036523437499998 
0.5446679687499999 
0.7702539062499999 
0.5950585937499999 
0.6190820312499998 
0.6056054687499999 
0.38587890625 
0.6290429687499999 
0.7403710937499998 
0.6477929687499998 
1.0227929687500001 
0.7040429687499998 
0.6683007812499999 
0.6893945312499998 
0.6653710937499998 
0.6489648437499999 
0.8651757812499999 
0.7497460937499998 
0.6343164062499999 
0.7667382812499999 
0.7684960937499998 
0.7005273437499998 
0.6249414062499998 
0.94310546875 
0.6190820312499998 
0.7391992187499997 
0.60501953125 
0.9888085937499999 
0.6964257812499999 
0.8393945312499999 
0.5733789062499999 
0.7450585937499998 
0.6770898437499999 
0.8516992187499998 
0.7222070312499999 
0.6946679687499998 
0.7690820312499999 
0.52767578125 
0.7515039062499999 
0.96947265625 
0.6184960937499998 
0.6431054687499999 
0.5071679687499999 
0.7485742187499997 
0.6946679687499998 
0.7520898437499999 
0.7286523437499998 
0.7140039062499999 
0.6548242187499997 
0.8423242187499997 
0.6600976562499998 
0.8745507812499999 
0.5329492187499999 
0.5440820312499999 
0.7503320312499998 
0.6395898437499999 
0.6196679687499999 
0.6190820312499998 
0.6372460937499999 
0.8845117187499998 
0.6061914062499999 
0.6899804687499997 
0.6343164062499999 
0.6700585937499999 
0.8874414062499998 
0.6876367187499998 
0.7380273437499998 
0.5065820312499999 
0.6770898437499999 
0.6378320312499999 
0.91966796875 
0.5850976562499999 
0.6776757812499999 
0.6811914062499999 
0.6530664062499998 
0.8809960937499998 
0.7743554687499998 
0.7620507812499999 
0.50892578125 
0.7761132812499999 
0.5827539062499999 
0.7222070312499999 
0.6431054687499999 
0.6806054687499998 
0.6220117187499998 
0.6800195312499999 
0.6161523437499998 
0.7743554687499998 
0.6337304687499998 
0.7134179687499999 
0.7298242187499997 
0.7391992187499997 
0.8827539062499998 
0.6126367187499998 
0.7438867187499998 
0.5727929687499999 
0.60501953125 
0.5628320312499999 
0.53177734375 
0.8475976562499998 
0.6747460937499998 
0.5997460937499999 
0.6811914062499999 
0.56751953125 
0.9020898437499999 
0.7099023437499998 
0.6243554687499998 
