4 65 31 
1.2290429687500002 
1.2759179687500002 
1.18333984375 
1.21966796875 
1.2630273437500001 
1.2495507812500002 
1.24603515625 
1.17279296875 
1.2706445312500003 
1.2114648437500002 
1.23431640625 
1.2683007812500002 
1.29291015625 
1.30169921875 
1.3040429687500001 
1.2495507812500002 
1.2349023437500002 
1.29642578125 
1.15873046875 
1.06439453125 
1.1048242187500001 
1.1475976562499999 
1.2700585937500004 
1.2565820312500002 
1.2600976562500001 
1.3157617187500001 
1.2325585937500003 
1.2308007812500001 
1.2770898437500002 
1.31869140625 
1.20912109375 
1.16107421875 
1.26361328125 
1.2876367187500002 
1.2513085937500004 
1.2454492187500001 
1.2794335937500003 
1.22962890625 
1.24720703125 
1.18333984375 
1.2407617187500002 
1.3391992187500001 
1.2495507812500002 
1.3110742187500002 
1.24720703125 
1.26185546875 
1.30931640625 
1.26185546875 
1.23900390625 
1.2665429687500003 
1.2600976562500001 
1.10775390625 
1.2688867187500004 
1.2718164062500001 
1.2313867187500003 
1.29291015625 
1.2741601562500002 
1.2735742187500003 
1.2372460937500003 
1.23431640625 
1.1985742187500001 
1.2337304687500001 
1.2513085937500004 
1.1575585937500001 
1.16634765625 
0.9975976562499999 
1.14291015625 
1.2524804687500002 
1.29759765625 
1.14232421875 
1.2378320312500002 
1.2407617187500002 
1.22259765625 
1.2630273437500001 
1.26244140625 
1.3532617187500002 
1.1235742187500002 
1.2542382812500001 
1.2518945312500003 
1.2061914062499999 
1.26244140625 
1.15697265625 
1.2501367187500003 
1.2659570312500001 
1.30287109375 
1.16693359375 
1.25775390625 
1.21791015625 
1.22962890625 
1.2278710937500001 
1.21205078125 
1.24310546875 
1.2571679687500001 
0.8739648437499998 
1.24720703125 
1.3579492187500002 
1.2495507812500002 
1.11009765625 
1.2706445312500003 
1.3239648437500002 
1.2923242187500001 
1.2641992187500002 
1.33275390625 
1.2536523437500002 
1.22142578125 
1.26185546875 
1.23900390625 
1.22845703125 
1.2419335937500002 
1.19623046875 
1.3081445312500002 
1.30462890625 
1.24603515625 
1.2759179687500002 
1.2817773437500002 
1.30345703125 
1.2794335937500003 
1.2677148437500003 
1.3169335937500002 
1.24017578125 
1.30228515625 
1.3110742187500002 
1.2688867187500004 
1.2378320312500002 
1.22728515625 
1.2677148437500003 
1.09662109375 
1.3052148437500002 
1.20912109375 
1.2419335937500002 
1.2729882812500002 
1.24427734375 
1.31458984375 
1.3216210937500001 
1.3052148437500002 
1.3110742187500002 
1.2806054687500001 
1.12884765625 
1.08666015625 
1.2847070312500002 
1.2782617187500003 
1.0825585937500002 
1.12884765625 
1.16283203125 
1.26244140625 
1.3075585937500003 
1.20736328125 
1.2712304687500002 
1.2325585937500003 
1.27650390625 
1.2454492187500001 
1.2366601562500001 
1.2612695312500002 
1.3286523437500002 
1.2507226562500002 
1.2425195312500001 
1.2683007812500002 
1.21205078125 
1.15814453125 
0.9559960937499999 
1.21205078125 
1.25775390625 
1.2548242187500003 
1.23900390625 
1.26185546875 
1.08431640625 
1.2700585937500004 
1.33392578125 
1.2665429687500003 
1.2132226562500001 
1.24310546875 
1.08841796875 
1.2612695312500002 
1.03802734375 
1.20970703125 
1.2220117187500001 
1.2718164062500001 
1.28822265625 
1.2454492187500001 
1.2349023437500002 
1.24486328125 
1.2724023437500003 
1.2677148437500003 
1.0761132812499998 
1.3427148437500003 
1.26185546875 
0.9999414062499997 
1.28587890625 
1.22845703125 
1.1405664062499998 
1.2290429687500002 
1.2548242187500003 
1.24603515625 
1.30287109375 
1.2595117187500002 
1.24134765625 
1.15169921875 
1.0813867187500001 
1.2606835937500003 
1.02162109375 
