7 65 28 
1.01986328125 
0.8645898437499999 
1.23548828125 
0.6934960937499998 
1.24603515625 
1.2536523437500002 
1.2888085937500002 
1.15697265625 
1.2718164062500001 
1.22552734375 
1.2554101562500002 
1.15638671875 
0.9003320312499998 
1.24427734375 
0.7386132812499998 
1.3081445312500002 
1.2489648437500003 
1.31400390625 
1.0532617187500002 
1.06615234375 
1.2114648437500002 
1.2501367187500003 
1.05853515625 
1.2600976562500001 
1.0122460937500002 
1.01458984375 
0.8616601562499998 
0.8962304687499998 
0.79251953125 
0.97826171875 
1.2571679687500001 
1.07845703125 
0.92083984375 
0.7245507812499998 
1.2302148437500002 
0.78958984375 
1.0011132812499999 
0.91087890625 
1.2337304687500001 
1.21087890625 
1.2337304687500001 
0.96537109375 
1.0579492187500001 
0.8968164062499998 
0.8095117187499998 
1.24134765625 
0.8698632812499999 
0.8974023437499998 
1.2161523437500001 
1.22376953125 
1.2114648437500002 
1.2126367187500002 
1.2161523437500001 
1.0503320312500002 
1.0356835937500002 
0.7157617187499998 
1.0743554687499999 
1.08607421875 
1.2659570312500001 
1.2184960937500002 
0.6155664062499998 
1.2600976562500001 
1.14701171875 
1.24603515625 
1.1956445312500001 
0.8446679687499998 
1.1499414062499997 
1.2489648437500003 
1.19740234375 
1.0063867187500002 
1.06673828125 
0.9917382812499999 
1.26361328125 
1.2419335937500002 
1.1294335937500002 
0.91146484375 
1.2876367187500002 
1.2671289062500002 
1.0063867187500002 
1.2612695312500002 
0.8979882812499999 
1.15697265625 
1.24017578125 
1.18216796875 
1.2407617187500002 
1.13353515625 
1.05091796875 
1.25306640625 
1.2132226562500001 
1.22611328125 
0.8516992187499998 
1.2173242187500002 
1.29408203125 
1.2864648437500001 
1.07552734375 
0.92611328125 
0.8985742187499998 
0.97884765625 
0.8833398437499999 
0.95951171875 
0.92083984375 
0.95833984375 
0.6782617187499999 
1.08080078125 
1.0825585937500002 
1.30111328125 
0.8927148437499999 
1.01283203125 
0.91029296875 
0.8095117187499998 
1.2659570312500001 
1.2138085937500003 
0.8968164062499998 
0.8856835937499998 
1.1950585937500002 
1.14115234375 
1.1200585937500003 
1.20736328125 
1.2126367187500002 
1.2190820312500001 
1.15169921875 
1.1177148437500002 
0.9858789062499999 
0.8950585937499999 
1.01458984375 
0.6513085937499998 
1.19916015625 
0.7427148437499999 
1.13646484375 
1.2507226562500002 
1.06791015625 
1.20677734375 
0.7210351562499998 
0.6583398437499999 
1.22669921875 
1.2466210937500002 
1.0714257812499999 
0.7638085937499999 
1.07787109375 
1.01400390625 
1.2278710937500001 
1.1106835937500001 
0.9970117187499998 
1.0638085937500001 
0.8815820312499998 
0.7309960937499997 
1.03802734375 
1.10541015625 
1.21791015625 
1.24603515625 
1.2319726562500002 
1.20560546875 
0.8382226562499998 
1.00931640625 
1.21791015625 
1.2536523437500002 
1.22611328125 
1.22494140625 
1.2513085937500004 
1.22142578125 
1.25306640625 
1.0579492187500001 
1.1927148437500001 
1.2548242187500003 
1.21498046875 
0.9009179687499999 
1.2776757812500001 
0.8798242187499997 
0.8698632812499999 
0.9401757812500001 
1.19798828125 
0.6694726562499999 
1.20853515625 
1.2132226562500001 
1.13939453125 
0.9308007812500001 
1.20501953125 
0.9899804687499998 
1.1985742187500001 
1.07259765625 
1.19681640625 
1.22611328125 
1.25775390625 
1.2501367187500003 
1.2712304687500002 
0.98119140625 
1.04681640625 
1.20501953125 
1.01927734375 
1.30462890625 
1.16576171875 
1.01927734375 
1.1200585937500003 
0.93138671875 
1.20736328125 
1.0532617187500002 
1.07318359375 
1.01927734375 
1.0356835937500002 
1.05736328125 
