43 5 52 
1.10306640625 
1.1106835937500001 
1.22845703125 
1.15521484375 
1.11126953125 
1.11126953125 
1.2501367187500003 
1.3251367187500003 
1.2349023437500002 
1.3638085937500002 
1.30111328125 
1.2518945312500003 
1.12298828125 
1.2419335937500002 
0.8727929687499998 
0.8850976562499998 
1.29291015625 
1.09427734375 
1.24369140625 
1.28822265625 
1.25892578125 
1.21791015625 
1.22962890625 
1.2800195312500002 
1.13529296875 
1.15521484375 
1.2548242187500003 
1.2325585937500003 
1.15521484375 
1.11712890625 
0.9050195312499999 
1.21791015625 
1.2800195312500002 
1.2800195312500002 
1.2173242187500002 
0.8440820312499998 
1.2847070312500002 
1.22376953125 
0.9905664062499998 
0.8177148437499999 
1.2888085937500002 
1.10658203125 
0.8118554687499998 
1.20794921875 
1.20736328125 
1.16458984375 
1.2395898437500001 
1.3268945312500002 
1.30228515625 
1.0491601562500001 
1.22611328125 
1.2612695312500002 
1.2694726562500003 
1.2700585937500004 
0.9870507812499999 
1.2190820312500001 
1.24310546875 
1.2770898437500002 
0.5616601562499999 
1.29642578125 
1.2542382812500001 
1.21556640625 
1.33685546875 
1.2138085937500003 
1.20970703125 
1.2641992187500002 
1.14349609375 
1.25306640625 
1.1997460937500002 
1.24427734375 
1.16048828125 
1.23431640625 
1.22435546875 
1.25775390625 
1.22669921875 
1.2641992187500002 
1.1499414062499997 
1.20267578125 
1.30052734375 
1.2126367187500002 
1.26361328125 
0.5997460937499999 
1.22259765625 
0.7391992187499997 
1.2542382812500001 
0.95189453125 
1.13998046875 
1.22259765625 
1.30462890625 
1.0989648437500001 
1.09837890625 
1.0444726562500002 
1.24720703125 
1.2595117187500002 
1.2407617187500002 
1.3122460937500002 
1.3245507812500001 
1.2659570312500001 
1.0591210937500002 
1.17044921875 
1.0485742187500002 
1.1950585937500002 
1.24310546875 
0.8007226562499998 
1.05970703125 
1.24017578125 
1.2407617187500002 
1.21791015625 
1.2583398437500002 
1.03626953125 
1.22845703125 
1.2518945312500003 
1.04095703125 
0.97005859375 
1.24134765625 
1.2829492187500002 
1.14232421875 
1.3433007812500002 
0.7350976562499998 
1.3099023437500001 
1.20970703125 
1.12767578125 
1.22376953125 
1.2671289062500002 
1.2548242187500003 
0.7040429687499998 
1.1446679687499999 
1.20150390625 
1.20794921875 
1.2829492187500002 
1.33685546875 
1.19916015625 
1.22142578125 
0.92435546875 
1.2612695312500002 
0.8944726562499998 
1.24017578125 
1.3239648437500002 
1.28236328125 
1.2571679687500001 
1.20912109375 
0.7556054687499998 
1.14876953125 
0.8100976562499999 
1.19095703125 
1.2425195312500001 
0.7409570312499998 
1.2513085937500004 
1.2829492187500002 
1.2794335937500003 
1.32337890625 
1.2759179687500002 
1.1253320312500001 
1.2542382812500001 
1.13060546875 
1.09076171875 
0.7743554687499998 
1.2044335937500001 
1.06322265625 
1.2735742187500003 
1.05091796875 
1.2653710937500002 
1.22669921875 
1.2893945312500001 
1.09251953125 
1.21966796875 
1.05267578125 
1.22142578125 
1.11830078125 
1.2477929687500002 
0.9419335937500001 
1.2190820312500001 
1.21966796875 
1.20794921875 
1.01341796875 
1.04212890625 
1.20912109375 
1.07376953125 
1.04681640625 
1.2536523437500002 
1.2876367187500002 
1.2102929687500001 
1.15814453125 
0.8587304687499998 
1.2782617187500003 
1.2548242187500003 
1.16283203125 
1.17748046875 
1.18978515625 
1.17572265625 
1.24603515625 
0.8938867187499998 
1.06908203125 
1.2536523437500002 
1.2325585937500003 
1.25306640625 
1.11595703125 
1.25892578125 
1.0520898437500001 
0.9026757812499999 
