15 65 20 
0.8171289062499999 
0.7274804687499997 
0.8083398437499999 
0.7720117187499999 
0.8347070312499999 
0.7890039062499999 
0.8259179687499999 
0.8464257812499999 
0.8692773437499999 
0.6102929687499998 
0.7063867187499998 
1.06849609375 
0.8950585937499999 
0.7497460937499998 
0.9448632812500001 
0.9911523437499998 
1.0520898437500001 
0.7022851562499998 
0.8681054687499998 
0.6811914062499999 
0.7977929687499998 
1.0081445312500001 
1.2190820312500001 
0.9946679687499999 
0.92787109375 
1.12123046875 
0.6155664062499998 
0.95130859375 
0.8651757812499999 
0.7081445312499999 
0.6343164062499999 
0.8171289062499999 
0.93841796875 
1.09955078125 
0.8692773437499999 
0.6993554687499998 
0.6589257812499999 
0.7989648437499999 
0.6688867187499998 
0.7356835937499998 
0.5352929687499999 
0.6888085937499998 
0.7643945312499999 
0.7046289062499999 
0.7181054687499998 
0.8733789062499998 
0.7169335937499999 
0.7075585937499999 
0.8968164062499998 
0.8516992187499998 
0.6565820312499998 
0.6038476562499999 
1.0081445312500001 
0.8698632812499999 
1.08958984375 
0.97650390625 
0.7210351562499998 
0.6214257812499999 
0.7040429687499998 
0.7438867187499998 
0.8581445312499999 
0.6876367187499998 
0.8704492187499998 
0.9618554687499999 
0.8399804687499998 
0.8540429687499999 
0.8253320312499999 
0.8604882812499999 
0.7749414062499999 
0.91029296875 
0.8452539062499999 
1.0761132812499998 
0.6636132812499999 
0.7702539062499999 
0.92376953125 
0.93373046875 
0.8177148437499999 
0.8722070312499999 
1.01810546875 
1.2337304687500001 
0.8013085937499999 
0.5446679687499999 
0.79017578125 
0.8247460937499999 
0.91087890625 
1.19740234375 
0.9091210937499998 
1.21556640625 
1.0579492187500001 
0.5540429687499999 
0.7362695312499998 
0.95951171875 
0.7942773437499999 
0.6559960937499998 
0.8763085937499998 
0.56458984375 
0.6841210937499999 
0.8434960937499998 
0.6079492187499999 
0.9050195312499999 
0.94662109375 
0.9554101562499999 
0.96595703125 
0.6870507812499999 
0.8235742187499998 
0.8786523437499998 
0.9999414062499997 
0.7749414062499999 
0.8733789062499998 
0.5763085937499999 
0.6079492187499999 
0.7128320312499998 
0.8159570312499999 
0.5446679687499999 
0.7350976562499998 
0.8218164062499999 
0.95716796875 
0.7491601562499998 
1.04095703125 
0.6571679687499998 
0.5458398437499999 
0.6659570312499998 
0.98177734375 
0.8270898437499999 
0.8763085937499998 
1.01166015625 
0.8218164062499999 
1.07083984375 
0.96009765625 
0.8897851562499998 
0.97181640625 
1.09017578125 
0.7099023437499998 
0.7643945312499999 
0.6425195312499999 
0.8458398437499999 
0.8200585937499999 
0.7813867187499999 
0.7585351562499998 
0.96654296875 
0.92904296875 
0.6618554687499998 
0.8938867187499998 
0.7421289062499998 
0.6378320312499999 
0.8165429687499999 
0.6173242187499998 
0.94310546875 
1.0403710937500001 
0.7843164062499999 
0.7556054687499998 
0.7884179687499999 
0.6507226562499998 
0.7304101562499997 
0.6858789062499998 
0.7573632812499999 
0.7151757812499999 
0.5909570312499999 
0.8464257812499999 
0.8704492187499998 
1.00697265625 
1.08783203125 
0.7673242187499998 
0.8839257812499999 
1.04212890625 
0.8839257812499999 
1.0122460937500002 
0.5997460937499999 
1.0052148437500001 
0.7016992187499997 
0.8593164062499998 
0.6905664062499998 
0.8528710937499998 
0.6501367187499998 
0.7989648437499999 
0.8464257812499999 
0.7233789062499998 
0.8827539062499998 
1.04212890625 
0.7520898437499999 
0.5774804687499998 
0.6641992187499998 
0.8188867187499999 
1.0813867187500001 
0.7099023437499998 
0.8077539062499999 
0.5974023437499999 
1.0263085937500003 
0.7140039062499999 
0.9940820312499998 
0.7034570312499998 
0.7696679687499999 
0.6934960937499998 
0.8933007812499999 
0.7638085937499999 
1.06146484375 
0.7315820312499998 
0.7649804687499998 
1.00404296875 
0.7309960937499997 
