28 65 7 
0.6776757812499999 
0.7280664062499997 
0.79017578125 
0.6413476562499999 
0.6677148437499999 
0.8856835937499998 
0.52767578125 
0.6442773437499999 
0.5909570312499999 
0.7878320312499999 
0.78958984375 
0.6765039062499999 
0.5938867187499999 
0.6184960937499998 
0.5452539062499999 
0.6841210937499999 
0.9524804687499999 
0.6102929687499998 
0.8206445312499999 
0.7714257812499999 
0.7802148437499999 
0.6384179687499999 
0.8083398437499999 
0.6776757812499999 
0.7667382812499999 
0.6179101562499998 
0.5335351562499999 
0.7509179687499998 
0.6870507812499999 
0.7585351562499998 
0.7890039062499999 
0.6589257812499999 
0.6032617187499999 
0.7046289062499999 
0.7368554687499997 
0.7643945312499999 
0.6847070312499999 
0.6149804687499998 
0.5850976562499999 
0.8417382812499998 
0.6677148437499999 
0.7280664062499997 
0.8774804687499997 
0.7321679687499998 
0.6091210937499999 
0.6724023437499999 
0.8604882812499999 
0.7397851562499997 
0.60208984375 
0.7714257812499999 
0.78080078125 
0.8897851562499998 
0.6431054687499999 
0.6384179687499999 
0.5786523437499999 
0.6899804687499997 
0.6776757812499999 
0.8218164062499999 
0.6929101562499997 
0.5991601562499999 
0.7345117187499998 
0.6477929687499998 
0.82767578125 
0.4731835937499999 
0.7163476562499999 
0.7550195312499999 
0.8575585937499999 
0.5880273437499999 
0.6501367187499998 
0.6454492187499998 
0.6085351562499999 
0.6630273437499998 
0.9026757812499999 
0.6173242187499998 
0.6442773437499999 
0.5599023437499999 
0.5686914062499999 
0.5475976562499999 
0.7866601562499999 
0.7972070312499999 
0.5950585937499999 
0.5440820312499999 
0.6261132812499999 
0.5411523437499999 
0.6015039062499999 
0.6378320312499999 
0.5757226562499999 
0.6460351562499999 
0.7608789062499999 
0.5399804687499998 
0.6964257812499999 
0.47845703124999994 
0.7948632812499999 
0.6173242187499998 
0.7321679687499998 
0.93490234375 
0.56751953125 
0.47611328124999996 
0.5833398437499999 
0.79017578125 
0.7843164062499999 
0.7099023437499998 
0.6618554687499998 
0.6044335937499999 
0.6044335937499999 
0.8370507812499999 
0.8464257812499999 
0.6231835937499999 
0.6003320312499999 
0.55521484375 
0.6683007812499999 
0.6378320312499999 
0.7227929687499998 
0.7913476562499999 
0.7333398437499998 
0.6325585937499999 
0.5833398437499999 
0.6483789062499998 
0.7661523437499999 
0.7380273437499998 
0.4878320312499999 
0.8071679687499999 
0.6858789062499998 
0.5634179687499999 
0.6911523437499998 
0.5921289062499999 
0.8212304687499998 
0.5716210937499999 
0.6167382812499999 
0.5165429687499999 
0.5927148437499999 
0.7227929687499998 
0.6243554687499998 
0.6249414062499998 
0.6337304687499998 
0.6138085937499999 
0.7356835937499998 
0.7321679687499998 
0.6284570312499999 
0.6794335937499999 
0.8933007812499999 
0.6079492187499999 
0.8698632812499999 
0.7274804687499997 
0.6841210937499999 
0.7210351562499998 
0.5212304687499999 
1.01400390625 
0.6261132812499999 
0.6179101562499998 
0.6378320312499999 
0.5757226562499999 
0.7157617187499998 
0.7198632812499999 
0.5856835937499999 
0.6677148437499999 
0.6366601562499998 
0.92318359375 
0.7784570312499999 
0.8106835937499999 
0.5048242187499998 
0.5013085937499999 
0.6431054687499999 
0.8300195312499999 
0.7427148437499999 
0.6559960937499998 
0.8095117187499998 
0.7796289062499999 
0.8077539062499999 
0.8311914062499999 
0.7860742187499998 
0.7450585937499998 
0.7339257812499999 
0.5780664062499998 
0.6208398437499999 
0.7386132812499998 
0.6454492187499998 
0.8048242187499998 
0.7222070312499999 
0.6647851562499998 
0.7046289062499999 
0.7931054687499999 
0.95951171875 
0.6384179687499999 
0.6952539062499998 
0.8610742187499998 
0.7280664062499997 
0.7556054687499998 
0.7333398437499998 
0.8171289062499999 
0.6507226562499998 
0.5979882812499999 
0.8604882812499999 
0.6173242187499998 
0.7550195312499999 
0.6343164062499999 
0.5915429687499999 
0.7104882812499999 
0.8739648437499998 
0.6056054687499999 
