32 65 3 
0.5018945312499999 
0.6284570312499999 
0.6817773437499999 
0.7526757812499999 
0.7204492187499998 
0.6378320312499999 
0.8270898437499999 
0.6806054687499998 
0.7649804687499998 
0.7831445312499999 
0.6149804687499998 
0.5757226562499999 
0.5710351562499999 
0.7397851562499997 
0.7280664062499997 
0.41166015624999996 
0.6132226562499998 
0.6636132812499999 
0.7040429687499998 
0.5745507812499999 
0.5845117187499999 
0.8065820312499998 
0.6524804687499998 
0.7772851562499998 
0.7919335937499999 
0.5610742187499999 
0.6559960937499998 
0.6395898437499999 
0.5306054687499999 
0.6495507812499999 
0.4995507812499999 
0.6302148437499999 
0.6343164062499999 
0.6354882812499999 
0.5516992187499998 
0.41576171874999995 
0.7181054687499998 
0.8083398437499999 
0.7456445312499999 
0.7222070312499999 
0.6946679687499998 
0.8335351562499999 
0.5710351562499999 
0.5968164062499999 
1.09193359375 
0.7087304687499998 
0.7632226562499999 
0.6138085937499999 
0.5569726562499999 
0.6659570312499998 
0.5194726562499999 
0.7081445312499999 
0.6923242187499997 
0.8751367187499998 
0.7257226562499998 
0.7526757812499999 
0.6313867187499999 
0.5815820312499999 
0.6858789062499998 
0.7233789062499998 
0.6003320312499999 
0.6636132812499999 
0.7110742187499998 
0.46087890624999994 
0.6970117187499998 
0.5042382812499999 
0.5804101562499998 
0.7134179687499999 
0.4497460937499999 
0.7239648437499998 
0.6243554687499998 
0.7643945312499999 
0.5253320312499999 
0.5704492187499999 
0.6923242187499997 
1.1294335937500002 
0.7684960937499998 
0.5786523437499999 
0.6231835937499999 
0.7415429687499998 
0.6999414062499998 
0.7151757812499999 
0.7227929687499998 
0.8452539062499999 
0.5909570312499999 
0.91966796875 
0.5569726562499999 
0.8165429687499999 
0.6442773437499999 
0.4925195312499999 
0.5534570312499999 
0.8516992187499998 
0.98294921875 
0.7181054687499998 
0.5470117187499999 
0.8106835937499999 
0.5516992187499998 
0.6600976562499998 
0.7643945312499999 
0.8141992187499998 
0.5891992187499998 
0.7931054687499999 
0.56458984375 
0.7585351562499998 
0.8423242187499997 
0.7550195312499999 
0.5628320312499999 
0.6097070312499999 
0.8224023437499999 
0.5423242187499998 
0.7433007812499999 
0.6888085937499998 
0.5399804687499998 
0.6313867187499999 
0.7526757812499999 
0.8077539062499999 
0.6600976562499998 
0.6589257812499999 
0.6255273437499999 
0.7145898437499999 
0.6993554687499998 
0.5575585937499999 
0.8335351562499999 
0.6149804687499998 
0.5446679687499999 
0.5997460937499999 
0.6536523437499998 
0.8054101562499998 
0.6056054687499999 
0.5628320312499999 
0.5358789062499999 
0.6765039062499999 
0.5065820312499999 
0.5341210937499999 
0.44798828124999995 
0.44330078124999994 
0.6190820312499998 
0.64017578125 
0.6683007812499999 
0.5804101562499998 
0.6724023437499999 
0.5710351562499999 
0.5452539062499999 
0.6577539062499999 
0.8130273437499999 
0.6852929687499998 
0.6126367187499998 
0.5681054687499999 
0.7561914062499998 
1.2829492187500002 
0.8587304687499998 
0.6325585937499999 
0.7491601562499998 
0.8018945312499999 
0.91556640625 
0.5768945312499999 
0.6073632812499999 
0.7028710937499998 
0.7960351562499999 
0.6636132812499999 
0.7655664062499998 
0.6132226562499998 
0.7948632812499999 
0.6477929687499998 
0.49720703124999993 
0.5593164062499999 
0.6905664062499998 
0.7479882812499998 
0.6302148437499999 
0.6759179687499999 
0.52591796875 
0.6683007812499999 
0.8364648437499999 
0.52005859375 
0.5827539062499999 
0.47025390624999996 
0.8370507812499999 
0.8710351562499998 
0.5821679687499999 
0.7766992187499998 
0.7333398437499998 
0.7526757812499999 
0.7638085937499999 
0.5716210937499999 
0.56751953125 
0.7948632812499999 
0.5634179687499999 
0.6284570312499999 
0.7632226562499999 
0.8054101562499998 
0.7216210937499998 
0.6384179687499999 
0.5147851562499999 
0.8077539062499999 
0.6776757812499999 
0.6249414062499998 
0.7972070312499999 
0.7403710937499998 
0.5968164062499999 
0.6038476562499999 
