33 65 2 
0.5036523437499999 
0.40287109374999996 
0.6436914062499999 
0.5657617187499999 
0.93373046875 
0.6290429687499999 
0.5979882812499999 
0.6811914062499999 
0.6337304687499998 
0.5628320312499999 
0.92318359375 
0.8118554687499998 
0.60267578125 
0.7063867187499998 
0.7386132812499998 
0.6460351562499999 
0.7497460937499998 
0.5405664062499999 
0.7550195312499999 
0.6606835937499999 
0.42572265624999994 
0.8036523437499998 
0.7520898437499999 
0.5516992187499998 
0.5247460937499999 
0.6220117187499998 
0.6343164062499999 
0.60267578125 
0.7204492187499998 
0.7468164062499998 
0.5944726562499999 
0.8815820312499998 
0.7720117187499999 
0.5798242187499998 
0.8956445312499999 
0.7368554687499997 
0.7046289062499999 
0.5774804687499998 
0.6688867187499998 
0.6577539062499999 
0.7046289062499999 
0.7679101562499998 
0.6583398437499999 
0.8534570312499998 
0.6360742187499998 
0.40111328125 
0.5874414062499999 
0.7016992187499997 
0.8446679687499998 
0.5470117187499999 
0.9888085937499999 
0.6577539062499999 
0.8663476562499999 
0.7772851562499998 
0.5768945312499999 
0.4485742187499999 
0.6038476562499999 
0.6893945312499998 
0.6225976562499999 
0.92259765625 
0.52708984375 
0.6196679687499999 
0.7561914062499998 
0.6970117187499998 
0.6132226562499998 
0.8282617187499999 
0.7263085937499998 
0.5722070312499999 
0.6911523437499998 
0.7298242187499997 
0.5370507812499999 
0.8247460937499999 
0.6214257812499999 
0.7210351562499998 
0.7667382812499999 
0.5839257812499999 
0.6313867187499999 
0.8212304687499998 
0.5130273437499999 
0.6753320312499999 
0.6554101562499998 
0.7796289062499999 
0.6970117187499998 
0.5833398437499999 
0.6888085937499998 
0.5610742187499999 
0.6753320312499999 
0.54642578125 
0.7421289062499998 
0.5716210937499999 
0.6466210937499999 
0.6425195312499999 
0.8839257812499999 
0.8306054687499999 
0.6718164062499998 
0.6683007812499999 
0.6477929687499998 
0.6296289062499999 
0.7274804687499997 
0.6724023437499999 
0.41927734375 
0.47611328124999996 
0.6038476562499999 
0.7034570312499998 
0.6548242187499997 
0.7016992187499997 
0.6975976562499998 
0.55580078125 
0.7485742187499997 
0.6143945312499999 
0.6858789062499998 
0.6975976562499998 
0.6179101562499998 
0.6255273437499999 
0.8018945312499999 
0.5845117187499999 
0.4849023437499999 
0.5481835937499999 
0.8675195312499999 
0.5768945312499999 
0.5417382812499999 
0.8253320312499999 
0.7268945312499998 
0.5212304687499999 
0.5018945312499999 
0.7954492187499999 
0.6255273437499999 
0.8136132812499999 
0.64017578125 
0.6003320312499999 
0.8159570312499999 
0.6858789062499998 
0.6671289062499999 
0.7227929687499998 
0.6225976562499999 
0.56517578125 
0.6390039062499999 
0.7181054687499998 
0.7134179687499999 
0.5153710937499999 
0.6255273437499999 
0.95423828125 
0.49720703124999993 
0.6630273437499998 
0.6782617187499999 
0.8938867187499998 
0.8751367187499998 
0.52298828125 
0.6313867187499999 
0.7649804687499998 
0.6507226562499998 
0.6917382812499998 
0.6483789062499998 
0.7368554687499997 
0.5042382812499999 
0.6513085937499998 
0.6272851562499998 
0.7140039062499999 
0.7345117187499998 
0.5429101562499998 
0.6518945312499999 
0.6530664062499998 
0.5106835937499999 
0.6155664062499998 
0.92494140625 
0.5311914062499999 
0.8270898437499999 
0.6741601562499998 
0.5030664062499999 
0.5470117187499999 
0.8663476562499999 
0.7936914062499999 
0.5001367187499999 
0.6847070312499999 
0.6706445312499999 
0.6864648437499998 
0.5528710937499999 
0.6671289062499999 
0.4778710937499999 
0.7843164062499999 
0.8095117187499998 
0.5927148437499999 
0.7257226562499998 
0.7186914062499998 
0.5921289062499999 
0.94310546875 
0.6038476562499999 
0.5927148437499999 
0.7919335937499999 
0.4638085937499999 
0.5833398437499999 
0.7257226562499998 
0.5850976562499999 
0.4872460937499999 
0.6143945312499999 
0.5991601562499999 
0.6554101562499998 
0.6325585937499999 
0.5118554687499999 
0.8886132812499998 
