34 65 1 
0.6981835937499998 
0.6706445312499999 
0.6958398437499999 
0.6343164062499999 
0.7755273437499999 
0.5593164062499999 
0.5768945312499999 
0.4872460937499999 
0.7339257812499999 
0.5856835937499999 
0.6132226562499998 
0.6448632812499999 
0.6770898437499999 
0.8194726562499999 
0.64017578125 
0.56751953125 
0.7034570312499998 
0.5722070312499999 
0.7345117187499998 
0.6583398437499999 
0.6460351562499999 
0.4860742187499999 
0.7415429687499998 
0.6712304687499998 
0.6354882812499999 
0.6003320312499999 
0.5434960937499999 
0.7163476562499999 
0.5569726562499999 
0.4808007812499999 
0.7561914062499998 
0.7081445312499999 
0.5493554687499999 
0.6964257812499999 
0.6085351562499999 
0.6460351562499999 
0.7128320312499998 
0.6044335937499999 
0.4544335937499999 
0.8634179687499999 
0.7567773437499998 
0.8259179687499999 
0.6266992187499998 
0.6671289062499999 
0.6624414062499998 
0.7016992187499997 
0.7421289062499998 
0.6782617187499999 
0.6647851562499998 
0.5880273437499999 
0.7597070312499998 
0.6759179687499999 
0.5821679687499999 
0.7725976562499999 
0.6548242187499997 
0.5024804687499999 
0.5563867187499999 
0.6179101562499998 
0.6489648437499999 
0.7608789062499999 
0.7157617187499998 
0.52064453125 
0.5446679687499999 
0.5599023437499999 
0.7104882812499999 
0.5610742187499999 
0.59330078125 
0.60267578125 
0.6454492187499998 
0.7345117187499998 
0.47669921874999993 
0.5036523437499999 
0.6190820312499998 
0.8610742187499998 
0.59330078125 
0.5985742187499998 
0.6542382812499998 
0.6946679687499998 
0.6665429687499999 
0.8188867187499999 
0.53470703125 
0.7298242187499997 
0.7022851562499998 
0.5516992187499998 
0.4661523437499999 
0.79017578125 
0.7520898437499999 
0.4866601562499999 
0.7614648437499999 
0.6694726562499999 
0.6665429687499999 
0.6554101562499998 
0.42455078124999995 
0.5956445312499999 
0.6788476562499999 
0.56400390625 
0.6923242187499997 
0.7245507812499998 
0.4825585937499999 
0.8540429687499999 
0.42220703125 
0.49369140624999996 
0.5516992187499998 
0.5470117187499999 
0.7444726562499998 
0.7626367187499998 
0.7421289062499998 
0.6190820312499998 
0.7011132812499998 
0.5522851562499999 
0.5358789062499999 
0.6108789062499999 
0.5862695312499999 
0.6554101562499998 
0.45091796874999995 
0.8171289062499999 
0.7778710937499999 
0.7468164062499998 
0.5938867187499999 
0.6671289062499999 
0.7602929687499999 
0.6554101562499998 
0.6044335937499999 
0.7931054687499999 
0.5716210937499999 
0.6536523437499998 
0.7122460937499998 
0.5329492187499999 
0.6583398437499999 
0.53470703125 
0.7778710937499999 
0.6208398437499999 
0.6231835937499999 
0.8850976562499998 
0.6390039062499999 
0.6724023437499999 
0.5792382812499999 
0.5745507812499999 
0.8124414062499998 
0.8206445312499999 
0.45208984374999994 
0.60501953125 
0.6044335937499999 
0.6811914062499999 
0.6700585937499999 
0.7110742187499998 
0.6308007812499999 
0.8159570312499999 
0.5897851562499998 
0.5417382812499999 
0.6636132812499999 
0.56986328125 
0.56751953125 
0.5071679687499999 
0.5042382812499999 
0.5493554687499999 
0.7796289062499999 
0.7081445312499999 
0.6782617187499999 
0.6413476562499999 
0.5681054687499999 
0.51712890625 
0.6683007812499999 
0.6466210937499999 
0.47494140625 
0.6518945312499999 
0.6243554687499998 
0.6085351562499999 
0.5727929687499999 
0.6091210937499999 
0.6694726562499999 
0.5833398437499999 
0.52884765625 
0.7948632812499999 
0.6179101562499998 
0.7725976562499999 
0.6870507812499999 
0.7444726562499998 
0.6600976562499998 
0.6917382812499998 
0.7034570312499998 
0.5352929687499999 
0.7304101562499997 
0.6190820312499998 
0.44916015624999994 
0.5780664062499998 
0.6993554687499998 
0.8446679687499998 
0.5780664062499998 
0.5716210937499999 
0.5956445312499999 
0.6308007812499999 
0.56517578125 
0.5388085937499999 
0.6694726562499999 
0.5399804687499998 
0.6184960937499998 
0.6659570312499998 
0.6841210937499999 
0.6366601562499998 
