6 66 28 
1.2454492187500001 
1.2583398437500002 
0.93138671875 
1.25306640625 
1.2677148437500003 
1.0286523437500001 
1.22728515625 
1.2501367187500003 
1.2518945312500003 
0.8962304687499998 
1.10716796875 
0.98236328125 
0.8886132812499998 
1.30462890625 
1.03509765625 
1.23548828125 
1.2518945312500003 
1.06322265625 
1.2325585937500003 
1.2659570312500001 
1.23900390625 
1.25306640625 
1.2641992187500002 
0.7731835937499999 
1.22494140625 
1.19330078125 
1.2612695312500002 
1.2559960937500003 
1.2302148437500002 
1.2366601562500001 
0.6641992187499998 
1.05677734375 
0.96126953125 
1.33861328125 
0.9888085937499999 
0.7931054687499999 
0.91615234375 
1.02220703125 
1.2548242187500003 
0.98177734375 
0.7403710937499998 
1.0890039062499999 
1.07376953125 
1.2302148437500002 
1.2659570312500001 
1.2308007812500001 
0.96595703125 
1.22494140625 
0.92962890625 
0.97064453125 
1.24720703125 
1.21791015625 
1.08431640625 
1.21966796875 
1.24720703125 
1.16458984375 
1.24427734375 
1.20267578125 
1.24310546875 
1.2641992187500002 
0.7368554687499997 
1.19447265625 
1.2864648437500001 
1.13001953125 
1.13705078125 
0.8974023437499998 
0.91556640625 
1.22962890625 
1.2407617187500002 
1.00873046875 
1.14876953125 
1.07552734375 
1.2483789062500001 
0.8827539062499998 
1.20912109375 
0.8001367187499998 
1.2934960937500002 
1.09134765625 
0.8657617187499999 
0.95716796875 
1.00404296875 
1.2278710937500001 
0.9149804687499999 
1.14583984375 
1.0544335937500002 
1.2513085937500004 
1.07904296875 
1.09662109375 
0.7931054687499999 
1.0075585937500002 
1.2319726562500002 
1.10951171875 
0.9735742187499999 
1.22552734375 
1.06673828125 
1.0315820312500001 
1.25892578125 
1.2559960937500003 
1.2278710937500001 
1.2395898437500001 
1.26361328125 
1.24310546875 
1.2477929687500002 
1.2507226562500002 
1.22669921875 
1.18451171875 
1.2665429687500003 
0.9530664062499999 
1.21673828125 
1.2934960937500002 
1.25306640625 
0.95951171875 
0.8868554687499998 
1.12416015625 
1.24310546875 
1.23431640625 
1.2419335937500002 
1.2477929687500002 
1.1001367187500002 
1.10716796875 
0.7421289062499998 
1.2126367187500002 
0.95716796875 
1.03275390625 
0.91029296875 
1.29583984375 
1.23431640625 
0.7860742187499998 
1.17572265625 
1.2308007812500001 
1.2794335937500003 
1.2595117187500002 
0.6009179687499999 
1.20501953125 
1.12416015625 
0.8786523437499998 
1.2425195312500001 
1.08783203125 
1.18158203125 
1.2518945312500003 
1.2729882812500002 
1.3122460937500002 
1.0251367187500002 
1.24369140625 
0.8393945312499999 
1.1809960937500001 
1.2308007812500001 
1.23841796875 
1.05677734375 
1.03978515625 
1.1686914062499998 
1.0714257812499999 
1.05853515625 
0.9425195312500001 
1.07552734375 
1.22376953125 
0.7251367187499997 
1.06908203125 
1.2290429687500002 
0.8681054687499998 
1.2319726562500002 
0.6847070312499999 
1.2776757812500001 
0.93841796875 
1.2061914062499999 
0.8897851562499998 
1.2395898437500001 
0.6577539062499999 
1.22962890625 
0.9091210937499998 
1.08431640625 
0.92376953125 
0.9061914062499998 
1.01283203125 
1.08431640625 
1.13001953125 
1.2518945312500003 
1.2518945312500003 
0.7556054687499998 
0.98353515625 
1.2308007812500001 
1.1950585937500002 
0.7585351562499998 
1.18568359375 
0.94955078125 
1.3122460937500002 
0.7573632812499999 
1.2419335937500002 
1.2718164062500001 
1.2349023437500002 
0.98294921875 
1.2302148437500002 
1.2372460937500003 
0.6835351562499998 
0.6495507812499999 
1.23431640625 
1.2806054687500001 
1.22494140625 
1.2847070312500002 
1.2407617187500002 
