47 5 48 
1.2753320312500003 
0.97533203125 
1.0268945312500002 
1.24486328125 
1.12591796875 
1.20560546875 
1.1938867187500002 
1.26361328125 
1.1165429687500001 
1.00169921875 
1.13294921875 
1.2419335937500002 
0.7872460937499999 
1.22552734375 
1.2313867187500003 
1.03919921875 
1.2829492187500002 
1.2501367187500003 
1.2126367187500002 
0.7380273437499998 
1.2671289062500002 
0.8681054687499998 
1.22435546875 
1.24017578125 
0.78958984375 
1.2278710937500001 
0.8112695312499999 
1.2724023437500003 
1.26185546875 
1.0427148437500002 
0.92259765625 
0.9097070312499999 
1.2319726562500002 
1.00990234375 
0.8352929687499998 
1.15287109375 
1.08783203125 
1.07845703125 
1.25775390625 
1.2372460937500003 
1.04212890625 
1.2653710937500002 
1.21205078125 
1.2536523437500002 
1.32103515625 
1.3257226562500002 
1.22669921875 
1.1681054687499999 
1.1950585937500002 
1.2184960937500002 
1.02923828125 
1.2231835937500002 
1.2893945312500001 
1.23548828125 
1.32103515625 
0.7116601562499998 
1.2571679687500001 
1.1499414062499997 
1.2776757812500001 
0.7497460937499998 
1.17689453125 
1.2665429687500003 
1.2653710937500002 
1.2290429687500002 
1.2495507812500002 
1.2290429687500002 
1.16634765625 
1.1809960937500001 
1.0520898437500001 
1.2501367187500003 
1.22611328125 
1.2724023437500003 
0.8581445312499999 
1.14583984375 
1.2495507812500002 
1.26361328125 
1.2659570312500001 
1.2659570312500001 
1.1493554687499998 
1.12181640625 
1.2325585937500003 
0.8727929687499998 
1.13001953125 
1.20033203125 
1.2454492187500001 
1.13060546875 
1.2483789062500001 
1.2565820312500002 
0.9993554687499997 
0.7421289062499998 
0.9911523437499998 
1.25775390625 
1.2454492187500001 
1.16751953125 
1.0263085937500003 
1.2548242187500003 
1.2770898437500002 
1.2313867187500003 
1.2483789062500001 
1.2559960937500003 
1.2559960937500003 
1.18333984375 
1.32337890625 
0.7784570312499999 
1.2694726562500003 
1.1177148437500002 
1.2337304687500001 
1.10833984375 
1.01810546875 
1.0257226562500001 
1.18978515625 
1.29291015625 
1.22142578125 
1.21205078125 
1.22376953125 
1.15462890625 
0.8065820312499998 
1.1827539062499999 
1.2337304687500001 
1.19681640625 
0.9073632812499999 
0.96947265625 
0.92845703125 
1.2700585937500004 
0.9911523437499998 
1.2372460937500003 
1.22552734375 
1.21087890625 
1.22552734375 
1.2595117187500002 
1.2313867187500003 
1.2712304687500002 
1.2548242187500003 
1.2583398437500002 
1.06029296875 
1.20912109375 
0.8540429687499999 
1.2308007812500001 
1.0989648437500001 
1.2231835937500002 
1.15287109375 
1.13353515625 
1.3427148437500003 
1.1985742187500001 
1.2349023437500002 
0.93431640625 
1.22376953125 
1.09076171875 
1.22142578125 
1.22845703125 
0.9073632812499999 
1.20150390625 
1.2559960937500003 
1.17806640625 
1.23548828125 
1.2893945312500001 
1.31048828125 
1.2794335937500003 
1.2061914062499999 
1.2653710937500002 
1.21791015625 
1.18919921875 
1.19330078125 
1.05384765625 
1.2606835937500003 
1.2999414062499999 
0.97181640625 
1.35736328125 
1.2337304687500001 
0.8575585937499999 
1.19037109375 
1.0714257812499999 
1.07201171875 
1.06673828125 
1.31986328125 
1.26244140625 
1.07083984375 
1.2788476562500002 
1.03802734375 
1.23431640625 
1.13294921875 
1.2349023437500002 
1.2665429687500003 
1.25892578125 
1.24603515625 
1.2600976562500001 
1.2278710937500001 
0.8013085937499999 
1.26478515625 
1.21498046875 
1.0169335937500001 
1.1698632812499998 
0.91380859375 
1.2565820312500002 
1.16634765625 
1.2841210937500003 
1.23841796875 
1.01517578125 
0.8716210937499999 
1.2102929687500001 
