27 66 7 
0.7163476562499999 
0.6759179687499999 
0.47142578124999995 
0.6747460937499998 
0.6624414062499998 
0.7181054687499998 
0.8376367187499998 
0.8159570312499999 
0.6876367187499998 
0.6097070312499999 
0.7509179687499998 
0.5798242187499998 
0.8528710937499998 
0.7093164062499998 
0.5335351562499999 
0.9266992187499999 
0.6765039062499999 
0.8505273437499998 
0.5968164062499999 
0.7087304687499998 
0.8171289062499999 
0.7298242187499997 
0.6161523437499998 
0.8341210937499999 
0.91263671875 
0.6882226562499998 
0.96244140625 
0.53236328125 
0.7315820312499998 
0.5891992187499998 
0.5030664062499999 
0.5569726562499999 
0.7878320312499999 
0.6981835937499998 
0.9214257812500001 
0.6413476562499999 
0.8798242187499997 
0.6436914062499999 
0.6366601562499998 
0.5821679687499999 
0.8628320312499999 
0.6237695312499999 
0.7960351562499999 
0.5850976562499999 
0.4661523437499999 
0.7515039062499999 
0.7936914062499999 
0.5528710937499999 
0.6530664062499998 
0.5733789062499999 
0.8317773437499999 
0.52005859375 
0.42220703125 
0.7673242187499998 
0.6390039062499999 
0.6823632812499999 
0.6413476562499999 
0.7087304687499998 
0.5241601562499999 
0.4661523437499999 
0.6788476562499999 
0.6114648437499999 
0.5194726562499999 
0.4825585937499999 
0.8722070312499999 
0.5874414062499999 
0.7597070312499998 
0.7456445312499999 
0.5434960937499999 
0.6044335937499999 
0.7819726562499999 
0.6823632812499999 
0.5247460937499999 
0.56751953125 
1.0011132812499999 
0.6788476562499999 
0.7972070312499999 
0.48900390624999995 
0.51830078125 
0.5095117187499999 
0.7983789062499999 
1.08490234375 
0.7397851562499997 
0.6419335937499999 
0.6325585937499999 
0.6958398437499999 
0.6501367187499998 
0.5704492187499999 
0.6425195312499999 
0.7602929687499999 
0.8364648437499999 
0.7497460937499998 
0.9308007812500001 
0.7772851562499998 
0.7673242187499998 
0.43568359374999993 
0.6126367187499998 
1.1938867187500002 
0.7327539062499998 
0.7784570312499999 
0.56693359375 
0.6325585937499999 
0.9085351562499998 
0.9993554687499997 
0.8669335937499999 
0.7526757812499999 
0.7052148437499999 
0.6559960937499998 
0.6231835937499999 
0.52064453125 
0.97064453125 
0.8405664062499998 
0.8493554687499998 
0.6852929687499998 
0.6882226562499998 
0.91263671875 
0.6589257812499999 
0.6425195312499999 
0.7620507812499999 
0.5774804687499998 
0.6102929687499998 
0.7585351562499998 
0.9970117187499998 
0.7849023437499999 
0.93373046875 
0.7099023437499998 
0.7948632812499999 
0.7544335937499999 
0.7755273437499999 
1.02337890625 
0.6302148437499999 
0.7175195312499999 
0.5891992187499998 
0.6290429687499999 
0.6220117187499998 
0.6624414062499998 
0.7802148437499999 
0.6067773437499999 
0.6987695312499999 
0.6817773437499999 
0.5956445312499999 
0.7538476562499998 
0.8440820312499998 
0.5974023437499999 
0.6741601562499998 
0.5159570312499999 
0.7233789062499998 
0.5153710937499999 
0.8915429687499998 
0.7345117187499998 
0.7737695312499999 
0.5804101562499998 
0.6806054687499998 
0.7052148437499999 
0.49427734374999993 
0.7222070312499999 
0.7890039062499999 
0.6741601562499998 
0.7391992187499997 
0.7725976562499999 
0.6975976562499998 
0.7966210937499999 
0.8095117187499998 
0.8487695312499999 
0.6243554687499998 
0.5007226562499999 
0.5962304687499999 
0.5792382812499999 
0.5282617187499999 
0.5880273437499999 
0.7907617187499999 
0.6858789062499998 
0.6571679687499998 
0.9308007812500001 
0.6472070312499999 
0.5153710937499999 
0.5024804687499999 
0.6630273437499998 
0.5938867187499999 
0.6975976562499998 
0.8130273437499999 
0.48841796874999993 
0.7954492187499999 
0.5909570312499999 
0.93431640625 
0.6460351562499999 
0.6483789062499998 
0.7538476562499998 
0.7538476562499998 
0.7280664062499997 
0.7128320312499998 
0.9032617187499998 
0.60208984375 
0.5247460937499999 
0.6800195312499999 
0.8944726562499998 
0.7989648437499999 
0.7350976562499998 
0.6888085937499998 
0.8956445312499999 
