29 66 5 
0.7890039062499999 
0.9548242187499999 
0.6208398437499999 
0.8177148437499999 
0.6518945312499999 
0.7655664062499998 
0.6741601562499998 
0.6724023437499999 
0.7239648437499998 
0.5927148437499999 
0.6683007812499999 
0.7186914062499998 
0.5827539062499999 
0.6630273437499998 
0.6835351562499998 
0.6343164062499999 
0.8335351562499999 
0.5417382812499999 
0.7702539062499999 
0.92435546875 
0.5722070312499999 
0.6431054687499999 
0.7233789062499998 
0.9056054687499998 
0.48900390624999995 
0.8634179687499999 
0.8294335937499999 
0.6466210937499999 
0.8206445312499999 
0.4966210937499999 
0.6132226562499998 
0.5335351562499999 
0.6436914062499999 
0.6108789062499999 
0.6636132812499999 
0.6882226562499998 
0.7169335937499999 
0.8417382812499998 
0.9858789062499999 
1.13880859375 
0.5856835937499999 
0.6665429687499999 
0.7216210937499998 
0.59330078125 
0.6378320312499999 
0.6407617187499999 
0.7151757812499999 
0.7597070312499998 
0.6255273437499999 
0.8042382812499999 
0.6167382812499999 
0.8206445312499999 
0.6806054687499998 
0.7684960937499998 
0.7954492187499999 
0.8927148437499999 
0.64017578125 
0.6788476562499999 
0.7626367187499998 
0.7796289062499999 
0.5599023437499999 
0.6917382812499998 
0.6688867187499998 
0.6472070312499999 
0.6706445312499999 
0.6595117187499998 
0.5938867187499999 
0.7843164062499999 
0.7186914062499998 
0.7725976562499999 
0.7608789062499999 
0.5956445312499999 
0.6530664062499998 
0.5839257812499999 
0.91322265625 
0.5727929687499999 
0.6302148437499999 
0.6243554687499998 
0.6349023437499999 
0.5757226562499999 
0.5763085937499999 
0.7714257812499999 
0.8968164062499998 
0.55814453125 
0.7210351562499998 
0.7673242187499998 
0.7655664062499998 
0.7954492187499999 
0.8481835937499999 
0.6384179687499999 
0.6747460937499998 
0.8171289062499999 
0.6501367187499998 
0.7497460937499998 
0.8640039062499999 
0.8739648437499998 
0.7110742187499998 
0.7350976562499998 
0.5522851562499999 
0.49486328124999995 
0.6067773437499999 
0.8487695312499999 
0.7509179687499998 
0.56751953125 
0.7386132812499998 
0.8487695312499999 
0.8188867187499999 
0.6495507812499999 
0.5862695312499999 
0.5839257812499999 
0.7374414062499998 
0.6747460937499998 
0.55814453125 
0.5886132812499999 
0.9554101562499999 
0.60267578125 
0.6325585937499999 
0.8540429687499999 
0.6589257812499999 
0.7116601562499998 
0.5013085937499999 
0.6337304687499998 
0.7731835937499999 
0.55814453125 
0.7157617187499998 
0.7784570312499999 
0.60501953125 
0.8048242187499998 
0.6284570312499999 
0.6606835937499999 
0.7245507812499998 
0.8886132812499998 
0.52767578125 
0.6753320312499999 
0.5253320312499999 
0.7679101562499998 
0.5657617187499999 
0.9548242187499999 
0.6366601562499998 
0.6343164062499999 
0.6325585937499999 
0.5563867187499999 
0.6800195312499999 
0.5681054687499999 
0.6835351562499998 
0.7602929687499999 
0.6612695312499999 
0.6243554687499998 
0.91849609375 
0.6811914062499999 
0.6407617187499999 
0.52005859375 
0.5827539062499999 
0.7462304687499998 
0.5722070312499999 
0.4866601562499999 
0.7825585937499999 
0.7468164062499998 
0.6905664062499998 
0.7327539062499998 
0.7368554687499997 
0.6143945312499999 
0.7333398437499998 
0.7093164062499998 
0.7421289062499998 
0.5100976562499999 
0.7374414062499998 
0.6102929687499998 
0.7942773437499999 
0.5106835937499999 
0.7163476562499999 
0.7145898437499999 
0.6325585937499999 
0.7784570312499999 
0.5546289062499999 
0.6061914062499999 
1.03685546875 
0.6600976562499998 
0.5411523437499999 
0.5534570312499999 
0.93783203125 
0.7497460937499998 
0.7702539062499999 
0.5423242187499998 
0.5429101562499998 
0.7198632812499999 
0.6811914062499999 
0.8347070312499999 
0.5452539062499999 
0.7972070312499999 
0.7093164062499998 
0.6138085937499999 
0.7304101562499997 
0.5686914062499999 
0.6477929687499998 
0.7292382812499998 
0.7866601562499999 
0.7222070312499999 
0.5733789062499999 
0.5886132812499999 
