32 66 2 
0.44095703124999996 
0.5974023437499999 
0.6472070312499999 
0.5569726562499999 
0.6530664062499998 
0.6102929687499998 
0.8727929687499998 
0.5915429687499999 
0.5722070312499999 
0.64017578125 
0.7280664062499997 
0.7099023437499998 
0.7005273437499998 
0.6132226562499998 
0.8974023437499998 
0.6952539062499998 
0.6272851562499998 
0.5329492187499999 
0.6003320312499999 
0.6032617187499999 
0.6759179687499999 
0.56400390625 
0.6782617187499999 
0.7391992187499997 
0.5540429687499999 
0.7028710937499998 
0.6126367187499998 
0.6278710937499998 
0.4966210937499999 
1.0456445312500002 
0.8194726562499999 
0.5481835937499999 
0.6700585937499999 
0.5815820312499999 
0.6718164062499998 
0.6899804687499997 
0.6366601562499998 
0.6296289062499999 
0.5927148437499999 
0.8938867187499998 
0.7327539062499998 
0.8118554687499998 
0.5604882812499999 
0.6829492187499998 
0.6143945312499999 
0.6876367187499998 
0.8288476562499999 
0.40228515625 
0.7538476562499998 
0.6460351562499999 
0.5962304687499999 
0.8622460937499998 
0.6425195312499999 
0.6641992187499998 
0.6343164062499999 
0.6067773437499999 
0.4866601562499999 
0.6659570312499998 
0.6138085937499999 
0.6143945312499999 
0.49017578124999994 
0.4802148437499999 
0.7005273437499998 
0.7268945312499998 
0.7538476562499998 
0.7579492187499998 
0.8317773437499999 
0.5686914062499999 
0.6044335937499999 
0.7075585937499999 
0.8399804687499998 
0.7099023437499998 
0.7931054687499999 
0.6618554687499998 
0.6331445312499999 
0.82767578125 
0.6993554687499998 
0.6108789062499999 
0.6196679687499999 
0.7556054687499998 
0.7028710937499998 
0.7485742187499997 
0.7368554687499997 
0.7749414062499999 
0.7456445312499999 
0.7960351562499999 
0.6817773437499999 
0.8118554687499998 
0.5886132812499999 
0.52943359375 
0.6788476562499999 
0.6472070312499999 
0.6061914062499999 
0.6911523437499998 
0.6987695312499999 
0.6847070312499999 
0.5962304687499999 
0.6179101562499998 
0.5751367187499998 
0.5786523437499999 
1.18685546875 
0.5950585937499999 
0.8124414062499998 
0.6864648437499998 
0.6143945312499999 
0.5774804687499998 
0.7474023437499998 
0.9981835937499999 
0.6196679687499999 
0.6706445312499999 
0.7433007812499999 
0.6501367187499998 
0.7503320312499998 
0.6559960937499998 
0.6501367187499998 
0.6442773437499999 
0.5165429687499999 
0.6190820312499998 
0.6038476562499999 
0.8036523437499998 
0.45501953124999994 
0.52005859375 
0.6647851562499998 
0.5522851562499999 
0.8792382812499998 
0.6507226562499998 
0.7362695312499998 
0.8692773437499999 
0.8259179687499999 
0.7011132812499998 
0.7766992187499998 
0.6460351562499999 
0.7192773437499999 
0.6776757812499999 
0.7485742187499997 
0.6741601562499998 
0.6225976562499999 
0.5141992187499999 
0.5563867187499999 
0.4831445312499999 
0.82767578125 
0.4802148437499999 
0.6454492187499998 
0.7016992187499997 
0.52943359375 
0.45970703124999995 
0.6015039062499999 
0.6554101562499998 
0.6559960937499998 
0.7538476562499998 
0.6753320312499999 
0.9038476562499999 
0.6659570312499998 
0.6753320312499999 
0.94134765625 
0.5516992187499998 
0.5710351562499999 
0.6559960937499998 
0.6870507812499999 
0.7491601562499998 
1.02337890625 
0.6056054687499999 
0.6847070312499999 
0.5100976562499999 
0.7186914062499998 
0.7708398437499999 
0.7567773437499998 
0.7913476562499999 
0.7772851562499998 
0.5657617187499999 
0.8522851562499998 
0.49720703124999993 
0.8294335937499999 
0.7409570312499998 
0.6032617187499999 
0.8018945312499999 
0.5821679687499999 
0.6466210937499999 
0.5599023437499999 
0.5610742187499999 
0.4872460937499999 
0.7860742187499998 
0.7872460937499999 
0.7391992187499997 
0.6800195312499999 
0.6823632812499999 
0.6577539062499999 
0.8634179687499999 
0.5716210937499999 
0.8054101562499998 
0.7860742187499998 
0.6120507812499999 
0.7169335937499999 
0.53001953125 
0.6331445312499999 
0.5376367187499999 
0.5927148437499999 
0.6354882812499999 
0.8516992187499998 
0.6993554687499998 
