14 67 19 
0.9981835937499999 
1.01283203125 
0.9061914062499998 
0.8352929687499998 
1.14583984375 
0.5475976562499999 
0.93783203125 
1.08021484375 
0.7679101562499998 
0.6571679687499998 
1.3157617187500001 
0.5950585937499999 
0.9073632812499999 
0.78080078125 
0.7597070312499998 
0.6911523437499998 
1.03509765625 
0.8868554687499998 
0.8294335937499999 
0.7058007812499999 
0.8856835937499998 
0.7450585937499998 
0.5909570312499999 
0.91146484375 
1.06029296875 
0.6202539062499999 
0.7655664062499998 
0.8393945312499999 
1.2495507812500002 
0.7233789062499998 
0.91146484375 
0.92435546875 
1.17337890625 
1.12650390625 
0.7022851562499998 
0.92318359375 
1.2331445312500002 
0.97826171875 
0.6870507812499999 
0.8183007812499999 
0.93783203125 
0.94427734375 
0.7843164062499999 
0.9940820312499998 
0.6360742187499998 
0.9056054687499998 
0.7298242187499997 
1.0011132812499999 
0.7239648437499998 
0.9946679687499999 
0.6501367187499998 
0.9501367187499999 
1.21205078125 
0.5774804687499998 
0.7222070312499999 
0.96947265625 
1.01634765625 
0.6079492187499999 
0.6964257812499999 
0.6266992187499998 
0.9032617187499998 
1.12123046875 
0.7995507812499999 
0.97474609375 
0.7140039062499999 
0.5071679687499999 
0.6847070312499999 
0.8059960937499998 
0.7977929687499998 
0.8686914062499999 
0.7936914062499999 
1.1224023437500001 
0.7497460937499998 
0.8464257812499999 
1.09837890625 
0.9091210937499998 
1.0298242187500002 
0.7175195312499999 
0.7813867187499999 
0.7063867187499998 
0.7860742187499998 
0.7561914062499998 
0.93373046875 
0.6489648437499999 
1.2337304687500001 
1.01341796875 
0.7210351562499998 
1.18041015625 
0.9905664062499998 
0.8727929687499998 
1.31517578125 
0.7239648437499998 
0.5475976562499999 
0.98294921875 
0.9097070312499999 
0.9647851562499999 
1.12591796875 
0.7362695312499998 
1.26185546875 
0.91263671875 
0.6811914062499999 
0.8909570312499998 
0.6817773437499999 
0.9559960937499999 
1.15638671875 
0.8054101562499998 
0.8288476562499999 
0.8622460937499998 
1.16693359375 
0.6970117187499998 
0.96654296875 
0.7386132812499998 
0.95423828125 
1.22494140625 
0.7175195312499999 
0.8311914062499999 
0.6554101562499998 
1.0239648437500002 
0.7995507812499999 
0.8516992187499998 
0.7309960937499997 
0.6688867187499998 
1.02748046875 
0.8739648437499998 
0.7491601562499998 
0.6946679687499998 
0.5593164062499999 
0.6278710937499998 
0.8042382812499999 
0.91615234375 
0.7040429687499998 
0.7919335937499999 
0.7438867187499998 
0.97943359375 
0.6132226562499998 
0.9061914062499998 
0.8979882812499999 
0.5891992187499998 
0.7884179687499999 
0.92552734375 
1.18978515625 
0.7556054687499998 
0.8376367187499998 
1.00052734375 
0.8341210937499999 
0.6390039062499999 
1.2747460937500004 
0.8265039062499999 
0.7673242187499998 
0.8048242187499998 
1.23431640625 
0.8206445312499999 
0.6694726562499999 
0.7884179687499999 
0.91263671875 
0.9020898437499999 
0.94603515625 
0.7579492187499998 
0.7720117187499999 
0.97123046875 
1.2044335937500001 
1.05853515625 
1.10306640625 
0.6776757812499999 
0.6149804687499998 
0.43744140625 
0.96595703125 
1.0579492187500001 
0.9032617187499998 
0.7462304687499998 
1.2184960937500002 
1.18568359375 
0.7854882812499999 
0.8270898437499999 
0.8933007812499999 
0.6747460937499998 
0.93373046875 
0.7608789062499999 
0.9911523437499998 
1.02220703125 
0.8610742187499998 
0.7960351562499999 
0.94369140625 
0.8962304687499998 
0.8792382812499998 
0.8587304687499998 
1.1956445312500001 
1.28587890625 
0.6811914062499999 
1.22494140625 
0.6659570312499998 
0.8083398437499999 
0.7391992187499997 
0.97240234375 
1.0638085937500001 
0.7684960937499998 
0.94662109375 
1.24134765625 
0.8253320312499999 
0.6700585937499999 
