52 5 43 
0.8587304687499998 
1.08783203125 
1.23431640625 
0.7696679687499999 
1.10658203125 
1.2659570312500001 
1.0989648437500001 
1.11126953125 
1.2524804687500002 
0.96947265625 
1.11126953125 
1.24369140625 
1.29408203125 
1.13177734375 
0.9097070312499999 
1.2876367187500002 
1.2395898437500001 
1.0743554687499999 
1.2319726562500002 
1.3099023437500001 
1.29701171875 
1.11712890625 
1.0743554687499999 
1.20912109375 
1.0872460937500001 
1.2712304687500002 
1.2759179687500002 
0.9852929687499998 
1.24310546875 
0.8388085937499998 
1.28998046875 
1.13236328125 
1.01048828125 
1.2349023437500002 
1.2718164062500001 
1.2513085937500004 
0.93138671875 
0.7046289062499999 
1.26361328125 
1.30287109375 
1.1505273437499999 
1.3040429687500001 
1.08021484375 
0.9952539062499999 
1.2184960937500002 
1.2425195312500001 
1.3263085937500003 
1.13470703125 
1.08607421875 
1.2173242187500002 
1.05677734375 
1.2278710937500001 
1.25775390625 
1.2554101562500002 
0.91849609375 
0.97826171875 
1.2360742187500002 
0.8382226562499998 
1.22669921875 
1.08373046875 
1.2542382812500001 
1.2606835937500003 
1.2477929687500002 
0.9044335937499999 
1.2847070312500002 
0.7983789062499999 
0.8165429687499999 
0.9097070312499999 
0.8581445312499999 
0.93841796875 
1.2407617187500002 
1.2419335937500002 
1.2565820312500002 
1.03861328125 
1.2671289062500002 
1.10833984375 
0.9934960937499998 
1.2290429687500002 
1.16576171875 
1.26361328125 
1.2419335937500002 
1.0743554687499999 
1.0052148437500001 
1.2220117187500001 
1.27650390625 
1.16224609375 
1.0309960937500002 
1.2501367187500003 
1.09779296875 
1.2454492187500001 
1.17396484375 
1.21966796875 
1.0655664062499999 
0.8358789062499998 
1.20267578125 
1.0227929687500001 
1.2706445312500003 
1.09310546875 
1.0544335937500002 
0.93197265625 
1.2741601562500002 
0.7591210937499998 
0.9554101562499999 
0.8434960937499998 
1.06732421875 
1.1886132812499999 
1.30287109375 
1.22962890625 
1.2671289062500002 
1.3075585937500003 
1.17689453125 
1.28705078125 
1.22376953125 
1.23900390625 
0.7075585937499999 
1.1294335937500002 
1.0813867187500001 
1.2290429687500002 
0.7878320312499999 
1.20267578125 
0.6313867187499999 
1.23431640625 
1.30580078125 
1.2706445312500003 
1.2114648437500002 
1.24603515625 
1.2190820312500001 
1.02806640625 
1.2161523437500001 
1.17865234375 
1.20794921875 
0.5610742187499999 
1.0403710937500001 
1.3052148437500002 
1.2407617187500002 
1.19916015625 
1.2841210937500003 
1.0890039062499999 
1.08431640625 
0.98119140625 
1.09134765625 
1.06205078125 
1.25892578125 
0.7597070312499998 
0.95072265625 
1.13880859375 
1.14876953125 
1.2349023437500002 
0.97240234375 
1.18333984375 
1.2278710937500001 
1.03216796875 
1.24720703125 
0.8065820312499998 
1.24427734375 
1.3075585937500003 
1.01810546875 
1.2595117187500002 
1.2659570312500001 
1.2190820312500001 
1.19330078125 
1.21966796875 
0.98353515625 
1.3157617187500001 
1.22259765625 
1.25775390625 
1.28529296875 
0.9952539062499999 
1.2847070312500002 
1.2308007812500001 
0.8054101562499998 
1.01810546875 
1.03744140625 
0.8188867187499999 
1.16283203125 
1.31986328125 
1.13939453125 
1.06732421875 
0.8604882812499999 
1.2143945312500002 
1.20091796875 
1.2302148437500002 
1.2729882812500002 
1.15462890625 
1.00873046875 
1.17748046875 
1.19154296875 
1.2565820312500002 
1.15638671875 
1.2817773437500002 
0.8792382812499998 
1.15697265625 
0.9085351562499998 
1.2800195312500002 
1.2313867187500003 
1.22494140625 
1.2630273437500001 
0.8599023437499999 
0.7638085937499999 
1.0186914062499999 
