2 68 30 
1.2366601562500001 
1.3052148437500002 
1.4036523437500001 
1.37259765625 
1.3063867187500002 
1.38958984375 
1.4001367187500002 
1.37552734375 
1.3040429687500001 
1.3567773437500001 
1.3257226562500002 
1.4036523437500001 
1.3345117187500002 
1.43060546875 
1.40306640625 
1.3544335937500003 
1.3274804687500001 
1.2308007812500001 
1.4235742187500002 
1.37787109375 
1.31751953125 
1.3333398437500001 
1.3532617187500002 
1.3761132812499999 
1.2366601562500001 
1.37142578125 
1.3591210937500002 
1.2776757812500001 
1.3831445312500001 
1.3052148437500002 
1.2308007812500001 
1.3040429687500001 
1.41302734375 
1.31400390625 
1.4188867187500003 
1.35736328125 
1.32103515625 
1.32806640625 
1.40306640625 
1.43177734375 
1.3315820312500002 
1.35150390625 
1.4018945312500002 
1.3268945312500002 
1.4247460937500003 
1.31810546875 
1.3415429687500002 
1.38958984375 
1.39134765625 
1.33392578125 
1.3345117187500002 
1.31341796875 
1.3626367187500001 
1.3304101562500001 
1.3157617187500001 
1.31927734375 
1.30580078125 
1.3286523437500002 
1.3444726562500002 
1.33392578125 
1.37787109375 
1.31517578125 
1.42650390625 
1.3626367187500001 
1.3638085937500002 
1.4253320312500002 
1.3286523437500002 
1.30873046875 
1.3157617187500001 
1.30052734375 
1.3520898437500002 
1.3245507812500001 
1.29935546875 
1.33392578125 
1.37083984375 
1.21791015625 
1.30931640625 
1.3257226562500002 
1.3333398437500001 
1.4177148437500002 
1.37201171875 
1.30462890625 
1.3239648437500002 
1.3702539062499999 
1.32337890625 
1.2360742187500002 
1.31048828125 
1.29876953125 
1.3989648437500002 
1.3315820312500002 
1.35560546875 
1.33392578125 
1.3227929687500002 
1.24134765625 
1.36498046875 
1.3403710937500002 
1.2876367187500002 
1.36498046875 
1.30931640625 
1.30580078125 
1.3626367187500001 
1.3544335937500003 
1.3309960937500003 
1.3274804687500001 
1.38197265625 
1.31166015625 
1.3936914062499999 
1.38548828125 
1.37904296875 
1.31986328125 
1.3391992187500001 
1.29642578125 
1.3268945312500002 
1.3391992187500001 
1.2313867187500003 
1.4018945312500002 
1.3421289062500001 
1.3567773437500001 
1.37142578125 
1.35267578125 
1.37083984375 
1.3257226562500002 
1.36908203125 
1.29056640625 
1.2934960937500002 
1.42298828125 
1.28822265625 
1.2829492187500002 
1.32923828125 
1.38431640625 
1.39955078125 
1.30873046875 
1.38958984375 
1.37318359375 
1.3591210937500002 
1.3567773437500001 
1.30052734375 
1.41185546875 
1.43060546875 
1.2278710937500001 
1.3421289062500001 
1.3345117187500002 
1.38080078125 
1.31634765625 
1.2999414062499999 
1.36556640625 
1.42181640625 
1.3567773437500001 
1.39720703125 
1.4095117187500001 
1.32337890625 
1.3216210937500001 
1.29291015625 
1.30169921875 
1.3274804687500001 
1.29935546875 
1.42298828125 
1.30052734375 
1.3239648437500002 
1.36908203125 
1.37728515625 
1.36556640625 
1.4388085937500001 
1.31048828125 
1.3450585937500004 
1.3415429687500002 
1.31341796875 
1.31869140625 
1.3684960937500001 
1.36791015625 
1.28998046875 
1.3474023437500002 
1.4001367187500002 
1.3362695312500001 
1.31517578125 
1.31048828125 
1.3825585937500002 
1.31458984375 
1.2319726562500002 
1.3227929687500002 
1.3591210937500002 
1.40775390625 
1.31810546875 
1.3040429687500001 
1.38900390625 
1.37904296875 
1.3345117187500002 
1.31166015625 
1.33392578125 
1.30873046875 
1.3356835937500002 
1.28822265625 
1.38490234375 
1.4106835937500002 
1.39427734375 
1.30228515625 
1.31400390625 
1.34095703125 
1.30228515625 
1.3063867187500002 
