25 68 7 
0.7104882812499999 
0.5628320312499999 
0.7286523437499998 
0.45091796874999995 
0.7602929687499999 
0.5692773437499999 
0.5475976562499999 
0.6800195312499999 
0.6999414062499998 
0.8927148437499999 
0.5018945312499999 
0.6407617187499999 
0.9032617187499998 
0.9888085937499999 
0.6272851562499998 
1.06439453125 
0.8364648437499999 
0.7397851562499997 
0.6143945312499999 
0.5727929687499999 
0.7602929687499999 
0.8358789062499998 
0.6448632812499999 
0.8968164062499998 
0.6765039062499999 
0.6554101562499998 
0.6665429687499999 
0.8141992187499998 
0.6647851562499998 
0.56751953125 
0.5997460937499999 
0.7304101562499997 
0.6606835937499999 
0.6847070312499999 
0.6536523437499998 
0.7989648437499999 
0.8352929687499998 
0.6425195312499999 
0.6741601562499998 
0.6073632812499999 
0.6964257812499999 
0.6876367187499998 
0.8405664062499998 
0.6794335937499999 
0.6852929687499998 
0.6149804687499998 
0.7679101562499998 
0.8218164062499999 
0.5575585937499999 
0.6958398437499999 
0.6888085937499998 
0.7298242187499997 
0.5903710937499999 
0.6431054687499999 
0.8511132812499999 
0.43275390625 
0.8938867187499998 
0.7186914062499998 
0.8493554687499998 
0.5563867187499999 
0.8763085937499998 
0.5710351562499999 
0.55521484375 
0.6975976562499998 
0.7257226562499998 
0.7626367187499998 
0.8446679687499998 
0.6507226562499998 
0.6038476562499999 
0.7438867187499998 
0.6313867187499999 
0.6407617187499999 
1.19154296875 
0.6876367187499998 
0.7567773437499998 
0.5587304687499999 
0.91908203125 
0.91380859375 
0.6817773437499999 
0.6565820312499998 
0.6460351562499999 
0.5856835937499999 
0.6671289062499999 
0.7462304687499998 
0.6325585937499999 
0.8417382812499998 
0.98119140625 
0.6724023437499999 
0.5798242187499998 
0.6677148437499999 
0.6202539062499999 
0.6349023437499999 
0.7550195312499999 
0.6536523437499998 
0.53001953125 
0.7866601562499999 
0.5218164062499999 
0.7731835937499999 
0.6554101562499998 
0.6571679687499998 
0.96771484375 
0.5903710937499999 
0.7579492187499998 
0.7427148437499999 
0.9800195312500001 
0.7567773437499998 
0.7462304687499998 
0.7163476562499999 
0.8552148437499999 
0.8921289062499999 
0.6641992187499998 
0.7339257812499999 
0.6993554687499998 
0.6606835937499999 
0.6343164062499999 
0.6419335937499999 
0.7140039062499999 
0.7421289062499998 
0.8657617187499999 
0.8868554687499998 
0.6448632812499999 
0.9641992187499999 
0.8036523437499998 
0.7034570312499998 
0.5809960937499998 
0.8757226562499998 
0.5487695312499999 
0.6413476562499999 
0.8411523437499998 
0.6559960937499998 
0.8218164062499999 
0.6659570312499998 
0.5516992187499998 
0.6817773437499999 
0.8593164062499998 
0.91556640625 
0.7591210937499998 
0.7433007812499999 
0.5792382812499999 
0.56693359375 
0.8909570312499998 
0.6917382812499998 
0.5423242187499998 
0.7755273437499999 
0.6120507812499999 
0.7028710937499998 
0.45853515624999996 
0.7181054687499998 
0.6343164062499999 
0.7766992187499998 
0.92318359375 
0.7368554687499997 
0.6061914062499999 
0.6454492187499998 
0.6724023437499999 
0.8686914062499999 
0.7550195312499999 
0.6641992187499998 
0.7649804687499998 
0.9647851562499999 
0.7052148437499999 
0.6266992187499998 
0.6161523437499998 
0.4673242187499999 
0.5763085937499999 
0.6413476562499999 
0.5153710937499999 
0.8171289062499999 
0.7069726562499998 
0.44154296874999993 
0.8183007812499999 
0.7907617187499999 
0.6331445312499999 
0.60267578125 
0.7444726562499998 
0.6583398437499999 
0.6378320312499999 
0.8399804687499998 
0.8095117187499998 
0.7368554687499997 
0.93197265625 
0.6958398437499999 
0.6858789062499998 
0.8915429687499998 
0.8071679687499999 
0.8083398437499999 
0.6665429687499999 
0.6970117187499998 
0.6190820312499998 
0.7608789062499999 
0.91146484375 
0.9858789062499999 
0.95423828125 
0.6671289062499999 
0.6589257812499999 
0.7192773437499999 
0.6126367187499998 
0.7145898437499999 
0.7046289062499999 
0.6823632812499999 
