27 68 5 
0.6882226562499998 
0.5780664062499998 
0.6296289062499999 
1.0063867187500002 
0.5569726562499999 
0.6149804687499998 
0.7333398437499998 
0.8007226562499998 
0.7181054687499998 
0.6841210937499999 
0.6056054687499999 
0.96712890625 
0.7198632812499999 
0.6214257812499999 
0.78080078125 
0.8727929687499998 
0.6413476562499999 
0.8317773437499999 
0.6794335937499999 
0.6776757812499999 
0.7427148437499999 
0.60208984375 
0.45267578124999996 
0.8235742187499998 
0.7831445312499999 
0.8077539062499999 
0.7620507812499999 
0.6683007812499999 
0.5622460937499999 
0.6759179687499999 
0.7491601562499998 
0.9952539062499999 
0.8897851562499998 
0.6296289062499999 
0.6882226562499998 
0.6067773437499999 
0.6184960937499998 
0.5927148437499999 
1.20150390625 
0.79017578125 
0.6378320312499999 
0.6940820312499998 
0.7843164062499999 
0.6888085937499998 
0.7110742187499998 
0.6466210937499999 
0.8007226562499998 
0.7796289062499999 
0.6706445312499999 
0.5493554687499999 
0.6278710937499998 
0.6073632812499999 
0.6460351562499999 
0.6665429687499999 
0.6261132812499999 
0.8241601562499998 
0.92201171875 
0.5938867187499999 
0.6518945312499999 
0.8130273437499999 
0.6548242187499997 
0.6366601562499998 
0.6981835937499998 
0.6946679687499998 
0.6454492187499998 
0.8464257812499999 
0.6313867187499999 
0.6454492187499998 
0.97474609375 
0.7321679687499998 
0.7983789062499999 
0.7761132812499999 
0.7890039062499999 
0.8059960937499998 
0.7614648437499999 
0.8499414062499998 
0.8862695312499999 
0.8909570312499998 
0.6606835937499999 
0.5950585937499999 
0.6899804687499997 
0.5077539062499999 
0.98177734375 
0.6138085937499999 
0.47435546874999995 
0.6981835937499998 
0.7866601562499999 
0.8874414062499998 
0.5329492187499999 
0.6495507812499999 
0.6372460937499999 
0.7948632812499999 
0.7151757812499999 
0.6513085937499998 
0.7368554687499997 
0.8880273437499998 
0.9091210937499998 
0.4831445312499999 
0.6466210937499999 
0.5388085937499999 
0.56986328125 
0.7433007812499999 
0.6882226562499998 
0.6184960937499998 
0.5862695312499999 
0.5458398437499999 
0.7884179687499999 
0.47728515624999995 
0.5938867187499999 
0.8452539062499999 
0.6735742187499998 
0.7860742187499998 
0.6097070312499999 
0.7093164062499998 
0.5727929687499999 
0.7192773437499999 
0.8065820312499998 
0.8241601562499998 
0.7333398437499998 
0.5768945312499999 
0.5434960937499999 
0.7608789062499999 
0.6073632812499999 
0.7866601562499999 
0.8657617187499999 
0.5704492187499999 
0.6477929687499998 
0.5153710937499999 
0.94779296875 
0.8581445312499999 
0.6067773437499999 
0.7702539062499999 
0.5634179687499999 
0.8487695312499999 
0.8751367187499998 
0.4849023437499999 
0.6056054687499999 
0.6876367187499998 
0.7579492187499998 
0.5956445312499999 
0.6765039062499999 
1.09251953125 
0.5610742187499999 
0.8323632812499999 
0.7567773437499998 
0.7391992187499997 
0.7450585937499998 
0.8388085937499998 
0.6817773437499999 
0.6829492187499998 
0.5587304687499999 
0.8522851562499998 
0.5370507812499999 
0.6477929687499998 
0.6718164062499998 
0.5739648437499999 
0.60208984375 
0.5253320312499999 
0.39994140625 
0.5704492187499999 
0.5071679687499999 
0.5599023437499999 
0.6501367187499998 
0.6266992187499998 
0.6284570312499999 
0.7016992187499997 
0.6372460937499999 
0.6530664062499998 
0.5540429687499999 
0.5921289062499999 
0.6542382812499998 
0.6683007812499999 
0.5616601562499999 
0.4995507812499999 
0.7655664062499998 
0.8897851562499998 
0.9003320312499998 
0.7679101562499998 
0.6425195312499999 
0.6272851562499998 
0.41869140625 
0.8364648437499999 
0.7655664062499998 
1.08080078125 
0.7520898437499999 
0.8833398437499999 
0.8018945312499999 
0.6647851562499998 
0.9893945312499999 
0.7034570312499998 
0.6852929687499998 
0.7544335937499999 
0.6630273437499998 
0.64017578125 
0.6636132812499999 
0.7081445312499999 
0.7731835937499999 
0.6308007812499999 
0.6724023437499999 
0.6817773437499999 
