30 68 2 
0.5604882812499999 
0.52298828125 
0.6929101562499997 
0.8370507812499999 
0.6606835937499999 
0.5991601562499999 
0.7737695312499999 
0.8341210937499999 
0.5546289062499999 
0.5985742187499998 
0.5516992187499998 
0.5833398437499999 
0.6477929687499998 
0.5751367187499998 
0.5434960937499999 
0.60501953125 
0.7391992187499997 
0.6823632812499999 
0.7450585937499998 
0.8329492187499998 
0.5528710937499999 
0.6120507812499999 
0.6073632812499999 
0.4989648437499999 
0.6612695312499999 
0.7169335937499999 
0.8429101562499998 
0.7573632812499999 
0.8001367187499998 
0.8030664062499998 
0.6559960937499998 
0.7725976562499999 
0.5429101562499998 
0.52064453125 
0.6765039062499999 
0.6970117187499998 
0.6606835937499999 
0.7239648437499998 
0.4819726562499999 
0.48431640624999994 
0.5739648437499999 
0.6061914062499999 
0.6554101562499998 
0.7181054687499998 
0.79017578125 
0.9085351562499998 
0.6319726562499999 
0.7655664062499998 
0.8440820312499998 
0.95951171875 
0.6220117187499998 
0.56517578125 
0.49427734374999993 
0.7345117187499998 
0.6407617187499999 
0.5499414062499999 
0.7813867187499999 
0.5985742187499998 
0.6085351562499999 
0.6565820312499998 
0.6776757812499999 
0.7872460937499999 
0.8018945312499999 
0.6923242187499997 
0.5311914062499999 
0.5874414062499999 
0.6507226562499998 
0.6097070312499999 
0.6132226562499998 
0.6794335937499999 
0.6231835937499999 
0.7046289062499999 
0.6313867187499999 
0.8265039062499999 
0.7890039062499999 
0.5780664062499998 
0.7989648437499999 
0.7667382812499999 
0.6899804687499997 
0.6577539062499999 
0.7099023437499998 
0.7784570312499999 
0.8997460937499998 
0.45208984374999994 
0.5962304687499999 
0.6589257812499999 
0.5727929687499999 
0.6167382812499999 
0.6249414062499998 
0.6548242187499997 
0.6501367187499998 
0.8054101562499998 
0.6589257812499999 
0.7942773437499999 
0.7468164062499998 
0.6056054687499999 
0.5727929687499999 
0.52591796875 
0.6489648437499999 
0.7485742187499997 
0.5657617187499999 
0.6636132812499999 
0.6413476562499999 
0.7690820312499999 
0.7227929687499998 
0.8575585937499999 
0.7503320312499998 
0.5470117187499999 
0.8839257812499999 
0.64017578125 
0.6753320312499999 
0.7333398437499998 
0.8604882812499999 
0.53236328125 
1.10716796875 
0.6261132812499999 
0.7350976562499998 
0.7778710937499999 
0.6325585937499999 
0.6759179687499999 
0.6993554687499998 
0.8112695312499999 
0.7433007812499999 
0.7005273437499998 
0.5528710937499999 
0.7304101562499997 
0.7907617187499999 
0.6565820312499998 
0.6565820312499998 
0.6706445312499999 
0.7837304687499999 
0.6138085937499999 
0.43041015624999995 
0.43978515625 
0.8241601562499998 
0.7931054687499999 
0.9050195312499999 
0.6647851562499998 
0.43802734374999996 
0.6888085937499998 
0.6993554687499998 
0.6442773437499999 
0.96888671875 
0.6120507812499999 
0.8599023437499999 
0.6225976562499999 
0.5599023437499999 
0.6782617187499999 
0.8013085937499999 
0.7140039062499999 
0.7104882812499999 
0.78958984375 
0.8124414062499998 
0.5511132812499999 
0.5681054687499999 
0.5833398437499999 
0.7802148437499999 
0.5833398437499999 
0.9044335937499999 
0.7708398437499999 
0.5751367187499998 
0.7743554687499998 
0.7772851562499998 
0.6981835937499998 
0.5095117187499999 
0.6905664062499998 
0.6108789062499999 
0.7450585937499998 
0.6524804687499998 
0.6934960937499998 
0.8399804687499998 
0.7444726562499998 
0.5710351562499999 
0.7661523437499999 
0.50833984375 
0.52005859375 
0.6290429687499999 
0.9091210937499998 
0.5247460937499999 
0.6911523437499998 
0.5399804687499998 
0.6325585937499999 
0.6284570312499999 
0.6143945312499999 
0.93666015625 
0.6677148437499999 
0.6876367187499998 
0.7245507812499998 
0.7608789062499999 
0.6589257812499999 
0.5663476562499999 
0.5358789062499999 
0.92845703125 
0.7204492187499998 
0.45267578124999996 
0.5007226562499999 
0.6067773437499999 
0.9032617187499998 
0.7573632812499999 
0.9647851562499999 
