3 69 28 
1.3169335937500002 
1.24603515625 
1.2143945312500002 
1.3052148437500002 
1.29291015625 
1.2407617187500002 
1.31869140625 
1.33392578125 
1.3075585937500003 
1.2729882812500002 
1.2847070312500002 
1.28705078125 
1.22611328125 
1.2548242187500003 
1.37259765625 
1.31048828125 
1.36673828125 
1.3450585937500004 
1.3245507812500001 
1.2571679687500001 
1.3315820312500002 
1.2600976562500001 
1.2782617187500003 
1.2683007812500002 
1.31634765625 
1.28822265625 
1.30287109375 
1.21205078125 
1.3391992187500001 
1.2981835937500001 
1.29876953125 
1.29759765625 
1.3298242187500002 
1.24486328125 
1.29466796875 
1.2407617187500002 
1.2190820312500001 
1.2665429687500003 
1.3438867187500003 
1.31166015625 
1.3069726562500001 
1.2548242187500003 
1.2788476562500002 
1.29466796875 
1.32337890625 
1.2800195312500002 
1.30873046875 
1.2981835937500001 
1.43353515625 
1.2559960937500003 
1.2712304687500002 
1.24486328125 
1.2571679687500001 
1.2800195312500002 
1.28998046875 
1.29642578125 
1.2724023437500003 
1.38490234375 
1.3099023437500001 
1.2847070312500002 
1.3415429687500002 
1.29408203125 
1.3128320312500001 
1.30228515625 
1.2864648437500001 
1.29466796875 
1.31341796875 
1.2595117187500002 
1.31634765625 
1.29115234375 
1.3298242187500002 
1.2671289062500002 
1.2724023437500003 
1.2671289062500002 
1.3157617187500001 
1.2841210937500003 
1.24310546875 
1.28705078125 
1.19154296875 
1.28587890625 
1.3040429687500001 
1.3063867187500002 
1.28587890625 
1.31517578125 
1.2132226562500001 
1.29466796875 
1.28822265625 
1.3263085937500003 
1.2565820312500002 
1.22376953125 
1.3040429687500001 
1.3356835937500002 
1.2776757812500001 
1.3069726562500001 
1.29701171875 
1.3474023437500002 
1.29759765625 
1.3040429687500001 
1.2794335937500003 
1.29525390625 
1.2847070312500002 
1.25892578125 
1.26361328125 
1.30111328125 
1.29935546875 
1.2782617187500003 
1.2829492187500002 
1.30873046875 
1.2542382812500001 
1.3456445312500003 
1.31048828125 
1.30873046875 
1.28236328125 
1.28998046875 
1.26185546875 
1.31986328125 
1.30169921875 
1.3110742187500002 
1.2495507812500002 
1.29935546875 
1.2741601562500002 
1.2806054687500001 
1.30228515625 
1.29935546875 
1.21087890625 
1.3227929687500002 
1.21556640625 
1.2489648437500003 
1.2759179687500002 
1.32806640625 
1.33861328125 
1.30169921875 
1.3069726562500001 
1.32337890625 
1.33216796875 
1.2495507812500002 
1.30228515625 
1.31166015625 
1.28705078125 
1.2489648437500003 
1.3286523437500002 
1.3257226562500002 
1.2184960937500002 
1.2724023437500003 
1.3110742187500002 
1.31927734375 
1.26478515625 
1.2893945312500001 
1.2583398437500002 
1.30345703125 
1.3456445312500003 
1.3257226562500002 
1.2600976562500001 
1.2378320312500002 
1.2302148437500002 
1.33509765625 
1.3128320312500001 
1.39427734375 
1.2981835937500001 
1.2923242187500001 
1.2630273437500001 
1.2600976562500001 
1.2893945312500001 
1.22552734375 
1.2788476562500002 
1.26478515625 
1.2829492187500002 
1.25306640625 
1.3040429687500001 
1.3040429687500001 
1.30462890625 
1.29701171875 
1.2313867187500003 
1.2735742187500003 
1.24427734375 
1.2876367187500002 
1.29115234375 
1.43177734375 
1.29056640625 
1.31634765625 
1.30287109375 
1.29173828125 
1.29642578125 
1.3245507812500001 
1.2706445312500003 
1.3251367187500003 
1.3216210937500001 
1.2161523437500001 
1.29701171875 
1.3474023437500002 
1.2934960937500002 
1.3268945312500002 
1.2501367187500003 
1.28998046875 
1.29525390625 
1.33275390625 
1.2583398437500002 
1.3479882812500001 
1.2612695312500002 
1.35853515625 
