26 69 5 
0.7620507812499999 
0.7649804687499998 
0.7954492187499999 
0.6870507812499999 
0.8229882812499999 
0.6800195312499999 
0.5868554687499998 
0.5786523437499999 
0.6337304687499998 
0.5897851562499998 
1.1177148437500002 
0.6061914062499999 
0.7245507812499998 
0.4837304687499999 
0.6454492187499998 
0.7456445312499999 
0.6811914062499999 
0.8475976562499998 
0.6501367187499998 
0.5599023437499999 
0.7819726562499999 
0.7579492187499998 
0.7251367187499997 
0.5540429687499999 
0.8270898437499999 
0.96361328125 
0.7198632812499999 
0.9308007812500001 
0.5874414062499999 
0.6290429687499999 
0.8581445312499999 
0.6817773437499999 
0.6571679687499998 
0.6999414062499998 
0.8100976562499999 
0.5845117187499999 
0.7151757812499999 
0.7544335937499999 
0.6858789062499998 
0.6841210937499999 
0.7585351562499998 
0.6149804687499998 
0.5604882812499999 
0.7813867187499999 
0.6788476562499999 
0.6208398437499999 
0.5780664062499998 
0.7772851562499998 
0.6800195312499999 
0.7831445312499999 
0.6395898437499999 
0.5704492187499999 
0.6864648437499998 
0.7192773437499999 
0.6688867187499998 
0.6454492187499998 
0.7479882812499998 
0.9067773437499999 
0.47259765624999994 
0.6934960937499998 
0.7567773437499998 
0.6202539062499999 
0.6015039062499999 
0.6694726562499999 
0.7391992187499997 
0.6559960937499998 
0.5511132812499999 
0.8552148437499999 
0.8968164062499998 
0.7239648437499998 
0.9056054687499998 
0.6870507812499999 
0.7175195312499999 
0.9044335937499999 
0.5540429687499999 
0.5997460937499999 
0.5716210937499999 
0.6436914062499999 
0.7274804687499997 
0.5891992187499998 
0.7304101562499997 
0.5891992187499998 
0.5405664062499999 
0.8593164062499998 
0.79017578125 
0.5657617187499999 
0.7731835937499999 
0.8352929687499998 
0.6536523437499998 
0.6436914062499999 
0.8798242187499997 
0.8950585937499999 
0.91439453125 
0.6190820312499998 
0.6923242187499997 
0.91966796875 
0.7181054687499998 
0.7345117187499998 
0.8317773437499999 
0.47728515624999995 
0.7860742187499998 
0.5897851562499998 
0.6015039062499999 
0.6419335937499999 
0.7063867187499998 
0.60267578125 
0.7597070312499998 
0.5827539062499999 
0.6448632812499999 
0.6032617187499999 
0.7052148437499999 
0.7145898437499999 
0.6102929687499998 
0.7280664062499997 
0.6378320312499999 
0.8569726562499999 
0.6225976562499999 
0.7520898437499999 
0.5956445312499999 
0.5692773437499999 
0.6167382812499999 
0.8329492187499998 
0.55814453125 
0.97591796875 
0.6765039062499999 
0.8470117187499998 
0.5604882812499999 
0.6565820312499998 
0.6448632812499999 
0.5798242187499998 
0.5499414062499999 
0.7069726562499998 
0.56693359375 
0.5487695312499999 
0.5827539062499999 
0.6794335937499999 
0.7784570312499999 
0.6882226562499998 
0.7122460937499998 
0.6741601562499998 
0.7134179687499999 
0.5774804687499998 
0.7667382812499999 
0.7251367187499997 
0.7597070312499998 
0.5306054687499999 
0.6554101562499998 
0.5716210937499999 
0.7977929687499998 
0.6009179687499999 
0.8247460937499999 
0.8821679687499998 
0.5546289062499999 
0.7819726562499999 
0.7550195312499999 
0.5833398437499999 
0.5991601562499999 
0.5165429687499999 
0.5897851562499998 
0.7474023437499998 
0.9641992187499999 
1.20267578125 
0.6647851562499998 
0.6056054687499999 
0.7438867187499998 
0.7099023437499998 
0.7843164062499999 
0.6606835937499999 
0.93255859375 
0.7632226562499999 
0.51126953125 
0.96068359375 
0.91439453125 
0.5897851562499998 
0.6536523437499998 
0.7321679687499998 
0.79251953125 
0.52708984375 
0.7386132812499998 
0.44681640624999996 
0.5663476562499999 
0.5891992187499998 
0.6548242187499997 
0.7274804687499997 
0.8604882812499999 
0.7386132812499998 
0.7567773437499998 
0.7362695312499998 
0.8651757812499999 
0.6231835937499999 
0.52064453125 
0.6091210937499999 
0.6811914062499999 
0.7890039062499999 
1.00462890625 
0.6759179687499999 
0.7292382812499998 
0.93607421875 
0.92318359375 
0.5845117187499999 
