31 69 0 
0.6290429687499999 
0.8862695312499999 
0.5341210937499999 
0.8323632812499999 
0.5891992187499998 
0.5540429687499999 
0.5458398437499999 
0.7966210937499999 
0.6143945312499999 
0.8739648437499998 
0.7204492187499998 
0.6009179687499999 
0.6536523437499998 
0.8716210937499999 
0.8927148437499999 
0.6876367187499998 
0.5100976562499999 
0.5534570312499999 
0.6636132812499999 
0.5458398437499999 
0.6765039062499999 
0.64017578125 
0.6653710937499998 
0.7233789062499998 
0.6735742187499998 
0.6495507812499999 
0.6313867187499999 
0.6349023437499999 
0.7268945312499998 
0.6888085937499998 
0.6811914062499999 
0.7972070312499999 
0.7274804687499997 
0.5833398437499999 
0.6888085937499998 
0.5968164062499999 
0.5095117187499999 
0.6975976562499998 
0.7972070312499999 
0.4790429687499999 
0.45033203124999993 
0.5311914062499999 
0.6466210937499999 
0.6114648437499999 
0.7427148437499999 
0.6677148437499999 
0.6729882812499999 
0.78958984375 
0.7485742187499997 
0.8265039062499999 
0.6823632812499999 
0.6548242187499997 
0.8681054687499998 
0.7233789062499998 
0.6278710937499998 
0.41107421874999994 
0.6747460937499998 
0.5311914062499999 
0.7802148437499999 
0.5745507812499999 
0.6331445312499999 
0.6331445312499999 
0.7268945312499998 
0.6559960937499998 
0.5247460937499999 
0.7169335937499999 
0.5563867187499999 
0.6835351562499998 
0.5534570312499999 
0.6038476562499999 
0.7315820312499998 
0.6806054687499998 
0.55580078125 
0.7550195312499999 
0.8429101562499998 
0.7661523437499999 
0.91029296875 
0.6958398437499999 
0.5974023437499999 
0.6237695312499999 
0.7972070312499999 
0.7321679687499998 
0.4878320312499999 
0.5604882812499999 
0.8874414062499998 
0.7602929687499999 
0.6729882812499999 
0.8974023437499998 
0.7046289062499999 
0.6413476562499999 
0.6056054687499999 
0.6600976562499998 
0.6864648437499998 
0.7216210937499998 
0.52591796875 
0.6911523437499998 
0.6905664062499998 
0.6741601562499998 
0.7181054687499998 
0.5493554687499999 
0.8481835937499999 
0.7403710937499998 
0.6196679687499999 
0.6372460937499999 
0.7391992187499997 
0.6847070312499999 
0.6009179687499999 
0.6378320312499999 
0.7819726562499999 
0.9003320312499998 
0.6395898437499999 
0.5358789062499999 
0.6847070312499999 
0.6472070312499999 
0.6003320312499999 
0.5856835937499999 
0.7022851562499998 
0.46498046874999993 
0.5188867187499999 
0.97474609375 
0.7110742187499998 
0.7192773437499999 
0.6770898437499999 
0.5815820312499999 
0.6530664062499998 
0.6618554687499998 
0.6565820312499998 
0.53236328125 
0.5692773437499999 
0.6788476562499999 
0.6073632812499999 
0.7122460937499998 
0.7485742187499997 
0.5979882812499999 
0.6530664062499998 
0.8587304687499998 
0.8165429687499999 
0.7315820312499998 
0.6214257812499999 
0.7954492187499999 
0.5106835937499999 
0.7485742187499997 
0.7368554687499997 
0.6143945312499999 
0.8112695312499999 
0.7415429687499998 
0.6565820312499998 
0.6366601562499998 
0.6343164062499999 
0.7491601562499998 
0.5798242187499998 
0.6272851562499998 
0.5938867187499999 
0.5393945312499999 
0.6513085937499998 
0.92376953125 
0.7257226562499998 
0.43685546875 
0.6577539062499999 
0.6829492187499998 
0.7005273437499998 
0.6612695312499999 
0.5704492187499999 
0.6577539062499999 
0.6349023437499999 
0.6542382812499998 
0.9149804687499999 
0.4966210937499999 
0.7069726562499998 
0.7766992187499998 
0.6384179687499999 
0.7104882812499999 
0.8270898437499999 
0.6747460937499998 
0.6630273437499998 
0.8065820312499998 
0.7837304687499999 
0.7515039062499999 
0.7942773437499999 
0.43978515625 
0.8534570312499998 
0.5546289062499999 
0.7350976562499998 
0.6548242187499997 
0.8891992187499997 
0.5815820312499999 
0.7620507812499999 
0.6934960937499998 
0.6905664062499998 
0.7526757812499999 
0.5997460937499999 
0.7860742187499998 
0.6759179687499999 
0.6600976562499998 
0.6700585937499999 
0.4825585937499999 
0.5833398437499999 
0.5628320312499999 
0.7884179687499999 
0.55521484375 
