3 70 27 
1.3075585937500003 
1.2600976562500001 
1.3315820312500002 
1.2612695312500002 
1.2366601562500001 
1.30052734375 
1.30580078125 
1.2718164062500001 
1.2548242187500003 
1.2753320312500003 
1.26185546875 
1.2718164062500001 
1.20208984375 
1.30052734375 
1.30345703125 
1.2600976562500001 
1.3245507812500001 
1.30462890625 
1.2735742187500003 
1.3251367187500003 
1.31048828125 
1.2776757812500001 
1.18685546875 
1.31400390625 
1.29583984375 
1.2606835937500003 
1.2841210937500003 
1.1950585937500002 
1.3286523437500002 
1.2548242187500003 
1.3309960937500003 
1.30111328125 
1.3069726562500001 
1.3251367187500003 
1.2864648437500001 
1.2835351562500001 
1.30287109375 
1.3309960937500003 
1.2770898437500002 
1.26244140625 
1.2741601562500002 
1.3538476562500001 
1.3040429687500001 
1.2495507812500002 
1.2817773437500002 
1.30111328125 
1.2724023437500003 
1.2665429687500003 
1.20853515625 
1.2360742187500002 
1.2981835937500001 
1.3309960937500003 
1.2595117187500002 
1.3286523437500002 
1.2735742187500003 
1.29408203125 
1.22083984375 
1.29408203125 
1.3069726562500001 
1.2876367187500002 
1.3075585937500003 
1.3216210937500001 
1.2190820312500001 
1.2612695312500002 
1.34095703125 
1.30169921875 
1.29115234375 
1.29173828125 
1.2683007812500002 
1.2677148437500003 
1.2776757812500001 
1.20208984375 
1.3251367187500003 
1.2677148437500003 
1.2677148437500003 
1.2665429687500003 
1.29642578125 
1.29583984375 
1.2923242187500001 
1.2747460937500004 
1.3257226562500002 
1.30228515625 
1.20560546875 
1.3069726562500001 
1.29408203125 
1.19916015625 
1.28998046875 
1.2729882812500002 
1.25775390625 
1.25775390625 
1.2712304687500002 
1.24720703125 
1.2847070312500002 
1.24427734375 
1.2800195312500002 
1.3274804687500001 
1.24720703125 
1.23431640625 
1.2788476562500002 
1.29583984375 
1.31458984375 
1.3309960937500003 
1.28529296875 
1.2688867187500004 
1.3128320312500001 
1.21966796875 
1.2788476562500002 
1.30287109375 
1.30931640625 
1.2759179687500002 
1.2483789062500001 
1.34681640625 
1.32044921875 
1.2800195312500002 
1.25775390625 
1.31400390625 
1.2683007812500002 
1.30580078125 
1.31986328125 
1.28529296875 
1.2366601562500001 
1.2753320312500003 
1.2694726562500003 
1.29173828125 
1.2542382812500001 
1.2612695312500002 
1.29408203125 
1.2688867187500004 
1.29583984375 
1.3362695312500001 
1.2143945312500002 
1.2817773437500002 
1.3157617187500001 
1.24134765625 
1.2712304687500002 
1.2864648437500001 
1.2483789062500001 
1.24310546875 
1.2671289062500002 
1.33216796875 
1.2770898437500002 
1.3075585937500003 
1.3263085937500003 
1.31986328125 
1.2829492187500002 
1.3239648437500002 
1.31634765625 
1.31986328125 
1.2835351562500001 
1.31048828125 
1.26478515625 
1.2741601562500002 
1.26244140625 
1.29408203125 
1.28236328125 
1.3245507812500001 
1.31458984375 
1.2395898437500001 
1.29642578125 
1.29056640625 
1.2729882812500002 
1.2934960937500002 
1.37318359375 
1.26244140625 
1.2794335937500003 
1.29701171875 
1.29642578125 
1.21966796875 
1.21087890625 
1.2483789062500001 
1.29173828125 
1.1927148437500001 
1.22728515625 
1.2712304687500002 
1.2981835937500001 
1.29525390625 
1.30228515625 
1.31048828125 
1.29935546875 
1.31810546875 
1.28822265625 
1.33685546875 
1.2612695312500002 
1.2718164062500001 
1.2548242187500003 
1.29525390625 
1.2184960937500002 
1.2600976562500001 
1.2138085937500003 
1.2518945312500003 
1.3099023437500001 
1.32103515625 
1.2671289062500002 
1.2331445312500002 
1.33978515625 
1.3474023437500002 
1.32220703125 
1.3345117187500002 
1.3391992187500001 
1.30169921875 
