7 70 23 
1.2425195312500001 
1.22669921875 
1.2524804687500002 
1.11185546875 
0.8323632812499999 
1.24134765625 
1.24134765625 
0.9899804687499998 
1.2132226562500001 
0.92787109375 
0.8915429687499998 
0.7790429687499999 
0.7186914062499998 
0.9800195312500001 
1.2278710937500001 
1.2683007812500002 
1.25306640625 
0.95833984375 
1.00873046875 
0.9911523437499998 
1.2536523437500002 
1.2466210937500002 
1.2606835937500003 
0.8704492187499998 
1.2817773437500002 
1.19916015625 
0.9559960937499999 
1.18685546875 
0.93138671875 
1.2366601562500001 
1.08314453125 
1.21087890625 
1.25892578125 
1.1247460937500002 
0.8927148437499999 
1.22142578125 
1.08490234375 
1.2770898437500002 
0.8200585937499999 
1.0257226562500001 
0.8991601562499998 
1.2319726562500002 
1.23841796875 
0.9149804687499999 
1.2724023437500003 
1.1001367187500002 
1.09427734375 
0.91849609375 
1.06029296875 
0.9647851562499999 
0.9870507812499999 
1.2407617187500002 
1.14876953125 
1.2184960937500002 
1.21556640625 
0.91673828125 
1.0520898437500001 
0.8727929687499998 
0.8862695312499999 
1.24720703125 
1.2126367187500002 
1.19037109375 
1.1534570312499999 
0.8036523437499998 
1.2683007812500002 
0.9929101562499998 
1.2132226562500001 
0.8206445312499999 
1.13998046875 
1.2278710937500001 
1.0702539062499998 
1.22669921875 
0.9073632812499999 
1.01166015625 
0.92962890625 
0.7122460937499998 
0.8821679687499998 
1.14818359375 
0.97650390625 
0.8891992187499997 
0.93666015625 
1.2600976562500001 
1.2817773437500002 
0.92611328125 
1.2231835937500002 
1.02044921875 
1.2337304687500001 
1.2132226562500001 
0.7825585937499999 
1.20384765625 
1.2132226562500001 
1.16166015625 
1.2407617187500002 
1.01576171875 
1.23900390625 
0.7849023437499999 
0.8821679687499998 
1.0450585937500003 
1.15814453125 
1.1763085937500002 
0.8452539062499999 
1.2554101562500002 
1.0890039062499999 
1.2366601562500001 
0.8165429687499999 
0.7907617187499999 
0.7515039062499999 
1.07962890625 
1.14583984375 
1.23841796875 
1.21498046875 
0.93607421875 
1.29056640625 
0.8270898437499999 
0.92845703125 
1.2331445312500002 
1.2138085937500003 
1.0433007812500001 
1.02044921875 
1.1294335937500002 
0.91380859375 
0.8540429687499999 
1.18333984375 
0.9009179687499999 
0.95072265625 
1.2653710937500002 
1.14818359375 
1.1013085937500002 
1.2220117187500001 
0.9993554687499997 
0.6442773437499999 
1.0345117187500001 
0.9032617187499998 
1.24427734375 
1.06439453125 
1.2683007812500002 
1.2489648437500003 
1.08314453125 
1.21556640625 
1.0444726562500002 
0.6741601562499998 
1.02103515625 
1.06498046875 
0.9097070312499999 
0.7942773437499999 
1.0081445312500001 
1.2724023437500003 
1.16927734375 
1.13353515625 
1.20677734375 
1.2606835937500003 
1.16107421875 
1.2612695312500002 
1.2425195312500001 
1.2161523437500001 
0.8897851562499998 
1.14408203125 
1.17455078125 
1.0532617187500002 
1.0456445312500002 
1.28529296875 
0.9073632812499999 
1.2143945312500002 
1.05736328125 
0.9425195312500001 
1.2513085937500004 
1.2395898437500001 
1.25306640625 
1.04095703125 
1.22552734375 
0.97123046875 
1.2102929687500001 
0.95951171875 
1.2132226562500001 
1.08314453125 
1.2753320312500003 
1.2372460937500003 
0.91380859375 
0.98294921875 
0.93490234375 
0.97533203125 
1.02455078125 
1.15521484375 
1.2360742187500002 
0.9952539062499999 
0.8921289062499999 
0.8364648437499999 
0.8376367187499998 
1.13119140625 
0.9091210937499998 
1.13646484375 
0.8042382812499999 
1.2395898437500001 
1.02337890625 
1.2571679687500001 
1.21966796875 
0.9173242187499999 
1.09076171875 
0.92611328125 
0.8522851562499998 
