5 72 23 
1.2513085937500004 
1.16283203125 
1.2454492187500001 
1.2507226562500002 
0.7655664062499998 
1.2847070312500002 
1.17865234375 
1.22669921875 
1.0550195312500001 
1.2518945312500003 
1.24720703125 
1.29701171875 
1.29056640625 
0.7345117187499998 
1.0532617187500002 
1.2425195312500001 
1.2378320312500002 
1.2841210937500003 
1.22025390625 
1.29935546875 
1.2489648437500003 
1.2161523437500001 
1.2524804687500002 
1.2788476562500002 
1.22728515625 
1.2694726562500003 
1.07904296875 
1.21673828125 
1.20794921875 
1.1493554687499998 
1.2184960937500002 
1.2477929687500002 
1.24603515625 
1.28587890625 
1.24134765625 
1.22435546875 
1.2483789062500001 
1.22376953125 
0.8077539062499999 
1.21205078125 
1.2425195312500001 
1.2548242187500003 
1.30580078125 
0.7087304687499998 
1.14583984375 
1.15169921875 
1.21205078125 
1.2477929687500002 
1.22728515625 
1.2102929687500001 
1.11302734375 
1.22083984375 
1.2366601562500001 
1.21498046875 
1.26185546875 
1.2718164062500001 
1.2290429687500002 
1.2571679687500001 
1.2735742187500003 
0.8294335937499999 
1.22142578125 
0.97474609375 
1.08490234375 
0.8962304687499998 
1.10716796875 
1.3069726562500001 
1.2425195312500001 
1.30873046875 
1.19681640625 
1.24427734375 
1.21087890625 
1.18333984375 
1.23900390625 
1.2612695312500002 
1.22435546875 
1.3075585937500003 
0.8218164062499999 
1.2372460937500003 
0.8376367187499998 
1.21498046875 
1.2360742187500002 
1.24427734375 
1.24310546875 
1.2337304687500001 
1.31166015625 
1.10775390625 
1.3304101562500001 
1.21498046875 
1.2102929687500001 
0.9940820312499998 
0.9964257812499999 
1.03392578125 
1.3063867187500002 
1.2788476562500002 
1.2231835937500002 
1.01986328125 
1.24134765625 
1.24369140625 
1.2923242187500001 
1.1464257812499998 
1.24369140625 
1.19154296875 
1.2571679687500001 
1.2290429687500002 
0.8880273437499998 
1.29583984375 
1.0872460937500001 
1.2542382812500001 
0.9858789062499999 
1.00873046875 
1.2595117187500002 
1.15580078125 
1.15990234375 
1.1522851562499998 
0.8692773437499999 
1.2126367187500002 
1.0315820312500001 
1.2425195312500001 
1.21673828125 
1.36791015625 
1.3263085937500003 
1.26361328125 
1.24310546875 
1.2395898437500001 
1.3069726562500001 
1.22435546875 
1.24017578125 
1.2864648437500001 
1.26244140625 
0.96595703125 
1.2888085937500002 
1.26361328125 
1.2395898437500001 
1.2360742187500002 
0.8364648437499999 
1.22142578125 
1.30462890625 
1.0702539062499998 
1.1505273437499999 
1.00931640625 
1.2495507812500002 
1.1177148437500002 
1.29642578125 
0.9266992187499999 
1.12884765625 
1.3063867187500002 
1.2378320312500002 
1.29935546875 
0.95775390625 
1.2319726562500002 
1.25892578125 
1.2395898437500001 
1.20677734375 
1.22376953125 
0.6917382812499998 
1.22845703125 
1.2501367187500003 
1.13998046875 
1.22962890625 
0.97298828125 
1.2138085937500003 
1.09427734375 
0.8540429687499999 
1.06205078125 
1.29173828125 
1.2524804687500002 
1.2542382812500001 
1.2794335937500003 
1.28119140625 
0.9911523437499998 
1.2800195312500002 
1.1493554687499998 
1.2513085937500004 
1.25775390625 
1.06791015625 
1.2600976562500001 
1.2477929687500002 
1.21498046875 
1.22845703125 
1.0772851562499999 
1.29701171875 
1.2290429687500002 
1.2507226562500002 
1.1341210937500001 
1.2706445312500003 
1.23900390625 
1.2595117187500002 
1.06087890625 
0.9097070312499999 
1.2372460937500003 
1.2671289062500002 
1.30462890625 
1.2507226562500002 
1.22376953125 
1.2466210937500002 
1.2513085937500004 
1.2683007812500002 
1.37376953125 
1.17044921875 
0.8036523437499998 
