14 72 14 
0.8206445312499999 
0.91908203125 
0.7585351562499998 
0.8991601562499998 
0.6794335937499999 
0.8640039062499999 
1.09193359375 
0.8200585937499999 
0.7058007812499999 
0.8780664062499998 
0.6653710937499998 
0.7913476562499999 
1.2173242187500002 
0.7485742187499997 
0.7679101562499998 
0.97005859375 
1.2372460937500003 
1.00052734375 
0.9419335937500001 
0.6436914062499999 
0.8200585937499999 
0.7854882812499999 
0.8159570312499999 
0.6964257812499999 
0.6893945312499998 
0.91908203125 
0.6425195312499999 
0.6776757812499999 
1.06849609375 
0.8118554687499998 
1.12708984375 
0.7948632812499999 
1.07787109375 
1.0345117187500001 
0.7251367187499997 
0.6319726562499999 
0.6665429687499999 
0.78958984375 
0.8001367187499998 
0.8294335937499999 
1.08314453125 
0.7233789062499998 
1.09427734375 
1.1956445312500001 
0.7333398437499998 
0.8763085937499998 
0.4895898437499999 
1.1001367187500002 
0.8739648437499998 
0.92201171875 
0.8130273437499999 
0.7602929687499999 
0.7790429687499999 
0.8347070312499999 
0.8411523437499998 
0.7556054687499998 
0.6524804687499998 
1.12416015625 
1.29466796875 
0.9149804687499999 
0.6852929687499998 
1.17337890625 
0.6917382812499998 
0.7034570312499998 
0.8891992187499997 
0.6390039062499999 
0.9864648437499999 
0.96009765625 
0.6360742187499998 
0.59330078125 
0.7005273437499998 
0.6788476562499999 
0.6729882812499999 
0.7749414062499999 
0.6905664062499998 
0.6097070312499999 
0.5399804687499998 
0.93373046875 
0.8095117187499998 
0.6694726562499999 
0.8558007812499999 
1.24369140625 
0.7245507812499998 
0.9524804687499999 
0.6425195312499999 
0.93431640625 
1.0579492187500001 
0.8358789062499998 
1.04212890625 
0.92318359375 
0.7274804687499997 
0.6067773437499999 
0.8669335937499999 
0.7995507812499999 
1.20794921875 
0.93724609375 
0.8470117187499998 
0.7040429687499998 
0.8809960937499998 
1.06849609375 
0.96654296875 
0.8013085937499999 
1.06615234375 
0.7872460937499999 
0.7421289062499998 
0.5821679687499999 
0.97240234375 
0.8434960937499998 
1.0761132812499998 
0.8874414062499998 
0.8376367187499998 
1.03744140625 
0.7339257812499999 
0.8429101562499998 
0.8534570312499998 
0.7503320312499998 
0.94662109375 
0.7854882812499999 
0.8552148437499999 
0.8710351562499998 
0.8083398437499999 
1.00287109375 
0.8048242187499998 
0.96947265625 
0.8868554687499998 
0.8968164062499998 
1.0497460937500003 
0.6981835937499998 
0.95833984375 
1.06849609375 
0.8833398437499999 
1.2378320312500002 
0.98119140625 
0.9015039062499999 
0.9554101562499999 
0.6671289062499999 
0.6126367187499998 
0.6009179687499999 
0.6472070312499999 
1.1177148437500002 
0.8341210937499999 
0.8306054687499999 
0.8388085937499998 
0.6841210937499999 
0.8042382812499999 
0.9331445312500001 
0.8083398437499999 
0.8270898437499999 
0.7134179687499999 
0.5540429687499999 
0.8640039062499999 
0.8757226562499998 
0.6987695312499999 
0.9038476562499999 
0.6641992187499998 
0.9864648437499999 
1.05736328125 
0.6946679687499998 
0.6694726562499999 
1.02806640625 
1.01751953125 
0.5780664062499998 
0.9214257812500001 
1.14876953125 
0.7796289062499999 
0.7913476562499999 
0.94369140625 
1.06263671875 
0.7075585937499999 
0.7134179687499999 
0.9419335937500001 
0.7175195312499999 
1.02455078125 
0.8634179687499999 
0.9530664062499999 
0.6630273437499998 
0.96947265625 
0.8329492187499998 
0.95833984375 
0.5657617187499999 
0.8323632812499999 
0.7345117187499998 
1.01166015625 
0.8095117187499998 
1.2419335937500002 
0.9559960937499999 
0.6395898437499999 
0.5095117187499999 
0.7995507812499999 
0.9770898437500001 
0.7784570312499999 
0.9266992187499999 
0.95130859375 
0.92318359375 
0.6829492187499998 
0.7350976562499998 
1.13705078125 
0.6266992187499998 
1.16693359375 
1.23431640625 
