18 72 10 
0.7444726562499998 
0.8036523437499998 
0.7145898437499999 
0.7667382812499999 
0.92494140625 
0.5546289062499999 
0.7339257812499999 
0.5891992187499998 
0.7052148437499999 
0.91556640625 
1.05091796875 
0.6811914062499999 
0.8563867187499998 
0.7585351562499998 
0.7544335937499999 
1.0503320312500002 
0.7216210937499998 
0.53470703125 
0.6694726562499999 
0.94955078125 
0.9331445312500001 
1.0309960937500002 
0.6565820312499998 
0.8815820312499998 
0.91673828125 
0.7708398437499999 
0.8622460937499998 
1.18216796875 
0.8862695312499999 
0.6120507812499999 
0.93841796875 
1.07318359375 
0.8786523437499998 
0.7280664062499997 
1.03685546875 
0.6554101562499998 
1.08841796875 
0.6847070312499999 
0.7725976562499999 
0.7714257812499999 
0.6495507812499999 
0.5862695312499999 
0.7140039062499999 
0.8610742187499998 
0.7403710937499998 
0.92552734375 
0.8059960937499998 
0.5716210937499999 
0.6999414062499998 
0.6729882812499999 
0.7954492187499999 
0.7585351562499998 
0.49427734374999993 
0.8481835937499999 
0.9173242187499999 
0.7450585937499998 
0.8200585937499999 
0.6993554687499998 
0.6876367187499998 
0.7837304687499999 
0.7427148437499999 
0.7766992187499998 
0.8388085937499998 
0.7520898437499999 
0.7813867187499999 
0.7268945312499998 
0.7632226562499999 
0.7573632812499999 
0.5979882812499999 
0.7602929687499999 
0.7556054687499998 
0.7315820312499998 
0.6958398437499999 
0.7989648437499999 
0.6641992187499998 
0.5886132812499999 
0.8136132812499999 
0.7667382812499999 
0.7468164062499998 
1.12181640625 
0.7509179687499998 
1.09544921875 
0.5774804687499998 
0.6220117187499998 
0.7679101562499998 
0.7655664062499998 
0.6067773437499999 
0.7913476562499999 
1.33978515625 
1.03275390625 
0.8124414062499998 
0.8329492187499998 
0.6261132812499999 
0.7409570312499998 
0.8470117187499998 
0.9214257812500001 
1.09427734375 
0.5481835937499999 
0.8997460937499998 
0.8206445312499999 
0.8540429687499999 
1.1417382812499999 
0.8798242187499997 
0.7608789062499999 
0.96126953125 
0.7216210937499998 
0.7931054687499999 
0.6354882812499999 
0.6056054687499999 
0.5874414062499999 
0.7597070312499998 
0.7972070312499999 
0.7433007812499999 
0.5950585937499999 
0.6460351562499999 
0.5956445312499999 
0.8768945312499998 
0.8827539062499998 
0.8745507812499999 
0.8376367187499998 
0.8540429687499999 
0.8171289062499999 
0.6413476562499999 
0.6724023437499999 
0.5358789062499999 
0.7813867187499999 
0.7216210937499998 
0.6126367187499998 
0.7626367187499998 
0.8446679687499998 
0.7638085937499999 
1.20677734375 
0.6518945312499999 
0.8364648437499999 
0.8376367187499998 
0.6530664062499998 
0.7503320312499998 
0.91908203125 
0.7796289062499999 
0.8909570312499998 
0.6694726562499999 
0.6495507812499999 
0.8651757812499999 
0.6659570312499998 
0.8669335937499999 
0.8534570312499998 
0.7585351562499998 
0.7016992187499997 
0.7526757812499999 
0.9419335937500001 
0.7731835937499999 
0.6975976562499998 
0.7052148437499999 
0.7561914062499998 
1.1651757812499999 
0.6513085937499998 
0.6472070312499999 
0.7011132812499998 
1.04212890625 
0.43802734374999996 
0.7614648437499999 
0.56693359375 
0.8968164062499998 
0.9056054687499998 
0.5780664062499998 
0.7989648437499999 
0.60208984375 
0.6425195312499999 
0.8686914062499999 
0.7778710937499999 
0.7186914062499998 
1.00931640625 
0.7561914062499998 
0.8909570312499998 
0.7257226562499998 
0.6782617187499999 
0.8136132812499999 
0.9097070312499999 
0.5434960937499999 
0.5745507812499999 
0.7866601562499999 
0.92259765625 
0.6542382812499998 
1.05619140625 
0.95072265625 
0.8938867187499998 
1.1124414062499999 
0.8487695312499999 
1.2706445312500003 
0.9009179687499999 
0.8235742187499998 
0.7198632812499999 
0.6255273437499999 
0.9554101562499999 
1.01341796875 
1.13001953125 
0.9044335937499999 
0.5845117187499999 
0.8839257812499999 
0.7977929687499998 
