23 72 5 
0.8499414062499998 
0.6143945312499999 
0.8036523437499998 
0.6548242187499997 
0.6102929687499998 
0.7239648437499998 
0.7608789062499999 
0.7116601562499998 
0.6097070312499999 
0.6964257812499999 
0.47845703124999994 
0.7661523437499999 
1.0936914062499998 
0.7005273437499998 
0.51830078125 
0.56693359375 
0.6466210937499999 
0.7714257812499999 
0.7210351562499998 
0.6706445312499999 
0.64017578125 
0.97181640625 
0.7075585937499999 
0.7315820312499998 
1.07259765625 
0.8440820312499998 
0.6261132812499999 
0.5147851562499999 
0.8522851562499998 
0.7157617187499998 
0.6911523437499998 
0.4872460937499999 
0.7040429687499998 
0.6794335937499999 
0.6595117187499998 
0.7515039062499999 
0.59330078125 
0.6425195312499999 
1.14349609375 
0.6559960937499998 
0.8792382812499998 
0.6196679687499999 
0.5821679687499999 
0.6835351562499998 
0.8727929687499998 
1.1534570312499999 
0.97123046875 
0.8352929687499998 
0.7140039062499999 
0.6817773437499999 
0.8200585937499999 
0.9050195312499999 
0.7849023437499999 
0.8850976562499998 
0.8429101562499998 
0.8423242187499997 
0.8147851562499998 
0.7702539062499999 
0.6765039062499999 
0.9981835937499999 
0.9524804687499999 
0.6202539062499999 
0.8593164062499998 
0.6946679687499998 
0.52005859375 
0.6893945312499998 
0.6993554687499998 
0.8809960937499998 
0.6917382812499998 
0.5686914062499999 
0.6823632812499999 
0.7268945312499998 
0.7450585937499998 
1.01927734375 
0.6847070312499999 
0.8540429687499999 
0.8727929687499998 
0.7608789062499999 
0.6770898437499999 
0.8868554687499998 
0.6724023437499999 
0.5915429687499999 
0.5546289062499999 
1.08783203125 
0.6091210937499999 
0.7069726562499998 
0.7081445312499999 
0.6343164062499999 
0.7626367187499998 
1.11478515625 
0.7796289062499999 
0.8593164062499998 
0.5194726562499999 
0.8124414062499998 
0.8077539062499999 
0.8323632812499999 
0.7567773437499998 
0.98236328125 
0.8540429687499999 
0.8845117187499998 
1.01458984375 
0.6583398437499999 
0.7028710937499998 
0.8393945312499999 
0.6923242187499997 
0.7667382812499999 
0.7550195312499999 
0.7872460937499999 
0.6489648437499999 
0.7720117187499999 
0.6876367187499998 
0.6753320312499999 
0.6255273437499999 
0.7063867187499998 
0.6975976562499998 
0.7304101562499997 
0.8100976562499999 
0.5593164062499999 
0.6149804687499998 
0.7632226562499999 
0.7321679687499998 
0.7321679687499998 
0.6483789062499998 
0.7907617187499999 
0.5335351562499999 
0.6624414062499998 
0.8212304687499998 
0.7362695312499998 
0.9893945312499999 
0.9009179687499999 
0.6888085937499998 
0.9905664062499998 
0.8464257812499999 
0.6858789062499998 
0.7427148437499999 
0.7081445312499999 
0.5786523437499999 
0.91615234375 
0.8786523437499998 
0.7309960937499997 
0.6454492187499998 
0.7544335937499999 
0.6800195312499999 
0.95716796875 
0.4731835937499999 
0.7444726562499998 
0.5382226562499999 
0.6466210937499999 
0.7450585937499998 
0.8997460937499998 
0.7626367187499998 
0.92259765625 
0.8862695312499999 
0.5393945312499999 
0.6811914062499999 
0.8399804687499998 
0.6981835937499998 
0.60501953125 
0.7520898437499999 
0.7140039062499999 
0.5493554687499999 
0.6483789062499998 
0.54642578125 
0.7345117187499998 
0.9448632812500001 
0.7866601562499999 
0.5856835937499999 
0.7116601562499998 
0.94955078125 
0.8868554687499998 
0.6700585937499999 
0.7157617187499998 
0.8171289062499999 
0.7766992187499998 
0.6806054687499998 
0.8921289062499999 
0.6308007812499999 
0.7022851562499998 
0.5974023437499999 
0.6765039062499999 
0.7626367187499998 
0.6759179687499999 
0.78080078125 
0.6407617187499999 
1.0872460937500001 
0.8440820312499998 
0.8352929687499998 
0.9003320312499998 
0.7063867187499998 
0.7292382812499998 
0.5891992187499998 
1.18919921875 
0.8880273437499998 
0.6641992187499998 
0.8423242187499997 
0.8745507812499999 
0.8809960937499998 
0.6554101562499998 
0.6999414062499998 
0.7532617187499998 
