67 5 28 
1.15169921875 
0.9559960937499999 
1.10775390625 
0.95833984375 
0.7186914062499998 
1.2630273437500001 
1.2477929687500002 
1.2700585937500004 
1.2425195312500001 
1.23841796875 
1.00697265625 
1.25306640625 
1.2542382812500001 
1.2700585937500004 
1.06146484375 
1.2518945312500003 
1.23841796875 
1.2495507812500002 
1.15873046875 
1.09955078125 
1.33744140625 
1.0503320312500002 
1.20853515625 
1.2325585937500003 
1.0761132812499998 
1.18685546875 
1.22728515625 
1.10072265625 
1.2102929687500001 
1.2278710937500001 
1.2220117187500001 
1.14876953125 
1.24017578125 
1.05677734375 
1.2741601562500002 
1.07318359375 
1.0462304687500001 
1.05736328125 
1.23548828125 
0.7427148437499999 
1.1235742187500002 
1.03802734375 
1.2395898437500001 
1.1124414062499999 
1.2319726562500002 
1.18509765625 
1.2302148437500002 
0.9911523437499998 
0.8739648437499998 
1.06029296875 
0.5833398437499999 
1.18041015625 
1.1452539062499998 
1.2061914062499999 
1.2372460937500003 
1.3538476562500001 
1.2712304687500002 
1.05736328125 
0.97005859375 
1.22962890625 
1.2360742187500002 
1.0356835937500002 
1.24017578125 
1.1651757812499999 
0.6993554687499998 
1.1522851562499998 
1.23431640625 
1.22728515625 
1.24134765625 
1.2507226562500002 
1.25306640625 
0.8364648437499999 
1.21966796875 
1.2747460937500004 
1.2507226562500002 
1.0427148437500002 
1.2507226562500002 
1.26361328125 
1.2513085937500004 
1.13001953125 
1.2349023437500002 
1.15287109375 
0.8827539062499998 
1.09193359375 
1.26185546875 
1.0268945312500002 
1.2372460937500003 
1.2483789062500001 
1.2694726562500003 
1.06849609375 
1.3263085937500003 
0.9882226562499998 
1.2126367187500002 
0.8470117187499998 
1.0989648437500001 
1.24486328125 
1.3638085937500002 
1.24134765625 
1.0520898437500001 
1.22142578125 
1.18978515625 
1.13822265625 
0.8845117187499998 
1.29759765625 
0.7093164062499998 
0.9419335937500001 
1.2325585937500003 
1.24369140625 
1.15873046875 
1.2483789062500001 
1.2483789062500001 
1.2173242187500002 
1.2477929687500002 
1.02220703125 
0.7456445312499999 
1.06205078125 
0.94076171875 
1.17455078125 
0.8089257812499999 
1.2378320312500002 
1.28822265625 
0.9173242187499999 
1.22259765625 
1.2724023437500003 
1.1200585937500003 
1.2888085937500002 
1.2753320312500003 
1.2559960937500003 
1.25306640625 
1.0948632812499999 
0.7263085937499998 
1.24427734375 
1.18392578125 
1.2688867187500004 
1.23841796875 
0.94603515625 
1.2718164062500001 
0.9020898437499999 
1.27650390625 
1.2788476562500002 
1.2606835937500003 
0.92787109375 
0.7251367187499997 
1.2372460937500003 
1.2565820312500002 
1.28119140625 
1.10365234375 
1.2513085937500004 
1.20150390625 
1.2782617187500003 
1.2308007812500001 
1.2372460937500003 
0.95892578125 
1.24427734375 
1.2143945312500002 
1.12298828125 
1.2847070312500002 
1.2337304687500001 
1.25892578125 
0.8165429687499999 
1.3245507812500001 
1.2349023437500002 
1.0591210937500002 
1.2753320312500003 
1.14232421875 
0.7268945312499998 
1.0427148437500002 
1.2800195312500002 
1.08490234375 
0.6513085937499998 
1.23431640625 
0.8499414062499998 
1.2278710937500001 
0.95658203125 
1.01458984375 
1.2554101562500002 
1.2782617187500003 
1.0286523437500001 
1.21791015625 
0.7778710937499999 
1.17396484375 
1.2319726562500002 
1.24134765625 
1.10892578125 
1.25775390625 
1.09662109375 
1.2600976562500001 
1.2524804687500002 
1.21673828125 
1.14701171875 
1.27650390625 
1.18158203125 
1.2847070312500002 
0.9524804687499999 
0.6378320312499999 
1.14701171875 
1.28705078125 
1.20677734375 
0.9003320312499998 
1.2495507812500002 
