7 73 20 
0.8089257812499999 
1.28119140625 
0.9548242187499999 
0.9020898437499999 
1.25892578125 
0.8540429687499999 
0.9934960937499998 
0.9038476562499999 
0.7321679687499998 
0.98119140625 
1.2507226562500002 
1.2524804687500002 
0.7058007812499999 
1.05677734375 
0.9020898437499999 
1.2694726562500003 
0.8669335937499999 
0.9905664062499998 
0.97064453125 
1.15814453125 
1.25775390625 
0.7239648437499998 
0.9964257812499999 
1.2665429687500003 
1.2308007812500001 
0.8991601562499998 
1.2571679687500001 
1.2483789062500001 
0.7608789062499999 
0.6056054687499999 
0.7755273437499999 
1.1200585937500003 
0.96009765625 
1.0257226562500001 
1.19916015625 
0.92318359375 
0.9214257812500001 
1.2349023437500002 
1.22142578125 
1.2700585937500004 
1.22669921875 
1.20091796875 
0.8177148437499999 
1.0263085937500003 
0.8634179687499999 
1.22083984375 
1.24134765625 
0.92318359375 
1.1809960937500001 
1.2776757812500001 
0.94837890625 
0.96361328125 
0.8698632812499999 
0.8792382812499998 
0.9882226562499998 
0.8388085937499998 
1.00345703125 
1.18802734375 
1.11361328125 
0.95658203125 
0.7339257812499999 
1.2366601562500001 
1.2337304687500001 
1.2231835937500002 
0.9870507812499999 
0.94896484375 
1.03626953125 
1.0591210937500002 
1.21673828125 
1.09837890625 
1.0890039062499999 
0.9079492187499998 
0.6636132812499999 
1.1200585937500003 
1.23548828125 
1.29876953125 
0.8311914062499999 
0.8968164062499998 
1.19037109375 
1.22845703125 
1.10072265625 
1.22845703125 
1.2173242187500002 
1.0638085937500001 
0.6765039062499999 
1.2173242187500002 
1.21205078125 
1.08021484375 
1.14583984375 
1.10775390625 
1.2114648437500002 
1.03802734375 
1.23900390625 
0.8540429687499999 
0.8458398437499999 
0.8405664062499998 
0.8059960937499998 
1.10892578125 
1.2184960937500002 
1.2489648437500003 
1.2518945312500003 
0.9864648437499999 
1.2466210937500002 
0.93431640625 
0.9899804687499998 
1.06439453125 
1.13294921875 
1.1751367187500001 
1.0872460937500001 
1.0503320312500002 
0.6606835937499999 
1.2536523437500002 
1.0268945312500002 
1.10365234375 
0.8341210937499999 
0.9401757812500001 
1.08548828125 
1.23548828125 
1.0345117187500001 
1.2161523437500001 
0.96361328125 
1.2712304687500002 
1.2641992187500002 
1.21498046875 
0.9308007812500001 
1.01634765625 
0.8751367187499998 
0.7409570312499998 
0.8675195312499999 
1.20912109375 
1.2313867187500003 
1.19681640625 
1.24603515625 
0.91087890625 
1.14876953125 
1.2419335937500002 
1.06029296875 
1.2513085937500004 
1.2542382812500001 
1.08783203125 
1.2337304687500001 
1.02044921875 
1.0315820312500001 
0.7573632812499999 
0.8897851562499998 
0.93724609375 
0.8235742187499998 
1.20794921875 
1.20794921875 
0.93138671875 
0.7725976562499999 
1.21966796875 
1.21205078125 
1.10833984375 
0.93490234375 
1.2372460937500003 
1.22435546875 
0.9987695312499999 
0.92083984375 
1.0702539062499998 
0.96361328125 
0.9911523437499998 
1.16693359375 
1.2759179687500002 
0.96654296875 
1.2759179687500002 
0.9735742187499999 
1.22611328125 
0.8294335937499999 
0.8768945312499998 
1.18978515625 
1.2665429687500003 
0.93783203125 
1.2143945312500002 
1.09779296875 
0.8399804687499998 
1.2126367187500002 
1.2700585937500004 
0.9993554687499997 
0.9923242187499998 
0.8341210937499999 
0.9079492187499998 
1.21498046875 
1.2630273437500001 
0.8757226562499998 
1.03626953125 
1.0251367187500002 
0.6179101562499998 
0.6841210937499999 
1.31927734375 
1.2612695312500002 
1.2583398437500002 
0.8974023437499998 
1.22083984375 
1.2600976562500001 
1.00990234375 
0.7626367187499998 
1.06673828125 
0.6899804687499997 
1.0579492187500001 
