14 73 13 
1.22845703125 
0.95833984375 
0.7890039062499999 
0.6694726562499999 
0.7233789062499998 
0.7720117187499999 
1.0655664062499999 
0.7567773437499998 
0.6929101562499997 
0.6659570312499998 
0.5845117187499999 
0.6735742187499998 
0.8054101562499998 
0.94369140625 
0.96361328125 
0.6483789062499998 
0.7573632812499999 
1.0825585937500002 
0.6823632812499999 
0.93197265625 
1.1827539062499999 
0.8540429687499999 
0.8710351562499998 
1.3081445312500002 
0.8265039062499999 
1.01576171875 
0.9401757812500001 
0.8921289062499999 
0.9050195312499999 
0.96947265625 
1.20150390625 
0.9929101562499998 
0.8206445312499999 
0.9020898437499999 
1.20912109375 
1.01634765625 
1.2290429687500002 
1.0444726562500002 
0.8839257812499999 
0.6718164062499998 
0.9097070312499999 
1.0485742187500002 
1.03861328125 
1.2788476562500002 
0.52298828125 
0.92611328125 
0.7544335937499999 
0.8604882812499999 
0.7069726562499998 
0.9331445312500001 
0.9003320312499998 
0.8821679687499998 
0.8224023437499999 
1.13470703125 
0.7479882812499998 
0.6794335937499999 
0.8388085937499998 
1.1253320312500001 
1.2190820312500001 
0.7462304687499998 
0.6882226562499998 
0.8616601562499998 
0.8429101562499998 
0.7081445312499999 
0.8083398437499999 
1.03978515625 
0.9097070312499999 
1.00462890625 
0.92845703125 
0.7972070312499999 
0.8030664062499998 
0.91908203125 
0.6929101562499997 
1.0890039062499999 
0.6782617187499999 
0.9870507812499999 
0.5915429687499999 
0.7972070312499999 
0.8013085937499999 
0.8499414062499998 
0.8528710937499998 
0.6899804687499997 
0.6237695312499999 
0.6917382812499998 
0.6390039062499999 
0.7977929687499998 
0.8405664062499998 
1.31048828125 
1.08841796875 
0.7532617187499998 
0.7327539062499998 
0.8974023437499998 
0.6800195312499999 
0.9050195312499999 
0.7157617187499998 
1.19447265625 
0.8587304687499998 
0.8212304687499998 
0.7433007812499999 
0.7936914062499999 
1.00580078125 
0.7749414062499999 
0.9501367187499999 
1.16751953125 
0.7327539062499998 
1.18978515625 
0.8065820312499998 
1.0474023437500002 
0.7614648437499999 
0.9554101562499999 
0.6724023437499999 
0.7145898437499999 
0.7409570312499998 
0.8259179687499999 
0.97943359375 
1.2542382812500001 
0.9097070312499999 
0.6466210937499999 
1.15814453125 
0.8891992187499997 
1.20501953125 
0.9085351562499998 
0.6331445312499999 
1.04798828125 
0.7573632812499999 
0.7632226562499999 
1.05560546875 
0.8534570312499998 
0.8727929687499998 
0.5845117187499999 
0.98060546875 
0.5839257812499999 
0.6641992187499998 
0.6589257812499999 
0.7825585937499999 
1.1253320312500001 
0.7315820312499998 
0.7075585937499999 
0.7315820312499998 
0.7591210937499998 
1.2554101562500002 
0.9870507812499999 
0.9026757812499999 
1.0462304687500001 
1.07845703125 
0.7749414062499999 
0.8640039062499999 
1.0169335937500001 
0.7661523437499999 
1.2325585937500003 
0.6524804687499998 
0.96302734375 
0.7538476562499998 
0.8505273437499998 
0.8159570312499999 
1.05267578125 
0.7333398437499998 
0.8581445312499999 
0.7638085937499999 
0.8511132812499999 
0.91673828125 
1.05970703125 
0.6929101562499997 
0.7304101562499997 
0.93373046875 
0.7890039062499999 
0.7989648437499999 
1.23841796875 
0.8739648437499998 
0.6712304687499998 
0.60501953125 
1.08080078125 
0.6630273437499998 
1.06966796875 
0.7356835937499998 
0.7725976562499999 
0.7737695312499999 
0.93373046875 
0.8335351562499999 
0.6800195312499999 
0.95072265625 
0.6841210937499999 
0.8311914062499999 
0.7872460937499999 
0.7731835937499999 
0.7087304687499998 
0.93607421875 
0.7063867187499998 
0.52650390625 
0.92025390625 
0.7345117187499998 
0.7016992187499997 
0.97474609375 
0.94427734375 
1.26185546875 
0.8083398437499999 
0.9395898437500001 
0.9641992187499999 
0.6729882812499999 
0.8130273437499999 
