25 73 2 
0.91615234375 
0.8235742187499998 
0.7093164062499998 
0.5938867187499999 
0.7591210937499998 
0.5563867187499999 
0.8194726562499999 
0.8944726562499998 
0.7954492187499999 
0.7761132812499999 
0.7345117187499998 
0.7825585937499999 
0.6800195312499999 
0.7016992187499997 
0.6302148437499999 
0.8030664062499998 
0.5411523437499999 
0.5147851562499999 
0.5804101562499998 
0.8218164062499999 
0.7714257812499999 
0.53001953125 
1.02162109375 
0.6237695312499999 
0.5722070312499999 
0.7843164062499999 
0.7069726562499998 
0.6173242187499998 
0.5282617187499999 
0.92318359375 
0.7485742187499997 
0.6647851562499998 
0.6407617187499999 
0.8874414062499998 
0.6917382812499998 
0.5593164062499999 
0.7339257812499999 
0.7884179687499999 
0.7977929687499998 
0.8130273437499999 
0.92728515625 
0.8007226562499998 
0.7309960937499997 
0.7919335937499999 
0.5405664062499999 
0.7913476562499999 
0.6630273437499998 
0.47611328124999996 
0.6243554687499998 
0.52943359375 
0.7714257812499999 
0.8259179687499999 
0.8757226562499998 
0.5950585937499999 
0.6876367187499998 
0.7298242187499997 
1.2495507812500002 
0.6102929687499998 
0.7292382812499998 
0.6565820312499998 
0.7216210937499998 
0.6765039062499999 
0.6143945312499999 
0.8458398437499999 
0.6196679687499999 
0.46556640624999995 
0.56400390625 
0.6179101562499998 
0.6518945312499999 
1.0227929687500001 
0.7268945312499998 
0.4643945312499999 
0.5059960937499999 
0.4778710937499999 
0.7309960937499997 
0.6489648437499999 
0.8628320312499999 
0.7309960937499997 
0.4632226562499999 
0.6800195312499999 
0.5774804687499998 
0.79251953125 
0.6923242187499997 
0.6876367187499998 
0.7567773437499998 
0.7011132812499998 
0.6958398437499999 
0.8095117187499998 
0.6091210937499999 
0.9091210937499998 
0.6167382812499999 
0.6167382812499999 
0.6794335937499999 
0.6753320312499999 
0.6776757812499999 
0.93431640625 
0.6794335937499999 
0.7104882812499999 
0.6554101562499998 
0.6706445312499999 
0.6882226562499998 
0.8235742187499998 
0.7802148437499999 
0.7075585937499999 
0.8083398437499999 
0.7567773437499998 
0.7796289062499999 
0.6641992187499998 
0.91322265625 
0.5452539062499999 
0.7438867187499998 
0.8493554687499998 
0.8604882812499999 
0.45208984374999994 
0.7708398437499999 
0.7813867187499999 
0.7479882812499998 
0.8710351562499998 
0.5722070312499999 
0.7333398437499998 
0.6765039062499999 
0.6536523437499998 
0.5224023437499999 
0.6923242187499997 
0.6993554687499998 
0.78958984375 
0.8938867187499998 
0.5880273437499999 
0.7620507812499999 
0.46791015624999993 
0.6794335937499999 
0.8347070312499999 
0.6706445312499999 
0.7368554687499997 
0.6114648437499999 
0.6102929687499998 
0.6794335937499999 
0.7386132812499998 
0.7907617187499999 
0.6343164062499999 
0.8628320312499999 
0.6952539062499998 
0.7005273437499998 
0.5048242187499998 
0.8100976562499999 
0.6114648437499999 
0.5411523437499999 
0.8218164062499999 
0.7245507812499998 
0.91029296875 
0.7145898437499999 
0.6032617187499999 
0.49603515624999994 
0.6735742187499998 
0.5587304687499999 
0.8024804687499998 
0.8563867187499998 
0.6647851562499998 
0.6876367187499998 
0.7913476562499999 
0.7280664062499997 
0.6870507812499999 
0.8059960937499998 
0.7573632812499999 
1.18626953125 
0.8382226562499998 
0.7134179687499999 
0.6032617187499999 
0.6946679687499998 
0.6102929687499998 
0.5411523437499999 
0.8429101562499998 
0.6460351562499999 
0.6806054687499998 
0.8048242187499998 
0.52708984375 
0.6518945312499999 
0.7286523437499998 
0.7181054687499998 
0.8153710937499998 
0.8136132812499999 
0.51712890625 
0.7409570312499998 
0.6946679687499998 
0.7977929687499998 
0.6061914062499999 
0.7298242187499997 
0.8593164062499998 
0.8511132812499999 
0.9044335937499999 
0.52943359375 
0.5247460937499999 
0.6706445312499999 
0.6313867187499999 
0.6612695312499999 
0.7350976562499998 
0.9003320312499998 
0.6647851562499998 
0.6073632812499999 
0.8950585937499999 
