2 74 24 
1.3749414062499998 
1.40423828125 
1.39837890625 
1.30228515625 
1.43119140625 
1.29291015625 
1.3579492187500002 
1.30873046875 
1.40423828125 
1.3427148437500003 
1.33509765625 
1.39310546875 
1.4007226562500001 
1.43119140625 
1.3485742187500003 
1.39544921875 
1.32103515625 
1.3315820312500002 
1.32044921875 
1.3122460937500002 
1.3157617187500001 
1.2220117187500001 
1.34095703125 
1.36029296875 
1.3081445312500002 
1.3450585937500004 
1.30111328125 
1.3263085937500003 
1.3052148437500002 
1.38431640625 
1.29408203125 
1.3509179687500001 
1.3450585937500004 
1.41419921875 
1.32337890625 
1.31048828125 
1.3977929687500001 
1.31341796875 
1.39076171875 
1.42298828125 
1.31986328125 
1.36791015625 
1.30462890625 
1.3597070312500001 
1.30931640625 
1.36087890625 
1.3532617187500002 
1.36732421875 
1.2231835937500002 
1.35150390625 
1.29642578125 
1.30287109375 
1.3216210937500001 
1.31048828125 
1.38490234375 
1.2337304687500001 
1.3099023437500001 
1.36556640625 
1.3157617187500001 
1.3597070312500001 
1.37669921875 
1.3391992187500001 
1.30111328125 
1.31634765625 
1.2331445312500002 
1.30345703125 
1.29642578125 
1.3245507812500001 
1.31048828125 
1.39310546875 
1.3345117187500002 
1.3245507812500001 
1.3286523437500002 
1.33509765625 
1.33685546875 
1.38666015625 
1.3491601562500002 
1.33802734375 
1.2888085937500002 
1.2923242187500001 
1.3362695312500001 
1.3538476562500001 
1.4036523437500001 
1.3268945312500002 
1.36966796875 
1.3391992187500001 
1.3702539062499999 
1.3491601562500002 
1.4270898437500001 
1.4235742187500002 
1.3263085937500003 
1.39486328125 
1.3110742187500002 
1.41712890625 
1.30462890625 
1.30169921875 
1.3315820312500002 
1.4188867187500003 
1.3427148437500003 
1.35736328125 
1.41595703125 
1.3099023437500001 
1.31400390625 
1.37728515625 
1.3579492187500002 
1.29876953125 
1.36966796875 
1.39076171875 
1.32103515625 
1.37318359375 
1.41302734375 
1.29173828125 
1.31048828125 
1.4036523437500001 
1.3503320312500002 
1.3157617187500001 
1.3216210937500001 
1.42884765625 
1.3063867187500002 
1.38431640625 
1.41185546875 
1.3304101562500001 
1.38373046875 
1.37787109375 
1.29466796875 
1.2876367187500002 
1.28587890625 
1.29466796875 
1.3075585937500003 
1.30873046875 
1.36205078125 
1.2747460937500004 
1.30462890625 
1.29642578125 
1.30111328125 
1.3099023437500001 
1.30462890625 
1.29408203125 
1.33978515625 
1.4329492187500001 
1.39017578125 
1.3626367187500001 
1.3474023437500002 
1.4007226562500001 
1.3544335937500003 
1.28705078125 
1.38490234375 
1.4282617187500002 
1.3403710937500002 
1.38783203125 
1.3304101562500001 
1.29701171875 
1.31341796875 
1.3216210937500001 
1.3684960937500001 
1.2999414062499999 
1.31517578125 
1.29291015625 
1.31751953125 
1.33861328125 
1.3251367187500003 
1.31927734375 
1.2817773437500002 
1.3040429687500001 
1.39251953125 
1.40716796875 
1.2934960937500002 
1.3333398437500001 
1.35736328125 
1.4177148437500002 
1.32923828125 
1.3427148437500003 
1.3245507812500001 
1.3110742187500002 
1.40306640625 
1.3245507812500001 
1.23841796875 
1.31810546875 
1.41595703125 
1.35150390625 
1.29701171875 
1.3450585937500004 
1.3227929687500002 
1.3544335937500003 
1.3345117187500002 
1.36498046875 
1.31751953125 
1.3309960937500003 
1.23431640625 
1.2729882812500002 
1.3684960937500001 
1.3274804687500001 
1.4212304687500001 
1.32337890625 
1.3684960937500001 
1.3989648437500002 
1.33216796875 
1.35267578125 
1.3520898437500002 
1.3169335937500002 
