6 74 20 
1.13001953125 
0.91263671875 
1.23548828125 
1.1874414062499998 
1.2319726562500002 
1.2114648437500002 
1.2653710937500002 
1.2677148437500003 
0.9970117187499998 
0.8434960937499998 
1.2641992187500002 
1.24369140625 
1.15990234375 
1.12708984375 
1.06322265625 
1.2425195312500001 
1.08958984375 
1.2683007812500002 
0.8100976562499999 
1.2483789062500001 
1.0497460937500003 
1.09251953125 
1.2425195312500001 
0.9858789062499999 
0.7263085937499998 
1.19447265625 
1.24017578125 
0.8388085937499998 
1.2518945312500003 
1.21673828125 
1.1956445312500001 
0.7725976562499999 
1.2501367187500003 
1.28998046875 
1.1534570312499999 
1.2934960937500002 
1.0702539062499998 
1.06263671875 
0.94134765625 
0.91322265625 
1.29173828125 
1.2220117187500001 
1.2718164062500001 
1.09837890625 
1.2425195312500001 
1.08666015625 
1.2138085937500003 
1.2782617187500003 
1.2729882812500002 
1.22845703125 
1.03861328125 
1.02220703125 
1.14291015625 
1.21556640625 
0.8481835937499999 
0.8663476562499999 
1.2495507812500002 
1.23548828125 
1.3122460937500002 
0.7766992187499998 
1.2694726562500003 
1.23548828125 
1.19447265625 
0.97123046875 
1.22435546875 
1.30052734375 
1.22376953125 
0.78080078125 
1.25306640625 
1.17455078125 
1.10306640625 
0.9888085937499999 
0.91322265625 
1.21498046875 
1.2419335937500002 
1.05736328125 
1.21205078125 
1.23431640625 
1.10248046875 
1.11126953125 
1.2290429687500002 
0.93373046875 
1.2308007812500001 
1.24486328125 
1.2466210937500002 
0.93783203125 
1.23431640625 
1.09955078125 
1.13939453125 
1.2425195312500001 
1.2378320312500002 
1.2794335937500003 
0.7813867187499999 
1.22376953125 
1.2595117187500002 
1.01517578125 
1.2706445312500003 
1.2864648437500001 
1.28587890625 
1.14701171875 
1.2800195312500002 
1.2278710937500001 
1.11361328125 
1.2724023437500003 
0.9987695312499999 
1.2173242187500002 
0.95833984375 
1.2231835937500002 
0.8434960937499998 
0.8903710937499998 
1.2061914062499999 
1.08431640625 
1.0497460937500003 
1.07083984375 
1.22259765625 
0.8323632812499999 
1.3122460937500002 
1.28822265625 
1.2231835937500002 
1.13001953125 
1.0872460937500001 
1.2278710937500001 
1.22552734375 
1.2366601562500001 
1.22376953125 
1.2319726562500002 
1.2313867187500003 
1.2700585937500004 
1.09779296875 
1.2378320312500002 
0.9091210937499998 
0.94896484375 
1.21498046875 
1.20501953125 
1.2143945312500002 
1.2507226562500002 
1.24310546875 
1.0186914062499999 
0.8247460937499999 
1.28529296875 
1.2565820312500002 
1.24369140625 
1.30169921875 
1.22025390625 
1.0286523437500001 
1.05560546875 
1.09779296875 
1.06498046875 
1.2700585937500004 
1.20853515625 
1.0749414062499998 
1.2495507812500002 
1.2308007812500001 
1.1464257812499998 
1.22962890625 
1.2565820312500002 
0.8903710937499998 
1.30580078125 
1.1452539062499998 
1.2425195312500001 
1.19681640625 
1.2302148437500002 
1.15169921875 
1.03392578125 
1.2718164062500001 
0.54642578125 
1.21498046875 
1.2507226562500002 
1.18451171875 
1.0948632812499999 
1.25892578125 
1.3052148437500002 
1.2477929687500002 
1.21966796875 
1.2800195312500002 
0.8716210937499999 
0.8563867187499998 
1.2454492187500001 
1.17162109375 
0.7772851562499998 
1.2220117187500001 
1.2595117187500002 
1.0315820312500001 
0.6442773437499999 
1.2395898437500001 
0.93841796875 
1.2518945312500003 
0.8124414062499998 
0.8651757812499999 
1.17923828125 
1.13998046875 
1.2126367187500002 
1.0309960937500002 
1.20326171875 
1.05970703125 
1.2548242187500003 
1.2302148437500002 
1.12123046875 
1.31517578125 
1.01400390625 
