9 74 17 
1.07552734375 
0.9038476562499999 
1.07787109375 
0.9952539062499999 
0.7813867187499999 
1.2143945312500002 
0.8856835937499998 
0.8475976562499998 
1.04681640625 
1.1446679687499999 
0.8329492187499998 
1.0081445312500001 
1.2888085937500002 
1.22845703125 
0.7919335937499999 
0.7614648437499999 
0.8505273437499998 
1.2302148437500002 
1.1681054687499999 
1.2360742187500002 
1.0186914062499999 
1.0403710937500001 
1.0550195312500001 
0.8563867187499998 
0.9958398437499999 
0.8645898437499999 
0.6893945312499998 
0.8329492187499998 
0.8704492187499998 
1.20736328125 
0.8487695312499999 
0.8944726562499998 
0.92845703125 
1.22552734375 
0.7104882812499999 
0.8042382812499999 
1.06673828125 
1.2554101562500002 
0.7579492187499998 
0.8727929687499998 
1.18626953125 
0.8183007812499999 
0.9419335937500001 
0.9419335937500001 
0.8933007812499999 
1.15462890625 
1.20912109375 
1.2677148437500003 
1.2718164062500001 
0.7860742187499998 
0.7550195312499999 
0.8294335937499999 
1.18158203125 
1.2571679687500001 
0.96361328125 
0.6583398437499999 
0.92904296875 
1.22142578125 
0.8399804687499998 
0.96244140625 
0.8968164062499998 
1.2132226562500001 
0.6009179687499999 
1.2571679687500001 
0.92259765625 
0.9073632812499999 
0.8405664062499998 
0.9964257812499999 
0.8505273437499998 
1.06791015625 
1.15404296875 
1.22962890625 
1.05853515625 
1.2888085937500002 
1.0286523437500001 
0.8704492187499998 
0.7995507812499999 
1.16283203125 
1.2302148437500002 
0.8938867187499998 
0.7772851562499998 
1.2190820312500001 
1.22142578125 
0.9923242187499998 
1.0936914062499998 
1.0268945312500002 
1.1809960937500001 
1.2565820312500002 
1.01048828125 
0.95892578125 
0.8692773437499999 
1.22728515625 
0.8599023437499999 
0.96302734375 
0.8440820312499998 
1.20970703125 
0.8358789062499998 
0.92435546875 
0.8569726562499999 
0.8886132812499998 
0.9683007812500001 
0.8288476562499999 
0.96009765625 
1.0702539062499998 
0.8470117187499998 
1.2061914062499999 
0.8962304687499998 
0.8294335937499999 
1.0948632812499999 
1.2290429687500002 
0.97650390625 
1.15814453125 
1.2061914062499999 
1.14349609375 
1.2835351562500001 
1.12123046875 
1.09134765625 
0.8505273437499998 
1.23431640625 
0.8645898437499999 
1.20501953125 
0.8956445312499999 
1.09837890625 
1.21966796875 
0.6677148437499999 
1.2554101562500002 
1.17396484375 
0.6524804687499998 
1.2173242187500002 
0.8640039062499999 
0.92376953125 
0.7696679687499999 
1.00873046875 
0.9864648437499999 
0.8628320312499999 
1.0227929687500001 
0.7567773437499998 
0.6067773437499999 
0.7210351562499998 
1.2518945312500003 
1.20853515625 
1.2161523437500001 
1.22142578125 
1.2600976562500001 
0.8575585937499999 
1.22728515625 
1.24427734375 
1.12123046875 
1.00697265625 
1.2278710937500001 
1.2190820312500001 
1.0474023437500002 
0.8288476562499999 
1.0503320312500002 
0.7632226562499999 
0.95423828125 
0.7597070312499998 
0.6835351562499998 
0.9091210937499998 
1.30111328125 
1.21205078125 
0.9958398437499999 
1.2934960937500002 
1.2313867187500003 
0.8716210937499999 
1.13705078125 
0.6436914062499999 
1.2665429687500003 
0.92494140625 
1.2548242187500003 
0.98177734375 
1.01634765625 
0.98236328125 
0.7731835937499999 
1.10951171875 
1.09017578125 
0.5956445312499999 
1.21556640625 
0.94427734375 
1.2847070312500002 
0.8001367187499998 
1.06732421875 
0.7022851562499998 
1.26185546875 
1.24017578125 
0.98412109375 
1.03919921875 
1.2278710937500001 
0.9993554687499997 
0.8804101562499997 
0.7415429687499998 
0.8405664062499998 
0.7011132812499998 
1.2349023437500002 
1.05267578125 
0.93548828125 
0.7251367187499997 
0.8569726562499999 
0.6700585937499999 
0.92611328125 
