22 74 4 
0.5159570312499999 
1.0345117187500001 
0.8059960937499998 
0.7766992187499998 
0.7450585937499998 
0.7614648437499999 
0.7983789062499999 
0.6413476562499999 
0.56751953125 
0.6606835937499999 
0.7368554687499997 
0.5786523437499999 
0.5370507812499999 
0.8581445312499999 
0.5962304687499999 
0.5311914062499999 
0.7374414062499998 
0.7380273437499998 
0.6290429687499999 
0.7116601562499998 
0.7766992187499998 
0.6278710937499998 
0.7462304687499998 
0.8856835937499998 
0.7837304687499999 
0.6372460937499999 
0.6208398437499999 
0.6167382812499999 
0.8698632812499999 
0.8347070312499999 
0.6999414062499998 
0.6794335937499999 
1.1938867187500002 
0.8845117187499998 
0.8001367187499998 
0.8827539062499998 
0.8733789062499998 
0.8089257812499999 
0.60501953125 
0.6776757812499999 
0.6823632812499999 
0.7292382812499998 
0.5522851562499999 
0.8962304687499998 
0.9390039062500001 
0.7649804687499998 
0.7339257812499999 
0.95189453125 
0.52884765625 
0.7784570312499999 
0.8481835937499999 
0.5599023437499999 
1.0485742187500002 
0.5434960937499999 
0.6565820312499998 
0.94896484375 
0.91146484375 
0.8282617187499999 
0.6747460937499998 
0.9091210937499998 
0.6196679687499999 
0.7104882812499999 
0.6126367187499998 
0.7075585937499999 
0.7602929687499999 
0.92083984375 
0.8727929687499998 
0.8059960937499998 
0.7403710937499998 
0.8657617187499999 
0.8382226562499998 
0.6483789062499998 
0.6114648437499999 
0.8282617187499999 
0.7140039062499999 
0.78958984375 
0.6460351562499999 
0.8710351562499998 
0.6870507812499999 
0.8393945312499999 
0.6155664062499998 
0.8979882812499999 
0.6759179687499999 
0.45970703124999995 
0.6893945312499998 
0.9888085937499999 
0.7673242187499998 
0.7866601562499999 
0.7099023437499998 
0.9050195312499999 
0.8224023437499999 
0.6343164062499999 
0.6923242187499997 
0.5850976562499999 
0.5815820312499999 
0.8698632812499999 
0.8774804687499997 
0.8013085937499999 
0.7720117187499999 
0.5393945312499999 
1.20091796875 
0.6056054687499999 
0.4860742187499999 
0.9882226562499998 
0.6665429687499999 
0.7204492187499998 
0.6091210937499999 
0.6390039062499999 
0.6073632812499999 
0.7022851562499998 
0.7913476562499999 
0.6448632812499999 
0.7198632812499999 
0.6899804687499997 
0.6747460937499998 
0.7679101562499998 
0.6167382812499999 
0.8763085937499998 
0.5956445312499999 
0.6882226562499998 
0.8540429687499999 
0.6272851562499998 
0.7761132812499999 
0.93490234375 
1.14701171875 
0.5335351562499999 
0.9401757812500001 
0.9970117187499998 
0.8733789062499998 
0.6097070312499999 
0.5247460937499999 
0.6524804687499998 
0.7790429687499999 
0.6870507812499999 
1.11830078125 
0.6858789062499998 
0.7016992187499997 
0.79251953125 
0.93666015625 
0.6524804687499998 
0.6331445312499999 
0.7995507812499999 
0.7239648437499998 
0.9020898437499999 
0.5100976562499999 
0.7386132812499998 
0.6184960937499998 
0.5821679687499999 
0.6811914062499999 
0.94603515625 
0.6876367187499998 
0.7960351562499999 
0.7309960937499997 
0.52767578125 
0.92025390625 
0.8001367187499998 
0.5956445312499999 
0.4837304687499999 
0.6677148437499999 
0.6841210937499999 
0.8528710937499998 
0.91556640625 
1.0450585937500003 
0.6114648437499999 
0.8757226562499998 
0.6776757812499999 
1.0520898437500001 
0.7034570312499998 
0.9038476562499999 
0.5874414062499999 
0.7966210937499999 
0.5991601562499999 
0.7093164062499998 
0.5827539062499999 
0.6987695312499999 
0.7550195312499999 
0.6149804687499998 
0.5915429687499999 
0.7591210937499998 
0.7356835937499998 
0.6407617187499999 
0.7462304687499998 
0.45384765624999995 
0.96244140625 
0.6407617187499999 
0.5704492187499999 
0.8065820312499998 
0.5938867187499999 
0.5024804687499999 
0.93197265625 
1.14115234375 
0.7433007812499999 
0.8593164062499998 
0.6765039062499999 
0.7872460937499999 
0.7028710937499998 
0.5927148437499999 
0.8306054687499999 
0.7667382812499999 
0.7708398437499999 
