5 75 20 
1.22025390625 
1.0550195312500001 
1.21087890625 
1.27650390625 
1.2718164062500001 
1.2302148437500002 
1.22083984375 
0.8434960937499998 
1.21556640625 
1.2806054687500001 
1.16576171875 
0.7427148437499999 
1.0743554687499999 
1.2501367187500003 
1.06732421875 
1.24369140625 
1.2501367187500003 
1.2466210937500002 
1.25775390625 
1.22025390625 
1.13646484375 
1.2677148437500003 
1.0122460937500002 
1.11361328125 
1.2419335937500002 
1.2425195312500001 
1.21791015625 
1.2794335937500003 
1.2231835937500002 
1.2161523437500001 
1.07787109375 
1.13646484375 
1.28587890625 
1.2190820312500001 
0.6337304687499998 
1.1681054687499999 
1.2671289062500002 
1.2518945312500003 
1.00580078125 
1.2788476562500002 
1.2184960937500002 
0.6442773437499999 
1.35853515625 
1.2583398437500002 
1.3075585937500003 
1.29759765625 
1.1522851562499998 
1.22962890625 
1.2489648437500003 
1.2501367187500003 
1.03861328125 
0.8388085937499998 
1.2419335937500002 
1.24017578125 
1.2536523437500002 
1.1522851562499998 
1.22376953125 
1.2694726562500003 
1.15814453125 
1.2571679687500001 
1.24486328125 
1.13880859375 
1.15404296875 
1.2143945312500002 
1.2372460937500003 
1.29173828125 
1.2565820312500002 
1.3063867187500002 
0.9975976562499999 
1.2724023437500003 
1.2507226562500002 
1.3063867187500002 
1.2747460937500004 
0.8616601562499998 
1.2864648437500001 
1.1464257812499998 
1.22728515625 
1.1464257812499998 
1.18978515625 
1.2847070312500002 
1.2554101562500002 
1.23841796875 
1.2688867187500004 
1.2706445312500003 
1.2378320312500002 
1.2184960937500002 
1.16751953125 
0.97474609375 
1.39251953125 
1.2489648437500003 
0.7866601562499999 
1.1446679687499999 
1.2466210937500002 
1.2466210937500002 
1.2190820312500001 
1.03333984375 
1.21087890625 
1.2372460937500003 
1.23548828125 
1.08431640625 
1.2513085937500004 
1.29408203125 
1.2313867187500003 
1.2583398437500002 
1.28236328125 
1.2501367187500003 
1.2325585937500003 
1.07904296875 
1.22552734375 
1.28587890625 
1.18333984375 
1.21556640625 
1.2466210937500002 
0.9331445312500001 
1.2524804687500002 
1.14232421875 
1.28705078125 
1.1059960937500002 
0.9970117187499998 
0.8950585937499999 
1.2893945312500001 
1.2407617187500002 
1.3169335937500002 
0.9852929687499998 
1.0356835937500002 
1.2600976562500001 
0.8323632812499999 
1.31400390625 
0.8511132812499999 
1.2659570312500001 
1.06087890625 
1.12123046875 
1.14232421875 
1.2278710937500001 
1.2138085937500003 
1.22083984375 
1.2190820312500001 
1.2612695312500002 
1.2407617187500002 
1.2641992187500002 
1.2489648437500003 
1.2061914062499999 
1.2630273437500001 
1.06966796875 
1.08607421875 
1.22142578125 
1.2542382812500001 
1.2138085937500003 
1.23548828125 
1.22083984375 
0.9091210937499998 
0.9641992187499999 
1.04212890625 
1.2606835937500003 
1.07083984375 
1.2583398437500002 
1.24486328125 
1.2583398437500002 
1.2366601562500001 
1.21791015625 
1.1224023437500001 
1.10541015625 
1.24720703125 
1.24369140625 
1.2366601562500001 
1.2372460937500003 
1.2132226562500001 
1.20384765625 
1.03626953125 
1.2466210937500002 
1.11595703125 
1.1206445312500002 
1.09779296875 
1.2302148437500002 
1.13880859375 
1.2747460937500004 
1.2706445312500003 
0.8938867187499998 
1.14115234375 
1.2143945312500002 
1.2600976562500001 
1.2132226562500001 
1.21087890625 
1.2319726562500002 
1.14701171875 
1.19623046875 
1.2606835937500003 
0.91615234375 
1.28587890625 
1.2220117187500001 
1.09076171875 
1.2477929687500002 
1.24369140625 
1.2554101562500002 
0.6600976562499998 
0.8165429687499999 
0.6858789062499998 
1.16341796875 
0.7491601562499998 
1.24134765625 
