8 75 17 
0.9015039062499999 
1.2559960937500003 
1.09076171875 
1.22845703125 
1.1001367187500002 
1.20677734375 
0.7503320312499998 
0.97181640625 
0.8997460937499998 
0.94779296875 
1.0268945312500002 
1.09837890625 
0.96712890625 
1.2313867187500003 
1.06966796875 
0.7093164062499998 
0.9097070312499999 
0.93197265625 
1.13763671875 
1.24486328125 
1.21087890625 
0.8593164062499998 
1.26185546875 
1.12298828125 
1.2231835937500002 
0.95130859375 
1.11537109375 
0.8915429687499998 
0.8118554687499998 
1.1341210937500001 
0.6706445312499999 
0.7175195312499999 
1.2372460937500003 
1.06966796875 
0.7544335937499999 
0.7468164062499998 
1.14291015625 
1.2466210937500002 
0.9501367187499999 
0.7427148437499999 
0.92435546875 
1.2220117187500001 
1.2102929687500001 
0.8833398437499999 
0.93666015625 
1.22083984375 
1.2542382812500001 
0.8850976562499998 
0.95189453125 
0.9899804687499998 
1.18158203125 
1.09251953125 
1.21205078125 
1.21556640625 
1.06732421875 
1.2864648437500001 
1.21205078125 
1.16341796875 
1.24017578125 
0.8909570312499998 
0.8095117187499998 
1.2126367187500002 
1.17455078125 
0.8522851562499998 
0.8118554687499998 
1.20384765625 
1.12181640625 
1.13880859375 
1.11009765625 
0.7872460937499999 
1.22494140625 
1.0450585937500003 
0.95833984375 
0.92494140625 
0.8077539062499999 
0.6847070312499999 
1.08783203125 
1.2718164062500001 
1.2220117187500001 
0.96009765625 
1.23548828125 
1.20794921875 
0.9882226562499998 
1.21087890625 
1.17162109375 
0.8856835937499998 
1.13763671875 
0.97533203125 
1.20326171875 
0.93783203125 
0.8546289062499999 
1.13998046875 
1.1200585937500003 
1.2495507812500002 
1.24134765625 
1.03978515625 
1.07904296875 
0.6841210937499999 
1.22494140625 
1.30873046875 
0.9964257812499999 
1.00873046875 
0.8581445312499999 
0.9061914062499998 
1.22611328125 
0.7725976562499999 
0.7556054687499998 
0.8247460937499999 
0.8411523437499998 
0.8306054687499999 
1.2501367187500003 
0.94662109375 
1.22259765625 
0.92611328125 
1.21966796875 
1.22669921875 
0.7878320312499999 
1.09544921875 
1.21966796875 
0.7632226562499999 
0.96068359375 
1.2278710937500001 
0.96595703125 
1.05970703125 
1.20912109375 
0.7356835937499998 
0.8317773437499999 
1.22962890625 
1.15697265625 
1.2425195312500001 
0.7907617187499999 
1.3075585937500003 
0.8505273437499998 
1.01634765625 
0.8774804687499997 
1.02220703125 
1.2378320312500002 
0.6606835937499999 
0.8774804687499997 
1.01810546875 
0.8850976562499998 
0.8388085937499998 
1.19681640625 
1.20912109375 
0.9266992187499999 
1.1997460937500002 
0.95833984375 
0.7339257812499999 
0.7825585937499999 
1.0186914062499999 
0.91205078125 
1.24369140625 
0.96888671875 
0.7720117187499999 
0.7309960937499997 
0.6061914062499999 
1.21791015625 
1.26244140625 
1.2770898437500002 
1.20033203125 
1.15638671875 
0.96244140625 
1.22669921875 
1.09955078125 
0.8171289062499999 
0.8845117187499998 
1.20208984375 
0.97064453125 
1.1224023437500001 
0.94837890625 
0.8212304687499998 
1.3069726562500001 
1.19798828125 
0.98353515625 
1.2483789062500001 
1.15521484375 
1.01166015625 
0.93138671875 
1.2337304687500001 
0.8792382812499998 
0.8118554687499998 
0.8470117187499998 
0.93431640625 
0.7784570312499999 
0.9020898437499999 
1.1686914062499998 
0.95658203125 
0.8171289062499999 
0.8622460937499998 
1.22494140625 
0.7843164062499999 
0.96009765625 
0.8370507812499999 
1.14876953125 
0.8804101562499997 
1.2794335937500003 
0.9554101562499999 
1.2718164062500001 
1.0825585937500002 
1.0356835937500002 
