16 75 9 
1.03685546875 
0.7058007812499999 
1.29408203125 
0.6911523437499998 
0.7456445312499999 
0.6688867187499998 
0.5194726562499999 
0.8306054687499999 
0.8071679687499999 
0.6589257812499999 
0.8581445312499999 
0.7515039062499999 
0.6683007812499999 
0.6431054687499999 
0.8282617187499999 
0.6677148437499999 
0.8558007812499999 
0.7919335937499999 
0.6349023437499999 
0.8563867187499998 
1.20912109375 
0.7327539062499998 
0.6220117187499998 
0.8558007812499999 
0.8716210937499999 
0.96537109375 
0.8780664062499998 
0.7151757812499999 
0.8382226562499998 
0.6349023437499999 
0.7649804687499998 
0.7099023437499998 
0.7222070312499999 
0.9970117187499998 
0.7227929687499998 
0.8563867187499998 
0.8962304687499998 
0.5927148437499999 
0.9091210937499998 
1.13998046875 
0.9097070312499999 
0.6390039062499999 
0.7837304687499999 
0.8265039062499999 
0.8077539062499999 
0.7468164062499998 
0.92494140625 
0.9003320312499998 
0.7667382812499999 
0.7526757812499999 
1.0239648437500002 
0.8270898437499999 
0.6266992187499998 
0.8147851562499998 
0.8007226562499998 
0.6688867187499998 
1.07845703125 
0.6800195312499999 
0.92845703125 
0.7427148437499999 
0.97181640625 
0.7643945312499999 
0.6970117187499998 
0.6237695312499999 
1.1106835937500001 
0.91439453125 
0.7052148437499999 
0.7058007812499999 
0.7602929687499999 
0.6612695312499999 
1.0813867187500001 
0.8681054687499998 
1.01927734375 
1.07962890625 
0.6683007812499999 
0.6770898437499999 
0.8786523437499998 
0.79017578125 
0.7491601562499998 
0.7374414062499998 
0.9179101562499999 
0.6489648437499999 
0.8669335937499999 
0.7280664062499997 
1.03626953125 
0.7737695312499999 
0.98060546875 
1.08841796875 
0.96947265625 
0.48900390624999995 
0.6958398437499999 
1.06205078125 
0.5663476562499999 
0.92904296875 
0.51830078125 
0.7579492187499998 
0.8118554687499998 
0.8927148437499999 
0.7544335937499999 
1.06205078125 
0.8745507812499999 
0.7989648437499999 
0.6852929687499998 
0.96537109375 
0.7825585937499999 
0.7620507812499999 
0.8622460937499998 
0.8200585937499999 
0.8018945312499999 
0.7163476562499999 
0.7016992187499997 
0.6893945312499998 
0.8030664062499998 
1.0011132812499999 
0.6905664062499998 
0.8024804687499998 
0.7333398437499998 
0.8100976562499999 
0.7391992187499997 
1.18158203125 
1.02748046875 
0.6319726562499999 
0.8306054687499999 
0.7579492187499998 
1.20560546875 
0.8083398437499999 
0.7608789062499999 
0.8511132812499999 
0.9085351562499998 
0.5903710937499999 
0.9266992187499999 
0.8452539062499999 
0.8335351562499999 
1.08841796875 
0.6782617187499999 
0.7186914062499998 
0.7778710937499999 
0.8686914062499999 
0.5593164062499999 
0.6190820312499998 
0.7614648437499999 
0.7567773437499998 
0.6612695312499999 
0.7614648437499999 
0.7444726562499998 
0.8188867187499999 
0.7509179687499998 
0.7766992187499998 
0.6272851562499998 
0.52591796875 
0.94955078125 
0.7386132812499998 
0.91263671875 
0.6349023437499999 
0.7597070312499998 
0.8042382812499999 
0.7263085937499998 
0.5710351562499999 
0.6114648437499999 
0.8493554687499998 
0.5909570312499999 
1.20794921875 
0.8534570312499998 
0.53177734375 
1.09134765625 
0.7942773437499999 
0.8534570312499998 
0.8352929687499998 
0.5997460937499999 
0.5733789062499999 
0.8710351562499998 
0.9858789062499999 
1.09134765625 
1.0485742187500002 
0.96009765625 
1.0251367187500002 
0.8464257812499999 
0.98412109375 
0.6132226562499998 
0.6688867187499998 
0.9091210937499998 
0.98294921875 
0.7204492187499998 
0.7263085937499998 
0.91966796875 
0.7989648437499999 
0.60208984375 
0.7860742187499998 
0.6800195312499999 
0.93841796875 
0.7597070312499998 
1.06498046875 
0.9097070312499999 
0.94896484375 
0.6671289062499999 
0.97123046875 
0.91263671875 
0.92962890625 
0.7321679687499998 
0.6835351562499998 
