5 76 19 
1.2425195312500001 
1.30345703125 
1.21498046875 
1.05267578125 
1.2138085937500003 
1.31517578125 
1.24017578125 
0.9026757812499999 
1.2554101562500002 
1.31341796875 
1.17455078125 
1.2659570312500001 
1.0263085937500003 
1.24134765625 
1.1686914062499998 
1.2114648437500002 
1.21556640625 
0.92318359375 
1.00873046875 
1.21673828125 
0.8886132812499998 
1.28587890625 
1.0081445312500001 
1.28705078125 
1.24310546875 
0.97298828125 
0.8347070312499999 
1.2706445312500003 
1.0520898437500001 
1.02162109375 
1.21673828125 
1.2132226562500001 
1.2302148437500002 
0.8347070312499999 
1.22962890625 
1.01400390625 
1.13177734375 
1.22962890625 
1.02337890625 
1.24486328125 
1.20150390625 
1.2606835937500003 
1.01048828125 
1.2542382812500001 
1.2395898437500001 
1.24603515625 
1.2489648437500003 
0.7796289062499999 
1.26361328125 
1.1206445312500002 
1.2893945312500001 
1.11478515625 
1.2706445312500003 
1.24427734375 
1.22376953125 
0.9554101562499999 
1.17923828125 
1.1206445312500002 
1.2360742187500002 
1.21673828125 
1.22962890625 
1.24369140625 
1.2741601562500002 
1.2407617187500002 
0.96654296875 
1.2817773437500002 
0.8745507812499999 
1.2688867187500004 
0.8452539062499999 
1.06087890625 
1.2677148437500003 
1.2489648437500003 
1.31341796875 
1.2612695312500002 
1.2583398437500002 
1.2477929687500002 
1.28236328125 
0.9009179687499999 
1.0011132812499999 
1.2278710937500001 
1.01634765625 
1.2559960937500003 
1.2313867187500003 
1.0550195312500001 
0.8212304687499998 
1.23841796875 
0.8599023437499999 
1.10951171875 
1.2700585937500004 
1.20794921875 
1.2337304687500001 
1.20677734375 
1.24427734375 
1.1809960937500001 
1.13646484375 
1.2753320312500003 
1.2513085937500004 
0.8235742187499998 
1.09251953125 
0.7731835937499999 
1.24310546875 
1.2741601562500002 
1.09017578125 
1.2278710937500001 
1.2923242187500001 
1.06263671875 
1.2173242187500002 
1.3099023437500001 
1.3433007812500002 
1.2554101562500002 
1.30345703125 
1.25306640625 
0.7409570312499998 
1.26244140625 
0.8458398437499999 
1.0474023437500002 
1.22025390625 
1.2835351562500001 
1.2694726562500003 
0.94134765625 
1.2554101562500002 
1.2302148437500002 
1.14232421875 
1.07845703125 
1.11537109375 
1.2349023437500002 
1.2190820312500001 
1.2641992187500002 
1.2132226562500001 
0.97826171875 
1.28236328125 
1.22494140625 
1.06791015625 
1.06263671875 
1.2712304687500002 
1.0749414062499998 
1.2759179687500002 
1.1124414062499999 
1.0749414062499998 
0.8569726562499999 
1.29583984375 
0.8921289062499999 
1.25892578125 
1.2542382812500001 
1.2395898437500001 
1.2308007812500001 
0.8903710937499998 
1.2483789062500001 
0.8036523437499998 
1.2061914062499999 
0.94662109375 
1.1593164062499999 
1.2806054687500001 
1.2571679687500001 
1.2665429687500003 
1.2220117187500001 
1.22611328125 
1.2524804687500002 
1.22259765625 
1.18333984375 
1.24134765625 
1.2712304687500002 
1.24369140625 
0.7386132812499998 
1.2724023437500003 
1.2694726562500003 
1.21087890625 
0.94369140625 
1.3544335937500003 
1.2729882812500002 
1.2776757812500001 
1.2483789062500001 
1.15873046875 
0.8311914062499999 
1.26361328125 
1.22669921875 
1.22376953125 
1.2630273437500001 
1.13470703125 
0.98294921875 
1.2683007812500002 
1.29056640625 
1.21966796875 
1.2454492187500001 
1.00052734375 
1.23841796875 
1.24017578125 
1.2366601562500001 
1.0503320312500002 
1.1452539062499998 
1.24486328125 
1.30287109375 
1.0309960937500002 
1.2372460937500003 
1.2489648437500003 
1.2501367187500003 
0.8944726562499998 
1.25306640625 
1.17220703125 
1.2360742187500002 
