9 76 15 
0.9331445312500001 
0.9770898437500001 
0.8112695312499999 
0.96654296875 
1.25892578125 
0.7749414062499999 
0.9946679687499999 
0.91380859375 
1.0433007812500001 
0.6934960937499998 
0.9970117187499998 
0.7315820312499998 
1.25306640625 
1.2425195312500001 
1.00169921875 
0.95658203125 
1.18333984375 
0.7579492187499998 
0.7573632812499999 
1.06439453125 
0.8464257812499999 
0.6993554687499998 
1.18802734375 
0.8856835937499998 
0.91263671875 
1.2513085937500004 
1.16048828125 
1.00990234375 
1.18392578125 
1.2126367187500002 
0.9401757812500001 
0.8259179687499999 
1.03392578125 
0.8774804687499997 
0.8206445312499999 
0.7661523437499999 
0.7725976562499999 
0.7491601562499998 
1.2683007812500002 
0.9899804687499998 
0.93607421875 
1.2554101562500002 
1.07552734375 
1.02748046875 
0.8165429687499999 
1.1475976562499999 
0.7796289062499999 
0.8727929687499998 
0.8933007812499999 
1.1927148437500001 
0.8886132812499998 
1.22025390625 
0.8323632812499999 
1.31751953125 
1.2360742187500002 
0.8921289062499999 
1.16166015625 
0.7550195312499999 
0.7591210937499998 
0.7421289062499998 
0.8552148437499999 
1.22962890625 
0.9390039062500001 
1.22435546875 
1.24603515625 
1.06673828125 
0.8669335937499999 
1.24603515625 
1.2143945312500002 
1.2114648437500002 
0.7872460937499999 
0.93490234375 
0.95423828125 
0.8927148437499999 
1.08021484375 
1.2308007812500001 
1.2677148437500003 
1.2559960937500003 
0.7989648437499999 
1.08373046875 
1.16458984375 
0.93666015625 
1.22728515625 
0.7016992187499997 
1.22611328125 
0.9020898437499999 
0.8692773437499999 
0.7099023437499998 
1.12884765625 
0.7374414062499998 
1.2313867187500003 
1.22962890625 
0.8991601562499998 
0.7567773437499998 
0.8768945312499998 
1.16166015625 
0.7280664062499997 
0.92201171875 
0.8095117187499998 
1.2331445312500002 
1.0433007812500001 
1.2337304687500001 
1.0772851562499999 
1.21205078125 
0.7075585937499999 
0.96712890625 
0.7403710937499998 
0.8739648437499998 
0.6806054687499998 
1.15697265625 
0.7104882812499999 
0.8540429687499999 
0.8341210937499999 
1.01166015625 
1.13822265625 
0.7386132812499998 
0.8136132812499999 
1.11537109375 
0.8358789062499998 
1.16048828125 
0.8874414062499998 
0.7960351562499999 
0.92904296875 
0.7860742187499998 
1.2694726562500003 
0.7503320312499998 
1.18392578125 
0.93724609375 
0.6864648437499998 
0.7573632812499999 
1.2501367187500003 
1.25775390625 
0.7479882812499998 
0.9266992187499999 
1.1522851562499998 
0.8018945312499999 
0.8921289062499999 
0.6583398437499999 
1.2184960937500002 
1.2507226562500002 
0.7931054687499999 
1.2184960937500002 
0.94955078125 
1.20326171875 
1.10072265625 
1.08490234375 
0.8317773437499999 
0.94603515625 
1.05150390625 
1.20853515625 
1.2190820312500001 
1.2665429687500003 
0.8200585937499999 
0.8716210937499999 
1.01986328125 
0.91908203125 
1.22611328125 
0.97181640625 
1.0948632812499999 
1.2114648437500002 
0.8651757812499999 
1.2641992187500002 
0.8862695312499999 
0.9934960937499998 
0.7485742187499997 
0.95072265625 
1.0356835937500002 
0.6811914062499999 
0.8376367187499998 
0.92259765625 
1.00169921875 
0.8083398437499999 
0.8341210937499999 
0.7556054687499998 
1.2102929687500001 
0.9852929687499998 
1.05384765625 
1.2583398437500002 
0.9214257812500001 
0.9940820312499998 
0.8030664062499998 
1.13177734375 
1.01810546875 
1.18451171875 
1.12181640625 
0.8845117187499998 
1.24427734375 
1.2308007812500001 
0.96771484375 
0.7397851562499997 
0.7274804687499997 
0.95716796875 
0.8534570312499998 
0.8774804687499997 
0.7468164062499998 
1.22259765625 
1.00345703125 
1.2161523437500001 
0.96244140625 
0.9917382812499999 
