76 5 19 
0.8024804687499998 
1.2677148437500003 
1.2548242187500003 
1.2319726562500002 
1.24603515625 
1.2630273437500001 
0.7163476562499999 
1.3415429687500002 
0.8722070312499999 
1.2302148437500002 
1.2565820312500002 
1.1282617187500001 
1.1511132812499998 
1.20501953125 
1.24603515625 
1.3110742187500002 
1.2372460937500003 
1.16927734375 
0.8815820312499998 
0.8710351562499998 
1.2665429687500003 
1.0749414062499998 
1.23548828125 
1.22962890625 
1.22611328125 
1.2395898437500001 
1.24603515625 
1.07201171875 
1.06439453125 
1.01458984375 
0.96654296875 
1.07904296875 
1.2349023437500002 
1.2501367187500003 
1.13705078125 
1.14583984375 
1.22435546875 
0.8938867187499998 
1.28822265625 
1.18333984375 
1.19740234375 
1.2372460937500003 
1.24486328125 
1.12591796875 
1.2595117187500002 
0.7696679687499999 
1.30345703125 
1.2817773437500002 
1.1235742187500002 
1.22845703125 
1.2495507812500002 
1.20677734375 
1.00345703125 
1.01576171875 
1.08197265625 
1.2313867187500003 
1.17865234375 
0.9149804687499999 
1.29408203125 
1.2776757812500001 
1.2835351562500001 
0.9091210937499998 
1.03275390625 
1.30345703125 
1.2278710937500001 
1.2366601562500001 
1.1763085937500002 
0.8897851562499998 
1.2571679687500001 
0.7972070312499999 
1.25892578125 
1.2483789062500001 
1.31751953125 
1.05970703125 
1.0268945312500002 
1.2665429687500003 
1.2747460937500004 
0.95951171875 
1.14701171875 
1.1681054687499999 
1.3081445312500002 
1.2425195312500001 
1.2571679687500001 
1.2302148437500002 
1.19623046875 
1.2876367187500002 
1.20794921875 
1.22142578125 
1.2630273437500001 
1.15638671875 
1.15990234375 
1.2378320312500002 
1.05736328125 
1.1827539062499999 
1.2524804687500002 
1.06205078125 
1.29408203125 
1.2173242187500002 
1.02923828125 
0.7573632812499999 
1.21556640625 
1.2308007812500001 
1.02044921875 
1.2337304687500001 
1.22669921875 
1.3157617187500001 
1.24720703125 
1.2641992187500002 
1.07201171875 
0.8499414062499998 
1.24427734375 
1.1177148437500002 
1.27650390625 
1.0702539062499998 
1.23900390625 
0.98236328125 
1.15287109375 
0.8856835937499998 
1.31458984375 
1.17806640625 
1.22376953125 
0.7403710937499998 
1.2665429687500003 
0.91849609375 
1.2220117187500001 
1.1446679687499999 
1.03861328125 
1.28236328125 
1.1194726562500001 
1.2407617187500002 
1.12591796875 
1.13294921875 
0.6847070312499999 
1.33744140625 
1.24720703125 
1.18626953125 
1.18392578125 
1.24486328125 
1.2308007812500001 
1.2372460937500003 
1.22962890625 
1.2999414062499999 
1.14818359375 
1.12767578125 
1.2366601562500001 
1.2495507812500002 
1.2425195312500001 
1.2495507812500002 
1.2407617187500002 
0.8927148437499999 
1.2559960937500003 
1.07962890625 
1.14701171875 
1.2518945312500003 
0.9091210937499998 
1.10892578125 
1.23548828125 
1.2788476562500002 
1.0345117187500001 
1.29759765625 
1.1751367187500001 
0.82767578125 
1.2278710937500001 
1.00345703125 
1.2524804687500002 
1.2770898437500002 
0.6899804687499997 
1.2495507812500002 
0.9981835937499999 
1.0544335937500002 
1.2559960937500003 
1.2331445312500002 
1.21498046875 
1.30169921875 
1.09076171875 
1.0761132812499998 
0.91205078125 
1.1927148437500001 
1.01986328125 
1.2606835937500003 
1.31048828125 
1.2184960937500002 
1.2524804687500002 
1.2565820312500002 
1.24720703125 
1.3081445312500002 
1.2489648437500003 
1.24134765625 
1.24720703125 
1.2835351562500001 
1.15580078125 
1.20208984375 
1.1809960937500001 
0.8581445312499999 
1.2220117187500001 
1.0936914062499998 
1.2513085937500004 
0.8927148437499999 
1.28822265625 
0.92611328125 
