18 76 6 
0.5335351562499999 
0.8423242187499997 
0.6923242187499997 
1.00462890625 
0.8739648437499998 
0.6800195312499999 
0.7315820312499998 
0.6741601562499998 
0.8265039062499999 
0.7597070312499998 
0.9923242187499998 
0.9524804687499999 
0.8036523437499998 
0.7778710937499999 
0.7737695312499999 
0.8815820312499998 
0.6800195312499999 
1.0011132812499999 
0.8329492187499998 
0.6155664062499998 
0.55580078125 
0.8130273437499999 
0.7233789062499998 
1.0714257812499999 
0.8341210937499999 
0.6530664062499998 
0.7374414062499998 
1.1247460937500002 
0.8745507812499999 
0.5845117187499999 
0.9934960937499998 
0.7140039062499999 
0.7714257812499999 
0.6413476562499999 
0.7679101562499998 
1.02806640625 
0.6284570312499999 
0.6876367187499998 
0.5710351562499999 
0.7972070312499999 
0.7186914062499998 
0.9911523437499998 
0.6513085937499998 
1.19154296875 
0.5786523437499999 
0.7210351562499998 
0.47728515624999995 
0.6905664062499998 
0.7046289062499999 
0.6636132812499999 
0.7069726562499998 
0.6683007812499999 
0.6823632812499999 
0.6987695312499999 
0.9647851562499999 
0.7421289062499998 
0.6278710937499998 
0.96537109375 
0.7011132812499998 
0.7415429687499998 
0.94076171875 
0.93607421875 
0.7239648437499998 
0.8821679687499998 
0.8727929687499998 
0.7175195312499999 
0.9149804687499999 
0.9020898437499999 
1.11830078125 
0.9524804687499999 
0.7374414062499998 
0.6993554687499998 
0.6255273437499999 
0.7163476562499999 
1.06029296875 
0.56458984375 
0.7350976562499998 
0.8839257812499999 
0.8165429687499999 
0.6056054687499999 
0.7263085937499998 
0.7890039062499999 
0.6735742187499998 
0.95833984375 
0.94720703125 
0.8235742187499998 
0.7667382812499999 
1.09603515625 
0.7515039062499999 
0.7878320312499999 
0.7233789062499998 
0.5247460937499999 
0.8475976562499998 
0.6015039062499999 
0.7128320312499998 
0.6712304687499998 
0.7931054687499999 
0.8546289062499999 
0.8634179687499999 
0.6993554687499998 
0.5985742187499998 
0.53470703125 
0.93841796875 
0.6975976562499998 
0.6290429687499999 
0.7772851562499998 
0.8423242187499997 
0.6794335937499999 
0.45033203124999993 
0.8927148437499999 
0.6794335937499999 
0.7274804687499997 
0.8593164062499998 
0.7368554687499997 
0.8481835937499999 
0.6636132812499999 
1.10365234375 
0.7427148437499999 
0.6970117187499998 
0.6577539062499999 
0.7110742187499998 
0.6542382812499998 
0.6741601562499998 
0.8411523437499998 
0.7099023437499998 
0.6677148437499999 
0.7802148437499999 
0.6706445312499999 
0.7649804687499998 
0.92083984375 
1.13001953125 
0.5862695312499999 
0.8434960937499998 
0.8141992187499998 
0.7772851562499998 
0.8224023437499999 
0.7345117187499998 
0.7046289062499999 
0.7708398437499999 
0.9173242187499999 
0.5886132812499999 
0.6946679687499998 
0.7151757812499999 
0.6530664062499998 
0.6284570312499999 
0.7942773437499999 
0.8804101562499997 
0.8317773437499999 
0.7128320312499998 
0.7995507812499999 
0.8862695312499999 
0.7702539062499999 
0.9946679687499999 
0.7286523437499998 
0.6782617187499999 
0.8716210937499999 
0.8968164062499998 
0.7585351562499998 
0.8704492187499998 
0.6425195312499999 
0.9061914062499998 
0.7743554687499998 
0.5036523437499999 
0.6788476562499999 
0.5792382812499999 
0.6835351562499998 
0.7345117187499998 
0.7860742187499998 
0.7849023437499999 
0.7667382812499999 
0.8845117187499998 
0.7526757812499999 
0.7520898437499999 
0.91849609375 
1.28587890625 
0.93490234375 
0.94603515625 
0.6665429687499999 
1.06849609375 
0.8962304687499998 
0.8446679687499998 
0.6354882812499999 
0.6671289062499999 
0.7661523437499999 
0.6852929687499998 
0.7040429687499998 
1.1405664062499998 
0.8804101562499997 
0.7520898437499999 
0.6085351562499999 
0.7257226562499998 
0.6085351562499999 
0.6067773437499999 
0.7257226562499998 
0.91263671875 
0.8030664062499998 
0.91556640625 
0.9647851562499999 
0.5891992187499998 
0.5786523437499999 
