2 77 21 
1.3538476562500001 
1.29115234375 
1.36908203125 
1.38548828125 
1.31869140625 
1.32220703125 
1.3298242187500002 
1.31869140625 
1.29291015625 
1.41244140625 
1.3456445312500003 
1.36966796875 
1.37904296875 
1.3456445312500003 
1.29173828125 
1.35150390625 
1.3239648437500002 
1.31810546875 
1.33744140625 
1.31517578125 
1.3304101562500001 
1.3474023437500002 
1.36498046875 
1.31634765625 
1.31166015625 
1.2981835937500001 
1.4206445312500002 
1.2776757812500001 
1.3227929687500002 
1.31341796875 
1.3169335937500002 
1.31810546875 
1.4065820312500001 
1.30462890625 
1.4194726562500002 
1.2337304687500001 
1.38490234375 
1.29173828125 
1.35736328125 
1.31517578125 
1.3216210937500001 
1.30931640625 
1.37201171875 
1.33802734375 
1.36615234375 
1.31341796875 
1.3169335937500002 
1.3503320312500002 
1.35619140625 
1.35736328125 
1.36439453125 
1.39955078125 
1.3052148437500002 
1.3251367187500003 
1.3544335937500003 
1.3802148437500001 
1.2776757812500001 
1.3567773437500001 
1.3157617187500001 
1.4165429687500002 
1.31166015625 
1.3169335937500002 
1.31166015625 
1.35619140625 
1.41009765625 
1.39134765625 
1.4206445312500002 
1.3872460937500002 
1.33744140625 
1.3263085937500003 
1.35853515625 
1.3227929687500002 
1.32923828125 
1.33802734375 
1.31400390625 
1.37201171875 
1.3860742187500001 
1.31517578125 
1.33685546875 
1.3251367187500003 
1.31166015625 
1.4253320312500002 
1.39310546875 
1.3638085937500002 
1.3638085937500002 
1.32337890625 
1.3169335937500002 
1.30169921875 
1.3245507812500001 
1.30580078125 
1.3268945312500002 
1.32923828125 
1.4036523437500001 
1.39955078125 
1.3081445312500002 
1.37142578125 
1.3509179687500001 
1.4065820312500001 
1.32103515625 
1.3081445312500002 
1.30287109375 
1.31986328125 
1.2864648437500001 
1.3479882812500001 
1.39134765625 
1.35853515625 
1.41185546875 
1.36732421875 
1.30228515625 
1.3345117187500002 
1.33509765625 
1.39837890625 
1.31517578125 
1.30052734375 
1.37318359375 
1.36673828125 
1.4183007812500001 
1.38490234375 
1.36029296875 
1.37669921875 
1.3597070312500001 
1.31048828125 
1.3110742187500002 
1.30228515625 
1.33744140625 
1.33275390625 
1.31400390625 
1.30931640625 
1.3122460937500002 
1.32923828125 
1.3099023437500001 
1.3063867187500002 
1.3169335937500002 
1.3268945312500002 
1.43763671875 
1.31400390625 
1.32103515625 
1.3052148437500002 
1.3702539062499999 
1.3391992187500001 
1.3286523437500002 
1.39017578125 
1.33861328125 
1.36029296875 
1.40423828125 
1.4036523437500001 
1.34095703125 
1.3485742187500003 
1.30228515625 
1.36439453125 
1.33275390625 
1.4183007812500001 
1.38197265625 
1.38783203125 
1.35619140625 
1.29935546875 
1.2934960937500002 
1.3567773437500001 
1.3245507812500001 
1.3702539062499999 
1.3069726562500001 
1.3298242187500002 
1.3309960937500003 
1.37962890625 
1.3122460937500002 
1.3479882812500001 
1.31986328125 
1.32337890625 
1.4106835937500002 
1.35853515625 
1.36732421875 
1.29291015625 
1.36205078125 
1.29935546875 
1.3421289062500001 
1.3315820312500002 
1.3479882812500001 
1.3052148437500002 
1.3227929687500002 
1.42591796875 
1.3638085937500002 
1.36556640625 
1.3438867187500003 
1.44349609375 
1.40892578125 
1.3268945312500002 
1.41302734375 
1.3520898437500002 
1.31400390625 
1.3362695312500001 
1.3356835937500002 
1.22083984375 
1.32103515625 
1.39017578125 
1.3345117187500002 
1.34095703125 
1.31927734375 
1.40423828125 
1.3274804687500001 
1.30462890625 
