80 5 15 
1.2724023437500003 
1.16107421875 
1.0743554687499999 
1.3257226562500002 
1.2600976562500001 
1.30287109375 
1.2102929687500001 
1.13939453125 
1.31166015625 
1.16693359375 
1.22728515625 
1.30287109375 
1.1124414062499999 
1.06263671875 
1.2378320312500002 
0.97884765625 
1.2876367187500002 
1.1106835937500001 
1.2372460937500003 
1.22845703125 
1.2425195312500001 
1.2231835937500002 
1.2319726562500002 
1.2044335937500001 
1.06439453125 
1.24427734375 
1.2565820312500002 
1.2759179687500002 
1.2847070312500002 
1.31927734375 
1.13646484375 
1.3315820312500002 
1.2677148437500003 
1.2518945312500003 
1.21498046875 
1.2313867187500003 
1.2372460937500003 
1.2466210937500002 
1.2114648437500002 
1.2536523437500002 
1.20267578125 
1.23548828125 
1.2419335937500002 
1.2612695312500002 
0.9993554687499997 
1.07552734375 
1.07962890625 
1.2565820312500002 
0.8640039062499999 
1.13880859375 
1.21556640625 
1.29701171875 
1.09779296875 
1.2653710937500002 
1.2454492187500001 
1.2782617187500003 
1.2231835937500002 
0.92904296875 
1.00052734375 
1.23841796875 
1.2407617187500002 
1.25306640625 
1.07201171875 
1.32337890625 
1.22142578125 
1.18802734375 
0.8710351562499998 
0.8745507812499999 
1.16693359375 
1.19916015625 
1.2981835937500001 
1.30052734375 
1.2735742187500003 
1.21087890625 
1.2806054687500001 
1.2612695312500002 
1.0948632812499999 
0.8470117187499998 
1.2501367187500003 
1.2308007812500001 
1.12650390625 
1.2888085937500002 
1.24427734375 
1.19447265625 
1.2349023437500002 
0.7714257812499999 
1.3063867187500002 
1.19154296875 
1.20853515625 
1.19212890625 
1.22435546875 
1.16048828125 
1.23548828125 
1.2419335937500002 
1.0579492187500001 
1.00228515625 
1.15990234375 
1.28587890625 
0.8727929687499998 
1.17455078125 
1.3063867187500002 
1.2759179687500002 
1.10833984375 
1.24427734375 
1.08841796875 
1.0462304687500001 
1.2313867187500003 
0.8464257812499999 
1.2554101562500002 
1.17455078125 
1.2454492187500001 
1.16341796875 
1.3069726562500001 
1.22611328125 
1.22845703125 
1.22962890625 
1.1253320312500001 
1.2800195312500002 
0.7907617187499999 
1.0186914062499999 
1.12650390625 
1.2659570312500001 
1.2454492187500001 
1.2114648437500002 
1.1417382812499999 
1.2747460937500004 
1.21556640625 
1.2290429687500002 
1.2524804687500002 
0.9097070312499999 
1.2302148437500002 
1.08431640625 
1.2536523437500002 
1.3520898437500002 
1.03275390625 
1.2495507812500002 
0.97123046875 
1.2278710937500001 
1.18451171875 
1.2349023437500002 
1.30462890625 
1.30052734375 
0.97533203125 
1.24427734375 
1.08783203125 
1.29466796875 
0.7350976562499998 
1.2319726562500002 
1.29115234375 
1.16048828125 
0.97064453125 
1.20970703125 
0.8224023437499999 
0.8136132812499999 
1.06263671875 
1.2483789062500001 
1.1200585937500003 
1.2724023437500003 
1.25892578125 
1.2981835937500001 
1.2829492187500002 
1.20677734375 
1.2759179687500002 
0.9899804687499998 
1.2513085937500004 
1.1001367187500002 
0.8874414062499998 
0.9770898437500001 
1.2829492187500002 
1.2319726562500002 
0.7374414062499998 
1.32103515625 
1.22142578125 
1.14291015625 
1.08783203125 
1.2302148437500002 
1.2800195312500002 
1.2864648437500001 
1.0989648437500001 
1.22669921875 
1.13822265625 
0.7122460937499998 
1.2407617187500002 
1.29935546875 
0.7573632812499999 
1.1253320312500001 
1.23900390625 
1.2724023437500003 
1.2061914062499999 
0.8493554687499998 
0.92201171875 
1.2847070312500002 
1.05150390625 
1.23841796875 
0.7960351562499999 
1.19037109375 
1.30052734375 
1.2407617187500002 
1.22962890625 
0.94955078125 
