83 5 12 
1.2360742187500002 
1.2571679687500001 
1.2782617187500003 
1.13646484375 
1.2454492187500001 
1.2548242187500003 
1.07083984375 
1.2630273437500001 
1.2571679687500001 
1.22669921875 
1.13939453125 
0.8669335937499999 
1.23841796875 
1.2559960937500003 
1.1763085937500002 
1.2554101562500002 
0.8581445312499999 
1.2630273437500001 
1.24603515625 
1.2495507812500002 
0.9038476562499999 
0.9015039062499999 
1.1358789062499999 
1.2302148437500002 
1.2565820312500002 
1.08490234375 
1.10951171875 
1.10716796875 
1.0591210937500002 
1.28119140625 
1.22552734375 
1.2981835937500001 
1.2817773437500002 
1.30873046875 
1.1505273437499999 
1.2724023437500003 
0.96712890625 
1.25775390625 
1.26185546875 
1.2712304687500002 
1.2677148437500003 
1.25775390625 
0.9852929687499998 
0.92552734375 
1.03744140625 
1.2337304687500001 
0.9864648437499999 
1.2542382812500001 
1.2735742187500003 
1.2132226562500001 
1.2981835937500001 
1.12767578125 
1.2126367187500002 
1.2524804687500002 
1.2747460937500004 
1.2319726562500002 
1.0989648437500001 
1.2706445312500003 
1.30345703125 
1.1417382812499999 
1.0485742187500002 
0.8393945312499999 
1.09193359375 
1.1751367187500001 
1.3128320312500001 
0.7309960937499997 
1.2495507812500002 
1.0122460937500002 
1.2776757812500001 
1.24486328125 
1.07669921875 
1.26361328125 
0.8991601562499998 
0.8077539062499999 
1.1927148437500001 
1.1938867187500002 
1.2536523437500002 
1.2325585937500003 
1.17162109375 
1.0433007812500001 
0.9735742187499999 
1.2483789062500001 
1.21791015625 
1.30169921875 
0.98236328125 
1.2776757812500001 
1.03275390625 
1.21673828125 
0.8124414062499998 
1.13880859375 
1.19798828125 
1.2378320312500002 
1.1874414062499998 
1.1499414062499997 
1.18685546875 
0.7690820312499999 
1.2360742187500002 
1.24310546875 
0.8944726562499998 
1.2759179687500002 
1.2606835937500003 
1.16224609375 
1.1177148437500002 
1.41478515625 
1.03509765625 
1.1985742187500001 
1.19037109375 
1.2302148437500002 
1.2231835937500002 
0.9905664062499998 
1.0356835937500002 
1.03802734375 
1.2407617187500002 
1.0444726562500002 
1.2724023437500003 
0.7931054687499999 
1.2419335937500002 
1.24310546875 
1.2360742187500002 
1.24310546875 
1.19330078125 
1.2835351562500001 
1.22259765625 
1.2524804687500002 
1.25306640625 
1.2349023437500002 
1.2407617187500002 
1.10833984375 
1.10072265625 
1.22376953125 
1.31458984375 
0.9038476562499999 
1.0456445312500002 
1.2489648437500003 
1.30228515625 
1.1938867187500002 
1.2554101562500002 
1.0075585937500002 
1.06439453125 
1.13119140625 
1.22962890625 
1.21791015625 
1.24134765625 
0.8464257812499999 
1.0263085937500003 
1.22142578125 
1.0579492187500001 
1.22083984375 
1.2782617187500003 
1.22142578125 
1.05560546875 
1.2683007812500002 
1.22728515625 
0.7339257812499999 
1.2419335937500002 
1.24486328125 
1.21498046875 
0.8048242187499998 
1.2278710937500001 
1.2630273437500001 
1.2876367187500002 
1.08373046875 
1.1206445312500002 
1.06087890625 
1.1827539062499999 
1.2278710937500001 
1.2302148437500002 
1.2712304687500002 
1.05560546875 
1.3462304687500002 
1.29466796875 
1.24017578125 
0.9085351562499998 
1.2829492187500002 
1.24486328125 
1.1358789062499999 
0.8645898437499999 
1.2395898437500001 
1.21966796875 
1.2718164062500001 
1.03392578125 
1.29056640625 
1.22611328125 
1.2835351562500001 
0.9981835937499999 
1.2302148437500002 
1.30052734375 
1.24603515625 
1.03744140625 
1.07376953125 
1.2501367187500003 
0.8177148437499999 
1.2278710937500001 
1.2536523437500002 
1.20794921875 
1.2132226562500001 
1.03685546875 
1.2483789062500001 
1.2583398437500002 
1.2571679687500001 
