20 79 1 
0.96009765625 
0.4819726562499999 
0.8417382812499998 
0.8616601562499998 
0.45970703124999995 
0.5915429687499999 
0.6864648437499998 
0.7755273437499999 
0.96537109375 
0.7093164062499998 
0.6683007812499999 
0.6806054687499998 
0.6390039062499999 
0.6325585937499999 
0.9079492187499998 
0.7485742187499997 
0.7093164062499998 
0.7251367187499997 
0.7022851562499998 
0.6507226562499998 
1.11185546875 
0.6899804687499997 
0.60501953125 
0.51830078125 
0.5253320312499999 
0.6700585937499999 
0.6905664062499998 
0.60267578125 
0.7931054687499999 
0.6788476562499999 
0.7403710937499998 
1.2325585937500003 
0.6308007812499999 
0.7778710937499999 
0.8358789062499998 
0.6923242187499997 
0.7069726562499998 
0.7667382812499999 
0.8229882812499999 
0.7720117187499999 
0.5733789062499999 
0.6595117187499998 
0.7485742187499997 
0.7907617187499999 
0.7661523437499999 
0.8663476562499999 
0.6659570312499998 
0.6659570312499998 
0.7309960937499997 
0.6354882812499999 
1.12181640625 
0.6097070312499999 
0.6712304687499998 
1.02455078125 
0.8739648437499998 
0.7626367187499998 
0.7602929687499999 
0.6477929687499998 
0.7052148437499999 
0.7028710937499998 
0.6530664062499998 
0.8903710937499998 
0.7145898437499999 
0.96302734375 
0.8059960937499998 
0.6876367187499998 
0.5827539062499999 
0.8159570312499999 
0.79251953125 
0.7860742187499998 
0.6706445312499999 
0.9097070312499999 
0.5979882812499999 
0.6518945312499999 
0.92787109375 
1.2331445312500002 
0.4954492187499999 
0.47611328124999996 
1.03041015625 
0.6220117187499998 
0.7286523437499998 
0.7028710937499998 
0.7075585937499999 
0.5546289062499999 
0.6700585937499999 
0.5751367187499998 
0.8569726562499999 
0.7093164062499998 
0.6905664062499998 
0.5991601562499999 
0.8505273437499998 
0.6999414062499998 
0.6202539062499999 
0.7468164062499998 
0.6852929687499998 
0.7069726562499998 
0.8294335937499999 
0.6882226562499998 
0.7854882812499999 
0.6284570312499999 
0.8634179687499999 
0.9149804687499999 
1.20326171875 
0.9266992187499999 
0.7591210937499998 
0.9266992187499999 
0.5540429687499999 
0.7837304687499999 
0.7796289062499999 
1.22083984375 
0.5845117187499999 
0.7169335937499999 
0.98236328125 
0.8423242187499997 
0.6120507812499999 
0.7239648437499998 
0.5622460937499999 
0.7263085937499998 
0.8768945312499998 
0.8341210937499999 
0.8200585937499999 
0.7438867187499998 
0.8575585937499999 
0.5188867187499999 
0.5159570312499999 
0.7286523437499998 
0.8499414062499998 
0.7403710937499998 
0.7081445312499999 
0.7989648437499999 
0.93373046875 
0.7579492187499998 
0.6266992187499998 
0.8786523437499998 
0.7538476562499998 
0.8493554687499998 
0.6331445312499999 
0.7309960937499997 
0.6647851562499998 
0.7081445312499999 
0.7227929687499998 
0.6161523437499998 
0.7491601562499998 
0.7849023437499999 
0.95423828125 
0.6565820312499998 
0.92318359375 
0.8335351562499999 
0.92025390625 
0.7802148437499999 
0.6225976562499999 
0.52650390625 
0.6325585937499999 
0.8376367187499998 
0.60267578125 
0.6173242187499998 
0.8429101562499998 
0.6841210937499999 
0.6372460937499999 
0.7866601562499999 
0.6788476562499999 
0.6618554687499998 
1.12591796875 
0.6870507812499999 
0.7608789062499999 
0.8681054687499998 
0.8540429687499999 
0.8540429687499999 
0.6108789062499999 
0.6929101562499997 
0.8347070312499999 
0.6806054687499998 
0.79017578125 
0.7140039062499999 
0.7052148437499999 
0.55814453125 
0.7380273437499998 
0.92083984375 
0.7134179687499999 
0.6483789062499998 
0.6917382812499998 
0.9308007812500001 
1.0749414062499998 
0.6829492187499998 
0.9038476562499999 
0.7438867187499998 
0.8968164062499998 
0.6489648437499999 
1.07669921875 
0.7210351562499998 
0.8593164062499998 
0.6759179687499999 
0.7251367187499997 
0.7181054687499998 
0.6600976562499998 
0.9425195312500001 
0.7028710937499998 
0.8059960937499998 
0.6700585937499999 
0.7515039062499999 
