21 79 0 
0.6671289062499999 
0.7263085937499998 
0.8065820312499998 
0.6442773437499999 
0.7145898437499999 
0.78958984375 
0.6735742187499998 
0.43216796874999996 
0.5891992187499998 
0.7222070312499999 
0.8194726562499999 
0.8522851562499998 
1.03978515625 
0.6958398437499999 
0.7602929687499999 
0.92728515625 
0.7977929687499998 
0.8259179687499999 
0.5423242187499998 
0.5956445312499999 
0.94603515625 
0.52884765625 
0.7655664062499998 
0.4720117187499999 
0.5716210937499999 
0.8563867187499998 
0.5341210937499999 
0.94134765625 
0.8411523437499998 
0.6970117187499998 
1.0315820312500001 
0.7837304687499999 
0.95130859375 
0.47376953124999993 
0.6905664062499998 
0.7567773437499998 
0.6782617187499999 
0.7989648437499999 
0.8247460937499999 
0.92318359375 
0.6975976562499998 
0.7046289062499999 
0.78080078125 
0.9970117187499998 
0.5798242187499998 
0.6313867187499999 
0.6606835937499999 
0.6917382812499998 
0.6149804687499998 
0.7485742187499997 
0.8265039062499999 
0.60267578125 
0.6313867187499999 
0.7755273437499999 
0.6841210937499999 
0.6138085937499999 
0.6893945312499998 
1.08607421875 
0.91087890625 
0.5452539062499999 
1.00990234375 
0.8933007812499999 
1.22435546875 
0.7327539062499998 
0.52298828125 
0.4808007812499999 
0.5716210937499999 
0.7327539062499998 
0.6296289062499999 
0.7263085937499998 
0.8282617187499999 
0.8335351562499999 
0.7444726562499998 
0.7081445312499999 
0.8247460937499999 
0.8604882812499999 
0.7766992187499998 
0.7175195312499999 
0.7099023437499998 
0.92259765625 
0.7052148437499999 
0.6548242187499997 
0.91029296875 
0.6612695312499999 
0.7567773437499998 
0.8874414062499998 
1.0298242187500002 
0.7620507812499999 
0.6483789062499998 
0.7825585937499999 
0.6542382812499998 
0.7315820312499998 
0.5950585937499999 
0.9554101562499999 
0.6847070312499999 
0.5716210937499999 
0.7503320312499998 
0.7462304687499998 
0.6923242187499997 
0.7304101562499997 
0.6108789062499999 
0.8054101562499998 
0.6167382812499999 
0.7216210937499998 
0.9800195312500001 
0.6747460937499998 
0.9308007812500001 
1.03919921875 
0.6038476562499999 
0.8974023437499998 
0.5897851562499998 
0.7227929687499998 
0.8171289062499999 
0.7128320312499998 
0.7046289062499999 
0.7421289062499998 
0.4819726562499999 
0.8827539062499998 
0.7110742187499998 
0.8915429687499998 
0.8534570312499998 
0.8001367187499998 
0.6794335937499999 
0.6032617187499999 
0.6923242187499997 
0.93841796875 
0.7292382812499998 
0.7684960937499998 
0.8470117187499998 
0.6559960937499998 
0.6624414062499998 
0.6366601562499998 
0.7134179687499999 
0.8657617187499999 
0.6624414062499998 
0.96712890625 
0.7333398437499998 
0.7186914062499998 
0.6395898437499999 
0.8792382812499998 
0.7538476562499998 
0.7626367187499998 
0.7567773437499998 
0.8768945312499998 
0.7204492187499998 
0.55521484375 
0.7151757812499999 
0.8405664062499998 
0.5809960937499998 
0.9964257812499999 
0.6067773437499999 
0.6975976562499998 
1.02455078125 
0.93431640625 
0.8903710937499998 
0.7040429687499998 
0.7503320312499998 
0.8218164062499999 
0.6237695312499999 
0.92083984375 
0.7368554687499997 
0.96771484375 
0.8259179687499999 
0.7016992187499997 
0.53177734375 
0.6231835937499999 
0.8751367187499998 
0.5692773437499999 
0.6847070312499999 
1.29291015625 
0.8593164062499998 
0.98470703125 
0.9173242187499999 
0.6741601562499998 
0.8218164062499999 
0.7298242187499997 
0.7626367187499998 
0.7456445312499999 
0.6524804687499998 
0.97650390625 
0.7661523437499999 
0.6864648437499998 
1.06908203125 
0.6167382812499999 
0.6683007812499999 
0.8933007812499999 
0.6741601562499998 
0.7403710937499998 
0.78080078125 
0.91908203125 
0.8224023437499999 
0.7954492187499999 
0.7099023437499998 
0.7339257812499999 
0.7755273437499999 
0.7263085937499998 
0.7391992187499997 
0.8358789062499998 
0.9958398437499999 
1.12708984375 
