85 5 10 
1.24427734375 
1.2132226562500001 
1.2138085937500003 
1.2138085937500003 
1.2770898437500002 
1.2173242187500002 
1.26361328125 
1.21498046875 
1.1593164062499999 
1.28998046875 
1.2308007812500001 
1.07904296875 
1.19212890625 
1.0872460937500001 
1.2612695312500002 
1.22669921875 
1.3069726562500001 
1.2378320312500002 
0.7509179687499998 
1.12123046875 
1.2313867187500003 
1.3063867187500002 
1.2542382812500001 
1.0251367187500002 
1.25775390625 
1.06205078125 
1.29056640625 
1.2747460937500004 
1.30931640625 
0.8370507812499999 
0.8874414062499998 
1.1452539062499998 
1.01986328125 
1.2308007812500001 
1.2290429687500002 
1.25892578125 
1.18333984375 
1.2325585937500003 
1.2425195312500001 
1.0825585937500002 
1.0591210937500002 
1.2378320312500002 
0.79251953125 
0.9987695312499999 
0.9888085937499999 
1.14701171875 
1.24369140625 
1.2782617187500003 
1.3063867187500002 
1.2495507812500002 
1.2706445312500003 
1.2782617187500003 
1.25775390625 
1.2395898437500001 
1.0702539062499998 
1.2571679687500001 
1.2349023437500002 
1.24310546875 
0.7222070312499999 
0.8780664062499998 
1.1938867187500002 
1.29583984375 
0.7433007812499999 
1.24427734375 
1.25892578125 
1.22435546875 
0.8933007812499999 
1.2489648437500003 
1.2313867187500003 
1.22962890625 
1.2173242187500002 
1.05560546875 
1.2612695312500002 
1.01986328125 
1.2173242187500002 
1.2735742187500003 
1.2513085937500004 
1.2741601562500002 
1.2313867187500003 
1.2507226562500002 
1.1751367187500001 
0.8757226562499998 
1.02748046875 
1.22435546875 
1.15287109375 
0.92728515625 
1.21498046875 
1.16751953125 
1.20384765625 
1.29408203125 
1.22669921875 
0.92376953125 
1.23431640625 
1.09779296875 
1.2395898437500001 
1.2524804687500002 
1.2630273437500001 
1.23548828125 
1.24486328125 
1.2290429687500002 
1.25306640625 
1.2770898437500002 
1.22025390625 
1.1059960937500002 
1.03041015625 
1.2583398437500002 
1.11185546875 
1.22435546875 
1.0286523437500001 
1.24017578125 
1.18041015625 
1.2712304687500002 
1.08548828125 
1.24369140625 
0.6636132812499999 
1.2683007812500002 
0.92201171875 
1.28822265625 
1.2735742187500003 
0.94720703125 
1.26478515625 
1.30931640625 
0.8985742187499998 
1.21673828125 
1.22728515625 
1.2360742187500002 
1.01634765625 
1.01166015625 
1.2923242187500001 
0.92083984375 
1.2583398437500002 
1.1956445312500001 
1.1827539062499999 
1.01166015625 
1.10072265625 
1.21556640625 
1.21673828125 
0.8575585937499999 
0.9864648437499999 
1.1499414062499997 
1.11126953125 
1.08841796875 
1.1575585937500001 
1.2536523437500002 
1.2524804687500002 
1.1651757812499999 
1.2138085937500003 
0.7632226562499999 
1.2571679687500001 
1.2407617187500002 
1.24427734375 
0.7415429687499998 
0.9308007812500001 
1.2302148437500002 
1.1417382812499999 
1.2454492187500001 
0.8997460937499998 
1.2313867187500003 
1.22142578125 
1.2595117187500002 
1.28587890625 
1.21205078125 
1.28705078125 
1.1200585937500003 
1.2548242187500003 
1.2507226562500002 
1.15287109375 
1.2489648437500003 
1.31634765625 
1.2378320312500002 
1.2606835937500003 
1.2378320312500002 
0.8429101562499998 
1.19740234375 
1.16166015625 
1.09544921875 
1.00931640625 
0.91029296875 
1.06908203125 
1.01048828125 
1.2378320312500002 
1.23548828125 
0.8388085937499998 
1.2583398437500002 
1.2126367187500002 
1.0257226562500001 
0.9331445312500001 
1.17279296875 
0.8294335937499999 
1.2308007812500001 
1.22376953125 
1.2800195312500002 
0.8218164062499999 
1.3063867187500002 
1.06498046875 
1.2606835937500003 
1.25306640625 
1.28998046875 
1.11712890625 
1.10541015625 
