11 80 9 
0.8434960937499998 
0.8423242187499997 
0.8153710937499998 
0.92904296875 
0.8259179687499999 
0.7333398437499998 
0.7415429687499998 
0.7725976562499999 
1.0491601562500001 
1.16224609375 
0.97298828125 
0.8364648437499999 
0.7714257812499999 
1.0403710937500001 
0.92845703125 
0.8821679687499998 
0.7708398437499999 
1.22142578125 
0.9888085937499999 
1.19037109375 
0.8745507812499999 
0.7503320312499998 
1.03802734375 
0.7227929687499998 
1.00873046875 
0.7983789062499999 
0.6061914062499999 
0.6911523437499998 
0.8183007812499999 
0.7491601562499998 
1.18451171875 
1.11537109375 
1.2806054687500001 
1.2677148437500003 
0.97884765625 
0.7661523437499999 
0.7802148437499999 
0.6700585937499999 
0.7427148437499999 
0.98294921875 
1.0497460937500003 
1.20853515625 
0.7022851562499998 
0.8434960937499998 
0.9882226562499998 
0.8868554687499998 
0.8610742187499998 
0.7321679687499998 
0.8493554687499998 
1.2489648437500003 
0.8241601562499998 
0.9770898437500001 
0.6436914062499999 
0.8686914062499999 
0.6835351562499998 
0.6835351562499998 
1.2688867187500004 
1.2278710937500001 
1.20853515625 
1.22259765625 
0.7380273437499998 
1.1294335937500002 
0.8587304687499998 
0.9800195312500001 
0.8171289062499999 
0.8065820312499998 
0.6624414062499998 
0.8657617187499999 
0.91439453125 
0.9266992187499999 
0.6460351562499999 
0.6630273437499998 
0.96888671875 
1.22142578125 
0.6003320312499999 
0.97943359375 
0.7860742187499998 
0.8224023437499999 
0.8540429687499999 
1.20560546875 
0.6999414062499998 
0.6782617187499999 
1.00697265625 
0.7292382812499998 
0.8100976562499999 
0.8839257812499999 
1.07259765625 
0.8165429687499999 
0.9683007812500001 
0.8364648437499999 
0.7626367187499998 
0.7626367187499998 
1.1194726562500001 
0.8763085937499998 
1.1698632812499998 
1.21498046875 
0.96126953125 
0.92962890625 
0.9038476562499999 
0.9050195312499999 
0.8013085937499999 
0.7989648437499999 
0.8645898437499999 
1.0936914062499998 
0.7345117187499998 
0.7462304687499998 
1.2641992187500002 
0.8809960937499998 
1.03041015625 
0.7983789062499999 
0.8054101562499998 
0.8423242187499997 
1.0532617187500002 
0.8036523437499998 
0.8048242187499998 
0.7005273437499998 
0.7104882812499999 
0.94134765625 
1.13646484375 
0.8065820312499998 
1.13060546875 
1.29173828125 
1.0433007812500001 
0.94837890625 
0.8622460937499998 
1.22494140625 
1.2184960937500002 
0.91205078125 
1.02455078125 
1.1475976562499999 
1.00345703125 
0.6624414062499998 
0.7684960937499998 
0.7690820312499999 
0.8194726562499999 
0.9975976562499999 
0.8827539062499998 
0.92845703125 
0.7591210937499998 
0.9683007812500001 
0.8440820312499998 
1.24017578125 
0.96595703125 
1.15873046875 
0.9641992187499999 
1.07787109375 
1.2841210937500003 
0.8997460937499998 
1.0591210937500002 
1.24017578125 
1.06263671875 
0.6606835937499999 
0.9085351562499998 
0.9032617187499998 
0.7954492187499999 
0.9559960937499999 
0.6929101562499997 
0.96712890625 
0.7679101562499998 
0.8311914062499999 
0.97181640625 
0.93841796875 
0.8540429687499999 
1.07552734375 
0.95833984375 
1.2126367187500002 
0.8464257812499999 
0.9987695312499999 
1.23431640625 
1.03802734375 
0.7099023437499998 
1.09251953125 
0.7931054687499999 
0.8265039062499999 
0.7614648437499999 
0.8903710937499998 
1.05150390625 
0.9302148437500001 
0.9993554687499997 
1.04212890625 
0.94720703125 
1.2190820312500001 
0.7977929687499998 
1.06791015625 
0.95365234375 
0.8815820312499998 
0.7977929687499998 
0.7696679687499999 
0.8593164062499998 
0.8042382812499999 
1.08607421875 
0.7292382812499998 
0.9999414062499997 
0.7813867187499999 
1.13060546875 
0.8095117187499998 
0.8786523437499998 
1.0403710937500001 
0.6460351562499999 
1.11537109375 
