12 80 8 
0.7204492187499998 
0.7866601562499999 
0.8077539062499999 
0.8663476562499999 
0.7005273437499998 
0.94076171875 
0.8581445312499999 
1.0872460937500001 
0.8446679687499998 
0.7134179687499999 
0.8018945312499999 
0.6829492187499998 
0.8845117187499998 
1.2641992187500002 
1.06849609375 
1.17689453125 
0.8089257812499999 
0.8212304687499998 
1.18685546875 
0.9061914062499998 
0.94720703125 
0.92201171875 
0.56986328125 
0.8141992187499998 
0.6167382812499999 
1.2893945312500001 
0.8938867187499998 
0.6624414062499998 
0.8886132812499998 
1.12591796875 
0.7608789062499999 
0.7298242187499997 
0.6823632812499999 
0.7620507812499999 
0.8183007812499999 
1.0257226562500001 
0.94837890625 
0.7298242187499997 
0.6009179687499999 
0.9050195312499999 
0.8698632812499999 
0.92728515625 
0.94134765625 
1.0356835937500002 
0.7778710937499999 
0.8270898437499999 
0.91615234375 
0.9999414062499997 
0.92904296875 
0.8206445312499999 
0.7491601562499998 
0.8229882812499999 
1.18568359375 
1.1194726562500001 
0.92962890625 
0.8024804687499998 
0.9940820312499998 
0.9899804687499998 
1.26185546875 
0.8194726562499999 
0.94662109375 
1.28119140625 
1.1452539062499998 
0.7602929687499999 
0.8569726562499999 
0.6823632812499999 
1.20853515625 
0.7034570312499998 
0.8499414062499998 
0.7737695312499999 
1.1886132812499999 
0.7813867187499999 
0.6472070312499999 
0.8458398437499999 
0.8393945312499999 
1.0433007812500001 
0.9401757812500001 
0.7966210937499999 
1.13529296875 
0.9647851562499999 
1.01576171875 
0.8382226562499998 
0.6852929687499998 
0.8546289062499999 
0.6360742187499998 
0.7128320312499998 
1.2559960937500003 
0.8200585937499999 
0.95072265625 
1.0714257812499999 
0.9173242187499999 
1.2395898437500001 
0.7784570312499999 
0.7766992187499998 
0.5786523437499999 
0.7034570312499998 
0.7954492187499999 
0.8686914062499999 
0.7966210937499999 
0.96361328125 
0.7966210937499999 
0.9085351562499998 
0.6981835937499998 
0.8874414062499998 
1.06966796875 
0.7181054687499998 
0.8745507812499999 
0.8446679687499998 
0.96712890625 
0.6641992187499998 
0.8376367187499998 
0.97591796875 
0.93607421875 
0.8499414062499998 
1.13646484375 
0.7556054687499998 
0.7350976562499998 
0.9173242187499999 
1.11009765625 
0.95951171875 
0.7667382812499999 
0.8868554687499998 
0.8329492187499998 
0.6202539062499999 
1.15521484375 
0.7122460937499998 
0.6536523437499998 
0.8065820312499998 
1.0714257812499999 
0.8991601562499998 
0.8985742187499998 
1.22552734375 
0.8493554687499998 
0.6993554687499998 
0.5727929687499999 
0.9647851562499999 
0.92845703125 
0.9302148437500001 
0.7597070312499998 
0.96947265625 
0.7298242187499997 
0.8974023437499998 
0.6483789062499998 
0.7532617187499998 
1.0655664062499999 
0.6407617187499999 
0.94310546875 
0.7368554687499997 
0.9899804687499998 
1.30580078125 
0.8733789062499998 
0.7315820312499998 
1.2407617187500002 
0.94955078125 
0.7972070312499999 
0.91205078125 
0.6636132812499999 
0.6911523437499998 
1.2612695312500002 
0.5991601562499999 
0.9917382812499999 
0.7649804687499998 
1.10541015625 
1.15169921875 
0.7474023437499998 
0.6700585937499999 
1.1282617187500001 
1.01283203125 
0.8065820312499998 
0.8007226562499998 
0.8921289062499999 
0.6870507812499999 
0.7374414062499998 
0.7403710937499998 
0.8587304687499998 
0.7391992187499997 
1.21556640625 
0.8979882812499999 
0.9993554687499997 
0.7058007812499999 
0.7157617187499998 
1.0714257812499999 
1.06615234375 
0.7995507812499999 
0.97240234375 
0.8247460937499999 
0.8692773437499999 
0.8440820312499998 
0.8563867187499998 
0.8411523437499998 
1.08197265625 
0.91439453125 
0.6390039062499999 
0.7579492187499998 
0.7602929687499999 
0.8569726562499999 
0.7069726562499998 
0.97181640625 
0.6765039062499999 
1.01986328125 
