5 81 14 
1.2513085937500004 
1.2782617187500003 
1.2114648437500002 
1.2395898437500001 
1.1194726562500001 
1.06498046875 
1.2729882812500002 
1.09955078125 
1.0462304687500001 
1.2671289062500002 
1.20970703125 
1.2483789062500001 
1.18802734375 
0.6542382812499998 
1.22962890625 
1.2782617187500003 
1.36087890625 
1.12650390625 
1.2583398437500002 
0.9073632812499999 
1.2454492187500001 
0.8071679687499999 
1.3977929687500001 
1.2999414062499999 
1.21205078125 
1.22025390625 
1.24134765625 
1.2425195312500001 
1.1446679687499999 
1.1001367187500002 
0.8897851562499998 
1.29056640625 
1.2378320312500002 
1.2395898437500001 
0.97474609375 
1.28529296875 
1.23548828125 
0.96595703125 
1.2630273437500001 
1.2542382812500001 
1.2677148437500003 
1.2278710937500001 
1.24603515625 
1.2630273437500001 
1.2718164062500001 
1.2923242187500001 
1.2864648437500001 
1.24720703125 
0.92201171875 
1.24720703125 
1.29525390625 
1.22376953125 
1.2518945312500003 
1.21791015625 
1.2454492187500001 
1.2489648437500003 
1.21673828125 
1.2571679687500001 
1.31400390625 
1.2536523437500002 
1.2331445312500002 
1.1522851562499998 
1.29876953125 
1.21556640625 
1.20970703125 
1.2641992187500002 
1.05150390625 
1.2706445312500003 
1.2366601562500001 
1.2788476562500002 
1.09134765625 
1.29466796875 
1.2753320312500003 
1.2337304687500001 
1.03626953125 
0.8247460937499999 
1.13353515625 
1.0052148437500001 
1.20912109375 
1.2173242187500002 
1.2477929687500002 
1.13001953125 
1.3239648437500002 
1.19740234375 
1.2683007812500002 
1.11419921875 
1.2518945312500003 
1.2524804687500002 
1.2231835937500002 
1.2606835937500003 
1.24486328125 
1.00052734375 
0.9864648437499999 
1.09251953125 
1.2349023437500002 
0.8774804687499997 
1.2653710937500002 
1.2366601562500001 
1.2114648437500002 
1.23841796875 
0.6044335937499999 
1.24369140625 
1.12650390625 
1.2061914062499999 
1.1059960937500002 
1.1710351562499999 
1.19037109375 
1.2061914062499999 
1.2290429687500002 
1.30345703125 
1.24486328125 
1.07787109375 
1.23900390625 
1.23431640625 
1.0257226562500001 
1.2923242187500001 
1.2600976562500001 
0.97298828125 
1.2378320312500002 
1.20384765625 
1.2694726562500003 
1.14408203125 
1.19447265625 
0.7257226562499998 
1.2425195312500001 
1.22845703125 
1.2595117187500002 
0.6630273437499998 
1.18685546875 
1.29525390625 
1.2331445312500002 
1.21498046875 
1.17220703125 
0.9952539062499999 
1.26185546875 
1.2372460937500003 
1.2753320312500003 
1.2483789062500001 
1.13470703125 
1.2360742187500002 
1.08490234375 
1.1886132812499999 
1.30287109375 
1.3128320312500001 
1.2653710937500002 
1.2378320312500002 
1.0825585937500002 
1.28236328125 
1.06087890625 
1.2559960937500003 
1.2835351562500001 
1.07552734375 
1.0462304687500001 
1.16634765625 
1.0052148437500001 
1.31517578125 
1.2407617187500002 
1.23841796875 
1.2290429687500002 
1.2454492187500001 
1.2290429687500002 
1.2173242187500002 
0.6612695312499999 
1.26361328125 
1.16634765625 
1.3052148437500002 
1.2724023437500003 
1.2126367187500002 
1.2665429687500003 
1.2425195312500001 
1.2173242187500002 
0.95951171875 
1.07904296875 
1.2729882812500002 
0.7438867187499998 
1.21673828125 
1.22259765625 
1.2554101562500002 
1.01458984375 
1.2770898437500002 
1.0550195312500001 
0.97181640625 
0.8212304687499998 
1.2349023437500002 
1.18392578125 
1.21087890625 
1.26244140625 
1.2419335937500002 
1.2659570312500001 
1.2612695312500002 
1.06146484375 
1.31869140625 
1.2061914062499999 
1.2425195312500001 
1.2313867187500003 
1.28822265625 
1.0936914062499998 
1.21966796875 
1.2600976562500001 
1.2331445312500002 
