8 81 11 
1.0356835937500002 
1.21498046875 
0.8370507812499999 
1.2419335937500002 
1.05619140625 
0.7122460937499998 
1.25306640625 
1.2981835937500001 
1.21556640625 
0.92318359375 
1.19798828125 
0.94720703125 
0.97123046875 
1.2554101562500002 
0.7673242187499998 
1.14583984375 
0.91615234375 
1.2542382812500001 
1.2184960937500002 
0.9993554687499997 
0.8429101562499998 
0.91263671875 
0.9073632812499999 
1.2788476562500002 
0.92201171875 
0.6641992187499998 
1.2114648437500002 
1.00287109375 
0.91263671875 
1.0591210937500002 
1.2366601562500001 
0.6858789062499998 
0.8780664062499998 
0.8405664062499998 
1.2319726562500002 
1.1194726562500001 
0.9917382812499999 
1.1247460937500002 
0.9038476562499999 
0.7485742187499997 
1.07259765625 
1.0110742187500001 
0.8833398437499999 
0.9050195312499999 
1.2630273437500001 
0.8897851562499998 
1.2349023437500002 
0.7813867187499999 
1.07962890625 
1.2278710937500001 
0.9776757812500001 
1.21205078125 
1.2706445312500003 
0.91380859375 
1.01810546875 
0.96888671875 
0.9929101562499998 
1.22435546875 
1.0052148437500001 
1.2278710937500001 
1.2114648437500002 
0.94603515625 
0.8546289062499999 
0.9683007812500001 
0.7263085937499998 
0.8106835937499999 
1.24134765625 
1.10072265625 
0.8124414062499998 
1.22259765625 
1.16048828125 
1.18333984375 
1.2981835937500001 
1.2571679687500001 
1.2747460937500004 
1.23548828125 
0.91673828125 
1.2372460937500003 
1.10365234375 
0.7028710937499998 
1.09310546875 
0.7725976562499999 
0.8481835937499999 
1.07318359375 
0.8300195312499999 
1.2548242187500003 
1.02103515625 
0.7755273437499999 
0.8183007812499999 
1.2308007812500001 
1.2507226562500002 
0.7632226562499999 
0.8909570312499998 
1.03216796875 
0.7784570312499999 
0.8393945312499999 
1.2138085937500003 
0.9061914062499998 
1.2231835937500002 
1.24369140625 
1.2489648437500003 
1.2829492187500002 
1.2806054687500001 
0.6823632812499999 
0.9530664062499999 
0.9864648437499999 
1.00404296875 
0.6759179687499999 
0.9395898437500001 
1.2366601562500001 
1.29466796875 
0.8212304687499998 
0.8183007812499999 
1.24310546875 
0.5909570312499999 
1.21498046875 
1.21498046875 
1.07962890625 
1.26478515625 
1.02455078125 
0.7690820312499999 
1.07787109375 
1.2220117187500001 
1.02923828125 
0.9501367187499999 
1.10658203125 
0.8347070312499999 
1.17923828125 
0.92201171875 
1.20501953125 
0.8558007812499999 
1.22083984375 
0.9876367187499998 
0.8042382812499999 
1.2600976562500001 
1.1446679687499999 
1.2518945312500003 
1.05853515625 
0.92552734375 
1.2741601562500002 
1.22435546875 
1.22376953125 
0.97416015625 
0.93197265625 
1.18919921875 
1.13060546875 
1.10306640625 
0.9331445312500001 
1.0591210937500002 
1.22435546875 
0.7632226562499999 
1.2835351562500001 
0.7509179687499998 
0.92904296875 
1.2184960937500002 
1.2454492187500001 
1.1405664062499998 
1.22142578125 
0.8874414062499998 
1.2571679687500001 
0.8622460937499998 
0.6729882812499999 
1.2349023437500002 
0.7573632812499999 
0.95775390625 
0.8868554687499998 
1.2190820312500001 
0.8341210937499999 
1.2231835937500002 
1.16283203125 
1.24720703125 
1.0936914062499998 
1.0491601562500001 
1.22376953125 
0.8915429687499998 
1.17044921875 
0.8962304687499998 
1.2366601562500001 
0.7257226562499998 
1.2659570312500001 
1.1927148437500001 
1.2419335937500002 
1.2378320312500002 
0.92494140625 
1.08607421875 
0.8886132812499998 
0.8558007812499999 
0.7192773437499999 
1.1405664062499998 
0.9970117187499998 
0.9735742187499999 
1.06263671875 
1.21966796875 
1.20853515625 
1.0052148437500001 
1.14818359375 
1.09955078125 
0.92259765625 
0.93607421875 
1.04212890625 
