11 81 8 
0.97884765625 
0.7110742187499998 
0.95716796875 
0.7579492187499998 
1.0427148437500002 
0.8405664062499998 
0.8768945312499998 
1.07201171875 
0.95130859375 
1.10892578125 
1.2061914062499999 
1.0532617187500002 
1.01576171875 
0.95775390625 
1.02220703125 
1.17162109375 
0.6337304687499998 
1.07552734375 
1.0936914062499998 
1.2132226562500001 
0.7040429687499998 
1.24427734375 
1.11302734375 
0.7954492187499999 
0.8259179687499999 
0.9073632812499999 
1.13001953125 
0.7972070312499999 
0.7831445312499999 
0.7175195312499999 
0.94427734375 
1.09193359375 
1.05267578125 
1.01751953125 
1.24427734375 
1.20794921875 
0.9425195312500001 
1.1001367187500002 
0.8540429687499999 
0.9179101562499999 
0.8745507812499999 
0.8376367187499998 
0.7397851562499997 
0.8440820312499998 
0.7802148437499999 
0.7696679687499999 
0.6554101562499998 
0.9683007812500001 
1.09662109375 
1.20794921875 
1.2600976562500001 
0.7667382812499999 
1.01517578125 
1.2677148437500003 
1.01166015625 
1.07376953125 
1.20912109375 
1.11830078125 
0.8540429687499999 
0.7854882812499999 
1.00052734375 
0.7866601562499999 
0.93138671875 
1.21498046875 
1.21673828125 
0.8311914062499999 
0.6882226562499998 
1.00287109375 
0.7163476562499999 
0.8962304687499998 
0.6653710937499998 
0.8505273437499998 
1.19212890625 
0.8704492187499998 
0.6765039062499999 
0.91673828125 
0.8833398437499999 
1.08607421875 
1.17806640625 
1.16458984375 
1.06966796875 
0.7122460937499998 
0.7192773437499999 
0.7210351562499998 
0.7280664062499997 
1.06029296875 
1.10541015625 
0.78080078125 
0.6360742187499998 
0.8388085937499998 
0.7942773437499999 
0.6073632812499999 
0.7766992187499998 
1.11185546875 
0.8259179687499999 
0.5745507812499999 
0.96009765625 
1.22669921875 
0.8862695312499999 
0.8118554687499998 
0.9390039062500001 
1.03041015625 
0.6917382812499998 
0.95775390625 
1.07787109375 
0.91322265625 
1.08021484375 
1.03041015625 
1.10951171875 
0.9923242187499998 
1.2923242187500001 
0.7163476562499999 
0.7655664062499998 
0.91205078125 
0.8657617187499999 
1.01166015625 
1.2114648437500002 
0.8440820312499998 
0.6677148437499999 
0.93431640625 
0.8511132812499999 
1.14349609375 
0.7456445312499999 
0.9981835937499999 
0.7509179687499998 
1.11595703125 
1.2138085937500003 
0.7907617187499999 
1.11712890625 
0.7497460937499998 
0.9524804687499999 
1.26244140625 
0.5118554687499999 
0.9308007812500001 
0.7315820312499998 
0.9970117187499998 
0.8065820312499998 
0.9050195312499999 
1.14408203125 
0.96654296875 
0.96068359375 
0.8118554687499998 
1.2331445312500002 
0.6073632812499999 
1.01810546875 
0.8938867187499998 
0.9911523437499998 
0.94662109375 
0.9079492187499998 
0.96361328125 
1.07201171875 
1.19330078125 
0.8704492187499998 
0.8112695312499999 
1.02162109375 
1.2395898437500001 
0.8768945312499998 
1.22669921875 
0.93724609375 
0.8475976562499998 
0.79251953125 
0.93255859375 
1.02923828125 
1.15462890625 
1.2759179687500002 
0.7643945312499999 
0.8212304687499998 
0.8505273437499998 
1.11478515625 
1.1165429687500001 
0.6319726562499999 
0.6688867187499998 
1.03919921875 
1.10951171875 
1.0345117187500001 
0.8036523437499998 
0.8446679687499998 
0.94134765625 
1.0415429687500002 
0.94603515625 
0.7983789062499999 
0.6794335937499999 
1.16166015625 
0.94779296875 
1.0761132812499998 
1.1001367187500002 
0.9905664062499998 
0.6636132812499999 
1.04212890625 
0.9173242187499999 
0.8411523437499998 
0.92962890625 
1.01927734375 
0.98412109375 
1.17982421875 
0.8540429687499999 
0.92611328125 
0.8786523437499998 
1.2542382812500001 
0.8265039062499999 
