12 81 7 
0.5727929687499999 
0.9073632812499999 
0.8505273437499998 
1.16224609375 
0.5915429687499999 
1.0491601562500001 
0.6085351562499999 
0.5792382812499999 
0.7544335937499999 
0.9044335937499999 
1.2507226562500002 
1.16283203125 
0.9934960937499998 
1.0433007812500001 
0.7274804687499997 
0.7163476562499999 
0.8522851562499998 
0.82767578125 
1.06087890625 
1.2184960937500002 
0.9964257812499999 
0.7339257812499999 
0.7720117187499999 
1.1194726562500001 
1.0813867187500001 
0.6255273437499999 
0.82767578125 
0.8358789062499998 
0.5282617187499999 
0.7749414062499999 
0.7544335937499999 
0.8206445312499999 
0.5798242187499998 
0.9999414062499997 
0.9079492187499998 
1.22083984375 
0.8698632812499999 
0.6595117187499998 
0.95716796875 
0.7192773437499999 
1.20970703125 
1.2331445312500002 
1.10833984375 
0.8686914062499999 
0.8183007812499999 
1.2571679687500001 
0.7679101562499998 
1.03861328125 
1.03275390625 
0.8780664062499998 
0.8259179687499999 
0.6067773437499999 
0.98236328125 
0.6636132812499999 
1.0655664062499999 
0.7673242187499998 
0.8317773437499999 
1.1106835937500001 
0.8985742187499998 
0.7075585937499999 
1.25775390625 
1.23841796875 
1.21205078125 
1.08548828125 
1.00169921875 
0.94896484375 
1.2489648437500003 
0.79251953125 
0.7825585937499999 
1.2759179687500002 
0.7280664062499997 
0.94662109375 
0.8839257812499999 
1.12298828125 
0.9020898437499999 
0.97826171875 
0.7526757812499999 
1.02748046875 
0.6612695312499999 
0.7456445312499999 
0.7222070312499999 
0.6882226562499998 
0.7497460937499998 
1.17044921875 
1.12650390625 
0.8692773437499999 
1.0427148437500002 
0.8681054687499998 
0.7632226562499999 
0.7679101562499998 
0.7058007812499999 
1.2143945312500002 
0.9975976562499999 
1.0497460937500003 
0.7386132812499998 
0.6296289062499999 
1.34095703125 
0.96888671875 
1.06322265625 
0.96537109375 
0.8100976562499999 
1.0872460937500001 
0.8563867187499998 
1.2278710937500001 
0.7198632812499999 
0.8546289062499999 
0.9940820312499998 
1.09310546875 
0.7415429687499998 
1.0936914062499998 
0.8821679687499998 
1.16048828125 
0.8083398437499999 
0.9026757812499999 
1.2536523437500002 
1.16048828125 
0.82767578125 
0.6870507812499999 
0.8358789062499998 
1.0936914062499998 
1.10658203125 
0.93666015625 
1.01283203125 
0.8675195312499999 
1.1018945312500001 
0.6589257812499999 
0.8692773437499999 
0.7151757812499999 
0.6384179687499999 
0.8587304687499998 
1.2395898437500001 
1.02748046875 
0.7263085937499998 
1.2132226562500001 
0.7585351562499998 
0.8587304687499998 
0.7849023437499999 
1.1001367187500002 
0.91146484375 
0.8528710937499998 
0.8235742187499998 
1.2337304687500001 
0.8358789062499998 
0.7544335937499999 
1.20208984375 
0.8821679687499998 
0.8112695312499999 
0.8218164062499999 
0.7181054687499998 
0.7081445312499999 
0.6179101562499998 
0.8757226562499998 
0.7866601562499999 
0.6929101562499997 
0.8065820312499998 
0.8124414062499998 
0.6284570312499999 
0.7456445312499999 
1.23431640625 
0.9554101562499999 
0.93607421875 
1.04095703125 
1.02162109375 
0.7708398437499999 
0.7274804687499997 
0.8329492187499998 
0.7368554687499997 
1.0890039062499999 
0.93666015625 
1.06263671875 
0.8393945312499999 
0.6290429687499999 
0.7556054687499998 
0.8716210937499999 
0.94427734375 
0.8962304687499998 
0.8968164062499998 
1.2372460937500003 
0.9061914062499998 
0.8804101562499997 
0.8089257812499999 
0.5880273437499999 
0.94544921875 
0.93490234375 
0.92025390625 
0.8270898437499999 
1.09662109375 
0.94837890625 
0.91263671875 
0.9899804687499998 
0.8300195312499999 
0.6343164062499999 
0.8311914062499999 
1.2360742187500002 
1.19623046875 
0.7198632812499999 
0.9964257812499999 
1.0550195312500001 
0.9149804687499999 
0.9952539062499999 
