18 82 0 
0.8311914062499999 
0.7011132812499998 
0.7345117187499998 
0.6161523437499998 
0.7884179687499999 
0.5686914062499999 
0.7216210937499998 
0.8358789062499998 
0.7761132812499999 
0.91263671875 
0.5880273437499999 
0.6718164062499998 
0.6255273437499999 
0.6876367187499998 
0.7526757812499999 
0.6770898437499999 
0.7309960937499997 
0.7011132812499998 
0.9009179687499999 
0.6888085937499998 
0.7819726562499999 
0.92611328125 
1.0081445312500001 
1.1124414062499999 
0.6149804687499998 
0.6419335937499999 
0.7233789062499998 
0.8569726562499999 
0.7573632812499999 
0.7468164062499998 
0.7403710937499998 
0.8534570312499998 
0.8393945312499999 
0.92318359375 
0.8499414062499998 
0.7614648437499999 
1.24603515625 
0.94369140625 
0.8071679687499999 
0.7368554687499997 
0.9987695312499999 
0.6712304687499998 
0.8177148437499999 
0.9940820312499998 
0.45794921874999994 
0.5991601562499999 
0.8388085937499998 
0.95716796875 
0.7948632812499999 
0.6882226562499998 
0.6589257812499999 
0.6770898437499999 
0.6893945312499998 
0.7339257812499999 
0.7638085937499999 
0.6677148437499999 
0.8177148437499999 
1.09955078125 
0.9331445312500001 
0.6067773437499999 
0.7591210937499998 
0.6659570312499998 
0.7391992187499997 
0.7538476562499998 
0.8306054687499999 
0.7790429687499999 
0.6940820312499998 
0.5792382812499999 
0.7274804687499997 
1.22552734375 
0.8599023437499999 
0.7391992187499997 
0.7679101562499998 
0.6964257812499999 
0.7433007812499999 
0.7573632812499999 
0.8610742187499998 
0.8124414062499998 
1.1124414062499999 
0.7679101562499998 
0.8247460937499999 
1.17162109375 
0.7772851562499998 
1.00404296875 
0.5897851562499998 
0.6712304687499998 
0.9097070312499999 
0.8405664062499998 
0.8100976562499999 
0.8962304687499998 
0.8768945312499998 
0.92025390625 
0.7931054687499999 
0.7245507812499998 
1.1874414062499998 
0.8136132812499999 
0.8587304687499998 
1.12708984375 
0.9331445312500001 
0.8224023437499999 
0.8704492187499998 
0.7977929687499998 
0.6255273437499999 
0.6829492187499998 
0.6823632812499999 
0.8692773437499999 
0.7204492187499998 
0.7380273437499998 
0.5100976562499999 
0.6302148437499999 
0.7409570312499998 
0.6413476562499999 
0.8774804687499997 
0.8013085937499999 
1.0450585937500003 
0.7204492187499998 
0.8927148437499999 
0.5991601562499999 
0.7192773437499999 
0.7608789062499999 
0.8411523437499998 
0.6934960937499998 
0.7661523437499999 
0.8136132812499999 
0.5370507812499999 
0.7907617187499999 
0.6683007812499999 
0.8241601562499998 
0.9940820312499998 
0.8669335937499999 
0.7356835937499998 
0.8522851562499998 
0.6782617187499999 
0.7538476562499998 
0.6190820312499998 
0.7309960937499997 
0.7831445312499999 
0.49603515624999994 
0.6108789062499999 
0.8165429687499999 
0.7450585937499998 
0.7321679687499998 
0.8645898437499999 
0.6126367187499998 
0.6852929687499998 
0.7813867187499999 
0.92845703125 
0.5909570312499999 
0.6952539062499998 
0.7479882812499998 
0.6067773437499999 
1.07083984375 
0.7040429687499998 
0.91615234375 
0.8786523437499998 
0.7960351562499999 
0.5874414062499999 
0.7321679687499998 
1.02337890625 
0.6847070312499999 
0.93373046875 
0.7479882812499998 
1.0257226562500001 
0.7983789062499999 
0.95716796875 
0.7966210937499999 
0.8253320312499999 
0.9331445312500001 
0.6390039062499999 
0.7058007812499999 
0.7614648437499999 
0.8845117187499998 
0.6800195312499999 
0.9958398437499999 
0.7421289062499998 
1.10951171875 
0.7321679687499998 
0.9530664062499999 
0.7573632812499999 
0.5516992187499998 
0.7989648437499999 
0.8933007812499999 
0.9390039062500001 
0.7011132812499998 
0.7099023437499998 
0.6554101562499998 
0.95775390625 
0.7298242187499997 
0.6923242187499997 
1.20501953125 
0.92494140625 
0.7503320312499998 
0.6694726562499999 
1.01283203125 
0.8722070312499999 
0.7005273437499998 
0.8733789062499998 
0.6372460937499999 
0.8634179687499999 
0.8938867187499998 
