91 5 4 
1.09662109375 
1.33509765625 
1.08783203125 
1.13236328125 
1.2665429687500003 
0.9946679687499999 
1.2366601562500001 
1.2600976562500001 
1.2102929687500001 
1.2407617187500002 
1.2641992187500002 
1.2612695312500002 
1.28529296875 
1.08197265625 
1.2735742187500003 
0.8786523437499998 
1.14701171875 
1.2372460937500003 
1.2290429687500002 
0.8757226562499998 
1.03275390625 
1.2688867187500004 
1.22669921875 
1.22376953125 
1.2302148437500002 
1.2278710937500001 
0.7942773437499999 
1.24720703125 
1.2612695312500002 
1.2184960937500002 
1.22083984375 
1.15287109375 
0.8048242187499998 
1.2477929687500002 
1.2132226562500001 
1.2407617187500002 
1.2501367187500003 
1.08373046875 
1.13822265625 
1.2489648437500003 
0.7831445312499999 
1.06322265625 
1.12884765625 
1.30169921875 
1.0655664062499999 
1.1048242187500001 
1.00990234375 
1.0263085937500003 
1.2308007812500001 
1.2606835937500003 
1.21791015625 
1.22669921875 
1.2231835937500002 
0.9448632812500001 
1.00462890625 
1.27650390625 
1.2513085937500004 
1.13939453125 
1.2847070312500002 
1.20208984375 
1.2489648437500003 
1.2536523437500002 
1.1177148437500002 
1.2313867187500003 
1.21087890625 
1.10658203125 
1.2571679687500001 
0.6835351562499998 
1.2319726562500002 
0.8733789062499998 
1.03685546875 
1.22142578125 
1.2671289062500002 
1.31048828125 
1.2565820312500002 
1.2753320312500003 
1.0263085937500003 
1.2495507812500002 
1.02455078125 
1.2507226562500002 
1.2372460937500003 
1.10072265625 
1.2501367187500003 
1.0315820312500001 
1.2718164062500001 
1.29466796875 
1.29701171875 
1.2571679687500001 
0.8569726562499999 
1.2308007812500001 
0.8464257812499999 
1.2173242187500002 
1.2454492187500001 
0.8288476562499999 
1.23431640625 
1.12416015625 
1.17689453125 
1.2489648437500003 
1.20267578125 
1.2495507812500002 
1.16634765625 
1.2425195312500001 
0.95072265625 
1.21205078125 
1.1522851562499998 
1.2489648437500003 
1.0714257812499999 
1.1358789062499999 
0.7643945312499999 
1.01927734375 
1.2559960937500003 
1.2706445312500003 
0.9964257812499999 
0.7854882812499999 
1.2366601562500001 
1.22435546875 
1.2138085937500003 
1.13763671875 
1.2841210937500003 
1.12650390625 
1.18392578125 
1.2378320312500002 
1.2747460937500004 
1.06439453125 
1.19212890625 
1.2595117187500002 
1.2477929687500002 
0.8224023437499999 
1.0497460937500003 
1.2671289062500002 
1.10423828125 
1.29876953125 
1.2524804687500002 
1.0433007812500001 
1.24310546875 
1.2671289062500002 
1.09134765625 
1.20267578125 
1.2290429687500002 
1.2782617187500003 
0.7550195312499999 
1.1686914062499998 
1.1763085937500002 
1.21205078125 
1.2220117187500001 
1.2313867187500003 
1.2173242187500002 
0.7450585937499998 
1.2132226562500001 
1.30580078125 
1.2559960937500003 
0.7339257812499999 
1.2061914062499999 
1.13998046875 
1.23431640625 
1.2694726562500003 
1.06849609375 
1.21966796875 
1.2501367187500003 
1.2565820312500002 
1.13119140625 
0.9073632812499999 
1.2671289062500002 
1.18216796875 
1.24134765625 
1.1059960937500002 
1.1358789062499999 
0.6501367187499998 
1.2641992187500002 
0.8628320312499999 
1.2770898437500002 
0.8827539062499998 
1.2366601562500001 
0.8686914062499999 
1.14701171875 
1.0936914062499998 
1.1475976562499999 
1.2735742187500003 
1.2518945312500003 
1.2366601562500001 
1.25892578125 
1.2477929687500002 
1.2536523437500002 
1.29642578125 
1.22845703125 
1.2466210937500002 
1.12708984375 
1.21087890625 
0.8640039062499999 
1.14876953125 
1.28705078125 
1.2337304687500001 
1.07201171875 
1.24603515625 
1.2190820312500001 
1.3099023437500001 
1.22025390625 
1.18978515625 
1.0714257812499999 
1.0315820312500001 
