4 85 11 
1.2776757812500001 
1.2290429687500002 
1.3403710937500002 
1.18216796875 
1.13353515625 
0.8792382812499998 
1.1341210937500001 
1.13470703125 
1.22611328125 
1.2518945312500003 
1.2888085937500002 
1.22435546875 
1.07845703125 
1.27650390625 
1.2495507812500002 
1.2665429687500003 
1.00580078125 
1.22435546875 
1.22611328125 
1.11419921875 
1.2934960937500002 
1.30580078125 
1.22259765625 
1.26185546875 
1.08548828125 
1.17748046875 
1.24720703125 
1.2841210937500003 
1.2548242187500003 
1.2044335937500001 
1.2653710937500002 
1.2794335937500003 
1.2184960937500002 
1.30462890625 
1.2600976562500001 
1.29876953125 
1.2489648437500003 
1.2513085937500004 
1.2735742187500003 
1.31810546875 
1.20970703125 
0.8183007812499999 
1.22728515625 
1.24603515625 
1.2477929687500002 
1.30580078125 
1.1710351562499999 
1.22728515625 
1.33392578125 
1.2542382812500001 
1.28705078125 
1.2302148437500002 
1.2425195312500001 
1.2495507812500002 
1.2700585937500004 
1.13822265625 
1.2700585937500004 
1.29466796875 
1.2659570312500001 
1.2425195312500001 
1.3069726562500001 
1.2565820312500002 
1.29525390625 
1.24427734375 
1.12416015625 
1.30345703125 
1.2782617187500003 
1.2507226562500002 
1.30345703125 
1.09076171875 
1.2724023437500003 
1.30228515625 
1.2829492187500002 
1.2829492187500002 
1.2659570312500001 
1.2841210937500003 
1.13705078125 
1.2694726562500003 
1.18216796875 
1.03919921875 
1.28998046875 
1.20091796875 
1.2794335937500003 
1.09544921875 
1.30462890625 
1.2548242187500003 
1.2923242187500001 
1.20326171875 
1.2419335937500002 
1.21791015625 
1.30111328125 
1.23548828125 
1.2981835937500001 
1.2817773437500002 
1.2536523437500002 
1.28236328125 
1.22611328125 
1.3075585937500003 
1.2366601562500001 
1.2630273437500001 
1.15404296875 
1.2724023437500003 
1.29466796875 
1.29408203125 
1.1475976562499999 
1.13060546875 
1.2477929687500002 
1.22376953125 
1.29525390625 
1.2302148437500002 
1.26185546875 
1.2847070312500002 
1.2489648437500003 
1.28236328125 
1.2724023437500003 
1.30345703125 
1.3099023437500001 
1.0268945312500002 
1.0438867187500003 
1.2677148437500003 
1.01576171875 
1.2565820312500002 
1.14818359375 
1.2513085937500004 
1.2729882812500002 
0.9970117187499998 
1.03626953125 
1.3309960937500003 
1.18041015625 
1.29701171875 
1.11830078125 
1.21673828125 
1.2466210937500002 
1.21087890625 
1.2729882812500002 
1.30169921875 
1.2600976562500001 
1.2501367187500003 
1.2829492187500002 
1.1059960937500002 
1.26478515625 
1.2489648437500003 
1.2466210937500002 
1.24017578125 
1.2753320312500003 
1.22552734375 
1.29642578125 
1.3069726562500001 
1.2600976562500001 
1.2554101562500002 
1.29115234375 
1.2518945312500003 
1.19095703125 
1.24486328125 
1.2735742187500003 
1.2694726562500003 
1.2794335937500003 
1.31166015625 
1.23431640625 
1.16107421875 
1.2554101562500002 
1.3040429687500001 
1.2313867187500003 
1.08373046875 
1.26361328125 
1.30931640625 
1.2360742187500002 
1.29466796875 
1.15990234375 
1.2366601562500001 
1.28822265625 
1.2688867187500004 
1.0749414062499998 
1.29935546875 
1.2161523437500001 
1.24369140625 
1.2841210937500003 
1.24017578125 
1.2677148437500003 
1.2173242187500002 
1.2653710937500002 
1.22435546875 
1.26478515625 
1.2518945312500003 
1.3257226562500002 
1.24720703125 
1.2466210937500002 
1.30228515625 
1.2788476562500002 
1.1194726562500001 
1.2688867187500004 
1.18978515625 
1.2513085937500004 
0.97005859375 
1.2132226562500001 
1.09251953125 
1.2559960937500003 
1.29291015625 
1.2847070312500002 
1.2694726562500003 
