15 85 0 
0.6811914062499999 
0.9524804687499999 
0.7116601562499998 
0.7942773437499999 
0.6882226562499998 
1.2278710937500001 
0.8358789062499998 
0.9448632812500001 
0.79251953125 
1.01810546875 
0.6032617187499999 
0.9038476562499999 
0.93724609375 
0.96595703125 
0.6290429687499999 
0.7620507812499999 
0.96771484375 
0.7362695312499998 
0.7438867187499998 
0.7561914062499998 
0.8153710937499998 
1.2132226562500001 
0.5985742187499998 
0.6372460937499999 
0.7679101562499998 
0.6958398437499999 
0.9401757812500001 
0.6729882812499999 
0.6073632812499999 
0.6706445312499999 
0.6806054687499998 
1.0825585937500002 
0.6214257812499999 
0.8341210937499999 
0.93255859375 
0.9770898437500001 
0.7309960937499997 
0.7849023437499999 
0.8739648437499998 
0.6436914062499999 
0.93783203125 
0.8558007812499999 
0.7222070312499999 
0.5909570312499999 
0.9530664062499999 
0.7327539062499998 
0.5159570312499999 
0.8862695312499999 
0.5194726562499999 
0.7391992187499997 
0.8030664062499998 
0.78080078125 
0.7737695312499999 
0.8106835937499999 
0.7438867187499998 
0.92611328125 
1.13060546875 
0.9946679687499999 
0.8681054687499998 
0.6993554687499998 
0.91087890625 
0.8651757812499999 
0.7163476562499999 
1.02455078125 
0.82767578125 
0.7579492187499998 
0.8944726562499998 
0.9893945312499999 
0.9888085937499999 
0.7989648437499999 
0.6225976562499999 
0.7075585937499999 
0.7720117187499999 
0.78080078125 
0.6600976562499998 
0.8024804687499998 
1.07552734375 
1.2184960937500002 
0.9020898437499999 
1.13529296875 
0.7614648437499999 
0.6999414062499998 
0.6302148437499999 
1.15873046875 
0.6671289062499999 
0.8464257812499999 
0.7626367187499998 
1.03919921875 
0.96595703125 
0.7931054687499999 
0.7479882812499998 
1.24310546875 
0.98119140625 
0.8962304687499998 
0.6864648437499998 
0.8229882812499999 
0.8599023437499999 
1.10775390625 
0.6636132812499999 
0.98294921875 
0.7602929687499999 
0.8329492187499998 
0.6741601562499998 
0.6806054687499998 
0.7093164062499998 
0.79251953125 
0.5815820312499999 
0.7140039062499999 
0.6284570312499999 
0.8153710937499998 
0.6765039062499999 
0.7104882812499999 
0.5141992187499999 
0.98060546875 
0.7016992187499997 
0.98236328125 
1.07787109375 
0.8270898437499999 
0.8171289062499999 
0.9302148437500001 
0.9929101562499998 
0.9009179687499999 
1.17748046875 
0.9015039062499999 
0.7544335937499999 
0.8991601562499998 
0.9999414062499997 
0.6278710937499998 
0.7696679687499999 
0.6618554687499998 
1.1464257812499998 
0.6683007812499999 
0.8645898437499999 
0.8224023437499999 
0.6776757812499999 
0.6460351562499999 
0.9425195312500001 
0.6571679687499998 
0.7145898437499999 
0.8018945312499999 
1.29115234375 
0.93724609375 
1.13880859375 
0.8464257812499999 
0.9554101562499999 
0.7561914062499998 
0.7497460937499998 
0.6255273437499999 
1.0989648437500001 
0.8663476562499999 
0.8124414062499998 
0.7714257812499999 
0.95130859375 
0.9981835937499999 
0.6970117187499998 
0.8347070312499999 
0.7972070312499999 
0.8628320312499999 
0.6489648437499999 
1.15169921875 
1.09017578125 
0.6067773437499999 
0.7298242187499997 
0.94662109375 
0.6073632812499999 
0.6911523437499998 
0.91146484375 
0.7591210937499998 
0.7421289062499998 
0.6683007812499999 
0.7813867187499999 
0.8206445312499999 
0.8798242187499997 
0.96595703125 
0.93666015625 
0.6653710937499998 
0.7134179687499999 
0.7567773437499998 
0.8188867187499999 
1.0257226562500001 
0.5429101562499998 
0.8897851562499998 
0.7356835937499998 
0.7573632812499999 
0.5440820312499999 
0.6636132812499999 
1.00287109375 
0.7983789062499999 
0.8048242187499998 
0.92318359375 
1.0345117187500001 
0.8487695312499999 
0.95189453125 
0.96302734375 
0.92494140625 
0.9026757812499999 
0.7104882812499999 
0.6548242187499997 
0.91087890625 
0.6536523437499998 
