5 86 9 
1.2220117187500001 
1.2349023437500002 
1.14232421875 
1.2694726562500003 
1.2466210937500002 
1.22728515625 
1.2378320312500002 
1.2659570312500001 
1.3110742187500002 
0.9899804687499998 
1.2630273437500001 
1.2313867187500003 
1.2372460937500003 
1.2489648437500003 
1.2671289062500002 
1.2425195312500001 
1.21791015625 
1.03626953125 
1.02337890625 
1.0474023437500002 
1.2495507812500002 
0.6735742187499998 
1.13294921875 
1.30052734375 
1.2190820312500001 
0.8329492187499998 
1.2565820312500002 
0.8306054687499999 
1.06498046875 
1.2331445312500002 
0.7374414062499998 
1.2571679687500001 
1.2184960937500002 
1.2360742187500002 
1.2612695312500002 
1.24310546875 
1.0655664062499999 
1.2653710937500002 
1.24486328125 
1.31986328125 
1.21556640625 
1.2489648437500003 
0.7163476562499999 
1.2583398437500002 
1.09193359375 
0.8059960937499998 
1.11419921875 
1.2325585937500003 
1.2630273437500001 
1.2161523437500001 
1.1985742187500001 
1.0227929687500001 
1.24369140625 
1.0749414062499998 
1.22083984375 
1.2677148437500003 
1.1927148437500001 
1.11537109375 
1.22845703125 
0.91263671875 
1.2114648437500002 
1.0591210937500002 
1.00404296875 
1.1018945312500001 
1.2864648437500001 
1.1511132812499998 
1.2847070312500002 
1.2536523437500002 
1.2718164062500001 
1.2483789062500001 
1.2665429687500003 
1.30169921875 
1.25775390625 
1.36615234375 
0.97474609375 
0.78080078125 
1.1927148437500001 
1.13822265625 
1.1874414062499998 
1.2559960937500003 
1.1013085937500002 
1.23841796875 
1.10716796875 
1.23431640625 
0.8985742187499998 
1.22728515625 
1.2501367187500003 
1.2612695312500002 
0.6929101562499997 
1.2349023437500002 
1.27650390625 
0.91439453125 
1.16166015625 
0.8880273437499998 
1.2630273437500001 
1.13236328125 
1.28705078125 
0.6917382812499998 
1.3099023437500001 
1.13177734375 
1.2114648437500002 
1.2126367187500002 
1.2407617187500002 
1.2184960937500002 
1.02748046875 
1.2571679687500001 
1.1985742187500001 
1.2700585937500004 
1.2425195312500001 
1.2337304687500001 
1.2161523437500001 
1.19447265625 
1.2677148437500003 
0.6325585937499999 
1.08197265625 
0.8188867187499999 
1.2706445312500003 
1.23841796875 
0.92201171875 
1.21087890625 
1.09193359375 
0.8733789062499998 
0.9530664062499999 
1.2753320312500003 
1.2278710937500001 
0.8253320312499999 
1.2349023437500002 
1.2325585937500003 
1.19798828125 
1.03041015625 
0.98119140625 
0.9085351562499998 
1.2559960937500003 
1.2718164062500001 
1.24134765625 
1.26478515625 
1.22142578125 
1.28529296875 
1.21087890625 
1.22845703125 
1.2571679687500001 
1.31869140625 
0.8915429687499998 
1.2788476562500002 
1.2718164062500001 
1.1001367187500002 
1.2559960937500003 
1.2161523437500001 
1.09662109375 
0.7456445312499999 
1.3040429687500001 
0.8903710937499998 
1.2729882812500002 
1.2595117187500002 
1.09779296875 
1.3063867187500002 
0.97884765625 
1.2220117187500001 
0.9893945312499999 
1.00228515625 
1.2688867187500004 
1.2278710937500001 
1.29701171875 
1.21791015625 
1.08841796875 
0.7386132812499998 
1.2483789062500001 
1.1282617187500001 
1.24017578125 
1.19623046875 
1.21791015625 
1.2419335937500002 
1.21791015625 
1.10892578125 
1.3169335937500002 
1.2735742187500003 
0.6061914062499999 
1.2477929687500002 
1.07904296875 
1.2718164062500001 
1.24017578125 
1.1282617187500001 
1.2454492187500001 
0.8136132812499999 
1.1763085937500002 
1.15404296875 
0.9401757812500001 
1.16166015625 
1.0081445312500001 
1.2782617187500003 
1.2290429687500002 
1.24486328125 
1.22435546875 
1.12298828125 
1.13236328125 
1.30228515625 
1.09662109375 
1.01810546875 
1.01166015625 
1.22611328125 
