6 86 8 
1.20091796875 
0.9870507812499999 
1.22728515625 
0.8563867187499998 
1.2688867187500004 
1.2360742187500002 
1.2759179687500002 
1.24486328125 
0.8950585937499999 
0.94955078125 
1.2753320312500003 
1.24310546875 
1.2677148437500003 
0.8927148437499999 
0.7315820312499998 
1.30462890625 
1.03216796875 
1.3169335937500002 
1.02103515625 
0.91966796875 
1.12181640625 
1.2559960937500003 
0.9870507812499999 
1.1493554687499998 
1.2542382812500001 
0.7011132812499998 
1.22552734375 
1.1188867187500002 
1.15287109375 
0.9964257812499999 
0.95072265625 
0.9073632812499999 
1.32103515625 
1.2665429687500003 
1.23900390625 
1.1194726562500001 
1.05150390625 
1.21791015625 
1.16166015625 
0.9395898437500001 
1.18802734375 
1.02337890625 
1.2501367187500003 
0.8874414062499998 
1.12591796875 
1.2349023437500002 
0.8516992187499998 
1.28587890625 
1.0890039062499999 
0.95365234375 
0.8792382812499998 
1.2454492187500001 
1.2934960937500002 
0.7239648437499998 
1.17572265625 
0.6811914062499999 
1.22083984375 
1.0450585937500003 
0.97240234375 
1.2302148437500002 
1.2741601562500002 
1.22083984375 
1.05970703125 
1.29173828125 
1.13880859375 
1.01751953125 
1.06146484375 
1.00931640625 
1.01283203125 
1.2366601562500001 
0.7837304687499999 
1.2847070312500002 
1.2542382812500001 
0.9097070312499999 
1.2835351562500001 
1.22259765625 
1.00697265625 
1.2454492187500001 
1.2278710937500001 
1.2425195312500001 
0.9905664062499998 
1.15521484375 
1.17572265625 
0.9026757812499999 
0.97416015625 
1.2595117187500002 
1.2665429687500003 
1.06615234375 
0.7649804687499998 
1.23548828125 
0.7304101562499997 
1.09662109375 
1.24486328125 
1.23548828125 
0.6015039062499999 
1.2302148437500002 
1.03685546875 
1.3063867187500002 
1.2138085937500003 
0.97474609375 
0.95833984375 
1.2231835937500002 
1.2331445312500002 
1.23431640625 
1.1018945312500001 
1.21205078125 
1.24310546875 
1.24369140625 
1.2606835937500003 
1.2319726562500002 
1.23841796875 
1.29759765625 
0.92376953125 
1.17396484375 
0.9524804687499999 
0.8979882812499999 
1.20150390625 
1.2308007812500001 
0.9929101562499998 
1.0438867187500003 
1.2495507812500002 
1.2782617187500003 
1.2349023437500002 
1.2466210937500002 
1.16107421875 
1.04798828125 
1.21498046875 
1.2507226562500002 
1.2489648437500003 
0.7257226562499998 
1.14115234375 
1.02220703125 
1.17689453125 
1.2706445312500003 
1.0579492187500001 
1.1106835937500001 
0.95775390625 
1.22669921875 
1.09720703125 
1.0345117187500001 
1.2477929687500002 
0.98470703125 
1.19740234375 
1.08431640625 
0.9852929687499998 
1.0415429687500002 
1.2817773437500002 
0.9530664062499999 
1.24134765625 
1.0122460937500002 
1.2313867187500003 
1.09837890625 
1.22845703125 
1.14583984375 
1.24603515625 
1.2325585937500003 
1.2337304687500001 
1.2548242187500003 
1.15521484375 
1.2782617187500003 
1.2184960937500002 
1.2132226562500001 
0.9647851562499999 
1.24310546875 
1.2366601562500001 
0.9050195312499999 
1.21791015625 
1.0761132812499998 
1.2302148437500002 
1.23841796875 
1.0075585937500002 
1.17923828125 
1.00873046875 
1.2477929687500002 
1.01400390625 
0.8481835937499999 
1.0749414062499998 
1.2548242187500003 
1.23548828125 
1.30873046875 
1.2184960937500002 
0.8229882812499999 
1.22845703125 
1.17044921875 
1.21498046875 
1.1452539062499998 
1.00931640625 
1.2659570312500001 
0.96244140625 
1.2395898437500001 
1.0532617187500002 
1.2659570312500001 
1.06498046875 
1.03216796875 
0.9858789062499999 
1.24720703125 
1.2513085937500004 
1.2313867187500003 
1.2571679687500001 
1.10541015625 
