12 86 2 
0.7391992187499997 
0.7620507812499999 
1.2308007812500001 
0.6718164062499998 
0.8405664062499998 
0.92083984375 
0.9618554687499999 
0.8915429687499998 
0.9559960937499999 
0.7110742187499998 
1.1522851562499998 
1.14115234375 
0.95072265625 
0.97533203125 
0.6782617187499999 
1.1194726562500001 
1.03041015625 
0.8376367187499998 
1.2372460937500003 
0.6102929687499998 
0.5903710937499999 
0.8563867187499998 
0.7210351562499998 
1.2173242187500002 
1.19623046875 
1.0503320312500002 
0.7263085937499998 
0.9888085937499999 
0.8657617187499999 
0.6975976562499998 
0.9266992187499999 
0.5593164062499999 
1.06791015625 
1.2536523437500002 
0.8177148437499999 
0.95072265625 
0.7796289062499999 
0.96009765625 
0.7667382812499999 
0.6952539062499998 
0.8317773437499999 
1.21087890625 
0.8265039062499999 
0.8827539062499998 
1.17982421875 
0.8511132812499999 
0.6413476562499999 
0.9266992187499999 
0.6138085937499999 
1.1511132812499998 
0.6712304687499998 
0.7421289062499998 
0.6595117187499998 
0.9401757812500001 
0.9888085937499999 
0.95716796875 
1.12767578125 
0.95423828125 
1.0491601562500001 
0.9419335937500001 
0.7714257812499999 
0.9893945312499999 
0.7655664062499998 
0.97826171875 
1.2776757812500001 
0.8487695312499999 
0.8194726562499999 
0.9641992187499999 
1.05091796875 
1.2378320312500002 
0.8768945312499998 
0.8610742187499998 
0.6436914062499999 
0.6518945312499999 
0.6852929687499998 
1.0052148437500001 
0.7468164062499998 
0.8581445312499999 
0.6970117187499998 
1.0872460937500001 
0.8616601562499998 
1.00228515625 
1.06205078125 
0.8054101562499998 
0.6372460937499999 
1.20326171875 
0.9864648437499999 
0.9401757812500001 
1.2308007812500001 
0.7860742187499998 
0.96888671875 
0.8183007812499999 
0.6231835937499999 
0.7802148437499999 
0.8329492187499998 
0.7409570312499998 
0.6987695312499999 
0.8429101562499998 
0.8024804687499998 
0.9647851562499999 
0.98236328125 
0.7280664062499997 
0.7128320312499998 
0.6513085937499998 
1.07669921875 
0.96595703125 
0.9905664062499998 
0.7438867187499998 
0.8235742187499998 
0.7813867187499999 
1.01927734375 
0.7602929687499999 
0.8505273437499998 
1.2671289062500002 
0.97298828125 
1.06673828125 
1.25775390625 
1.06498046875 
1.0497460937500003 
0.7058007812499999 
0.8575585937499999 
1.11478515625 
0.91380859375 
0.8809960937499998 
1.03041015625 
0.96009765625 
0.8253320312499999 
0.7157617187499998 
0.7368554687499997 
0.7614648437499999 
1.14818359375 
1.02748046875 
1.20501953125 
1.0989648437500001 
0.7561914062499998 
0.9073632812499999 
0.8891992187499997 
1.18333984375 
0.7052148437499999 
0.6800195312499999 
1.01634765625 
0.7966210937499999 
0.8657617187499999 
1.02044921875 
0.97298828125 
0.97123046875 
0.8464257812499999 
0.7520898437499999 
0.96244140625 
1.2337304687500001 
0.9876367187499998 
0.6700585937499999 
1.2366601562500001 
0.9970117187499998 
0.7433007812499999 
0.8235742187499998 
0.8036523437499998 
0.8897851562499998 
1.00462890625 
0.7567773437499998 
0.7280664062499997 
0.9149804687499999 
1.07259765625 
0.79251953125 
0.9020898437499999 
0.9448632812500001 
0.9559960937499999 
0.8640039062499999 
0.92435546875 
0.8733789062499998 
1.04681640625 
0.8335351562499999 
1.13119140625 
0.6741601562499998 
1.0286523437500001 
1.06732421875 
1.01048828125 
0.9073632812499999 
1.07318359375 
0.6835351562499998 
1.1698632812499998 
0.8382226562499998 
1.07259765625 
0.8950585937499999 
0.95833984375 
0.96361328125 
0.6923242187499997 
0.7661523437499999 
0.93197265625 
0.8405664062499998 
1.24310546875 
0.94896484375 
0.5780664062499998 
1.2495507812500002 
0.8563867187499998 
0.7181054687499998 
0.8804101562499997 
0.8698632812499999 
1.06791015625 
0.6934960937499998 
