2 6 92 
1.2641992187500002 
1.30169921875 
1.30052734375 
1.29056640625 
1.2729882812500002 
1.1938867187500002 
1.3128320312500001 
1.3356835937500002 
1.3169335937500002 
1.28529296875 
1.4013085937500003 
1.3626367187500001 
1.20560546875 
1.3415429687500002 
1.25306640625 
1.2729882812500002 
1.2694726562500003 
1.26361328125 
1.29876953125 
1.22728515625 
1.28822265625 
1.48626953125 
1.14583984375 
1.1493554687499998 
1.3550195312500002 
1.35619140625 
1.3298242187500002 
1.3257226562500002 
1.2888085937500002 
1.1235742187500002 
1.26478515625 
1.40423828125 
1.31458984375 
1.2683007812500002 
1.2706445312500003 
1.2888085937500002 
1.45521484375 
1.4048242187500002 
1.39310546875 
1.31869140625 
1.2729882812500002 
1.2835351562500001 
1.2612695312500002 
1.2729882812500002 
1.3075585937500003 
1.29408203125 
1.2641992187500002 
1.2507226562500002 
1.3315820312500002 
1.3520898437500002 
1.18158203125 
1.2630273437500001 
1.2794335937500003 
1.30345703125 
1.20150390625 
1.4405664062499999 
1.30931640625 
1.2559960937500003 
1.2173242187500002 
1.19330078125 
1.3450585937500004 
1.1985742187500001 
1.3110742187500002 
1.31166015625 
1.2688867187500004 
1.3626367187500001 
1.45052734375 
1.29466796875 
1.23900390625 
1.2126367187500002 
1.35150390625 
1.33509765625 
1.3544335937500003 
1.3438867187500003 
1.3169335937500002 
1.31458984375 
1.38431640625 
1.29642578125 
1.30580078125 
1.2735742187500003 
1.3169335937500002 
1.36146484375 
1.2817773437500002 
1.20794921875 
1.21498046875 
1.45814453125 
1.2712304687500002 
1.30111328125 
1.3286523437500002 
1.41302734375 
1.31751953125 
1.2173242187500002 
1.32044921875 
1.20912109375 
1.22142578125 
1.29642578125 
1.30111328125 
1.2841210937500003 
1.31166015625 
1.2507226562500002 
1.2641992187500002 
1.2665429687500003 
1.22728515625 
1.29173828125 
1.2888085937500002 
1.3391992187500001 
1.18919921875 
1.29876953125 
1.28822265625 
1.38548828125 
1.2683007812500002 
1.3052148437500002 
1.24603515625 
1.28822265625 
1.2735742187500003 
1.2770898437500002 
1.33802734375 
1.3110742187500002 
1.3169335937500002 
1.27650390625 
1.2454492187500001 
1.2829492187500002 
1.22728515625 
1.32806640625 
1.2419335937500002 
1.2718164062500001 
1.2554101562500002 
1.2712304687500002 
1.2360742187500002 
1.3438867187500003 
1.2864648437500001 
1.36322265625 
1.34095703125 
1.33275390625 
1.3456445312500003 
1.2677148437500003 
1.2876367187500002 
1.2729882812500002 
1.3427148437500003 
1.28587890625 
1.30287109375 
1.3509179687500001 
1.49212890625 
1.34681640625 
1.20326171875 
1.30873046875 
1.2782617187500003 
1.30287109375 
1.34681640625 
1.3315820312500002 
1.3122460937500002 
1.3075585937500003 
1.3433007812500002 
1.2864648437500001 
1.24720703125 
1.2876367187500002 
1.31751953125 
1.3245507812500001 
1.36322265625 
1.22494140625 
1.3415429687500002 
1.2425195312500001 
1.30462890625 
1.2753320312500003 
1.2923242187500001 
1.3157617187500001 
1.2923242187500001 
1.4065820312500001 
1.35150390625 
1.3491601562500002 
1.43529296875 
1.41302734375 
1.3567773437500001 
1.28119140625 
1.2583398437500002 
1.2565820312500002 
1.29056640625 
1.06205078125 
1.26185546875 
1.37435546875 
1.3872460937500002 
1.2829492187500002 
1.3251367187500003 
1.22611328125 
1.3286523437500002 
1.2337304687500001 
1.2495507812500002 
1.30287109375 
1.31341796875 
1.49212890625 
1.2395898437500001 
1.29583984375 
1.34681640625 
1.30111328125 
1.2782617187500003 
1.41009765625 
1.3333398437500001 
1.3081445312500002 
1.2888085937500002 
1.3509179687500001 
