12 87 1 
1.02923828125 
1.22494140625 
1.08841796875 
0.97005859375 
1.2806054687500001 
0.92962890625 
1.07787109375 
0.96361328125 
0.6472070312499999 
0.7602929687499999 
0.91615234375 
0.92904296875 
0.8651757812499999 
0.7052148437499999 
1.03275390625 
0.8751367187499998 
0.8610742187499998 
0.94076171875 
1.13939453125 
0.8259179687499999 
0.8634179687499999 
0.8985742187499998 
1.10248046875 
0.8991601562499998 
0.7772851562499998 
0.6495507812499999 
1.2934960937500002 
1.11419921875 
0.7573632812499999 
0.8604882812499999 
1.0702539062499998 
1.1247460937500002 
0.8563867187499998 
0.7327539062499998 
0.8499414062499998 
1.2513085937500004 
1.06439453125 
0.9020898437499999 
0.6495507812499999 
0.6061914062499999 
0.8968164062499998 
0.9032617187499998 
0.9050195312499999 
0.97591796875 
0.8692773437499999 
0.91029296875 
0.8634179687499999 
0.7350976562499998 
0.7731835937499999 
0.7608789062499999 
0.8763085937499998 
0.7614648437499999 
0.7737695312499999 
0.8716210937499999 
1.07962890625 
0.94369140625 
1.16576171875 
0.7919335937499999 
1.0268945312500002 
0.97533203125 
0.8634179687499999 
0.97826171875 
1.13353515625 
0.8575585937499999 
0.8464257812499999 
0.93607421875 
1.02044921875 
0.93373046875 
0.8645898437499999 
0.8757226562499998 
0.96595703125 
0.6888085937499998 
0.9050195312499999 
0.6864648437499998 
0.6243554687499998 
0.7977929687499998 
0.7116601562499998 
1.08373046875 
0.8411523437499998 
0.8124414062499998 
0.6999414062499998 
0.8007226562499998 
0.9683007812500001 
1.2600976562500001 
1.03685546875 
0.7614648437499999 
1.32044921875 
0.97533203125 
0.8634179687499999 
1.14232421875 
1.07904296875 
0.91087890625 
0.7520898437499999 
0.6577539062499999 
0.8979882812499999 
1.1938867187500002 
0.9987695312499999 
0.8399804687499998 
0.7860742187499998 
0.8751367187499998 
0.6940820312499998 
1.05267578125 
0.7532617187499998 
0.7679101562499998 
1.13939453125 
1.28529296875 
1.2313867187500003 
0.8341210937499999 
0.92845703125 
0.6970117187499998 
0.8610742187499998 
1.11126953125 
0.92787109375 
0.9067773437499999 
0.5716210937499999 
0.7503320312499998 
0.8956445312499999 
0.7784570312499999 
0.8997460937499998 
0.7819726562499999 
0.94779296875 
1.2061914062499999 
0.7737695312499999 
0.92728515625 
1.00287109375 
1.24486328125 
0.8681054687499998 
0.7485742187499997 
0.6184960937499998 
0.94076171875 
0.7597070312499998 
0.8253320312499999 
0.8370507812499999 
0.6548242187499997 
0.7544335937499999 
0.8862695312499999 
1.01634765625 
0.8903710937499998 
0.7386132812499998 
1.2132226562500001 
1.06439453125 
0.6536523437499998 
0.6923242187499997 
0.8229882812499999 
0.92201171875 
0.7163476562499999 
1.0714257812499999 
1.04798828125 
0.8786523437499998 
0.7204492187499998 
0.7386132812499998 
0.91029296875 
0.7081445312499999 
0.6132226562499998 
0.8593164062499998 
0.8393945312499999 
0.93490234375 
0.8054101562499998 
0.7620507812499999 
0.7778710937499999 
0.7643945312499999 
1.22494140625 
0.7327539062499998 
0.8804101562499997 
1.0169335937500001 
1.05384765625 
1.00345703125 
0.9899804687499998 
0.9032617187499998 
0.8452539062499999 
0.91322265625 
0.91146484375 
0.8013085937499999 
0.6653710937499998 
1.11361328125 
0.6683007812499999 
1.00462890625 
0.8593164062499998 
0.8505273437499998 
0.92552734375 
0.94310546875 
0.9085351562499998 
0.6559960937499998 
0.8774804687499997 
0.7157617187499998 
0.5997460937499999 
0.8048242187499998 
0.8247460937499999 
0.6554101562499998 
0.7386132812499998 
0.6993554687499998 
0.50892578125 
0.8727929687499998 
0.92787109375 
0.7585351562499998 
0.8944726562499998 
1.2114648437500002 
0.8036523437499998 
0.7802148437499999 
0.92611328125 
