2 88 10 
1.39544921875 
1.32220703125 
1.3227929687500002 
1.38548828125 
1.34681640625 
1.30228515625 
1.3304101562500001 
1.39310546875 
1.29935546875 
1.39076171875 
1.3485742187500003 
1.31927734375 
1.3099023437500001 
1.3069726562500001 
1.3063867187500002 
1.37787109375 
1.34095703125 
1.3638085937500002 
1.3497460937500003 
1.35853515625 
1.31810546875 
1.39955078125 
1.2331445312500002 
1.4212304687500001 
1.33216796875 
1.39134765625 
1.42884765625 
1.4095117187500001 
1.42650390625 
1.32220703125 
1.3362695312500001 
1.32923828125 
1.39720703125 
1.36498046875 
1.31458984375 
1.3274804687500001 
1.32806640625 
1.30228515625 
1.38548828125 
1.3597070312500001 
1.3544335937500003 
1.38958984375 
1.3245507812500001 
1.3597070312500001 
1.35853515625 
1.41419921875 
1.3268945312500002 
1.33861328125 
1.3268945312500002 
1.2923242187500001 
1.4329492187500001 
1.3421289062500001 
1.36498046875 
1.3239648437500002 
1.41595703125 
1.41244140625 
1.3626367187500001 
1.3462304687500002 
1.35560546875 
1.3362695312500001 
1.3456445312500003 
1.37728515625 
1.29173828125 
1.3268945312500002 
1.3075585937500003 
1.3356835937500002 
1.3462304687500002 
1.34095703125 
1.37728515625 
1.31810546875 
1.40716796875 
1.33978515625 
1.37201171875 
1.30580078125 
1.3403710937500002 
1.39955078125 
1.3315820312500002 
1.3069726562500001 
1.3520898437500002 
1.3438867187500003 
1.36615234375 
1.29876953125 
1.31869140625 
1.42181640625 
1.40716796875 
1.31986328125 
1.3544335937500003 
1.40775390625 
1.23548828125 
1.30169921875 
1.3919335937500001 
1.41302734375 
1.35150390625 
1.31400390625 
1.3356835937500002 
1.3251367187500003 
1.4329492187500001 
1.37904296875 
1.40248046875 
1.31810546875 
1.3919335937500001 
1.38900390625 
1.36732421875 
1.3626367187500001 
1.31927734375 
1.36791015625 
1.30287109375 
1.4059960937500002 
1.3216210937500001 
1.3977929687500001 
1.37435546875 
1.3063867187500002 
1.30462890625 
1.4329492187500001 
1.31869140625 
1.35853515625 
1.3421289062500001 
1.3362695312500001 
1.3444726562500002 
1.30580078125 
1.3479882812500001 
1.35853515625 
1.37142578125 
1.29291015625 
1.3362695312500001 
1.32044921875 
1.3110742187500002 
1.31517578125 
1.3333398437500001 
1.40423828125 
1.3491601562500002 
1.3040429687500001 
1.37142578125 
1.4253320312500002 
1.2325585937500003 
1.31517578125 
1.37435546875 
1.31166015625 
1.3157617187500001 
1.36322265625 
1.36205078125 
1.4001367187500002 
1.33392578125 
1.36732421875 
1.30931640625 
1.3427148437500003 
1.3474023437500002 
1.36791015625 
1.4235742187500002 
1.3309960937500003 
1.3257226562500002 
1.4095117187500001 
1.32044921875 
1.3474023437500002 
1.37904296875 
1.3702539062499999 
1.33685546875 
1.3544335937500003 
1.3391992187500001 
1.31751953125 
1.3989648437500002 
1.31048828125 
1.33744140625 
1.37259765625 
1.3919335937500001 
1.3438867187500003 
1.38548828125 
1.31751953125 
1.3872460937500002 
1.3474023437500002 
1.3356835937500002 
1.3825585937500002 
1.3169335937500002 
1.39427734375 
1.39076171875 
1.3110742187500002 
1.2337304687500001 
1.3304101562500001 
1.29173828125 
1.3075585937500003 
1.36791015625 
1.30931640625 
1.39017578125 
1.37083984375 
1.37962890625 
1.35619140625 
1.2337304687500001 
1.3591210937500002 
1.31634765625 
1.3474023437500002 
1.4036523437500001 
1.32337890625 
1.32220703125 
1.31810546875 
1.3936914062499999 
1.30345703125 
1.3075585937500003 
1.3462304687500002 
1.41185546875 
1.3333398437500001 
