11 88 1 
1.08841796875 
0.6759179687499999 
0.7222070312499999 
0.97884765625 
1.10658203125 
0.9923242187499998 
0.9776757812500001 
0.6032617187499999 
0.93841796875 
0.8991601562499998 
0.96302734375 
0.6929101562499997 
0.5727929687499999 
0.8997460937499998 
0.7274804687499997 
1.0638085937500001 
0.7731835937499999 
0.6360742187499998 
0.98236328125 
0.9302148437500001 
0.7321679687499998 
0.7778710937499999 
1.18158203125 
1.29291015625 
1.2788476562500002 
1.1194726562500001 
0.6501367187499998 
0.8634179687499999 
1.1282617187500001 
0.8862695312499999 
1.1247460937500002 
0.7948632812499999 
0.8798242187499997 
0.8141992187499998 
1.26361328125 
0.6284570312499999 
0.9331445312500001 
0.5938867187499999 
0.8587304687499998 
0.6829492187499998 
0.8640039062499999 
0.7368554687499997 
0.7854882812499999 
1.18041015625 
0.8921289062499999 
0.9073632812499999 
0.91380859375 
1.2524804687500002 
0.9179101562499999 
0.9870507812499999 
0.8587304687499998 
1.0081445312500001 
1.08431640625 
0.8288476562499999 
0.9893945312499999 
0.8763085937499998 
0.7749414062499999 
0.9091210937499998 
0.7761132812499999 
0.7690820312499999 
0.6384179687499999 
0.8200585937499999 
0.7655664062499998 
1.2372460937500003 
0.6606835937499999 
0.8645898437499999 
1.20970703125 
0.8704492187499998 
0.7737695312499999 
1.0503320312500002 
1.2612695312500002 
1.1874414062499998 
0.8622460937499998 
1.29583984375 
0.7567773437499998 
0.9858789062499999 
0.7966210937499999 
1.14818359375 
1.0169335937500001 
0.8224023437499999 
0.78958984375 
1.22611328125 
0.93666015625 
0.93783203125 
0.6952539062499998 
0.7708398437499999 
0.6390039062499999 
1.0497460937500003 
0.91205078125 
1.05560546875 
0.7784570312499999 
1.21205078125 
0.6724023437499999 
1.21791015625 
1.12181640625 
0.9852929687499998 
0.7163476562499999 
1.06322265625 
0.95072265625 
0.8089257812499999 
0.8563867187499998 
0.6600976562499998 
1.10951171875 
1.2999414062499999 
1.0433007812500001 
1.05970703125 
0.5845117187499999 
0.7104882812499999 
0.9091210937499998 
1.24427734375 
0.8933007812499999 
0.7503320312499998 
1.0591210937500002 
1.2290429687500002 
1.0309960937500002 
0.93255859375 
0.7831445312499999 
0.5739648437499999 
1.08431640625 
1.1341210937500001 
0.7151757812499999 
0.8944726562499998 
0.9981835937499999 
1.0081445312500001 
1.1018945312500001 
0.6571679687499998 
1.0474023437500002 
0.91439453125 
1.12181640625 
0.7532617187499998 
0.8575585937499999 
0.6712304687499998 
0.8206445312499999 
1.10658203125 
0.9044335937499999 
0.96244140625 
0.7825585937499999 
0.6425195312499999 
0.8136132812499999 
0.7034570312499998 
1.05853515625 
0.92318359375 
0.9852929687499998 
0.97650390625 
1.2425195312500001 
0.9044335937499999 
0.8722070312499999 
0.7638085937499999 
0.9003320312499998 
0.91087890625 
1.2501367187500003 
0.8563867187499998 
0.9067773437499999 
0.8909570312499998 
0.7216210937499998 
0.6923242187499997 
0.7761132812499999 
0.8903710937499998 
0.91029296875 
0.6507226562499998 
0.8587304687499998 
0.7854882812499999 
0.7854882812499999 
0.9179101562499999 
0.8669335937499999 
0.7684960937499998 
1.0286523437500001 
0.8059960937499998 
1.12591796875 
1.2559960937500003 
1.0761132812499998 
1.02162109375 
0.6724023437499999 
0.9266992187499999 
1.2454492187500001 
1.2630273437500001 
1.0456445312500002 
1.22025390625 
1.21205078125 
0.93373046875 
0.6554101562499998 
0.93841796875 
1.2102929687500001 
0.8136132812499999 
1.2290429687500002 
1.06732421875 
0.7796289062499999 
1.21966796875 
1.05091796875 
0.9020898437499999 
0.8171289062499999 
1.02748046875 
1.04212890625 
1.2483789062500001 
0.78958984375 
1.28119140625 
0.7028710937499998 
0.6712304687499998 
1.2161523437500001 
1.22025390625 
