12 88 0 
0.7468164062499998 
0.8587304687499998 
0.93197265625 
1.24427734375 
0.95658203125 
0.7567773437499998 
1.0433007812500001 
0.7755273437499999 
0.94134765625 
0.9952539062499999 
0.6882226562499998 
0.8475976562499998 
0.98060546875 
1.10951171875 
1.0110742187500001 
0.8335351562499999 
1.16751953125 
1.01400390625 
1.0491601562500001 
0.7667382812499999 
0.9524804687499999 
0.8130273437499999 
0.97240234375 
0.8194726562499999 
1.20150390625 
0.7239648437499998 
0.7667382812499999 
0.8839257812499999 
0.8341210937499999 
0.8634179687499999 
1.03919921875 
0.6132226562499998 
0.6981835937499998 
0.7192773437499999 
0.7813867187499999 
0.7433007812499999 
0.8194726562499999 
0.8833398437499999 
0.7825585937499999 
1.1534570312499999 
0.9091210937499998 
1.03978515625 
1.20150390625 
0.8546289062499999 
0.9302148437500001 
0.8247460937499999 
0.8007226562499998 
0.97884765625 
0.7251367187499997 
0.91322265625 
0.7890039062499999 
0.96947265625 
0.98236328125 
0.7731835937499999 
1.10775390625 
0.93255859375 
1.14818359375 
0.9993554687499997 
0.8827539062499998 
0.6354882812499999 
0.8265039062499999 
0.6876367187499998 
0.8241601562499998 
1.2425195312500001 
0.7655664062499998 
0.6835351562499998 
1.21498046875 
1.22376953125 
0.7931054687499999 
1.0257226562500001 
0.9032617187499998 
0.9735742187499999 
0.8329492187499998 
0.7702539062499999 
0.97591796875 
0.97005859375 
0.8581445312499999 
0.8446679687499998 
0.7878320312499999 
1.0579492187500001 
0.92611328125 
1.0433007812500001 
0.8850976562499998 
0.6577539062499999 
1.1294335937500002 
0.7725976562499999 
1.01634765625 
0.7655664062499998 
1.03919921875 
1.01048828125 
1.03041015625 
0.8376367187499998 
0.9987695312499999 
1.08841796875 
0.92025390625 
0.8604882812499999 
0.7737695312499999 
1.18509765625 
0.8100976562499999 
0.9929101562499998 
0.6823632812499999 
1.08607421875 
1.03216796875 
0.95892578125 
1.20033203125 
0.7052148437499999 
0.8241601562499998 
0.7421289062499998 
0.6436914062499999 
0.5950585937499999 
1.0450585937500003 
0.8804101562499997 
1.21087890625 
0.9946679687499999 
0.94662109375 
0.8446679687499998 
0.8768945312499998 
0.6278710937499998 
1.2360742187500002 
1.05619140625 
0.6735742187499998 
0.7878320312499999 
1.15697265625 
0.8300195312499999 
1.13060546875 
0.8722070312499999 
0.9395898437500001 
0.93255859375 
1.1018945312500001 
1.02337890625 
0.96302734375 
0.8704492187499998 
0.9079492187499998 
0.8095117187499998 
0.6893945312499998 
1.02044921875 
0.94720703125 
1.1874414062499998 
0.6917382812499998 
1.2583398437500002 
0.97650390625 
0.8763085937499998 
0.7268945312499998 
0.7720117187499999 
0.8311914062499999 
0.5575585937499999 
1.0749414062499998 
1.22376953125 
1.1927148437500001 
1.0251367187500002 
0.7966210937499999 
0.9952539062499999 
0.6899804687499997 
1.14349609375 
0.8581445312499999 
1.07259765625 
0.7409570312499998 
0.7632226562499999 
0.60267578125 
1.03861328125 
0.9530664062499999 
0.6753320312499999 
0.97298828125 
0.7309960937499997 
0.7292382812499998 
0.6108789062499999 
0.92435546875 
0.91673828125 
1.22669921875 
0.93373046875 
1.14232421875 
0.7995507812499999 
0.92376953125 
0.8979882812499999 
0.8294335937499999 
0.8792382812499998 
1.21556640625 
0.95423828125 
1.13529296875 
0.9981835937499999 
0.6665429687499999 
1.2302148437500002 
0.95833984375 
0.7655664062499998 
0.7819726562499999 
0.7175195312499999 
0.8686914062499999 
1.2308007812500001 
1.10892578125 
0.8329492187499998 
1.2747460937500004 
0.8839257812499999 
0.7128320312499998 
1.22376953125 
1.02923828125 
0.9964257812499999 
0.95833984375 
1.01986328125 
1.08314453125 
0.7356835937499998 
