2 89 9 
1.4065820312500001 
1.3309960937500003 
1.37904296875 
1.43060546875 
1.3122460937500002 
1.39134765625 
1.31869140625 
1.3069726562500001 
1.39310546875 
1.3438867187500003 
1.3227929687500002 
1.31810546875 
1.3362695312500001 
1.3491601562500002 
1.3919335937500001 
1.43060546875 
1.3497460937500003 
1.39720703125 
1.40248046875 
1.29056640625 
1.3081445312500002 
1.3257226562500002 
1.3509179687500001 
1.31810546875 
1.3239648437500002 
1.3239648437500002 
1.39720703125 
1.29876953125 
1.31166015625 
1.32923828125 
1.30228515625 
1.3245507812500001 
1.3268945312500002 
1.31986328125 
1.32806640625 
1.3761132812499999 
1.3040429687500001 
1.38431640625 
1.3919335937500001 
1.3216210937500001 
1.33802734375 
1.4106835937500002 
1.3286523437500002 
1.32923828125 
1.3040429687500001 
1.31341796875 
1.3509179687500001 
1.3309960937500003 
1.37083984375 
1.4294335937500002 
1.4036523437500001 
1.41419921875 
1.3110742187500002 
1.3702539062499999 
1.42298828125 
1.2934960937500002 
1.32044921875 
1.3761132812499999 
1.28998046875 
1.40306640625 
1.3263085937500003 
1.31341796875 
1.3497460937500003 
1.4270898437500001 
1.3069726562500001 
1.35853515625 
1.30169921875 
1.36439453125 
1.3702539062499999 
1.4095117187500001 
1.4013085937500003 
1.33978515625 
1.38080078125 
1.36791015625 
1.2934960937500002 
1.3309960937500003 
1.32806640625 
1.3579492187500002 
1.2923242187500001 
1.35619140625 
1.3638085937500002 
1.3257226562500002 
1.3444726562500002 
1.35560546875 
1.36087890625 
1.3597070312500001 
1.36732421875 
1.31927734375 
1.31869140625 
1.3391992187500001 
1.4059960937500002 
1.3069726562500001 
1.4241601562500001 
1.39837890625 
1.3474023437500002 
1.38900390625 
1.32220703125 
1.40248046875 
1.33275390625 
1.41126953125 
1.3245507812500001 
1.41361328125 
1.39076171875 
1.33509765625 
1.31166015625 
1.32923828125 
1.3286523437500002 
1.31634765625 
1.31751953125 
1.36615234375 
1.3433007812500002 
1.3263085937500003 
1.3122460937500002 
1.35736328125 
1.3520898437500002 
1.36146484375 
1.3456445312500003 
1.31166015625 
1.3286523437500002 
1.2923242187500001 
1.42591796875 
1.4200585937500003 
1.2876367187500002 
1.36908203125 
1.36146484375 
1.4224023437500002 
1.2331445312500002 
1.37669921875 
1.41712890625 
1.38900390625 
1.4153710937500001 
1.4247460937500003 
1.42767578125 
1.3989648437500002 
1.3485742187500003 
1.38666015625 
1.35150390625 
1.31634765625 
1.31869140625 
1.42591796875 
1.42884765625 
1.36205078125 
1.32220703125 
1.38080078125 
1.3919335937500001 
1.3333398437500001 
1.3831445312500001 
1.41361328125 
1.3040429687500001 
1.32103515625 
1.30462890625 
1.41419921875 
1.31810546875 
1.30580078125 
1.41302734375 
1.30462890625 
1.3421289062500001 
1.38783203125 
1.3268945312500002 
1.3421289062500001 
1.38490234375 
1.3040429687500001 
1.40423828125 
1.40248046875 
1.3356835937500002 
1.3638085937500002 
1.39720703125 
1.31869140625 
1.39310546875 
1.43236328125 
1.3069726562500001 
1.3831445312500001 
1.29291015625 
1.39544921875 
1.3075585937500003 
1.34095703125 
1.30462890625 
1.39134765625 
1.37552734375 
1.3227929687500002 
1.32337890625 
1.32103515625 
1.31869140625 
1.3227929687500002 
1.39310546875 
1.38900390625 
1.4165429687500002 
1.3860742187500001 
1.4341210937500002 
1.38548828125 
1.39955078125 
1.3872460937500002 
1.31869140625 
1.37201171875 
1.38431640625 
1.3438867187500003 
1.28705078125 
1.37318359375 
1.3052148437500002 
1.33275390625 
