5 6 89 
1.22728515625 
1.2466210937500002 
0.8141992187499998 
1.1417382812499999 
0.94955078125 
0.91205078125 
1.2507226562500002 
0.8007226562499998 
1.2360742187500002 
1.03392578125 
1.20208984375 
1.34095703125 
0.9009179687499999 
1.2231835937500002 
1.13529296875 
1.10716796875 
1.16751953125 
1.3403710937500002 
1.2501367187500003 
1.11830078125 
1.2489648437500003 
1.20208984375 
0.8235742187499998 
1.23841796875 
1.22611328125 
0.5956445312499999 
0.96126953125 
1.10365234375 
1.3356835937500002 
0.8657617187499999 
1.2407617187500002 
1.2454492187500001 
0.5007226562499999 
1.3263085937500003 
1.1235742187500002 
1.31751953125 
0.8440820312499998 
0.95892578125 
1.0503320312500002 
0.8921289062499999 
1.24427734375 
0.8663476562499999 
1.2489648437500003 
1.08841796875 
1.24310546875 
1.22494140625 
0.9975976562499999 
1.13294921875 
0.7538476562499998 
1.2044335937500001 
1.1235742187500002 
0.5804101562499998 
1.24310546875 
0.92083984375 
1.1956445312500001 
1.2190820312500001 
1.2337304687500001 
0.8997460937499998 
0.93607421875 
1.2630273437500001 
1.1253320312500001 
1.2688867187500004 
1.20501953125 
1.2331445312500002 
1.4974023437500001 
1.0456445312500002 
0.94544921875 
0.8862695312499999 
1.12767578125 
1.1938867187500002 
1.2372460937500003 
1.1686914062499998 
1.0743554687499999 
1.22142578125 
0.7556054687499998 
1.2507226562500002 
0.98060546875 
1.24369140625 
1.1106835937500001 
0.9923242187499998 
1.5102929687500002 
1.22142578125 
1.2507226562500002 
1.15990234375 
1.21966796875 
1.2366601562500001 
1.22025390625 
0.8112695312499999 
1.1253320312500001 
1.2559960937500003 
1.22435546875 
1.35736328125 
1.15638671875 
1.19916015625 
1.2665429687500003 
0.91966796875 
1.2507226562500002 
1.33216796875 
1.25775390625 
1.2425195312500001 
1.2325585937500003 
1.26185546875 
0.8358789062499998 
1.15404296875 
1.11302734375 
0.7907617187499999 
1.33216796875 
1.13001953125 
1.06029296875 
0.7813867187499999 
0.8206445312499999 
1.05560546875 
1.2466210937500002 
0.8446679687499998 
1.23431640625 
0.8306054687499999 
1.2501367187500003 
1.01927734375 
0.8634179687499999 
1.3474023437500002 
1.2138085937500003 
0.7509179687499998 
0.8856835937499998 
1.2507226562500002 
1.14115234375 
1.2349023437500002 
1.12708984375 
1.22142578125 
1.23841796875 
0.9331445312500001 
1.10716796875 
0.5429101562499998 
1.24603515625 
1.1206445312500002 
1.2372460937500003 
1.10306640625 
1.4874414062499999 
1.4768945312500001 
1.2893945312500001 
1.22259765625 
1.41419921875 
1.13001953125 
1.12650390625 
1.12708984375 
1.3497460937500003 
1.30345703125 
1.33275390625 
1.09427734375 
1.2231835937500002 
1.22552734375 
1.3304101562500001 
1.2319726562500002 
1.5308007812500002 
1.0169335937500001 
0.8475976562499998 
1.2606835937500003 
0.96947265625 
1.12123046875 
0.92787109375 
1.15287109375 
0.98470703125 
0.9097070312499999 
1.19623046875 
1.01341796875 
0.8300195312499999 
1.3491601562500002 
1.0714257812499999 
1.5507226562500003 
0.9981835937499999 
0.91263671875 
1.1018945312500001 
1.3239648437500002 
1.2548242187500003 
0.8270898437499999 
1.2425195312500001 
0.91263671875 
1.11126953125 
1.22962890625 
1.20326171875 
1.18685546875 
0.7321679687499998 
1.2466210937500002 
1.07318359375 
1.2302148437500002 
1.1282617187500001 
1.22259765625 
0.8235742187499998 
1.22669921875 
1.31341796875 
1.5524804687500002 
0.9091210937499998 
1.23841796875 
1.08431640625 
1.24603515625 
0.6929101562499997 
0.9899804687499998 
1.06673828125 
1.1809960937500001 
0.6261132812499999 
1.5325585937500004 
