9 90 1 
1.2138085937500003 
1.23548828125 
0.8270898437499999 
0.8540429687499999 
1.22083984375 
1.07318359375 
1.1698632812499998 
1.0936914062499998 
1.2337304687500001 
1.18509765625 
0.9559960937499999 
1.2776757812500001 
0.8253320312499999 
0.7403710937499998 
1.2231835937500002 
0.8891992187499997 
1.2759179687500002 
0.7696679687499999 
0.7397851562499997 
0.6905664062499998 
1.23548828125 
0.7169335937499999 
0.8294335937499999 
1.1710351562499999 
0.9641992187499999 
0.7608789062499999 
1.2290429687500002 
0.7245507812499998 
0.6296289062499999 
0.9870507812499999 
1.16283203125 
1.16107421875 
1.2278710937500001 
1.2360742187500002 
0.8850976562499998 
0.7433007812499999 
1.2888085937500002 
1.2565820312500002 
1.2302148437500002 
0.7890039062499999 
0.7731835937499999 
0.7702539062499999 
0.8634179687499999 
1.09251953125 
0.7849023437499999 
1.1950585937500002 
1.01634765625 
1.24369140625 
0.7028710937499998 
1.2583398437500002 
1.2161523437500001 
0.6261132812499999 
0.8241601562499998 
1.13529296875 
1.00580078125 
0.9647851562499999 
0.8130273437499999 
0.6893945312499998 
0.7866601562499999 
0.5809960937499998 
1.21498046875 
1.13294921875 
0.7825585937499999 
1.1247460937500002 
0.9214257812500001 
0.7567773437499998 
1.13177734375 
0.8850976562499998 
0.8640039062499999 
1.13529296875 
0.8727929687499998 
1.22494140625 
0.9958398437499999 
1.1224023437500001 
1.2395898437500001 
1.24310546875 
0.6149804687499998 
0.7198632812499999 
1.23548828125 
1.22435546875 
1.16751953125 
1.22435546875 
1.21966796875 
0.7638085937499999 
0.7192773437499999 
0.8224023437499999 
1.1886132812499999 
1.01458984375 
1.27650390625 
0.8634179687499999 
1.2184960937500002 
0.7626367187499998 
0.7597070312499998 
0.7140039062499999 
0.9929101562499998 
1.2308007812500001 
0.9067773437499999 
0.8587304687499998 
0.91615234375 
0.8985742187499998 
0.98412109375 
1.0474023437500002 
0.92259765625 
1.20794921875 
0.92376953125 
0.9308007812500001 
0.97884765625 
1.0356835937500002 
0.6097070312499999 
0.7679101562499998 
0.7497460937499998 
1.2325585937500003 
0.8036523437499998 
0.7450585937499998 
0.9770898437500001 
0.8077539062499999 
0.9641992187499999 
1.0345117187500001 
1.1018945312500001 
1.2102929687500001 
0.8804101562499997 
0.94837890625 
1.21673828125 
0.9097070312499999 
0.9905664062499998 
1.25775390625 
0.6718164062499998 
1.08958984375 
0.8188867187499999 
0.8030664062499998 
0.9214257812500001 
0.6243554687499998 
0.8341210937499999 
1.06322265625 
0.8663476562499999 
0.95130859375 
0.8399804687499998 
1.2378320312500002 
1.20267578125 
0.8464257812499999 
0.8845117187499998 
0.8933007812499999 
0.7151757812499999 
1.13353515625 
0.8446679687499998 
0.97533203125 
1.24603515625 
1.21087890625 
0.5786523437499999 
0.9876367187499998 
1.2612695312500002 
0.91322265625 
1.06673828125 
1.00404296875 
1.2184960937500002 
1.0415429687500002 
0.8347070312499999 
0.7942773437499999 
1.2173242187500002 
1.21556640625 
1.2143945312500002 
0.9085351562499998 
0.9858789062499999 
1.0503320312500002 
1.2184960937500002 
0.6870507812499999 
1.2571679687500001 
0.8464257812499999 
1.22435546875 
1.03919921875 
1.20560546875 
1.2114648437500002 
0.8434960937499998 
0.9618554687499999 
1.2753320312500003 
0.8329492187499998 
1.0227929687500001 
1.20677734375 
0.8440820312499998 
0.9524804687499999 
1.2143945312500002 
1.08373046875 
1.2571679687500001 
0.95658203125 
0.93783203125 
0.92845703125 
0.7761132812499999 
1.02337890625 
1.2372460937500003 
1.21791015625 
0.8833398437499999 
0.93255859375 
1.1188867187500002 
0.96244140625 
1.28822265625 
1.0186914062499999 
0.7468164062499998 
0.97650390625 
1.22845703125 
0.7257226562499998 
