6 91 3 
1.2372460937500003 
1.00287109375 
1.2143945312500002 
1.10541015625 
1.03275390625 
1.0251367187500002 
1.11126953125 
1.06673828125 
1.08958984375 
1.19095703125 
1.2126367187500002 
1.06087890625 
0.97416015625 
1.2835351562500001 
0.97416015625 
1.2278710937500001 
0.7725976562499999 
0.8827539062499998 
1.0579492187500001 
1.2325585937500003 
1.12708984375 
0.9179101562499999 
1.22083984375 
0.9946679687499999 
1.2061914062499999 
0.9905664062499998 
1.22962890625 
1.1464257812499998 
1.2788476562500002 
1.24486328125 
1.00345703125 
1.22845703125 
1.2595117187500002 
1.2360742187500002 
0.9858789062499999 
1.10833984375 
1.2290429687500002 
1.18802734375 
1.27650390625 
1.1446679687499999 
0.97533203125 
1.2501367187500003 
1.2759179687500002 
1.2337304687500001 
1.2302148437500002 
0.7128320312499998 
1.02162109375 
1.2313867187500003 
1.2337304687500001 
1.2290429687500002 
0.94837890625 
1.01458984375 
0.7503320312499998 
1.0544335937500002 
1.2114648437500002 
1.22611328125 
1.2366601562500001 
1.2044335937500001 
0.96244140625 
1.22728515625 
1.2378320312500002 
1.09837890625 
1.2220117187500001 
1.0485742187500002 
0.8048242187499998 
1.06263671875 
1.2513085937500004 
1.22728515625 
1.22611328125 
1.0075585937500002 
1.2114648437500002 
0.9073632812499999 
1.28998046875 
0.9800195312500001 
0.9390039062500001 
1.08490234375 
0.94603515625 
1.2706445312500003 
1.10306640625 
0.8651757812499999 
1.22962890625 
0.9647851562499999 
0.92552734375 
1.21966796875 
1.2694726562500003 
1.02455078125 
0.96947265625 
0.8850976562499998 
0.7204492187499998 
1.22025390625 
1.22376953125 
1.2741601562500002 
1.27650390625 
0.96654296875 
0.7643945312499999 
0.96126953125 
1.25892578125 
1.08666015625 
1.22435546875 
1.0122460937500002 
1.20853515625 
1.2220117187500001 
1.07845703125 
0.7327539062499998 
1.11830078125 
1.23548828125 
1.18802734375 
1.21087890625 
1.23431640625 
1.06087890625 
1.2583398437500002 
1.0749414062499998 
1.2606835937500003 
1.0356835937500002 
1.25775390625 
1.28705078125 
1.2630273437500001 
1.05853515625 
0.92787109375 
0.92962890625 
1.21673828125 
0.7421289062499998 
1.05736328125 
0.6067773437499999 
1.0503320312500002 
1.20677734375 
1.2489648437500003 
0.8798242187499997 
0.6835351562499998 
1.1188867187500002 
1.2114648437500002 
1.22845703125 
1.0591210937500002 
1.10658203125 
1.15990234375 
1.2653710937500002 
0.8815820312499998 
1.00228515625 
0.8224023437499999 
1.2278710937500001 
1.22376953125 
1.1224023437500001 
1.2501367187500003 
0.9308007812500001 
1.16341796875 
0.7585351562499998 
1.2630273437500001 
1.09544921875 
1.2524804687500002 
1.21673828125 
0.93841796875 
1.08431640625 
1.22552734375 
1.06263671875 
0.9448632812500001 
1.15697265625 
0.9940820312499998 
1.2395898437500001 
1.08607421875 
1.13763671875 
1.2425195312500001 
0.8177148437499999 
0.98119140625 
0.8979882812499999 
0.8921289062499999 
1.0450585937500003 
1.2554101562500002 
1.2688867187500004 
0.7661523437499999 
0.91908203125 
1.31869140625 
0.98412109375 
1.13998046875 
1.28822265625 
1.0286523437500001 
1.20560546875 
0.8710351562499998 
1.23900390625 
1.2425195312500001 
1.2483789062500001 
1.2190820312500001 
1.2378320312500002 
1.1809960937500001 
1.0309960937500002 
1.07376953125 
0.97123046875 
1.2302148437500002 
1.2595117187500002 
1.0433007812500001 
0.8692773437499999 
1.24720703125 
0.9548242187499999 
0.6149804687499998 
0.6841210937499999 
1.2231835937500002 
1.10423828125 
1.31166015625 
1.2507226562500002 
1.12591796875 
1.2126367187500002 
