2 92 6 
1.30873046875 
1.3474023437500002 
1.3831445312500001 
1.37318359375 
1.40541015625 
1.41419921875 
1.3315820312500002 
1.31927734375 
1.3438867187500003 
1.30287109375 
1.35619140625 
1.32103515625 
1.3251367187500003 
1.3304101562500001 
1.42298828125 
1.41361328125 
1.23548828125 
1.3491601562500002 
1.29173828125 
1.36966796875 
1.30580078125 
1.39955078125 
1.31341796875 
1.38783203125 
1.3579492187500002 
1.39310546875 
1.4188867187500003 
1.3040429687500001 
1.31458984375 
1.36205078125 
1.32044921875 
1.3169335937500002 
1.38666015625 
1.37552734375 
1.33392578125 
1.3110742187500002 
1.41009765625 
1.31458984375 
1.3462304687500002 
1.36966796875 
1.3081445312500002 
1.37962890625 
1.2794335937500003 
1.3333398437500001 
1.32923828125 
1.31810546875 
1.4183007812500001 
1.3702539062499999 
1.36029296875 
1.35853515625 
1.37083984375 
1.36029296875 
1.39837890625 
1.40248046875 
1.4165429687500002 
1.3128320312500001 
1.29935546875 
1.37904296875 
1.31517578125 
1.3075585937500003 
1.33216796875 
1.36087890625 
1.32337890625 
1.30287109375 
1.31986328125 
1.4282617187500002 
1.38900390625 
1.30462890625 
1.41478515625 
1.4247460937500003 
1.28998046875 
1.3063867187500002 
1.33216796875 
1.4007226562500001 
1.4212304687500001 
1.36146484375 
1.33861328125 
1.32923828125 
1.40892578125 
1.3860742187500001 
1.3427148437500003 
1.3345117187500002 
1.3169335937500002 
1.31927734375 
1.3298242187500002 
1.36908203125 
1.4036523437500001 
1.38431640625 
1.36615234375 
1.3122460937500002 
1.36673828125 
1.31927734375 
1.3421289062500001 
1.31341796875 
1.30931640625 
1.3872460937500002 
1.35736328125 
1.32220703125 
1.3638085937500002 
1.30169921875 
1.3122460937500002 
1.30052734375 
1.36087890625 
1.30873046875 
1.3227929687500002 
1.39427734375 
1.39486328125 
1.39486328125 
1.3063867187500002 
1.31166015625 
1.33216796875 
1.33744140625 
1.30580078125 
1.36673828125 
1.36732421875 
1.36029296875 
1.3831445312500001 
1.3509179687500001 
1.35267578125 
1.3479882812500001 
1.33685546875 
1.33861328125 
1.37669921875 
1.4247460937500003 
1.4095117187500001 
1.4106835937500002 
1.3761132812499999 
1.33392578125 
1.33216796875 
1.38900390625 
1.36146484375 
1.2999414062499999 
1.36908203125 
1.30873046875 
1.31810546875 
1.32044921875 
1.36087890625 
1.35150390625 
1.31458984375 
1.4188867187500003 
1.3872460937500002 
1.3110742187500002 
1.3122460937500002 
1.31751953125 
1.3550195312500002 
1.36791015625 
1.3567773437500001 
1.38490234375 
1.31458984375 
1.37669921875 
1.23431640625 
1.3761132812499999 
1.3872460937500002 
1.31634765625 
1.30169921875 
1.4013085937500003 
1.2360742187500002 
1.41361328125 
1.30931640625 
1.3099023437500001 
1.2349023437500002 
1.3286523437500002 
1.31869140625 
1.30287109375 
1.38197265625 
1.3128320312500001 
1.3532617187500002 
1.3063867187500002 
1.31751953125 
1.3421289062500001 
1.3550195312500002 
1.4270898437500001 
1.3122460937500002 
1.39955078125 
1.40716796875 
1.39251953125 
1.35560546875 
1.31927734375 
1.3257226562500002 
1.38783203125 
1.37083984375 
1.4341210937500002 
1.3444726562500002 
1.31869140625 
1.30931640625 
1.30287109375 
1.31986328125 
1.30169921875 
1.3831445312500001 
1.3749414062499998 
1.35736328125 
1.3491601562500002 
1.3802148437500001 
1.33216796875 
1.33509765625 
1.32103515625 
1.3427148437500003 
1.3544335937500003 
1.42181640625 
1.31751953125 
