2 93 5 
1.31927734375 
1.37083984375 
1.37669921875 
1.3427148437500003 
1.3099023437500001 
1.3239648437500002 
1.4065820312500001 
1.29115234375 
1.33802734375 
1.4235742187500002 
1.4224023437500002 
1.3532617187500002 
1.3309960937500003 
1.3626367187500001 
1.39486328125 
1.40775390625 
1.32220703125 
1.3813867187500002 
1.34681640625 
1.39837890625 
1.3479882812500001 
1.31048828125 
1.39427734375 
1.32923828125 
1.31986328125 
1.29115234375 
1.41712890625 
1.37201171875 
1.3169335937500002 
1.33509765625 
1.4235742187500002 
1.40248046875 
1.3227929687500002 
1.39486328125 
1.30462890625 
1.33744140625 
1.31166015625 
1.37435546875 
1.3825585937500002 
1.33392578125 
1.31048828125 
1.3268945312500002 
1.3257226562500002 
1.33744140625 
1.4183007812500001 
1.23431640625 
1.33802734375 
1.37904296875 
1.3456445312500003 
1.32220703125 
1.37669921875 
1.31517578125 
1.33861328125 
1.3075585937500003 
1.31927734375 
1.3591210937500002 
1.31986328125 
1.3450585937500004 
1.35853515625 
1.42181640625 
1.3245507812500001 
1.39486328125 
1.3427148437500003 
1.3831445312500001 
1.3450585937500004 
1.3263085937500003 
1.33978515625 
1.4224023437500002 
1.32044921875 
1.37904296875 
1.36673828125 
1.37552734375 
1.40248046875 
1.37669921875 
1.30873046875 
1.36908203125 
1.37435546875 
1.40716796875 
1.31927734375 
1.32923828125 
1.3122460937500002 
1.38548828125 
1.40306640625 
1.31048828125 
1.3122460937500002 
1.3268945312500002 
1.33685546875 
1.3831445312500001 
1.39017578125 
1.3415429687500002 
1.41009765625 
1.43119140625 
1.3157617187500001 
1.3274804687500001 
1.3509179687500001 
1.41244140625 
1.37201171875 
1.30345703125 
1.42298828125 
1.3479882812500001 
1.38666015625 
1.3503320312500002 
1.31517578125 
1.3362695312500001 
1.3391992187500001 
1.4183007812500001 
1.3356835937500002 
1.37083984375 
1.31927734375 
1.2349023437500002 
1.33392578125 
1.42884765625 
1.37904296875 
1.31634765625 
1.30462890625 
1.39837890625 
1.3567773437500001 
1.32220703125 
1.31869140625 
1.3626367187500001 
1.37845703125 
1.3122460937500002 
1.31517578125 
1.31810546875 
1.39955078125 
1.3872460937500002 
1.3128320312500001 
1.33744140625 
1.3567773437500001 
1.3063867187500002 
1.32806640625 
1.29291015625 
1.3567773437500001 
1.3227929687500002 
1.3520898437500002 
1.33275390625 
1.33216796875 
1.3860742187500001 
1.39486328125 
1.37201171875 
1.3268945312500002 
1.32044921875 
1.3538476562500001 
1.39076171875 
1.3169335937500002 
1.3356835937500002 
1.36146484375 
1.39134765625 
1.40716796875 
1.41419921875 
1.30345703125 
1.2337304687500001 
1.3063867187500002 
1.37552734375 
1.31634765625 
1.3802148437500001 
1.32337890625 
1.31048828125 
1.3462304687500002 
1.30345703125 
1.37083984375 
1.3356835937500002 
1.2337304687500001 
1.31341796875 
1.32044921875 
1.38783203125 
1.3977929687500001 
1.3063867187500002 
1.36205078125 
1.3597070312500001 
1.31869140625 
1.36439453125 
1.3315820312500002 
1.36732421875 
1.3040429687500001 
1.3684960937500001 
1.33392578125 
1.3567773437500001 
1.37787109375 
1.38900390625 
1.30873046875 
1.38490234375 
1.3227929687500002 
1.31634765625 
1.3450585937500004 
1.42591796875 
1.3591210937500002 
1.32044921875 
1.3626367187500001 
1.3251367187500003 
1.36498046875 
1.3872460937500002 
1.3520898437500002 
1.3251367187500003 
1.3333398437500001 
1.3274804687500001 
1.3919335937500001 
1.36791015625 
1.3520898437500002 
1.3391992187500001 
