2 95 3 
1.33509765625 
1.3286523437500002 
1.37962890625 
1.3550195312500002 
1.39076171875 
1.3538476562500001 
1.32806640625 
1.35736328125 
1.37787109375 
1.4224023437500002 
1.31048828125 
1.36439453125 
1.31986328125 
1.3362695312500001 
1.32337890625 
1.36439453125 
1.2349023437500002 
1.3702539062499999 
1.38080078125 
1.30345703125 
1.43236328125 
1.4036523437500001 
1.3831445312500001 
1.29642578125 
1.35619140625 
1.37083984375 
1.41185546875 
1.3099023437500001 
1.4282617187500002 
1.36029296875 
1.35736328125 
1.35619140625 
1.3415429687500002 
1.3456445312500003 
1.3427148437500003 
1.3684960937500001 
1.41712890625 
1.32103515625 
1.3831445312500001 
1.3450585937500004 
1.3304101562500001 
1.40775390625 
1.31751953125 
1.41302734375 
1.31341796875 
1.3433007812500002 
1.3063867187500002 
1.38666015625 
1.38490234375 
1.3239648437500002 
1.3333398437500001 
1.34095703125 
1.37083984375 
1.3491601562500002 
1.3509179687500001 
1.3444726562500002 
1.3239648437500002 
1.35267578125 
1.30462890625 
1.31400390625 
1.3356835937500002 
1.30580078125 
1.35853515625 
1.30931640625 
1.30931640625 
1.40541015625 
1.3421289062500001 
1.36322265625 
1.3433007812500002 
1.39486328125 
1.3391992187500001 
1.3356835937500002 
1.37904296875 
1.36322265625 
1.3538476562500001 
1.3040429687500001 
1.32103515625 
1.3497460937500003 
1.39955078125 
1.4270898437500001 
1.35267578125 
1.40892578125 
1.31048828125 
1.4241601562500001 
1.3415429687500002 
1.36205078125 
1.39486328125 
1.3497460937500003 
1.3491601562500002 
1.39955078125 
1.4282617187500002 
1.3063867187500002 
1.3245507812500001 
1.32806640625 
1.29173828125 
1.38783203125 
1.3110742187500002 
1.36205078125 
1.3345117187500002 
1.31927734375 
1.3532617187500002 
1.43236328125 
1.39134765625 
1.28998046875 
1.35267578125 
1.23431640625 
1.34681640625 
1.40833984375 
1.3433007812500002 
1.41244140625 
1.4300195312500001 
1.37201171875 
1.33216796875 
1.33275390625 
1.38548828125 
1.36205078125 
1.33275390625 
1.3491601562500002 
1.31048828125 
1.3157617187500001 
1.3216210937500001 
1.3638085937500002 
1.33978515625 
1.3069726562500001 
1.34681640625 
1.39134765625 
1.30931640625 
1.33978515625 
1.3433007812500002 
1.3122460937500002 
1.36556640625 
1.3421289062500001 
1.41712890625 
1.4270898437500001 
1.32220703125 
1.3099023437500001 
1.4247460937500003 
1.31927734375 
1.30287109375 
1.42298828125 
1.4106835937500002 
1.3403710937500002 
1.35853515625 
1.38666015625 
1.33978515625 
1.41244140625 
1.43177734375 
1.3813867187500002 
1.36146484375 
1.33275390625 
1.3497460937500003 
1.31517578125 
1.32923828125 
1.3479882812500001 
1.3286523437500002 
1.36732421875 
1.42591796875 
1.41244140625 
1.31517578125 
1.3239648437500002 
1.42884765625 
1.40833984375 
1.3597070312500001 
1.30580078125 
1.3989648437500002 
1.39837890625 
1.31341796875 
1.30169921875 
1.30462890625 
1.35560546875 
1.40248046875 
1.2923242187500001 
1.3245507812500001 
1.37318359375 
1.40833984375 
1.36322265625 
1.38958984375 
1.40248046875 
1.32806640625 
1.3099023437500001 
1.36615234375 
1.31458984375 
1.4206445312500002 
1.3497460937500003 
1.39837890625 
1.36615234375 
1.38373046875 
1.37728515625 
1.3532617187500002 
1.3239648437500002 
1.38783203125 
1.39017578125 
1.3802148437500001 
1.3444726562500002 
1.3509179687500001 
1.43119140625 
1.41478515625 
1.40423828125 
1.32103515625 
1.3075585937500003 
