15 6 79 
1.2718164062500001 
1.20384765625 
1.10423828125 
1.05150390625 
1.20560546875 
1.2706445312500003 
0.91556640625 
1.3421289062500001 
1.19037109375 
1.05150390625 
1.05091796875 
1.2325585937500003 
0.8024804687499998 
0.96302734375 
0.7433007812499999 
0.8499414062499998 
0.8768945312499998 
1.2161523437500001 
1.03041015625 
1.28236328125 
1.2126367187500002 
1.2518945312500003 
0.8294335937499999 
1.16576171875 
1.06849609375 
0.91029296875 
1.13060546875 
1.2718164062500001 
0.9524804687499999 
1.2776757812500001 
1.12416015625 
0.8470117187499998 
1.12767578125 
0.8640039062499999 
1.17396484375 
1.2600976562500001 
1.2548242187500003 
0.7790429687499999 
1.22728515625 
0.6044335937499999 
1.2630273437500001 
1.2507226562500002 
1.2641992187500002 
1.29115234375 
1.09955078125 
1.14408203125 
1.20208984375 
1.07904296875 
1.2319726562500002 
0.9981835937499999 
0.8604882812499999 
1.2548242187500003 
0.8575585937499999 
1.1640039062499998 
1.2425195312500001 
1.02923828125 
1.20970703125 
1.2595117187500002 
1.01458984375 
1.29056640625 
1.22962890625 
0.7227929687499998 
1.24017578125 
1.23841796875 
0.8141992187499998 
1.21087890625 
1.1686914062499998 
0.9876367187499998 
1.2513085937500004 
0.8974023437499998 
1.23548828125 
0.8739648437499998 
1.19681640625 
1.24310546875 
1.2542382812500001 
1.21556640625 
0.8897851562499998 
1.0075585937500002 
1.2683007812500002 
0.9073632812499999 
1.00404296875 
1.11185546875 
0.9044335937499999 
1.26185546875 
0.92787109375 
1.0081445312500001 
1.2331445312500002 
1.2794335937500003 
0.9683007812500001 
0.8827539062499998 
1.1886132812499999 
0.8100976562499999 
1.29876953125 
1.17337890625 
1.2800195312500002 
1.2489648437500003 
1.0298242187500002 
1.06732421875 
1.26244140625 
1.01458984375 
1.06322265625 
1.2190820312500001 
0.9800195312500001 
1.06732421875 
1.1698632812499998 
0.8288476562499999 
1.15404296875 
1.3761132812499999 
1.22435546875 
1.13998046875 
0.9173242187499999 
0.7069726562499998 
1.24427734375 
1.09720703125 
1.06732421875 
1.26361328125 
0.8417382812499998 
1.0989648437500001 
1.2735742187500003 
1.2864648437500001 
0.94076171875 
0.5141992187499999 
1.13353515625 
0.8774804687499997 
1.0743554687499999 
1.21205078125 
0.8921289062499999 
1.1505273437499999 
0.8768945312499998 
0.9876367187499998 
1.3069726562500001 
1.2759179687500002 
0.97181640625 
0.8446679687499998 
1.2278710937500001 
0.8569726562499999 
1.1950585937500002 
0.9852929687499998 
1.31751953125 
1.2483789062500001 
1.17396484375 
1.17396484375 
0.8253320312499999 
0.8979882812499999 
0.7362695312499998 
1.2331445312500002 
1.3081445312500002 
1.2835351562500001 
1.16224609375 
1.2325585937500003 
0.9050195312499999 
0.8968164062499998 
1.0257226562500001 
0.8722070312499999 
1.17806640625 
1.1235742187500002 
1.1294335937500002 
1.31986328125 
1.22962890625 
0.9214257812500001 
1.18685546875 
1.2788476562500002 
0.4731835937499999 
0.92435546875 
1.15697265625 
1.22259765625 
0.8991601562499998 
1.22845703125 
1.2419335937500002 
1.23431640625 
1.2630273437500001 
1.0415429687500002 
1.16224609375 
1.1253320312500001 
1.07845703125 
1.3333398437500001 
0.8897851562499998 
1.03392578125 
1.25892578125 
1.19154296875 
1.1511132812499998 
0.8850976562499998 
1.2378320312500002 
1.2893945312500001 
1.00052734375 
1.08021484375 
1.3263085937500003 
1.21556640625 
1.0544335937500002 
1.2548242187500003 
0.8007226562499998 
1.2349023437500002 
1.15580078125 
0.7415429687499998 
1.30462890625 
1.21556640625 
0.6442773437499999 
1.2501367187500003 
0.91322265625 
0.8581445312499999 
