17 6 77 
1.22962890625 
1.2688867187500004 
0.7643945312499999 
1.2395898437500001 
1.29642578125 
0.97533203125 
1.00931640625 
1.2302148437500002 
1.24720703125 
1.24017578125 
1.1874414062499998 
1.21966796875 
1.21205078125 
0.7128320312499998 
1.2337304687500001 
1.16283203125 
1.20736328125 
1.1464257812499998 
0.92376953125 
0.9038476562499999 
1.25775390625 
0.91263671875 
0.5692773437499999 
1.01048828125 
1.07904296875 
1.00462890625 
0.7931054687499999 
0.9302148437500001 
0.96244140625 
1.29701171875 
1.2366601562500001 
1.20326171875 
1.2372460937500003 
0.94955078125 
1.0298242187500002 
0.6184960937499998 
1.11478515625 
1.2788476562500002 
0.64017578125 
1.3872460937500002 
0.9882226562499998 
0.8850976562499998 
1.2641992187500002 
1.15462890625 
1.0356835937500002 
1.24720703125 
1.2501367187500003 
0.8481835937499999 
1.22962890625 
1.29291015625 
1.09720703125 
1.2753320312500003 
0.95833984375 
0.91966796875 
1.30228515625 
1.2934960937500002 
1.2800195312500002 
1.3444726562500002 
1.07201171875 
0.92318359375 
1.2835351562500001 
1.12884765625 
0.8856835937499998 
1.13880859375 
1.1874414062499998 
1.33861328125 
0.8891992187499997 
1.15990234375 
0.9050195312499999 
1.00169921875 
0.8933007812499999 
0.8534570312499998 
1.1499414062499997 
1.13294921875 
0.7274804687499997 
1.2302148437500002 
0.6390039062499999 
1.0825585937500002 
1.2360742187500002 
0.98294921875 
0.96244140625 
1.0550195312500001 
1.17279296875 
0.6454492187499998 
1.22025390625 
1.17396484375 
1.06322265625 
0.8974023437499998 
0.8751367187499998 
1.16341796875 
1.1827539062499999 
1.22611328125 
1.10716796875 
0.8558007812499999 
1.17044921875 
0.4866601562499999 
1.2536523437500002 
0.97650390625 
1.05970703125 
0.8809960937499998 
1.23548828125 
1.11537109375 
0.8880273437499998 
0.6712304687499998 
1.22962890625 
1.1200585937500003 
0.92787109375 
1.0702539062499998 
1.26244140625 
1.19798828125 
0.93724609375 
1.1405664062499998 
0.7725976562499999 
1.2308007812500001 
0.93548828125 
1.2220117187500001 
0.92728515625 
1.23431640625 
1.28587890625 
0.98353515625 
0.9085351562499998 
1.2712304687500002 
1.2565820312500002 
1.2612695312500002 
1.14291015625 
1.19740234375 
1.19916015625 
1.23841796875 
0.8522851562499998 
1.2366601562500001 
1.16107421875 
1.22845703125 
1.2337304687500001 
0.8423242187499997 
1.2513085937500004 
1.25306640625 
1.0257226562500001 
1.18919921875 
1.1710351562499999 
1.37259765625 
1.01048828125 
1.18568359375 
0.7942773437499999 
1.2518945312500003 
1.37962890625 
1.06146484375 
1.2278710937500001 
0.7825585937499999 
0.8733789062499998 
0.9026757812499999 
1.06439453125 
0.9179101562499999 
1.2677148437500003 
1.26361328125 
1.15462890625 
0.8177148437499999 
0.97181640625 
1.05970703125 
0.7093164062499998 
1.03744140625 
1.30228515625 
1.17982421875 
0.98470703125 
1.2630273437500001 
0.8306054687499999 
0.9870507812499999 
0.6999414062499998 
0.94603515625 
0.7643945312499999 
0.7321679687499998 
1.2700585937500004 
1.2683007812500002 
1.2302148437500002 
1.29291015625 
1.2507226562500002 
0.6770898437499999 
1.10716796875 
1.2495507812500002 
1.2132226562500001 
0.8171289062499999 
0.91146484375 
1.23841796875 
1.10658203125 
1.1165429687500001 
1.2571679687500001 
1.28998046875 
1.2454492187500001 
0.9419335937500001 
1.29525390625 
1.2454492187500001 
1.2747460937500004 
1.25775390625 
1.2302148437500002 
1.2278710937500001 
1.1710351562499999 
1.2729882812500002 
1.22552734375 
0.9061914062499998 
1.00931640625 
1.2231835937500002 
