28 6 66 
1.07962890625 
0.7720117187499999 
1.2466210937500002 
1.2641992187500002 
0.9061914062499998 
0.7643945312499999 
0.8323632812499999 
0.7942773437499999 
1.2360742187500002 
1.2319726562500002 
1.14701171875 
0.8282617187499999 
0.9266992187499999 
0.8352929687499998 
1.28587890625 
0.9050195312499999 
1.22669921875 
0.8112695312499999 
1.20033203125 
0.7368554687499997 
0.6530664062499998 
1.10248046875 
1.3474023437500002 
1.22376953125 
1.2302148437500002 
1.2495507812500002 
1.15873046875 
1.15404296875 
1.26361328125 
1.2677148437500003 
1.23548828125 
1.31048828125 
1.2132226562500001 
1.2313867187500003 
1.2489648437500003 
1.10716796875 
1.28119140625 
1.29583984375 
1.26185546875 
1.20970703125 
0.6384179687499999 
0.94134765625 
1.1464257812499998 
1.2612695312500002 
1.02806640625 
1.03744140625 
1.0702539062499998 
0.7145898437499999 
1.2630273437500001 
0.7626367187499998 
0.92904296875 
1.2630273437500001 
0.92611328125 
0.6852929687499998 
1.01810546875 
1.25306640625 
1.20677734375 
1.20326171875 
1.0503320312500002 
0.8663476562499999 
1.18568359375 
1.0813867187500001 
0.7749414062499999 
1.2565820312500002 
1.08490234375 
0.8856835937499998 
1.21966796875 
1.2829492187500002 
1.17220703125 
1.07552734375 
1.21791015625 
1.2114648437500002 
1.22376953125 
1.07552734375 
1.13060546875 
1.1681054687499999 
1.1640039062499998 
1.2554101562500002 
1.26478515625 
0.8288476562499999 
1.1681054687499999 
0.94837890625 
1.2706445312500003 
1.2847070312500002 
1.2302148437500002 
0.9852929687499998 
1.32220703125 
1.1059960937500002 
1.1686914062499998 
1.2729882812500002 
0.6425195312499999 
1.17923828125 
0.91263671875 
1.2694726562500003 
0.7333398437499998 
1.01166015625 
0.7591210937499998 
1.0485742187500002 
1.1499414062499997 
0.9917382812499999 
1.2325585937500003 
1.06966796875 
1.18978515625 
0.9390039062500001 
1.1593164062499999 
1.00580078125 
1.2817773437500002 
1.22962890625 
0.6958398437499999 
1.00345703125 
1.21791015625 
0.8534570312499998 
1.2794335937500003 
0.8903710937499998 
0.8704492187499998 
1.1452539062499998 
1.06029296875 
1.08314453125 
1.13119140625 
1.21556640625 
1.2735742187500003 
1.23841796875 
0.7696679687499999 
0.8106835937499999 
0.95423828125 
0.6659570312499998 
1.20853515625 
1.18685546875 
1.04681640625 
1.2770898437500002 
1.0298242187500002 
1.08080078125 
1.25892578125 
0.8323632812499999 
1.26361328125 
0.96361328125 
1.2220117187500001 
1.1417382812499999 
1.09251953125 
1.22611328125 
1.2729882812500002 
0.97826171875 
1.0268945312500002 
1.3128320312500001 
1.27650390625 
1.2513085937500004 
1.0772851562499999 
1.29056640625 
1.13763671875 
1.17689453125 
1.08314453125 
0.6284570312499999 
1.22728515625 
1.04095703125 
1.19095703125 
1.2741601562500002 
0.8505273437499998 
1.04798828125 
0.95833984375 
1.22435546875 
1.29759765625 
0.7063867187499998 
1.08490234375 
1.07845703125 
1.22025390625 
1.2366601562500001 
1.2308007812500001 
0.95072265625 
1.23548828125 
1.22435546875 
0.9097070312499999 
1.23841796875 
1.28119140625 
1.23548828125 
1.2513085937500004 
0.7462304687499998 
1.24369140625 
1.24486328125 
0.7614648437499999 
0.9893945312499999 
0.8171289062499999 
1.2507226562500002 
0.96888671875 
1.20267578125 
0.7110742187499998 
0.6313867187499999 
1.1124414062499999 
1.22259765625 
0.93841796875 
1.11419921875 
1.2278710937500001 
1.4013085937500003 
1.17220703125 
1.24427734375 
0.8481835937499999 
1.2143945312500002 
1.20091796875 
1.2319726562500002 
1.10541015625 
1.2595117187500002 
