39 6 55 
1.22259765625 
1.27650390625 
1.2454492187500001 
1.0948632812499999 
1.2583398437500002 
1.17044921875 
1.1886132812499999 
0.7907617187499999 
1.08607421875 
1.22728515625 
1.20267578125 
0.8323632812499999 
1.09193359375 
0.8716210937499999 
0.92845703125 
1.22962890625 
0.95833984375 
1.10716796875 
1.2308007812500001 
1.2419335937500002 
0.95951171875 
1.2419335937500002 
0.9044335937499999 
1.17044921875 
1.10658203125 
1.33275390625 
0.97591796875 
1.1534570312499999 
1.1206445312500002 
0.6554101562499998 
0.96302734375 
1.21966796875 
0.8768945312499998 
1.2800195312500002 
1.2302148437500002 
0.7819726562499999 
1.2102929687500001 
1.24603515625 
0.7233789062499998 
0.91322265625 
1.2659570312500001 
1.2817773437500002 
1.3052148437500002 
0.8651757812499999 
1.24720703125 
1.3538476562500001 
0.7708398437499999 
1.1018945312500001 
1.20150390625 
1.0239648437500002 
0.95189453125 
1.19623046875 
1.15638671875 
0.9870507812499999 
1.2694726562500003 
1.2800195312500002 
1.1886132812499999 
0.7339257812499999 
1.0503320312500002 
0.9899804687499998 
1.19447265625 
1.17279296875 
1.22025390625 
1.2337304687500001 
1.2454492187500001 
1.12416015625 
1.2302148437500002 
1.1985742187500001 
1.03041015625 
0.7333398437499998 
0.8405664062499998 
1.32220703125 
0.8475976562499998 
1.2571679687500001 
1.12181640625 
0.8159570312499999 
0.9308007812500001 
1.1997460937500002 
1.04212890625 
1.08666015625 
1.24486328125 
1.22552734375 
0.95892578125 
1.2454492187500001 
1.18392578125 
1.12123046875 
1.13177734375 
1.2325585937500003 
1.31810546875 
0.8470117187499998 
1.12884765625 
0.8329492187499998 
1.1938867187500002 
1.2641992187500002 
1.1001367187500002 
0.7022851562499998 
1.1997460937500002 
1.23548828125 
0.7456445312499999 
1.3251367187500003 
1.0749414062499998 
0.8018945312499999 
0.96244140625 
0.91205078125 
1.31751953125 
1.20677734375 
1.2864648437500001 
1.2360742187500002 
0.7819726562499999 
1.24310546875 
1.2548242187500003 
1.0462304687500001 
1.2061914062499999 
0.5763085937499999 
0.91322265625 
1.20912109375 
1.2747460937500004 
0.8675195312499999 
0.8569726562499999 
1.2044335937500001 
1.19916015625 
1.19740234375 
0.9419335937500001 
1.2360742187500002 
1.21673828125 
1.20912109375 
1.1927148437500001 
0.8423242187499997 
0.9888085937499999 
0.7491601562499998 
0.8891992187499997 
0.98236328125 
1.01517578125 
1.03802734375 
1.12708984375 
0.9015039062499999 
0.94369140625 
1.2559960937500003 
1.2559960937500003 
0.9401757812500001 
1.23548828125 
1.19623046875 
1.05150390625 
1.19740234375 
0.9073632812499999 
1.0532617187500002 
1.2308007812500001 
0.8136132812499999 
0.7620507812499999 
0.9061914062499998 
1.12591796875 
1.01986328125 
1.2700585937500004 
1.22728515625 
1.29173828125 
1.2747460937500004 
0.96009765625 
1.2143945312500002 
1.24427734375 
1.2718164062500001 
1.2366601562500001 
0.8446679687499998 
1.09193359375 
1.00990234375 
1.2184960937500002 
0.93373046875 
1.33802734375 
1.29056640625 
0.91439453125 
1.2173242187500002 
1.2378320312500002 
1.06263671875 
0.92025390625 
1.00931640625 
1.2319726562500002 
1.0714257812499999 
1.22142578125 
0.8007226562499998 
1.2302148437500002 
1.0948632812499999 
1.2524804687500002 
0.7298242187499997 
1.01166015625 
0.95130859375 
1.2501367187500003 
1.25775390625 
1.2718164062500001 
1.12123046875 
0.8874414062499998 
1.07083984375 
0.7069726562499998 
1.24720703125 
0.96654296875 
0.7983789062499999 
1.24369140625 
1.02923828125 
1.2776757812500001 
1.2190820312500001 
1.08490234375 
1.0263085937500003 
