40 6 54 
0.8270898437499999 
0.8247460937499999 
1.13646484375 
1.3304101562500001 
1.18216796875 
1.2677148437500003 
1.10951171875 
1.2102929687500001 
1.2337304687500001 
1.24369140625 
1.0169335937500001 
1.30287109375 
0.98119140625 
1.29056640625 
1.21087890625 
1.00404296875 
0.91322265625 
1.08373046875 
1.01517578125 
0.6477929687499998 
1.10541015625 
0.9056054687499998 
1.22435546875 
1.2308007812500001 
0.8130273437499999 
0.6759179687499999 
1.21205078125 
1.2501367187500003 
1.20970703125 
1.2770898437500002 
0.7145898437499999 
1.0403710937500001 
1.15404296875 
0.8745507812499999 
0.98412109375 
0.9993554687499997 
0.98412109375 
1.19154296875 
1.21498046875 
1.2278710937500001 
1.2677148437500003 
1.2718164062500001 
1.2718164062500001 
1.06908203125 
1.07552734375 
1.0989648437500001 
1.18685546875 
1.09837890625 
1.26478515625 
1.1475976562499999 
1.0011132812499999 
0.97533203125 
1.2612695312500002 
0.95130859375 
1.0309960937500002 
0.91966796875 
1.17806640625 
1.18158203125 
1.2770898437500002 
0.96654296875 
0.9893945312499999 
1.00873046875 
1.33392578125 
1.24017578125 
0.9870507812499999 
0.98236328125 
0.8546289062499999 
1.12416015625 
0.8587304687499998 
1.2231835937500002 
1.2677148437500003 
1.0450585937500003 
1.0550195312500001 
1.2677148437500003 
1.05736328125 
1.2548242187500003 
1.0298242187500002 
1.0227929687500001 
0.93373046875 
1.15169921875 
1.06322265625 
0.8399804687499998 
1.2349023437500002 
0.92787109375 
0.8944726562499998 
1.2366601562500001 
1.20912109375 
1.20033203125 
1.03216796875 
0.7872460937499999 
0.9946679687499999 
1.20970703125 
1.29701171875 
1.07845703125 
0.9770898437500001 
1.31810546875 
0.97123046875 
1.21966796875 
0.9149804687499999 
0.97591796875 
0.7327539062499998 
1.2407617187500002 
0.8159570312499999 
1.2325585937500003 
0.97650390625 
1.22552734375 
1.2302148437500002 
1.24603515625 
1.09603515625 
0.9923242187499998 
1.1247460937500002 
1.2308007812500001 
1.20208984375 
0.7561914062499998 
1.09251953125 
1.0063867187500002 
0.95833984375 
1.17689453125 
0.9735742187499999 
0.8874414062499998 
0.7790429687499999 
1.2829492187500002 
0.7708398437499999 
0.5868554687499998 
0.8979882812499999 
1.2600976562500001 
0.8118554687499998 
1.21498046875 
1.20853515625 
1.31400390625 
1.3304101562500001 
1.23900390625 
1.23431640625 
0.8306054687499999 
1.2876367187500002 
1.0081445312500001 
1.2741601562500002 
1.08197265625 
1.2606835937500003 
1.2138085937500003 
0.9888085937499999 
0.8159570312499999 
1.27650390625 
1.12181640625 
0.93490234375 
1.2349023437500002 
0.9993554687499997 
1.0761132812499998 
1.22025390625 
1.2184960937500002 
0.96888671875 
1.33861328125 
1.2513085937500004 
1.22435546875 
0.94603515625 
0.7942773437499999 
1.13177734375 
1.21966796875 
1.05560546875 
1.22962890625 
1.2888085937500002 
1.2143945312500002 
0.8645898437499999 
1.02337890625 
1.1358789062499999 
0.8464257812499999 
1.30228515625 
1.22494140625 
1.2378320312500002 
0.9770898437500001 
1.12884765625 
0.94955078125 
1.20208984375 
1.0462304687500001 
0.8774804687499997 
0.78958984375 
0.8534570312499998 
1.2143945312500002 
1.0462304687500001 
0.8464257812499999 
0.6735742187499998 
1.21673828125 
1.0251367187500002 
0.9946679687499999 
1.2712304687500002 
1.22552734375 
1.23900390625 
1.2308007812500001 
1.21087890625 
1.20912109375 
1.2583398437500002 
1.2419335937500002 
1.06791015625 
0.8434960937499998 
1.22669921875 
1.16048828125 
1.22669921875 
0.8686914062499999 
1.02162109375 
0.7890039062499999 
