49 6 45 
1.05267578125 
0.6431054687499999 
1.03626953125 
1.06615234375 
1.02220703125 
1.07552734375 
1.2184960937500002 
1.33392578125 
1.2724023437500003 
1.2706445312500003 
1.10541015625 
1.20794921875 
1.2366601562500001 
1.2190820312500001 
1.2583398437500002 
1.22025390625 
0.8323632812499999 
1.02455078125 
1.2331445312500002 
0.8968164062499998 
1.01810546875 
1.2595117187500002 
1.22552734375 
0.9390039062500001 
0.8376367187499998 
1.2378320312500002 
1.02220703125 
1.08490234375 
0.9946679687499999 
1.2782617187500003 
1.06146484375 
1.22669921875 
1.0063867187500002 
1.24134765625 
1.20560546875 
0.7866601562499999 
1.22259765625 
1.15169921875 
0.8558007812499999 
1.02748046875 
1.2683007812500002 
1.2583398437500002 
1.2753320312500003 
1.07201171875 
1.29115234375 
1.07904296875 
0.8300195312499999 
1.2595117187500002 
1.25775390625 
1.2806054687500001 
1.2366601562500001 
0.95189453125 
0.95189453125 
1.2671289062500002 
0.8534570312499998 
1.08958984375 
1.22435546875 
1.2395898437500001 
1.17982421875 
1.06849609375 
1.2132226562500001 
0.8083398437499999 
0.8083398437499999 
1.22259765625 
0.8024804687499998 
1.08373046875 
0.98353515625 
0.9003320312499998 
0.7386132812499998 
1.2630273437500001 
1.3040429687500001 
1.20267578125 
1.1294335937500002 
0.94837890625 
0.97123046875 
1.2477929687500002 
0.9079492187499998 
1.22259765625 
1.12591796875 
0.97298828125 
1.2190820312500001 
1.16458984375 
0.92845703125 
0.94427734375 
1.22552734375 
0.96888671875 
1.01341796875 
1.0427148437500002 
1.14115234375 
1.16048828125 
1.0011132812499999 
1.2513085937500004 
1.0186914062499999 
1.22611328125 
0.6782617187499999 
0.8434960937499998 
1.28529296875 
1.01810546875 
1.3128320312500001 
1.19212890625 
1.06439453125 
1.0298242187500002 
0.95130859375 
1.22962890625 
1.2190820312500001 
0.92259765625 
1.25892578125 
1.2132226562500001 
1.22025390625 
1.2132226562500001 
1.21498046875 
1.2477929687500002 
1.22259765625 
1.14876953125 
1.0936914062499998 
1.2425195312500001 
0.7954492187499999 
1.09134765625 
1.2847070312500002 
1.24486328125 
1.2419335937500002 
1.2372460937500003 
1.24017578125 
0.9061914062499998 
1.2337304687500001 
1.2290429687500002 
0.8886132812499998 
1.2653710937500002 
1.21556640625 
1.20794921875 
1.06615234375 
0.94076171875 
0.8177148437499999 
1.06498046875 
1.24603515625 
0.8815820312499998 
0.9448632812500001 
0.6823632812499999 
1.25775390625 
1.24017578125 
1.15462890625 
1.20326171875 
1.1464257812499998 
1.0169335937500001 
1.2612695312500002 
0.7538476562499998 
1.20853515625 
1.23431640625 
1.2419335937500002 
0.8247460937499999 
1.2132226562500001 
0.9975976562499999 
1.16107421875 
1.2132226562500001 
1.26478515625 
1.10365234375 
0.9800195312500001 
1.2290429687500002 
1.16224609375 
0.8604882812499999 
1.08373046875 
1.2278710937500001 
0.7456445312499999 
1.2595117187500002 
1.00931640625 
1.2513085937500004 
1.0081445312500001 
1.24720703125 
1.2501367187500003 
0.7145898437499999 
1.31341796875 
0.94369140625 
1.17279296875 
0.9097070312499999 
1.22025390625 
1.21791015625 
1.0315820312500001 
1.20912109375 
1.2571679687500001 
1.2372460937500003 
0.8030664062499998 
1.3157617187500001 
1.07201171875 
1.21498046875 
1.2302148437500002 
1.2565820312500002 
1.20736328125 
0.92376953125 
0.8979882812499999 
1.2143945312500002 
0.9993554687499997 
1.1938867187500002 
1.2706445312500003 
0.93431640625 
0.9331445312500001 
0.8991601562499998 
1.02162109375 
1.20853515625 
1.2653710937500002 
0.92376953125 
