67 6 27 
1.25892578125 
1.28236328125 
0.6852929687499998 
1.12767578125 
1.25892578125 
1.2718164062500001 
1.24369140625 
1.12650390625 
0.6085351562499999 
0.9858789062499999 
1.24017578125 
1.1405664062499998 
1.16048828125 
0.94310546875 
1.24486328125 
0.91908203125 
1.2735742187500003 
1.22962890625 
0.8224023437499999 
1.18685546875 
1.2337304687500001 
0.96126953125 
1.21498046875 
0.9893945312499999 
1.30931640625 
1.2548242187500003 
1.26478515625 
1.20794921875 
1.2337304687500001 
0.94427734375 
1.1651757812499999 
1.00287109375 
1.2220117187500001 
1.2630273437500001 
1.21087890625 
1.21087890625 
1.0450585937500003 
1.21556640625 
1.2800195312500002 
1.07845703125 
1.2671289062500002 
1.0550195312500001 
1.13705078125 
0.91087890625 
1.2700585937500004 
0.7292382812499998 
1.2278710937500001 
1.1247460937500002 
1.05150390625 
0.94076171875 
1.2770898437500002 
1.2665429687500003 
0.9501367187499999 
0.8558007812499999 
1.16283203125 
1.2114648437500002 
1.1177148437500002 
0.8177148437499999 
1.01166015625 
1.2677148437500003 
1.1640039062499998 
0.6683007812499999 
1.2220117187500001 
1.33509765625 
1.1188867187500002 
1.0403710937500001 
1.0110742187500001 
1.10541015625 
1.2378320312500002 
0.9940820312499998 
1.2220117187500001 
1.20794921875 
1.0579492187500001 
0.9009179687499999 
1.08783203125 
1.23900390625 
1.20326171875 
1.0497460937500003 
1.0356835937500002 
1.24017578125 
1.2688867187500004 
1.3040429687500001 
1.2612695312500002 
1.21205078125 
0.8704492187499998 
0.9970117187499998 
1.2231835937500002 
1.0638085937500001 
1.2173242187500002 
1.22669921875 
1.2477929687500002 
1.29935546875 
0.7046289062499999 
1.0122460937500002 
0.91029296875 
1.24369140625 
1.04798828125 
1.2319726562500002 
0.93724609375 
1.2231835937500002 
0.8071679687499999 
1.05736328125 
1.1534570312499999 
1.2630273437500001 
1.2173242187500002 
0.8505273437499998 
0.8300195312499999 
1.2407617187500002 
1.2794335937500003 
1.06322265625 
1.24017578125 
1.2313867187500003 
1.00052734375 
1.2829492187500002 
1.2114648437500002 
0.5891992187499998 
1.16576171875 
1.2724023437500003 
0.9050195312499999 
1.2419335937500002 
0.94662109375 
1.26361328125 
0.97591796875 
1.08841796875 
0.7948632812499999 
0.8493554687499998 
0.96302734375 
1.05560546875 
1.2536523437500002 
0.9026757812499999 
1.0520898437500001 
1.12884765625 
1.15169921875 
1.2770898437500002 
0.94896484375 
0.91263671875 
0.7825585937499999 
0.7690820312499999 
1.25892578125 
0.96361328125 
1.22083984375 
0.9044335937499999 
1.22611328125 
1.23900390625 
0.8722070312499999 
0.97826171875 
1.0743554687499999 
1.2641992187500002 
1.22845703125 
0.6489648437499999 
1.17689453125 
0.6524804687499998 
1.09017578125 
0.96537109375 
0.9097070312499999 
1.2126367187500002 
0.8247460937499999 
0.95423828125 
1.06673828125 
1.2489648437500003 
1.2477929687500002 
1.03333984375 
1.24427734375 
1.00169921875 
1.2665429687500003 
1.2829492187500002 
1.23431640625 
0.94662109375 
1.00287109375 
0.9647851562499999 
1.2806054687500001 
1.22552734375 
1.19037109375 
1.2747460937500004 
1.21791015625 
1.2536523437500002 
1.23841796875 
1.2665429687500003 
1.16927734375 
1.13353515625 
1.03685546875 
1.2700585937500004 
1.2419335937500002 
0.9038476562499999 
0.93255859375 
0.95951171875 
0.92787109375 
0.8165429687499999 
1.23431640625 
1.22083984375 
1.2513085937500004 
0.9952539062499999 
0.8968164062499998 
1.2542382812500001 
1.23900390625 
1.21556640625 
1.2524804687500002 
1.2161523437500001 
1.10951171875 
0.8979882812499999 
