71 6 23 
0.92435546875 
1.20384765625 
0.8962304687499998 
1.2741601562500002 
1.22552734375 
1.2513085937500004 
1.20560546875 
1.08431640625 
0.9776757812500001 
1.06849609375 
1.22142578125 
1.1681054687499999 
1.2114648437500002 
1.2630273437500001 
1.2759179687500002 
1.24369140625 
0.7456445312499999 
1.09837890625 
1.22259765625 
0.7632226562499999 
1.22376953125 
1.22728515625 
1.08021484375 
0.8329492187499998 
1.22728515625 
1.2360742187500002 
1.2489648437500003 
1.20912109375 
1.25775390625 
1.2571679687500001 
1.2395898437500001 
0.7544335937499999 
1.28529296875 
0.9800195312500001 
1.21498046875 
0.7614648437499999 
1.2548242187500003 
0.9683007812500001 
1.2776757812500001 
0.8933007812499999 
0.98236328125 
1.2331445312500002 
0.7374414062499998 
1.1452539062499998 
0.9091210937499998 
1.2559960937500003 
0.9032617187499998 
0.9946679687499999 
0.7075585937499999 
1.1188867187500002 
1.10541015625 
1.24603515625 
1.22845703125 
1.06849609375 
1.2565820312500002 
1.00462890625 
1.2308007812500001 
1.21673828125 
1.02162109375 
1.15638671875 
1.30873046875 
1.2173242187500002 
0.9390039062500001 
0.7356835937499998 
1.2132226562500001 
1.2114648437500002 
1.2712304687500002 
1.2688867187500004 
1.2788476562500002 
1.29642578125 
0.9964257812499999 
1.01576171875 
0.96537109375 
1.09603515625 
1.2565820312500002 
0.7368554687499997 
1.2044335937500001 
1.02337890625 
0.92611328125 
1.2524804687500002 
1.1927148437500001 
1.20736328125 
1.09193359375 
1.0936914062499998 
1.23841796875 
1.01048828125 
0.92201171875 
1.05677734375 
1.22962890625 
1.10541015625 
1.2454492187500001 
0.9946679687499999 
1.30873046875 
0.95189453125 
1.2554101562500002 
0.8927148437499999 
1.2395898437500001 
0.8792382812499998 
0.7028710937499998 
1.2483789062500001 
0.7304101562499997 
1.2477929687500002 
1.24369140625 
1.24017578125 
0.6747460937499998 
1.1997460937500002 
1.22259765625 
0.94837890625 
0.8903710937499998 
1.13763671875 
0.7421289062499998 
1.2641992187500002 
0.9975976562499999 
1.23548828125 
1.0825585937500002 
1.08548828125 
1.2454492187500001 
1.2366601562500001 
1.2641992187500002 
0.8054101562499998 
0.8452539062499999 
0.94837890625 
1.2366601562500001 
1.2747460937500004 
1.23431640625 
1.09134765625 
0.8915429687499998 
0.8470117187499998 
0.8054101562499998 
1.23900390625 
1.29759765625 
1.2694726562500003 
1.2683007812500002 
1.2565820312500002 
1.2366601562500001 
1.0872460937500001 
1.2425195312500001 
1.21966796875 
1.2360742187500002 
1.2700585937500004 
1.08841796875 
0.9524804687499999 
1.3263085937500003 
1.2700585937500004 
1.1018945312500001 
1.0532617187500002 
1.2132226562500001 
1.2102929687500001 
1.26361328125 
1.24310546875 
0.96888671875 
1.0491601562500001 
1.24369140625 
1.2061914062499999 
1.22611328125 
1.01751953125 
1.2378320312500002 
1.1575585937500001 
1.25775390625 
1.2712304687500002 
0.8763085937499998 
0.9073632812499999 
0.7450585937499998 
1.2595117187500002 
1.12650390625 
1.04681640625 
1.21556640625 
1.2847070312500002 
0.7532617187499998 
1.2325585937500003 
0.9981835937499999 
1.2290429687500002 
1.01517578125 
0.8370507812499999 
1.2143945312500002 
1.2184960937500002 
1.2419335937500002 
1.20033203125 
1.21966796875 
0.7556054687499998 
1.2794335937500003 
1.2102929687500001 
1.05970703125 
1.18158203125 
0.8938867187499998 
1.2308007812500001 
1.20736328125 
0.8944726562499998 
1.24369140625 
1.2395898437500001 
1.22552734375 
1.3169335937500002 
0.8628320312499999 
0.91146484375 
0.8300195312499999 
1.05150390625 
0.6923242187499997 
1.17865234375 
0.9993554687499997 
1.24134765625 
