56 1 43 
1.41302734375 
1.4013085937500003 
1.4341210937500002 
1.4188867187500003 
1.4206445312500002 
1.4095117187500001 
1.4177148437500002 
1.4106835937500002 
1.4194726562500002 
1.42884765625 
1.43236328125 
1.41478515625 
1.40833984375 
1.42591796875 
1.4282617187500002 
1.4188867187500003 
1.41009765625 
1.41185546875 
1.4405664062499999 
1.43060546875 
1.4294335937500002 
1.4270898437500001 
1.43998046875 
1.41478515625 
1.42591796875 
1.4241601562500001 
1.41302734375 
1.41244140625 
1.4300195312500001 
1.4241601562500001 
1.4048242187500002 
1.4194726562500002 
1.4300195312500001 
1.41185546875 
1.40423828125 
1.4153710937500001 
1.4177148437500002 
1.43705078125 
1.41361328125 
1.40775390625 
1.4013085937500003 
1.43236328125 
1.40833984375 
1.41595703125 
1.4282617187500002 
1.41595703125 
1.42767578125 
1.41302734375 
1.4106835937500002 
1.39427734375 
1.41712890625 
1.4241601562500001 
1.4200585937500003 
1.41712890625 
1.4188867187500003 
1.4235742187500002 
1.43236328125 
1.41419921875 
1.4177148437500002 
1.44115234375 
1.42181640625 
1.4282617187500002 
1.41185546875 
1.4241601562500001 
1.40892578125 
1.43529296875 
1.4282617187500002 
1.43119140625 
1.43177734375 
1.4294335937500002 
1.40892578125 
1.4300195312500001 
1.42884765625 
1.41595703125 
1.4241601562500001 
1.41595703125 
1.4253320312500002 
1.4048242187500002 
1.4183007812500001 
1.39427734375 
1.41595703125 
1.43470703125 
1.41185546875 
1.4247460937500003 
1.43353515625 
1.4095117187500001 
1.4007226562500001 
1.4282617187500002 
1.41244140625 
1.42650390625 
1.4188867187500003 
1.41244140625 
1.4235742187500002 
1.43587890625 
1.43705078125 
1.4294335937500002 
1.40892578125 
1.4241601562500001 
1.4241601562500001 
1.42298828125 
1.41712890625 
1.41302734375 
1.41595703125 
1.41244140625 
1.43119140625 
1.41126953125 
1.4247460937500003 
1.4206445312500002 
1.40423828125 
1.4183007812500001 
1.4206445312500002 
1.43119140625 
1.41595703125 
1.41712890625 
1.4018945312500002 
1.4036523437500001 
1.39251953125 
1.41419921875 
1.4007226562500001 
1.43177734375 
1.4200585937500003 
1.42181640625 
1.42884765625 
1.43119140625 
1.42767578125 
1.43646484375 
1.41595703125 
1.41185546875 
1.43236328125 
1.4183007812500001 
1.4294335937500002 
1.39662109375 
1.4253320312500002 
1.41126953125 
1.4153710937500001 
1.4300195312500001 
1.41009765625 
1.41595703125 
1.4212304687500001 
1.42767578125 
1.4212304687500001 
1.42884765625 
1.43470703125 
1.43236328125 
1.41361328125 
1.41419921875 
1.4224023437500002 
1.4065820312500001 
1.4188867187500003 
1.42591796875 
1.4224023437500002 
1.43353515625 
1.41244140625 
1.4300195312500001 
1.41185546875 
1.39134765625 
1.3977929687500001 
1.43177734375 
1.43470703125 
1.42884765625 
1.41302734375 
1.41009765625 
1.43236328125 
1.4224023437500002 
1.4018945312500002 
1.40833984375 
1.42650390625 
1.42298828125 
1.42767578125 
1.4194726562500002 
1.4300195312500001 
1.4059960937500002 
1.40541015625 
1.4270898437500001 
1.42767578125 
1.43529296875 
1.42767578125 
1.43119140625 
1.4194726562500002 
1.4241601562500001 
1.4270898437500001 
1.40833984375 
1.43119140625 
1.42767578125 
1.40716796875 
1.42767578125 
1.40541015625 
1.4300195312500001 
1.42181640625 
1.43177734375 
1.42767578125 
1.4300195312500001 
1.4095117187500001 
1.41712890625 
1.3989648437500002 
1.4212304687500001 
1.43177734375 
1.4235742187500002 
1.42767578125 
1.4224023437500002 
