77 6 17 
1.06673828125 
1.13119140625 
1.13998046875 
1.18041015625 
0.7099023437499998 
1.2132226562500001 
1.03216796875 
1.21966796875 
1.2841210937500003 
0.8212304687499998 
1.2425195312500001 
1.2554101562500002 
0.6097070312499999 
1.23431640625 
0.9870507812499999 
1.25306640625 
1.22259765625 
0.8569726562499999 
0.8388085937499998 
1.05150390625 
1.2454492187500001 
1.07669921875 
1.2518945312500003 
1.2395898437500001 
1.3081445312500002 
1.1018945312500001 
1.2132226562500001 
1.22435546875 
1.23548828125 
1.19154296875 
0.7380273437499998 
1.2518945312500003 
1.1763085937500002 
0.9214257812500001 
1.2794335937500003 
1.2671289062500002 
1.22259765625 
1.20736328125 
1.01751953125 
1.13294921875 
1.05677734375 
1.28822265625 
1.2407617187500002 
1.22025390625 
1.2835351562500001 
1.22259765625 
1.21087890625 
0.98412109375 
1.29525390625 
1.22962890625 
1.2513085937500004 
1.29173828125 
1.2114648437500002 
1.2759179687500002 
1.27650390625 
0.9858789062499999 
1.22259765625 
1.28236328125 
1.2518945312500003 
1.2729882812500002 
0.6108789062499999 
0.8821679687499998 
1.2606835937500003 
1.02044921875 
1.25775390625 
0.7503320312499998 
1.2337304687500001 
0.9964257812499999 
1.01634765625 
1.08958984375 
1.22142578125 
1.15990234375 
1.3263085937500003 
1.16166015625 
0.95716796875 
0.97650390625 
1.23900390625 
1.2753320312500003 
1.15697265625 
1.1950585937500002 
1.2308007812500001 
1.3122460937500002 
1.22728515625 
0.8153710937499998 
0.8247460937499999 
1.02923828125 
0.7386132812499998 
1.20912109375 
1.2554101562500002 
0.8382226562499998 
1.05091796875 
0.94720703125 
0.92376953125 
1.26478515625 
1.23841796875 
1.2319726562500002 
1.2190820312500001 
1.11478515625 
1.0315820312500001 
1.01400390625 
0.7327539062499998 
0.6366601562499998 
1.11712890625 
1.2061914062499999 
1.24134765625 
1.22728515625 
1.1464257812499998 
0.95189453125 
0.8710351562499998 
1.02455078125 
0.8364648437499999 
1.24134765625 
0.8358789062499998 
1.21791015625 
1.2507226562500002 
1.2395898437500001 
1.2683007812500002 
1.24603515625 
1.22611328125 
1.23548828125 
1.18216796875 
1.23900390625 
0.7444726562499998 
0.96068359375 
1.0052148437500001 
1.13998046875 
1.2565820312500002 
0.9870507812499999 
1.2554101562500002 
1.14291015625 
1.07669921875 
1.0427148437500002 
0.9776757812500001 
1.24017578125 
0.9952539062499999 
1.17337890625 
0.96654296875 
1.06849609375 
1.18158203125 
1.09193359375 
1.23431640625 
1.2366601562500001 
1.28236328125 
0.7345117187499998 
1.2483789062500001 
1.2718164062500001 
1.2190820312500001 
1.06322265625 
1.2319726562500002 
1.2542382812500001 
1.02220703125 
1.2753320312500003 
1.23431640625 
1.2454492187500001 
1.20912109375 
1.2454492187500001 
1.2143945312500002 
1.2893945312500001 
0.9425195312500001 
1.23841796875 
1.2126367187500002 
0.9395898437500001 
0.9958398437499999 
0.9003320312499998 
0.7989648437499999 
0.92025390625 
1.21087890625 
1.2114648437500002 
1.2817773437500002 
1.23841796875 
1.1253320312500001 
1.23841796875 
0.9858789062499999 
1.01576171875 
1.2313867187500003 
1.2712304687500002 
1.00404296875 
1.2360742187500002 
1.21673828125 
1.02220703125 
1.03626953125 
0.9061914062499998 
0.8317773437499999 
0.8335351562499999 
1.21087890625 
1.2143945312500002 
1.02103515625 
0.7884179687499999 
0.9940820312499998 
1.17865234375 
1.0345117187500001 
0.9852929687499998 
1.2161523437500001 
1.2378320312500002 
1.29759765625 
0.96888671875 
1.23900390625 
1.09779296875 
1.2501367187500003 
1.2349023437500002 
