94 6 0 
1.2606835937500003 
1.02455078125 
1.08373046875 
1.2759179687500002 
1.2278710937500001 
0.7966210937499999 
1.19447265625 
1.21556640625 
1.2114648437500002 
1.29173828125 
1.24603515625 
0.8821679687499998 
1.2313867187500003 
1.16576171875 
1.2489648437500003 
0.94896484375 
1.1575585937500001 
1.15873046875 
1.24369140625 
1.21556640625 
1.21498046875 
1.2360742187500002 
0.7831445312499999 
1.29583984375 
1.3128320312500001 
1.22142578125 
0.9308007812500001 
0.7561914062499998 
1.28705078125 
1.22083984375 
1.21556640625 
1.20091796875 
1.13939453125 
1.20560546875 
1.25306640625 
1.2378320312500002 
1.2231835937500002 
1.09134765625 
1.01048828125 
1.2923242187500001 
1.2548242187500003 
1.14583984375 
1.01166015625 
1.2319726562500002 
1.2741601562500002 
1.2630273437500001 
1.28705078125 
1.1505273437499999 
1.24486328125 
1.0356835937500002 
1.2454492187500001 
1.2173242187500002 
0.91380859375 
1.1177148437500002 
1.2231835937500002 
1.1997460937500002 
0.91380859375 
0.9015039062499999 
1.25306640625 
1.19681640625 
0.8915429687499998 
0.8388085937499998 
1.24427734375 
1.2999414062499999 
0.9179101562499999 
1.26361328125 
1.2600976562500001 
1.2308007812500001 
1.17162109375 
0.7257226562499998 
1.2659570312500001 
0.96947265625 
1.2724023437500003 
1.24427734375 
1.00345703125 
1.2489648437500003 
0.7579492187499998 
1.09310546875 
1.13529296875 
0.8704492187499998 
0.91146484375 
1.11830078125 
1.04095703125 
1.21673828125 
1.06498046875 
1.21205078125 
1.24310546875 
0.9179101562499999 
0.8974023437499998 
1.02337890625 
1.23841796875 
1.20267578125 
0.9993554687499997 
1.22552734375 
1.20501953125 
1.23548828125 
1.2595117187500002 
0.8370507812499999 
0.9554101562499999 
0.8306054687499999 
1.13470703125 
0.94544921875 
1.2114648437500002 
0.98412109375 
1.1950585937500002 
1.24486328125 
1.19623046875 
1.22962890625 
1.0110742187500001 
1.12767578125 
1.10541015625 
0.91205078125 
1.06966796875 
0.7016992187499997 
0.9067773437499999 
1.16107421875 
1.23841796875 
1.2173242187500002 
1.0186914062499999 
1.2835351562500001 
1.26478515625 
1.22669921875 
0.9899804687499998 
1.1950585937500002 
1.1950585937500002 
1.15814453125 
1.2683007812500002 
1.2138085937500003 
1.09603515625 
1.2653710937500002 
1.21087890625 
1.2700585937500004 
1.2548242187500003 
1.19095703125 
1.23548828125 
1.00287109375 
1.29291015625 
1.2220117187500001 
1.2706445312500003 
1.2290429687500002 
1.29115234375 
0.8821679687499998 
1.2583398437500002 
1.24017578125 
1.03392578125 
1.22552734375 
1.19447265625 
1.22845703125 
1.24603515625 
1.20208984375 
0.9554101562499999 
1.22142578125 
1.2565820312500002 
1.2184960937500002 
0.9061914062499998 
1.2483789062500001 
1.2126367187500002 
1.2565820312500002 
1.20853515625 
1.2483789062500001 
1.2190820312500001 
1.2360742187500002 
1.09251953125 
1.21556640625 
1.12181640625 
1.2847070312500002 
1.2161523437500001 
1.2466210937500002 
1.2665429687500003 
0.93724609375 
1.2518945312500003 
1.26244140625 
1.2138085937500003 
1.2173242187500002 
1.0427148437500002 
1.0052148437500001 
1.12416015625 
1.21205078125 
1.2483789062500001 
1.2138085937500003 
1.2595117187500002 
1.19916015625 
1.2366601562500001 
0.7403710937499998 
1.15697265625 
1.24427734375 
1.0474023437500002 
1.22376953125 
1.2501367187500003 
0.8657617187499999 
1.2659570312500001 
1.2407617187500002 
1.2325585937500003 
0.7907617187499999 
1.11537109375 
1.0081445312500001 
1.22845703125 
1.24486328125 
1.26478515625 
1.16576171875 
