8 7 85 
0.9038476562499999 
0.97005859375 
1.24369140625 
1.1282617187500001 
0.8786523437499998 
1.1651757812499999 
1.2741601562500002 
0.94310546875 
1.08607421875 
1.2302148437500002 
0.9448632812500001 
1.2454492187500001 
1.09955078125 
1.1927148437500001 
1.2507226562500002 
0.92611328125 
0.8382226562499998 
1.0110742187500001 
1.09779296875 
1.2378320312500002 
0.7720117187499999 
0.8405664062499998 
0.9214257812500001 
0.8874414062499998 
1.22611328125 
1.12416015625 
0.82767578125 
1.2231835937500002 
1.22259765625 
1.16927734375 
0.8622460937499998 
1.22259765625 
0.97884765625 
1.3503320312500002 
1.2477929687500002 
0.8136132812499999 
1.24134765625 
1.07318359375 
1.2290429687500002 
0.7790429687499999 
1.04681640625 
0.8071679687499999 
1.10423828125 
0.7567773437499998 
0.8335351562499999 
0.93197265625 
1.2595117187500002 
1.0872460937500001 
0.6061914062499999 
1.2302148437500002 
1.16634765625 
0.9999414062499997 
1.07201171875 
1.22611328125 
1.13763671875 
1.2683007812500002 
1.1294335937500002 
0.92083984375 
1.11537109375 
1.2489648437500003 
1.3128320312500001 
1.19212890625 
1.1763085937500002 
1.2806054687500001 
1.21498046875 
1.22669921875 
0.7913476562499999 
1.1200585937500003 
0.96009765625 
0.9964257812499999 
1.20677734375 
1.1200585937500003 
0.8165429687499999 
0.8897851562499998 
0.7497460937499998 
1.2290429687500002 
0.6290429687499999 
1.1165429687500001 
0.9940820312499998 
0.9015039062499999 
0.8083398437499999 
1.33509765625 
0.9993554687499997 
1.2190820312500001 
1.0474023437500002 
1.13353515625 
0.96712890625 
0.64017578125 
1.1200585937500003 
1.2360742187500002 
0.8815820312499998 
1.22435546875 
1.2595117187500002 
1.2536523437500002 
1.13119140625 
1.2653710937500002 
1.22552734375 
1.03861328125 
1.1177148437500002 
0.8739648437499998 
0.6448632812499999 
0.7913476562499999 
1.10892578125 
1.1927148437500001 
0.8024804687499998 
1.3497460937500003 
1.0491601562500001 
1.23431640625 
0.94837890625 
0.9888085937499999 
1.14408203125 
1.44291015625 
0.9981835937499999 
1.0638085937500001 
0.9003320312499998 
1.02806640625 
0.6671289062499999 
1.24134765625 
1.3520898437500002 
0.8100976562499999 
0.6735742187499998 
1.2518945312500003 
1.25775390625 
0.5974023437499999 
0.9888085937499999 
0.7661523437499999 
1.2395898437500001 
1.2659570312500001 
1.1188867187500002 
0.7368554687499997 
1.0356835937500002 
1.13294921875 
0.9888085937499999 
1.2372460937500003 
0.9085351562499998 
0.6589257812499999 
1.2477929687500002 
0.8722070312499999 
0.8434960937499998 
0.6085351562499999 
1.2554101562500002 
1.07787109375 
1.1534570312499999 
1.2641992187500002 
1.20384765625 
1.0714257812499999 
0.8048242187499998 
1.12298828125 
0.97474609375 
0.8100976562499999 
1.15638671875 
1.34681640625 
1.5641992187500002 
0.8188867187499999 
1.0286523437500001 
1.16341796875 
0.5341210937499999 
1.33509765625 
0.7755273437499999 
0.7350976562499998 
1.43177734375 
0.8581445312499999 
0.8306054687499999 
1.2671289062500002 
0.7866601562499999 
1.18216796875 
1.43529296875 
1.12123046875 
0.94955078125 
0.9548242187499999 
1.01634765625 
0.9425195312500001 
0.8475976562499998 
0.8604882812499999 
1.0251367187500002 
1.2536523437500002 
1.29525390625 
1.1235742187500002 
1.12591796875 
0.6085351562499999 
0.6794335937499999 
1.17044921875 
1.3479882812500001 
1.0052148437500001 
1.1188867187500002 
1.2671289062500002 
0.8692773437499999 
0.8815820312499998 
0.8036523437499998 
0.8540429687499999 
1.1809960937500001 
1.02806640625 
0.95775390625 
1.2477929687500002 
1.3391992187500001 
1.07201171875 
1.16576171875 
1.14701171875 
1.4048242187500002 
1.13001953125 
