26 7 67 
1.16693359375 
1.15287109375 
1.18978515625 
0.6841210937499999 
1.1640039062499998 
1.1938867187500002 
0.8388085937499998 
1.3063867187500002 
0.8188867187499999 
0.7028710937499998 
0.91380859375 
1.2184960937500002 
1.3075585937500003 
1.21087890625 
0.8147851562499998 
1.1282617187500001 
0.7421289062499998 
0.8241601562499998 
1.1018945312500001 
0.8522851562499998 
1.11537109375 
1.2126367187500002 
1.0485742187500002 
0.9882226562499998 
0.91205078125 
0.8722070312499999 
1.3427148437500003 
1.2788476562500002 
1.2524804687500002 
1.19330078125 
0.8036523437499998 
1.17982421875 
1.28529296875 
1.2161523437500001 
1.2583398437500002 
1.29173828125 
0.8552148437499999 
1.2360742187500002 
0.8030664062499998 
1.2231835937500002 
1.33978515625 
0.9020898437499999 
1.10306640625 
1.2630273437500001 
1.2501367187500003 
1.09017578125 
1.19798828125 
0.8546289062499999 
1.21498046875 
0.9618554687499999 
1.2220117187500001 
0.8733789062499998 
1.0989648437500001 
1.17748046875 
1.3075585937500003 
1.2524804687500002 
1.12298828125 
0.9015039062499999 
1.20267578125 
1.2606835937500003 
0.7052148437499999 
1.24017578125 
1.13236328125 
1.3227929687500002 
0.9044335937499999 
1.20208984375 
0.8780664062499998 
0.92787109375 
1.0550195312500001 
1.12298828125 
0.7374414062499998 
1.2641992187500002 
0.9929101562499998 
0.92259765625 
1.1593164062499999 
1.3052148437500002 
1.10951171875 
1.16634765625 
1.2044335937500001 
0.92845703125 
1.00462890625 
1.11478515625 
1.0122460937500002 
1.20384765625 
1.0063867187500002 
0.8481835937499999 
1.2425195312500001 
1.32220703125 
1.28236328125 
0.8927148437499999 
1.36439453125 
0.45677734374999995 
1.0772851562499999 
0.9020898437499999 
1.15404296875 
1.40306640625 
1.2706445312500003 
0.94896484375 
1.22494140625 
1.1253320312500001 
1.0655664062499999 
1.2759179687500002 
0.8821679687499998 
1.06146484375 
1.29759765625 
1.03041015625 
0.98412109375 
1.03744140625 
1.2395898437500001 
1.3544335937500003 
0.8974023437499998 
0.7843164062499999 
1.1124414062499999 
0.93783203125 
1.24603515625 
1.11302734375 
1.04095703125 
0.8317773437499999 
1.02923828125 
1.15873046875 
1.2800195312500002 
1.2501367187500003 
1.17923828125 
0.9776757812500001 
1.15814453125 
0.53177734375 
0.9970117187499998 
1.0872460937500001 
1.19740234375 
0.8628320312499999 
1.2325585937500003 
1.2934960937500002 
1.2700585937500004 
0.8323632812499999 
1.2337304687500001 
1.09251953125 
0.91966796875 
1.18626953125 
1.20091796875 
1.10716796875 
1.2542382812500001 
1.17865234375 
0.8886132812499998 
1.19447265625 
0.5856835937499999 
0.7702539062499999 
1.1985742187500001 
0.7714257812499999 
1.16224609375 
0.91673828125 
1.1177148437500002 
1.2700585937500004 
1.24486328125 
0.9079492187499998 
0.9888085937499999 
0.7919335937499999 
1.18919921875 
0.9214257812500001 
0.96244140625 
1.20912109375 
0.9395898437500001 
0.8458398437499999 
1.2706445312500003 
1.2841210937500003 
0.8856835937499998 
1.2419335937500002 
1.2583398437500002 
0.8985742187499998 
1.0544335937500002 
0.8868554687499998 
0.8552148437499999 
1.2729882812500002 
1.2132226562500001 
0.6788476562499999 
1.0309960937500002 
0.7415429687499998 
1.24017578125 
0.96361328125 
1.19095703125 
1.05267578125 
1.03626953125 
0.94837890625 
1.3427148437500003 
1.14232421875 
1.1950585937500002 
1.0743554687499999 
0.7626367187499998 
1.2759179687500002 
1.3538476562500001 
1.16048828125 
1.26361328125 
1.22728515625 
0.8376367187499998 
1.19037109375 
1.24017578125 
0.8886132812499998 
1.24486328125 
1.36732421875 
1.19916015625 
0.9173242187499999 
