34 7 59 
1.20794921875 
1.2829492187500002 
0.8493554687499998 
1.2231835937500002 
1.2466210937500002 
1.18568359375 
0.6091210937499999 
1.12298828125 
0.91966796875 
1.2888085937500002 
1.21673828125 
1.0474023437500002 
1.10365234375 
0.7802148437499999 
1.18216796875 
1.2378320312500002 
0.7222070312499999 
1.26185546875 
1.0743554687499999 
1.2378320312500002 
0.8827539062499998 
0.6079492187499999 
1.06029296875 
0.93373046875 
0.9975976562499999 
1.0825585937500002 
1.04798828125 
1.13353515625 
0.5927148437499999 
1.24369140625 
1.09310546875 
1.24427734375 
0.9425195312500001 
1.22435546875 
1.2923242187500001 
0.6970117187499998 
1.2220117187500001 
0.5722070312499999 
1.2184960937500002 
0.8018945312499999 
0.9958398437499999 
1.2372460937500003 
1.2847070312500002 
1.07845703125 
1.05619140625 
1.2190820312500001 
1.1013085937500002 
1.2700585937500004 
1.06498046875 
0.7854882812499999 
1.17044921875 
0.8827539062499998 
0.8347070312499999 
1.09662109375 
1.03333984375 
0.7931054687499999 
1.09603515625 
0.9559960937499999 
1.24427734375 
0.7936914062499999 
1.22845703125 
0.9987695312499999 
0.6694726562499999 
1.2360742187500002 
1.17865234375 
1.24427734375 
0.97064453125 
0.8382226562499998 
0.98412109375 
0.9009179687499999 
1.06732421875 
1.09955078125 
1.17455078125 
1.22611328125 
1.22435546875 
1.29642578125 
1.28998046875 
1.13880859375 
1.25892578125 
1.00462890625 
1.2220117187500001 
0.8786523437499998 
1.2044335937500001 
0.8886132812499998 
0.5499414062499999 
0.8540429687499999 
1.2513085937500004 
0.7116601562499998 
1.2454492187500001 
0.7825585937499999 
0.8974023437499998 
1.3362695312500001 
1.0474023437500002 
1.2173242187500002 
1.14876953125 
1.2606835937500003 
1.13646484375 
1.01751953125 
1.00697265625 
0.9331445312500001 
1.3069726562500001 
0.8481835937499999 
1.2302148437500002 
0.7983789062499999 
1.2395898437500001 
0.8944726562499998 
0.6636132812499999 
1.05150390625 
1.03509765625 
1.0309960937500002 
1.11302734375 
1.2630273437500001 
0.8640039062499999 
1.2132226562500001 
1.04095703125 
1.0872460937500001 
0.9559960937499999 
1.2143945312500002 
1.12767578125 
1.2659570312500001 
0.95658203125 
1.2683007812500002 
0.8118554687499998 
1.2934960937500002 
1.3345117187500002 
1.30462890625 
1.36673828125 
1.11361328125 
0.8470117187499998 
1.2747460937500004 
1.02103515625 
0.97884765625 
1.2554101562500002 
1.00228515625 
0.6202539062499999 
1.11126953125 
0.8575585937499999 
1.2542382812500001 
0.8434960937499998 
1.3052148437500002 
0.9020898437499999 
0.6272851562499998 
1.22728515625 
1.22376953125 
1.1985742187500001 
0.8405664062499998 
1.18451171875 
0.7169335937499999 
0.91205078125 
0.7632226562499999 
1.2835351562500001 
1.2190820312500001 
1.09017578125 
1.2331445312500002 
1.24603515625 
1.2548242187500003 
1.2319726562500002 
1.2741601562500002 
1.24369140625 
1.33978515625 
1.17923828125 
0.94603515625 
0.93548828125 
0.8938867187499998 
1.13236328125 
0.9501367187499999 
1.2290429687500002 
1.21791015625 
0.95423828125 
0.6495507812499999 
0.6624414062499998 
0.93666015625 
0.7239648437499998 
1.22962890625 
0.8634179687499999 
1.22552734375 
1.06966796875 
1.2102929687500001 
0.9993554687499997 
1.03919921875 
1.1763085937500002 
0.6308007812499999 
1.28119140625 
1.01400390625 
1.2477929687500002 
0.7796289062499999 
0.8640039062499999 
1.1018945312500001 
1.2366601562500001 
1.2513085937500004 
1.14876953125 
0.7099023437499998 
0.7386132812499998 
0.78080078125 
0.9559960937499999 
1.22142578125 
1.2407617187500002 
1.11478515625 
0.9940820312499998 
1.21556640625 
