35 7 58 
1.2419335937500002 
0.92552734375 
1.22142578125 
1.3251367187500003 
1.29583984375 
1.1124414062499999 
0.92083984375 
0.8827539062499998 
1.03041015625 
1.17279296875 
0.8757226562499998 
1.2641992187500002 
1.0503320312500002 
0.8880273437499998 
1.2325585937500003 
0.8370507812499999 
1.2741601562500002 
1.2126367187500002 
1.07376953125 
1.0081445312500001 
1.1763085937500002 
0.8487695312499999 
0.95716796875 
1.13529296875 
1.23431640625 
1.19916015625 
1.01810546875 
0.94310546875 
0.7813867187499999 
1.24427734375 
1.06791015625 
0.8792382812499998 
1.2278710937500001 
0.6741601562499998 
0.8804101562499997 
1.2325585937500003 
1.07962890625 
1.2548242187500003 
0.8259179687499999 
0.7866601562499999 
0.95951171875 
0.8950585937499999 
1.2378320312500002 
1.2835351562500001 
0.95892578125 
1.31810546875 
1.2495507812500002 
0.6823632812499999 
0.9085351562499998 
1.2319726562500002 
0.93783203125 
1.07787109375 
1.0936914062499998 
1.1499414062499997 
1.11595703125 
0.6015039062499999 
1.26244140625 
1.1493554687499998 
0.6993554687499998 
1.2495507812500002 
1.24603515625 
1.2395898437500001 
0.8470117187499998 
1.2788476562500002 
1.22025390625 
1.2683007812500002 
0.8938867187499998 
1.2313867187500003 
1.30228515625 
1.07201171875 
1.1534570312499999 
1.2835351562500001 
0.91966796875 
1.00052734375 
1.26244140625 
1.22552734375 
0.8616601562499998 
1.06087890625 
0.7954492187499999 
0.92494140625 
1.0450585937500003 
0.96888671875 
1.2454492187500001 
1.07669921875 
0.9097070312499999 
0.9893945312499999 
1.26361328125 
0.8341210937499999 
1.08490234375 
0.8329492187499998 
1.07201171875 
1.24369140625 
1.11712890625 
0.7936914062499999 
1.22552734375 
0.8985742187499998 
1.0227929687500001 
1.22552734375 
0.94955078125 
1.0169335937500001 
1.1874414062499998 
0.60501953125 
1.01576171875 
1.2507226562500002 
0.8118554687499998 
0.8311914062499999 
1.03685546875 
0.9044335937499999 
1.1956445312500001 
1.2612695312500002 
1.18568359375 
1.01400390625 
1.09662109375 
0.98353515625 
0.92025390625 
1.2659570312500001 
1.21087890625 
1.08197265625 
1.05091796875 
0.8130273437499999 
1.21673828125 
0.7573632812499999 
0.9085351562499998 
1.2102929687500001 
1.02044921875 
1.21673828125 
1.0655664062499999 
0.97533203125 
1.08021484375 
1.1950585937500002 
1.0011132812499999 
1.2325585937500003 
0.7638085937499999 
1.2518945312500003 
1.0356835937500002 
0.8563867187499998 
1.0403710937500001 
1.17748046875 
1.05150390625 
1.06322265625 
1.18978515625 
0.8335351562499999 
0.9032617187499998 
1.2319726562500002 
1.33802734375 
1.2782617187500003 
1.2641992187500002 
1.15638671875 
0.91556640625 
1.36673828125 
1.19330078125 
0.95365234375 
1.22611328125 
1.00404296875 
1.19212890625 
0.7614648437499999 
0.92494140625 
1.11126953125 
1.25892578125 
1.1927148437500001 
1.17337890625 
0.7907617187499999 
1.2548242187500003 
1.24310546875 
0.9015039062499999 
0.6946679687499998 
0.9009179687499999 
1.15638671875 
1.07669921875 
0.9876367187499998 
0.8376367187499998 
1.2653710937500002 
0.96947265625 
1.2308007812500001 
1.0011132812499999 
0.7684960937499998 
0.91087890625 
1.1341210937500001 
1.2536523437500002 
1.30931640625 
1.06498046875 
0.97005859375 
0.93724609375 
1.19798828125 
0.9448632812500001 
1.2507226562500002 
0.6266992187499998 
1.22552734375 
0.8007226562499998 
0.6466210937499999 
1.01166015625 
0.97650390625 
0.93431640625 
1.21556640625 
1.1493554687499998 
0.9952539062499999 
1.2583398437500002 
1.22435546875 
1.1651757812499999 
0.78080078125 
