37 7 56 
0.8610742187499998 
0.8147851562499998 
1.2337304687500001 
1.29173828125 
0.8112695312499999 
1.2495507812500002 
1.0263085937500003 
1.20501953125 
0.8065820312499998 
1.29642578125 
0.97884765625 
0.8610742187499998 
1.2349023437500002 
0.8938867187499998 
0.9800195312500001 
0.94779296875 
1.19798828125 
1.1997460937500002 
0.7983789062499999 
1.2302148437500002 
1.2114648437500002 
1.2278710937500001 
0.6272851562499998 
1.04798828125 
1.00287109375 
1.06322265625 
0.8007226562499998 
1.1511132812499998 
0.8522851562499998 
0.6893945312499998 
1.2554101562500002 
1.0743554687499999 
1.21673828125 
1.2735742187500003 
1.17044921875 
1.00052734375 
1.2724023437500003 
1.04798828125 
1.22259765625 
0.9044335937499999 
1.28998046875 
0.97943359375 
1.21791015625 
1.26185546875 
1.1200585937500003 
0.7843164062499999 
1.2641992187500002 
1.0052148437500001 
0.8968164062499998 
0.92904296875 
0.93607421875 
1.16751953125 
0.9395898437500001 
1.03685546875 
1.2864648437500001 
0.8552148437499999 
0.8335351562499999 
1.2173242187500002 
0.8106835937499999 
1.22494140625 
0.8470117187499998 
1.2735742187500003 
1.07787109375 
1.22669921875 
1.13470703125 
1.0491601562500001 
1.20912109375 
1.00287109375 
1.21966796875 
1.23841796875 
0.9050195312499999 
1.22611328125 
1.06087890625 
1.1886132812499999 
1.15462890625 
1.2454492187500001 
0.9905664062499998 
1.0239648437500002 
0.8558007812499999 
0.8850976562499998 
0.7608789062499999 
0.8434960937499998 
0.94427734375 
1.00052734375 
0.7163476562499999 
1.32220703125 
0.8827539062499998 
0.8839257812499999 
1.22025390625 
0.9958398437499999 
0.9009179687499999 
1.26361328125 
0.7069726562499998 
1.32806640625 
1.2847070312500002 
1.2606835937500003 
0.7093164062499998 
1.0948632812499999 
1.0550195312500001 
1.0433007812500001 
0.7942773437499999 
1.2724023437500003 
1.17337890625 
1.24134765625 
0.7415429687499998 
1.19037109375 
0.94837890625 
0.9776757812500001 
1.13236328125 
1.10892578125 
1.22728515625 
0.9067773437499999 
1.17982421875 
1.2477929687500002 
0.7720117187499999 
0.9038476562499999 
1.1247460937500002 
1.2325585937500003 
1.2501367187500003 
1.29056640625 
1.2161523437500001 
1.19330078125 
1.2313867187500003 
0.9864648437499999 
1.07669921875 
1.2378320312500002 
0.8856835937499998 
1.00287109375 
0.8112695312499999 
1.2483789062500001 
1.2571679687500001 
0.8288476562499999 
0.6847070312499999 
1.0186914062499999 
1.2337304687500001 
1.21966796875 
0.9952539062499999 
0.8645898437499999 
0.9390039062500001 
1.06263671875 
1.2319726562500002 
1.09076171875 
1.30228515625 
0.9647851562499999 
0.95130859375 
0.8300195312499999 
1.20208984375 
1.20794921875 
1.22435546875 
1.0450585937500003 
1.29935546875 
1.15462890625 
1.13177734375 
1.20267578125 
1.24310546875 
1.0444726562500002 
1.24427734375 
1.20501953125 
0.7890039062499999 
1.24369140625 
1.13470703125 
1.0989648437500001 
1.07845703125 
1.2425195312500001 
1.00697265625 
1.22611328125 
1.23548828125 
1.24134765625 
0.97591796875 
1.19916015625 
1.23548828125 
0.96712890625 
1.2466210937500002 
1.19798828125 
1.1950585937500002 
1.1294335937500002 
0.7391992187499997 
0.9923242187499998 
0.8663476562499999 
1.22083984375 
1.2524804687500002 
0.6999414062499998 
0.8610742187499998 
1.2665429687500003 
0.6864648437499998 
0.9923242187499998 
0.9647851562499999 
0.9401757812500001 
0.8634179687499999 
1.21498046875 
1.22552734375 
1.2231835937500002 
1.2571679687500001 
1.2313867187500003 
1.18041015625 
0.8399804687499998 
1.2349023437500002 
1.2419335937500002 
1.01341796875 
1.2495507812500002 
