45 7 48 
1.2278710937500001 
1.3309960937500003 
1.08431640625 
0.7696679687499999 
1.21087890625 
0.9395898437500001 
1.17220703125 
1.22962890625 
1.05384765625 
0.9888085937499999 
0.8604882812499999 
1.0227929687500001 
0.8593164062499998 
1.2794335937500003 
0.7948632812499999 
1.07376953125 
0.8089257812499999 
0.8763085937499998 
1.2559960937500003 
1.25775390625 
0.8030664062499998 
1.2483789062500001 
1.0772851562499999 
1.2782617187500003 
1.2220117187500001 
1.01927734375 
0.7737695312499999 
0.8774804687499997 
0.5563867187499999 
0.97240234375 
0.8622460937499998 
0.8528710937499998 
1.06029296875 
1.22259765625 
1.2747460937500004 
0.7063867187499998 
1.2425195312500001 
1.23431640625 
1.2378320312500002 
1.2425195312500001 
0.97240234375 
0.7761132812499999 
1.20794921875 
0.6624414062499998 
1.1927148437500001 
0.9308007812500001 
0.8809960937499998 
1.2489648437500003 
0.8868554687499998 
0.94720703125 
0.8698632812499999 
0.7825585937499999 
1.06263671875 
1.2483789062500001 
1.2665429687500003 
1.2683007812500002 
1.18392578125 
0.8909570312499998 
1.19154296875 
0.9149804687499999 
0.6882226562499998 
1.1874414062499998 
1.31927734375 
1.2313867187500003 
1.21791015625 
1.22669921875 
0.9934960937499998 
1.2319726562500002 
1.02748046875 
0.9647851562499999 
1.3081445312500002 
1.15873046875 
0.7186914062499998 
0.5979882812499999 
1.31458984375 
0.9073632812499999 
0.9419335937500001 
1.2331445312500002 
1.2395898437500001 
0.9852929687499998 
1.1511132812499998 
0.7989648437499999 
0.8874414062499998 
0.93197265625 
1.22142578125 
1.10775390625 
1.2747460937500004 
1.0825585937500002 
1.18041015625 
1.2138085937500003 
1.2454492187500001 
0.8868554687499998 
1.2747460937500004 
1.08666015625 
1.0403710937500001 
1.2694726562500003 
0.6571679687499998 
1.22611328125 
1.2794335937500003 
1.06615234375 
0.94427734375 
1.2542382812500001 
1.24017578125 
1.22845703125 
0.8288476562499999 
1.26478515625 
0.8716210937499999 
0.9999414062499997 
1.1188867187500002 
1.2331445312500002 
0.9770898437500001 
1.18568359375 
1.11830078125 
1.0948632812499999 
1.2524804687500002 
1.0503320312500002 
1.2161523437500001 
0.8921289062499999 
0.93431640625 
1.20501953125 
1.22083984375 
1.32806640625 
1.06146484375 
0.98470703125 
0.91322265625 
1.2518945312500003 
1.2378320312500002 
1.0186914062499999 
1.17279296875 
0.8136132812499999 
0.7684960937499998 
0.9026757812499999 
0.6003320312499999 
0.8909570312499998 
0.98294921875 
1.2888085937500002 
0.8540429687499999 
1.23431640625 
0.79017578125 
0.9331445312500001 
1.20033203125 
1.22142578125 
1.09427734375 
1.22376953125 
1.1997460937500002 
1.2290429687500002 
0.7280664062499997 
0.8118554687499998 
1.2724023437500003 
1.21791015625 
0.9073632812499999 
1.29525390625 
1.06322265625 
0.94720703125 
0.9940820312499998 
0.8757226562499998 
1.20326171875 
0.8253320312499999 
1.22845703125 
1.23900390625 
1.20912109375 
1.02748046875 
1.29056640625 
1.2126367187500002 
0.7702539062499999 
0.9056054687499998 
0.7110742187499998 
0.7849023437499999 
0.98177734375 
0.9044335937499999 
1.02044921875 
1.2495507812500002 
1.2331445312500002 
1.20794921875 
1.0239648437500002 
1.2536523437500002 
0.92904296875 
1.2770898437500002 
1.10775390625 
1.26244140625 
0.9026757812499999 
1.00169921875 
1.20091796875 
0.7099023437499998 
0.8106835937499999 
0.6073632812499999 
1.21205078125 
1.2507226562500002 
1.2513085937500004 
1.20326171875 
1.20091796875 
0.91322265625 
1.08021484375 
1.1417382812499999 
0.92787109375 
1.2489648437500003 
1.30873046875 
1.24134765625 
0.95892578125 
1.29173828125 
