50 7 43 
1.24603515625 
1.01048828125 
1.03041015625 
1.15990234375 
1.1177148437500002 
1.24017578125 
1.2606835937500003 
1.2724023437500003 
0.6700585937499999 
1.2173242187500002 
1.20736328125 
0.8505273437499998 
1.30931640625 
0.91029296875 
0.94837890625 
0.7567773437499998 
1.2542382812500001 
1.21087890625 
1.2290429687500002 
1.24134765625 
0.5862695312499999 
1.2518945312500003 
0.6624414062499998 
0.7391992187499997 
0.7802148437499999 
1.21498046875 
0.7034570312499998 
1.2724023437500003 
1.1048242187500001 
1.13294921875 
0.7837304687499999 
0.92201171875 
0.8809960937499998 
1.3509179687500001 
1.2337304687500001 
1.04798828125 
0.95423828125 
1.2741601562500002 
0.8780664062499998 
1.2161523437500001 
1.15814453125 
1.2559960937500003 
0.79017578125 
1.19916015625 
0.94134765625 
1.24427734375 
0.8786523437499998 
1.13646484375 
1.30287109375 
1.2706445312500003 
1.2495507812500002 
1.23431640625 
1.1522851562499998 
1.2653710937500002 
1.0491601562500001 
0.8985742187499998 
0.9548242187499999 
1.22259765625 
1.0485742187500002 
0.92728515625 
1.11537109375 
0.7520898437499999 
1.2518945312500003 
0.8388085937499998 
1.0550195312500001 
1.2419335937500002 
1.2542382812500001 
0.7749414062499999 
0.8739648437499998 
0.5575585937499999 
1.2706445312500003 
1.21791015625 
1.2331445312500002 
1.06966796875 
0.9266992187499999 
1.0075585937500002 
1.03919921875 
0.8727929687499998 
1.1048242187500001 
0.7280664062499997 
1.29115234375 
1.2331445312500002 
1.0989648437500001 
0.91849609375 
1.22845703125 
0.95951171875 
1.14701171875 
1.2548242187500003 
0.5968164062499999 
1.2524804687500002 
0.97884765625 
0.8341210937499999 
1.22962890625 
1.22025390625 
0.82767578125 
1.2313867187500003 
1.0345117187500001 
1.2677148437500003 
0.8429101562499998 
1.0356835937500002 
1.2612695312500002 
1.08666015625 
1.2407617187500002 
1.2407617187500002 
1.22669921875 
1.2349023437500002 
1.28705078125 
0.8774804687499997 
0.95130859375 
1.2231835937500002 
0.7509179687499998 
1.1253320312500001 
0.8933007812499999 
1.2132226562500001 
1.27650390625 
1.07201171875 
1.2671289062500002 
1.2665429687500003 
1.23841796875 
1.15873046875 
0.6044335937499999 
1.24310546875 
0.8698632812499999 
0.9981835937499999 
0.8569726562499999 
1.14115234375 
0.94427734375 
1.01810546875 
1.11185546875 
0.96009765625 
1.20912109375 
0.97943359375 
1.04681640625 
1.1493554687499998 
0.9214257812500001 
0.94837890625 
1.01810546875 
0.9085351562499998 
1.21556640625 
1.2173242187500002 
1.20853515625 
1.24603515625 
1.2981835937500001 
1.30931640625 
1.07845703125 
1.2407617187500002 
0.7843164062499999 
0.7386132812499998 
1.2688867187500004 
1.2161523437500001 
1.13294921875 
0.9548242187499999 
0.94837890625 
1.2641992187500002 
0.92318359375 
1.24017578125 
1.2489648437500003 
1.0075585937500002 
0.8212304687499998 
1.22962890625 
1.22728515625 
1.2184960937500002 
1.2630273437500001 
1.2425195312500001 
1.2419335937500002 
1.2524804687500002 
1.2536523437500002 
1.2190820312500001 
1.2606835937500003 
1.20677734375 
0.8042382812499999 
1.30931640625 
0.8481835937499999 
0.8974023437499998 
1.24310546875 
1.12767578125 
1.2583398437500002 
1.22494140625 
1.20794921875 
1.24720703125 
0.4837304687499999 
0.98119140625 
1.22611328125 
1.2143945312500002 
1.20501953125 
0.8522851562499998 
1.14818359375 
1.03333984375 
1.05736328125 
0.92318359375 
0.8710351562499998 
1.06439453125 
1.07552734375 
0.7954492187499999 
1.22494140625 
1.0579492187500001 
1.2477929687500002 
0.91849609375 
0.7532617187499998 
0.5985742187499998 
