58 7 35 
1.26244140625 
1.2102929687500001 
1.2308007812500001 
1.0485742187500002 
1.0438867187500003 
1.08783203125 
0.96947265625 
0.9149804687499999 
1.2184960937500002 
1.2044335937500001 
1.1938867187500002 
0.97005859375 
1.2893945312500001 
1.18216796875 
0.6765039062499999 
1.2694726562500003 
1.23431640625 
0.8282617187499999 
1.1446679687499999 
1.21205078125 
0.95833984375 
0.8599023437499999 
1.21966796875 
1.2231835937500002 
1.2559960937500003 
1.07376953125 
0.7122460937499998 
1.2542382812500001 
1.10775390625 
1.24427734375 
1.27650390625 
0.8692773437499999 
1.20912109375 
1.2606835937500003 
0.8036523437499998 
0.9067773437499999 
0.7362695312499998 
0.94779296875 
0.8915429687499998 
1.02103515625 
0.97123046875 
1.2706445312500003 
1.2847070312500002 
0.97298828125 
1.22376953125 
0.8733789062499998 
0.7784570312499999 
1.2548242187500003 
1.30462890625 
1.21556640625 
1.3304101562500001 
1.03802734375 
1.22083984375 
0.96654296875 
1.16751953125 
1.2501367187500003 
1.00287109375 
0.9911523437499998 
0.9964257812499999 
1.20501953125 
0.97884765625 
0.8833398437499999 
1.20677734375 
1.13822265625 
1.2612695312500002 
0.7456445312499999 
0.8921289062499999 
1.22083984375 
1.21087890625 
1.17455078125 
1.3075585937500003 
1.3356835937500002 
1.2173242187500002 
0.95951171875 
0.9026757812499999 
1.2231835937500002 
0.96888671875 
1.00462890625 
1.25892578125 
1.0239648437500002 
1.2565820312500002 
1.20853515625 
1.12767578125 
0.4977929687499999 
1.26185546875 
1.2395898437500001 
1.0890039062499999 
1.22259765625 
0.9975976562499999 
0.97591796875 
1.22142578125 
0.8985742187499998 
1.0075585937500002 
1.20560546875 
1.00169921875 
1.03744140625 
0.9905664062499998 
1.21087890625 
1.1985742187500001 
0.8815820312499998 
0.8505273437499998 
1.10248046875 
0.92318359375 
0.8569726562499999 
1.22376953125 
1.2770898437500002 
1.24486328125 
0.97533203125 
0.93138671875 
0.7983789062499999 
0.8587304687499998 
0.7954492187499999 
1.2489648437500003 
1.23431640625 
1.2741601562500002 
1.25892578125 
0.91205078125 
1.2220117187500001 
0.9952539062499999 
1.2606835937500003 
1.19681640625 
1.22142578125 
0.9173242187499999 
0.8323632812499999 
1.21205078125 
1.0772851562499999 
1.1452539062499998 
1.1950585937500002 
0.8464257812499999 
0.96595703125 
1.2999414062499999 
0.7509179687499998 
1.2349023437500002 
1.22494140625 
1.21791015625 
0.7837304687499999 
0.9864648437499999 
0.9852929687499998 
1.2554101562500002 
1.2132226562500001 
1.2366601562500001 
1.2548242187500003 
1.22025390625 
0.8364648437499999 
1.2595117187500002 
1.22259765625 
1.3063867187500002 
1.22025390625 
1.0268945312500002 
1.1499414062499997 
1.2138085937500003 
1.23900390625 
1.2794335937500003 
1.08548828125 
0.8850976562499998 
1.09251953125 
1.2683007812500002 
0.7608789062499999 
1.1446679687499999 
1.2477929687500002 
1.2495507812500002 
0.93138671875 
1.2313867187500003 
0.8651757812499999 
0.7878320312499999 
1.19916015625 
0.7890039062499999 
1.11595703125 
1.2231835937500002 
0.98353515625 
1.02806640625 
0.8880273437499998 
0.92025390625 
1.2847070312500002 
1.01751953125 
0.8903710937499998 
1.14291015625 
1.2454492187500001 
1.02044921875 
1.20794921875 
1.12591796875 
0.6108789062499999 
1.24427734375 
1.20208984375 
0.96537109375 
0.5839257812499999 
1.2753320312500003 
1.2278710937500001 
0.9009179687499999 
0.94544921875 
0.8675195312499999 
1.23431640625 
1.24720703125 
0.92376953125 
1.0063867187500002 
1.20677734375 
1.1018945312500001 
0.9079492187499998 
1.1827539062499999 
0.8188867187499999 
