59 7 34 
0.7866601562499999 
0.97416015625 
1.0890039062499999 
0.93841796875 
0.7556054687499998 
1.22025390625 
0.96302734375 
1.00404296875 
1.2190820312500001 
0.8323632812499999 
0.6899804687499997 
1.2319726562500002 
1.1106835937500001 
0.7702539062499999 
0.8440820312499998 
1.03861328125 
0.9548242187499999 
1.24720703125 
0.8112695312499999 
1.10892578125 
1.22611328125 
0.9911523437499998 
0.8423242187499997 
0.5423242187499998 
1.2366601562500001 
0.93373046875 
0.9981835937499999 
0.8048242187499998 
1.05970703125 
1.2571679687500001 
1.2841210937500003 
1.22962890625 
0.93197265625 
0.8903710937499998 
1.2132226562500001 
1.22142578125 
1.1224023437500001 
1.07904296875 
0.8165429687499999 
0.9091210937499998 
1.2477929687500002 
0.8974023437499998 
1.16166015625 
1.16107421875 
0.8710351562499998 
1.2495507812500002 
1.22083984375 
1.2700585937500004 
0.8259179687499999 
1.04212890625 
1.2126367187500002 
1.25775390625 
1.08666015625 
0.9067773437499999 
1.1927148437500001 
1.2665429687500003 
0.9864648437499999 
1.06673828125 
1.07201171875 
1.26185546875 
0.7169335937499999 
0.6946679687499998 
0.7620507812499999 
1.02220703125 
1.2313867187500003 
1.24134765625 
0.92318359375 
1.08021484375 
0.7345117187499998 
1.20970703125 
1.2718164062500001 
1.12123046875 
1.2677148437500003 
0.6811914062499999 
0.92083984375 
1.2325585937500003 
1.0268945312500002 
1.28998046875 
1.1224023437500001 
0.9559960937499999 
1.24486328125 
0.96595703125 
1.05970703125 
1.12650390625 
0.98119140625 
0.97240234375 
1.24603515625 
1.21966796875 
1.0186914062499999 
1.31341796875 
0.8153710937499998 
1.21498046875 
1.0485742187500002 
0.8979882812499999 
0.5727929687499999 
0.8968164062499998 
0.7444726562499998 
0.7532617187499998 
0.96537109375 
0.9425195312500001 
1.0890039062499999 
1.2184960937500002 
1.25892578125 
1.22025390625 
0.8839257812499999 
1.20501953125 
1.22376953125 
0.98294921875 
1.1235742187500002 
1.2630273437500001 
1.2770898437500002 
1.2524804687500002 
1.13880859375 
0.91087890625 
1.22962890625 
1.0989648437500001 
1.09193359375 
1.07904296875 
1.2477929687500002 
1.09076171875 
0.8751367187499998 
1.2729882812500002 
1.2712304687500002 
1.06029296875 
1.16166015625 
0.7690820312499999 
1.01576171875 
1.2395898437500001 
1.20033203125 
1.13998046875 
1.1997460937500002 
0.8265039062499999 
0.8704492187499998 
1.2747460937500004 
0.9864648437499999 
1.16927734375 
0.8095117187499998 
1.1985742187500001 
0.8921289062499999 
1.2331445312500002 
0.7948632812499999 
1.08021484375 
0.92728515625 
1.0345117187500001 
1.2278710937500001 
1.2729882812500002 
0.8253320312499999 
1.14583984375 
1.0825585937500002 
1.2419335937500002 
1.24134765625 
1.2319726562500002 
1.00697265625 
0.7972070312499999 
0.7268945312499998 
1.2302148437500002 
1.2776757812500001 
0.9056054687499998 
1.2190820312500001 
1.04798828125 
1.2407617187500002 
1.2753320312500003 
0.7655664062499998 
1.2395898437500001 
0.9876367187499998 
0.91615234375 
1.1809960937500001 
1.26185546875 
1.09662109375 
0.8393945312499999 
0.8382226562499998 
1.04798828125 
1.0257226562500001 
1.1593164062499999 
1.22962890625 
1.13060546875 
0.96712890625 
1.2694726562500003 
1.01810546875 
1.2143945312500002 
0.8563867187499998 
1.22259765625 
1.1206445312500002 
1.17923828125 
1.2331445312500002 
1.06146484375 
0.5710351562499999 
1.20384765625 
1.2325585937500003 
1.20677734375 
1.00169921875 
0.7356835937499998 
1.1640039062499998 
1.2694726562500003 
1.05384765625 
1.2190820312500001 
1.2190820312500001 
0.7538476562499998 
1.09955078125 
1.2290429687500002 
