61 7 32 
0.7515039062499999 
1.23900390625 
1.02748046875 
1.2548242187500003 
1.2308007812500001 
1.2190820312500001 
1.2507226562500002 
1.2407617187500002 
1.14291015625 
1.11185546875 
1.11419921875 
0.7210351562499998 
1.22669921875 
1.2407617187500002 
0.8130273437499999 
1.2876367187500002 
0.9852929687499998 
0.6425195312499999 
0.93724609375 
1.2407617187500002 
0.98177734375 
0.7772851562499998 
0.9641992187499999 
0.7977929687499998 
1.21087890625 
1.33685546875 
0.5944726562499999 
1.2184960937500002 
0.97533203125 
1.13353515625 
1.24369140625 
1.20677734375 
0.6870507812499999 
1.2600976562500001 
1.2454492187500001 
1.26185546875 
1.17806640625 
1.08431640625 
1.02455078125 
1.2290429687500002 
1.2659570312500001 
0.9425195312500001 
0.8452539062499999 
0.92962890625 
1.1018945312500001 
0.8968164062499998 
1.2138085937500003 
1.24427734375 
1.2132226562500001 
1.22435546875 
0.95130859375 
1.2337304687500001 
1.0936914062499998 
1.24720703125 
1.06791015625 
0.91849609375 
1.2724023437500003 
0.9993554687499997 
1.22669921875 
1.22083984375 
1.2735742187500003 
0.8546289062499999 
1.2600976562500001 
1.2806054687500001 
0.9026757812499999 
0.96302734375 
1.20326171875 
1.22845703125 
1.2331445312500002 
0.8212304687499998 
1.12708984375 
0.94427734375 
0.8317773437499999 
1.19447265625 
1.2518945312500003 
1.2425195312500001 
1.22083984375 
0.97416015625 
1.1294335937500002 
1.1018945312500001 
1.0503320312500002 
0.91029296875 
0.8423242187499997 
1.2518945312500003 
1.2337304687500001 
1.2507226562500002 
1.20912109375 
0.7942773437499999 
0.7714257812499999 
1.02162109375 
1.21205078125 
0.97416015625 
0.98060546875 
1.2372460937500003 
1.22845703125 
1.2548242187500003 
1.25775390625 
0.94837890625 
1.2729882812500002 
1.03216796875 
0.6477929687499998 
0.94603515625 
1.28998046875 
1.24134765625 
1.21556640625 
1.17865234375 
1.24017578125 
0.96595703125 
1.26478515625 
1.2501367187500003 
1.21966796875 
1.2981835937500001 
0.6542382812499998 
1.2671289062500002 
1.2138085937500003 
1.2102929687500001 
0.91146484375 
1.21673828125 
0.93841796875 
1.2143945312500002 
1.2718164062500001 
1.2044335937500001 
1.10833984375 
1.28236328125 
1.21087890625 
1.2308007812500001 
0.7743554687499998 
0.9987695312499999 
1.2753320312500003 
0.95833984375 
1.2835351562500001 
0.7550195312499999 
0.8974023437499998 
0.91849609375 
1.0356835937500002 
0.9952539062499999 
1.2495507812500002 
0.7784570312499999 
0.7907617187499999 
1.26244140625 
1.20853515625 
0.92494140625 
0.8768945312499998 
1.2794335937500003 
1.2595117187500002 
1.2308007812500001 
1.2337304687500001 
1.12767578125 
1.2349023437500002 
1.29583984375 
0.97298828125 
1.2302148437500002 
0.92552734375 
1.2483789062500001 
1.26185546875 
0.7304101562499997 
1.2712304687500002 
0.94544921875 
0.9929101562499998 
1.20677734375 
0.7977929687499998 
0.9911523437499998 
0.92318359375 
0.8757226562499998 
1.2308007812500001 
0.91556640625 
1.1464257812499998 
0.8874414062499998 
1.0403710937500001 
0.9331445312500001 
1.2126367187500002 
1.23900390625 
1.01048828125 
1.26185546875 
0.9097070312499999 
1.2536523437500002 
1.22083984375 
1.2372460937500003 
1.2102929687500001 
1.20970703125 
1.28529296875 
1.21791015625 
0.6735742187499998 
0.9893945312499999 
0.93783203125 
1.10833984375 
1.2190820312500001 
1.2360742187500002 
1.16693359375 
1.2595117187500002 
1.2641992187500002 
1.18392578125 
0.96244140625 
0.9999414062499997 
1.01986328125 
1.1809960937500001 
1.2495507812500002 
1.15580078125 
0.8241601562499998 
1.2923242187500001 
