63 7 30 
0.9899804687499998 
1.2513085937500004 
1.19037109375 
0.97943359375 
1.2653710937500002 
1.16927734375 
0.7386132812499998 
1.2419335937500002 
0.91087890625 
1.24603515625 
0.8399804687499998 
1.2606835937500003 
1.21087890625 
1.1997460937500002 
1.22728515625 
1.2114648437500002 
0.97533203125 
1.2372460937500003 
1.07904296875 
0.7684960937499998 
1.2425195312500001 
1.0444726562500002 
0.7403710937499998 
1.26244140625 
0.8552148437499999 
1.2542382812500001 
1.0989648437500001 
1.26244140625 
1.2419335937500002 
1.2395898437500001 
1.19623046875 
0.92025390625 
1.2747460937500004 
1.20736328125 
1.29876953125 
1.2372460937500003 
1.2665429687500003 
1.2372460937500003 
0.92611328125 
1.20853515625 
1.00697265625 
1.2700585937500004 
1.21556640625 
0.9964257812499999 
1.2923242187500001 
1.06849609375 
0.9917382812499999 
0.8921289062499999 
0.7345117187499998 
1.2161523437500001 
0.8927148437499999 
0.9448632812500001 
1.2864648437500001 
1.06498046875 
1.11185546875 
0.9940820312499998 
1.24017578125 
0.93666015625 
0.6313867187499999 
0.7040429687499998 
1.23841796875 
0.95130859375 
1.1013085937500002 
1.06966796875 
1.24134765625 
1.2308007812500001 
1.09720703125 
1.31400390625 
1.1681054687499999 
1.1059960937500002 
1.08373046875 
1.1575585937500001 
1.2583398437500002 
1.19681640625 
0.8903710937499998 
1.2419335937500002 
1.2419335937500002 
1.15462890625 
1.23900390625 
1.2741601562500002 
1.1475976562499999 
1.2407617187500002 
1.17572265625 
1.28587890625 
0.9015039062499999 
0.8751367187499998 
1.2143945312500002 
1.2489648437500003 
0.6161523437499998 
0.8850976562499998 
1.0544335937500002 
0.7386132812499998 
0.8968164062499998 
1.10306640625 
0.9911523437499998 
1.3040429687500001 
0.8798242187499997 
0.8886132812499998 
1.2366601562500001 
1.0356835937500002 
0.9735742187499999 
1.24134765625 
0.97474609375 
1.0169335937500001 
1.16224609375 
0.95951171875 
1.0749414062499998 
0.6413476562499999 
0.8212304687499998 
1.2554101562500002 
0.8792382812499998 
0.8294335937499999 
0.9876367187499998 
1.10833984375 
1.2888085937500002 
1.2313867187500003 
0.9893945312499999 
1.08607421875 
1.29115234375 
1.3157617187500001 
1.2132226562500001 
0.8007226562499998 
1.2425195312500001 
0.8909570312499998 
0.8915429687499998 
1.20970703125 
1.26478515625 
1.2747460937500004 
1.31341796875 
0.7936914062499999 
0.8897851562499998 
0.6571679687499998 
1.32103515625 
1.12767578125 
1.2595117187500002 
1.03626953125 
1.2395898437500001 
1.17337890625 
1.0186914062499999 
0.95951171875 
1.23431640625 
1.22845703125 
0.97181640625 
1.02044921875 
0.9061914062499998 
1.2319726562500002 
1.21205078125 
0.7333398437499998 
1.2366601562500001 
1.25775390625 
0.6987695312499999 
1.17279296875 
1.21205078125 
1.21673828125 
1.08314453125 
1.2724023437500003 
1.2278710937500001 
0.93607421875 
1.20208984375 
1.22552734375 
1.0491601562500001 
1.20912109375 
1.03744140625 
1.08021484375 
0.6958398437499999 
0.9390039062500001 
0.9530664062499999 
1.11009765625 
1.20736328125 
1.07904296875 
0.91966796875 
1.1686914062499998 
1.2477929687500002 
1.05619140625 
0.8868554687499998 
1.2319726562500002 
1.04212890625 
1.21673828125 
1.21498046875 
1.2653710937500002 
0.8341210937499999 
1.2694726562500003 
1.2425195312500001 
1.02162109375 
0.98236328125 
0.8804101562499997 
1.0309960937500002 
0.91615234375 
0.8200585937499999 
1.22728515625 
1.2729882812500002 
1.22083984375 
1.02103515625 
1.26478515625 
1.20970703125 
1.2419335937500002 
1.17923828125 
0.6384179687499999 
0.91146484375 
1.17923828125 
