3 8 89 
1.17162109375 
1.23841796875 
1.2419335937500002 
1.2378320312500002 
1.22611328125 
1.2981835937500001 
1.1575585937500001 
1.25775390625 
1.2466210937500002 
1.2612695312500002 
1.4282617187500002 
1.35736328125 
1.35619140625 
1.2893945312500001 
1.2378320312500002 
1.03333984375 
0.9641992187499999 
1.3251367187500003 
1.22611328125 
1.2747460937500004 
1.2630273437500001 
1.2888085937500002 
1.43470703125 
1.2524804687500002 
1.2337304687500001 
1.2313867187500003 
1.26361328125 
1.31869140625 
1.29115234375 
1.38373046875 
1.3403710937500002 
1.28529296875 
1.2501367187500003 
1.2583398437500002 
1.3257226562500002 
1.28529296875 
1.24310546875 
1.31341796875 
0.95130859375 
1.58587890625 
1.2782617187500003 
1.2759179687500002 
1.26478515625 
1.0872460937500001 
1.2741601562500002 
1.1106835937500001 
1.2513085937500004 
1.31634765625 
1.19330078125 
1.2313867187500003 
1.2571679687500001 
1.20384765625 
1.2683007812500002 
1.2653710937500002 
1.2595117187500002 
1.2735742187500003 
0.9026757812499999 
1.2671289062500002 
1.2753320312500003 
1.2313867187500003 
1.2501367187500003 
1.27650390625 
1.2548242187500003 
1.19037109375 
1.2788476562500002 
1.46107421875 
1.2483789062500001 
1.19212890625 
1.2671289062500002 
1.40248046875 
1.2477929687500002 
1.2600976562500001 
1.30111328125 
1.2712304687500002 
1.15638671875 
1.23548828125 
1.2425195312500001 
1.32044921875 
1.17806640625 
1.13822265625 
1.23841796875 
0.7813867187499999 
1.19037109375 
1.30462890625 
1.1710351562499999 
1.3362695312500001 
1.27650390625 
1.1827539062499999 
1.2659570312500001 
1.31458984375 
1.2536523437500002 
1.2419335937500002 
1.23841796875 
1.23841796875 
1.21498046875 
1.26244140625 
1.2653710937500002 
1.2835351562500001 
1.19740234375 
1.20150390625 
1.31927734375 
1.2788476562500002 
1.0936914062499998 
1.2659570312500001 
1.2454492187500001 
1.13177734375 
1.17455078125 
1.2542382812500001 
1.2600976562500001 
1.2724023437500003 
1.1681054687499999 
1.2688867187500004 
1.15287109375 
1.21205078125 
1.23900390625 
1.26361328125 
1.2741601562500002 
1.2800195312500002 
1.2161523437500001 
1.2536523437500002 
1.25306640625 
1.0227929687500001 
1.09427734375 
1.18919921875 
1.2800195312500002 
1.30462890625 
1.19623046875 
1.22728515625 
1.37845703125 
1.13177734375 
1.2044335937500001 
1.2231835937500002 
1.2677148437500003 
1.2114648437500002 
1.26244140625 
1.4511132812499998 
1.2319726562500002 
1.22494140625 
1.2677148437500003 
1.2606835937500003 
1.2518945312500003 
1.38666015625 
1.15873046875 
1.2173242187500002 
1.2847070312500002 
1.17220703125 
1.2683007812500002 
1.29291015625 
1.2554101562500002 
1.3081445312500002 
1.29408203125 
1.14349609375 
1.2513085937500004 
1.18568359375 
1.2331445312500002 
1.2231835937500002 
1.26478515625 
1.2683007812500002 
1.05970703125 
1.1200585937500003 
1.2425195312500001 
1.2800195312500002 
1.2308007812500001 
1.32220703125 
1.0433007812500001 
1.2864648437500001 
1.31341796875 
1.10658203125 
1.2653710937500002 
1.31869140625 
1.21966796875 
1.2554101562500002 
1.17748046875 
1.2770898437500002 
1.31869140625 
1.3251367187500003 
1.30873046875 
1.2893945312500001 
1.32220703125 
1.17044921875 
1.23548828125 
1.4183007812500001 
1.2419335937500002 
1.49095703125 
1.39017578125 
1.2677148437500003 
1.22669921875 
1.16341796875 
0.8581445312499999 
1.2653710937500002 
1.22552734375 
1.2395898437500001 
1.15873046875 
1.24310546875 
1.2893945312500001 
1.19681640625 
1.29056640625 
1.19740234375 
1.24310546875 
1.2220117187500001 
