7 8 85 
1.0936914062499998 
0.8974023437499998 
1.2683007812500002 
0.98412109375 
0.6079492187499999 
0.6284570312499999 
1.2360742187500002 
1.0345117187500001 
1.24486328125 
0.7216210937499998 
1.11712890625 
1.33509765625 
1.0761132812499998 
1.2934960937500002 
1.2741601562500002 
1.14291015625 
0.7104882812499999 
1.2372460937500003 
1.2612695312500002 
0.95423828125 
1.0520898437500001 
0.8329492187499998 
1.3544335937500003 
1.0497460937500003 
1.2278710937500001 
0.7766992187499998 
0.8194726562499999 
1.2595117187500002 
0.8007226562499998 
1.21205078125 
0.5311914062499999 
1.00697265625 
1.2565820312500002 
1.10951171875 
1.38080078125 
0.7778710937499999 
1.0433007812500001 
1.28705078125 
1.10892578125 
1.22435546875 
0.8604882812499999 
1.12123046875 
1.1247460937500002 
0.7491601562499998 
1.18216796875 
0.8300195312499999 
0.8704492187499998 
0.6577539062499999 
0.6946679687499998 
1.2548242187500003 
1.1206445312500002 
0.8657617187499999 
1.42884765625 
0.92904296875 
1.13177734375 
1.08373046875 
1.28705078125 
1.23431640625 
1.16458984375 
0.6987695312499999 
0.9061914062499998 
0.97005859375 
0.9149804687499999 
1.12298828125 
1.32337890625 
1.10951171875 
1.2706445312500003 
1.2559960937500003 
1.2718164062500001 
1.3227929687500002 
0.9870507812499999 
1.3479882812500001 
1.14583984375 
0.97298828125 
0.9647851562499999 
1.39955078125 
0.8616601562499998 
1.09193359375 
0.8071679687499999 
0.96009765625 
0.92962890625 
1.20033203125 
0.9524804687499999 
0.8417382812499998 
0.8751367187499998 
0.9899804687499998 
1.07083984375 
1.25306640625 
1.11830078125 
1.12884765625 
0.8833398437499999 
1.30462890625 
1.0251367187500002 
0.7362695312499998 
1.2395898437500001 
1.13236328125 
1.2290429687500002 
0.8915429687499998 
0.7890039062499999 
1.19681640625 
1.28822265625 
1.0345117187500001 
0.94076171875 
1.26185546875 
1.08314453125 
1.12298828125 
1.30111328125 
1.12181640625 
1.17982421875 
0.9993554687499997 
0.9091210937499998 
0.9870507812499999 
1.22669921875 
1.20091796875 
1.0110742187500001 
0.7948632812499999 
1.33861328125 
1.20091796875 
0.8229882812499999 
0.6817773437499999 
1.24603515625 
1.2102929687500001 
0.93783203125 
1.5302148437500003 
1.0743554687499999 
0.94310546875 
1.2700585937500004 
1.16751953125 
0.8979882812499999 
1.2741601562500002 
1.06439453125 
1.18333984375 
0.7491601562499998 
0.5727929687499999 
0.6800195312499999 
1.13529296875 
1.14232421875 
1.09193359375 
0.8985742187499998 
1.26361328125 
1.1165429687500001 
1.20912109375 
0.9929101562499998 
1.22962890625 
0.91556640625 
1.15169921875 
1.13236328125 
1.2372460937500003 
0.9390039062500001 
1.10306640625 
0.8616601562499998 
0.92025390625 
0.6196679687499999 
1.2683007812500002 
1.13939453125 
0.97005859375 
0.95658203125 
1.26185546875 
0.97884765625 
1.2893945312500001 
0.8159570312499999 
0.9308007812500001 
0.94955078125 
1.23900390625 
0.94076171875 
1.2683007812500002 
1.2571679687500001 
1.22552734375 
1.22669921875 
1.2372460937500003 
1.1511132812499998 
1.07787109375 
1.2360742187500002 
0.96009765625 
1.11478515625 
1.2770898437500002 
1.2278710937500001 
0.8317773437499999 
0.82767578125 
1.25892578125 
1.2378320312500002 
0.6987695312499999 
0.8686914062499999 
0.8352929687499998 
1.19037109375 
1.2114648437500002 
0.97064453125 
1.24310546875 
1.39076171875 
1.07669921875 
1.2565820312500002 
1.1206445312500002 
1.2536523437500002 
0.9923242187499998 
1.22083984375 
0.7485742187499997 
1.1253320312500001 
1.2694726562500003 
1.2483789062500001 
1.14115234375 
