9 8 83 
1.01810546875 
0.8563867187499998 
0.92904296875 
1.12123046875 
0.8897851562499998 
1.2700585937500004 
0.7679101562499998 
0.7854882812499999 
1.03744140625 
1.18568359375 
1.30169921875 
1.17865234375 
0.7966210937499999 
0.9735742187499999 
1.14408203125 
1.40833984375 
0.8194726562499999 
1.03802734375 
1.09662109375 
0.9975976562499999 
1.2325585937500003 
0.8645898437499999 
0.9940820312499998 
0.98353515625 
0.7573632812499999 
0.7737695312499999 
1.3503320312500002 
0.9876367187499998 
1.11419921875 
1.12123046875 
0.7561914062499998 
1.24486328125 
0.6431054687499999 
1.17572265625 
0.7386132812499998 
0.7497460937499998 
1.3333398437500001 
1.08490234375 
0.9770898437500001 
0.8815820312499998 
0.94955078125 
1.2477929687500002 
1.09251953125 
0.6524804687499998 
0.8956445312499999 
0.91322265625 
0.91908203125 
1.09955078125 
0.5903710937499999 
1.2466210937500002 
1.2770898437500002 
1.08958984375 
1.0415429687500002 
0.93724609375 
1.2220117187500001 
1.3444726562500002 
0.91556640625 
1.2571679687500001 
1.2395898437500001 
1.3227929687500002 
1.16693359375 
1.1048242187500001 
1.08373046875 
0.8071679687499999 
0.9952539062499999 
1.2302148437500002 
0.9641992187499999 
1.18802734375 
1.06673828125 
1.31751953125 
1.14408203125 
1.3169335937500002 
1.2102929687500001 
1.15814453125 
0.8997460937499998 
0.92435546875 
1.11712890625 
1.09310546875 
0.5411523437499999 
1.2554101562500002 
1.29173828125 
0.97650390625 
0.91087890625 
0.7948632812499999 
0.8716210937499999 
1.2741601562500002 
1.1247460937500002 
1.3479882812500001 
1.01283203125 
1.2143945312500002 
0.9425195312500001 
1.02455078125 
0.8768945312499998 
0.9641992187499999 
1.2700585937500004 
1.26244140625 
0.7907617187499999 
1.0257226562500001 
0.46556640624999995 
1.26478515625 
1.0450585937500003 
1.23841796875 
0.9020898437499999 
1.1575585937500001 
1.0315820312500001 
0.5815820312499999 
0.8188867187499999 
1.14115234375 
0.94134765625 
1.16576171875 
0.9401757812500001 
0.7503320312499998 
0.7479882812499998 
1.3298242187500002 
1.16576171875 
0.6893945312499998 
1.21205078125 
0.8288476562499999 
1.11126953125 
0.8206445312499999 
1.20736328125 
1.0052148437500001 
0.7157617187499998 
1.1013085937500002 
0.8616601562499998 
0.9940820312499998 
0.8997460937499998 
0.7374414062499998 
1.13646484375 
1.0427148437500002 
1.2454492187500001 
0.7333398437499998 
0.9735742187499999 
0.7643945312499999 
1.14818359375 
1.2606835937500003 
0.8845117187499998 
1.20912109375 
0.8306054687499999 
0.7720117187499999 
0.97240234375 
0.6284570312499999 
0.9882226562499998 
0.8270898437499999 
1.2114648437500002 
1.17865234375 
1.12708984375 
1.13998046875 
1.3433007812500002 
0.92318359375 
1.06966796875 
1.1177148437500002 
0.5511132812499999 
1.2290429687500002 
1.12416015625 
0.8200585937499999 
1.08841796875 
1.1417382812499999 
1.22435546875 
0.9038476562499999 
1.18451171875 
1.22494140625 
0.7854882812499999 
0.7878320312499999 
1.0427148437500002 
0.6899804687499997 
1.3362695312500001 
1.2466210937500002 
0.8722070312499999 
0.9044335937499999 
1.1651757812499999 
0.6671289062499999 
1.2290429687500002 
0.8903710937499998 
0.9331445312500001 
1.08548828125 
0.5382226562499999 
1.1593164062499999 
0.9864648437499999 
0.5827539062499999 
0.7556054687499998 
0.7884179687499999 
1.1165429687500001 
0.8141992187499998 
1.02103515625 
0.8657617187499999 
1.11830078125 
0.6032617187499999 
1.2308007812500001 
1.10951171875 
1.20267578125 
0.7544335937499999 
0.8944726562499998 
1.2747460937500004 
1.10716796875 
0.9097070312499999 
1.22025390625 
0.9893945312499999 
0.95423828125 
1.1253320312500001 
