12 8 80 
0.92904296875 
1.0268945312500002 
1.15404296875 
1.17396484375 
0.8294335937499999 
1.06322265625 
1.2126367187500002 
0.6800195312499999 
1.0638085937500001 
1.16107421875 
1.28822265625 
1.2501367187500003 
1.1938867187500002 
1.0309960937500002 
1.2477929687500002 
0.7989648437499999 
0.91322265625 
1.2220117187500001 
1.31400390625 
1.0591210937500002 
1.13236328125 
0.6841210937499999 
0.93666015625 
0.8136132812499999 
0.92083984375 
1.2278710937500001 
1.2161523437500001 
1.02162109375 
1.2770898437500002 
0.9390039062500001 
1.30345703125 
0.7802148437499999 
1.06146484375 
0.8897851562499998 
1.2712304687500002 
1.0427148437500002 
0.8850976562499998 
0.8434960937499998 
0.7116601562499998 
1.07904296875 
0.5423242187499998 
0.60501953125 
0.8054101562499998 
0.7468164062499998 
1.33275390625 
0.8475976562499998 
0.97943359375 
0.8300195312499999 
1.18626953125 
1.21673828125 
0.9870507812499999 
1.1247460937500002 
1.1446679687499999 
0.7239648437499998 
1.03919921875 
0.94779296875 
1.18392578125 
0.8763085937499998 
1.2372460937500003 
1.24134765625 
0.93373046875 
1.11185546875 
0.8036523437499998 
1.1165429687500001 
1.24369140625 
1.24603515625 
0.7497460937499998 
1.09544921875 
1.31400390625 
1.03978515625 
0.7849023437499999 
1.26478515625 
1.0075585937500002 
0.6091210937499999 
1.0052148437500001 
1.2700585937500004 
1.1194726562500001 
0.9425195312500001 
0.8042382812499999 
0.95072265625 
0.8698632812499999 
1.2548242187500003 
1.01400390625 
1.0638085937500001 
0.8809960937499998 
1.13470703125 
1.01810546875 
1.0497460937500003 
1.1048242187500001 
1.33216796875 
0.9993554687499997 
0.9888085937499999 
1.17220703125 
1.25306640625 
1.2126367187500002 
1.26185546875 
1.08783203125 
1.07787109375 
1.0122460937500002 
1.05091796875 
0.8493554687499998 
0.8933007812499999 
0.92376953125 
1.2595117187500002 
1.00990234375 
0.7966210937499999 
0.8763085937499998 
1.07904296875 
0.7702539062499999 
1.2190820312500001 
0.7731835937499999 
0.9548242187499999 
1.06791015625 
1.32044921875 
1.0743554687499999 
0.6384179687499999 
0.8177148437499999 
1.3456445312500003 
0.7468164062499998 
0.94662109375 
1.2102929687500001 
1.16283203125 
0.9923242187499998 
1.14115234375 
0.8944726562499998 
1.2683007812500002 
1.0052148437500001 
1.07962890625 
0.94955078125 
0.8686914062499999 
0.94076171875 
0.7503320312499998 
1.4341210937500002 
0.9647851562499999 
0.4849023437499999 
0.7561914062499998 
1.13939453125 
0.93666015625 
1.3063867187500002 
0.8751367187499998 
1.06615234375 
1.18158203125 
0.9946679687499999 
1.09603515625 
1.31751953125 
1.4095117187500001 
1.2641992187500002 
1.13529296875 
0.8891992187499997 
1.35267578125 
1.32923828125 
1.1235742187500002 
0.8681054687499998 
0.5821679687499999 
1.13705078125 
1.09134765625 
1.10716796875 
0.6354882812499999 
0.8880273437499998 
1.0550195312500001 
1.02455078125 
1.26361328125 
0.8886132812499998 
1.13294921875 
0.7643945312499999 
0.8552148437499999 
1.2507226562500002 
0.8429101562499998 
0.8739648437499998 
0.7556054687499998 
0.8417382812499998 
0.8212304687499998 
0.8552148437499999 
1.2683007812500002 
1.3263085937500003 
0.93607421875 
0.8018945312499999 
0.7737695312499999 
0.8376367187499998 
1.3216210937500001 
1.20501953125 
1.3433007812500002 
1.14818359375 
1.2934960937500002 
0.95775390625 
0.8950585937499999 
0.93548828125 
0.8464257812499999 
1.03744140625 
0.7005273437499998 
0.7948632812499999 
0.6817773437499999 
0.7936914062499999 
1.3263085937500003 
0.52943359375 
1.10658203125 
1.32103515625 
1.03509765625 
1.1710351562499999 
1.15169921875 
