28 8 64 
0.7497460937499998 
1.07318359375 
0.7567773437499998 
1.10892578125 
1.2483789062500001 
1.0702539062499998 
1.12123046875 
1.20501953125 
1.11712890625 
0.8968164062499998 
1.38783203125 
0.8933007812499999 
1.20267578125 
1.2688867187500004 
1.34681640625 
1.0655664062499999 
0.8159570312499999 
1.03744140625 
0.9067773437499999 
0.7655664062499998 
0.8505273437499998 
0.8364648437499999 
1.0936914062499998 
0.95775390625 
0.6765039062499999 
0.8716210937499999 
0.7333398437499998 
0.7169335937499999 
1.24310546875 
1.06146484375 
1.22494140625 
0.96712890625 
0.9003320312499998 
1.2694726562500003 
0.91673828125 
1.16107421875 
1.22669921875 
1.02748046875 
1.22435546875 
1.26244140625 
1.17044921875 
1.22728515625 
0.8686914062499999 
1.0433007812500001 
0.6782617187499999 
1.30931640625 
1.3309960937500003 
1.29701171875 
1.20677734375 
1.01810546875 
1.2524804687500002 
0.95775390625 
1.08431640625 
0.9934960937499998 
0.7843164062499999 
1.15580078125 
0.8763085937499998 
0.8798242187499997 
0.6477929687499998 
0.8651757812499999 
1.2683007812500002 
0.8991601562499998 
1.17337890625 
1.20384765625 
1.17748046875 
0.8891992187499997 
0.9975976562499999 
1.19095703125 
0.7538476562499998 
1.2718164062500001 
1.28119140625 
1.0544335937500002 
1.2729882812500002 
1.2513085937500004 
1.10541015625 
1.2290429687500002 
1.0544335937500002 
1.2565820312500002 
1.22494140625 
1.2395898437500001 
1.07376953125 
0.9061914062499998 
0.8845117187499998 
1.2143945312500002 
1.01634765625 
0.8634179687499999 
1.24603515625 
0.8288476562499999 
0.8464257812499999 
0.9905664062499998 
0.8710351562499998 
0.7614648437499999 
0.9085351562499998 
1.2677148437500003 
1.3239648437500002 
1.1886132812499999 
1.24134765625 
1.12708984375 
0.7960351562499999 
1.0052148437500001 
1.0825585937500002 
0.9952539062499999 
0.9888085937499999 
1.2360742187500002 
0.8100976562499999 
0.8581445312499999 
0.7415429687499998 
0.8704492187499998 
1.2378320312500002 
0.6993554687499998 
0.8610742187499998 
0.8821679687499998 
1.2847070312500002 
1.1048242187500001 
0.8558007812499999 
0.8915429687499998 
1.0702539062499998 
1.2571679687500001 
0.8405664062499998 
0.9061914062499998 
1.17396484375 
1.10892578125 
0.8194726562499999 
1.2659570312500001 
0.95892578125 
1.2372460937500003 
1.2524804687500002 
1.18568359375 
1.18041015625 
1.36205078125 
1.22435546875 
1.2788476562500002 
0.56400390625 
1.0638085937500001 
0.8804101562499997 
0.97123046875 
1.03919921875 
0.9929101562499998 
0.8645898437499999 
1.11361328125 
0.95189453125 
0.8991601562499998 
0.8845117187499998 
1.0450585937500003 
1.1493554687499998 
0.82767578125 
1.0433007812500001 
0.7608789062499999 
1.1505273437499999 
1.00580078125 
0.6835351562499998 
1.3227929687500002 
1.23548828125 
0.93490234375 
1.1188867187500002 
1.17689453125 
0.7298242187499997 
0.6413476562499999 
0.9266992187499999 
0.6448632812499999 
1.20267578125 
1.2114648437500002 
0.8575585937499999 
0.7544335937499999 
0.8235742187499998 
1.2700585937500004 
1.1593164062499999 
0.8399804687499998 
1.15638671875 
1.07318359375 
0.9958398437499999 
1.2630273437500001 
1.18392578125 
0.8640039062499999 
0.9923242187499998 
1.14291015625 
1.17748046875 
0.94720703125 
1.02806640625 
0.8434960937499998 
0.94603515625 
0.8282617187499999 
1.19681640625 
0.8569726562499999 
1.17162109375 
1.03333984375 
0.6905664062499998 
0.7468164062499998 
0.5921289062499999 
1.26361328125 
1.2513085937500004 
0.97591796875 
0.91029296875 
0.8364648437499999 
1.2829492187500002 
0.8933007812499999 
1.07259765625 
1.1188867187500002 
0.8997460937499998 
1.2378320312500002 
