33 8 59 
1.2683007812500002 
0.6841210937499999 
0.8311914062499999 
1.19212890625 
1.2554101562500002 
0.8944726562499998 
1.14349609375 
1.01576171875 
0.7626367187499998 
0.95189453125 
1.01517578125 
0.93666015625 
0.6712304687499998 
1.03041015625 
1.1194726562500001 
0.9852929687499998 
0.8587304687499998 
0.6999414062499998 
0.8675195312499999 
0.7438867187499998 
0.8171289062499999 
0.8376367187499998 
0.7544335937499999 
0.8716210937499999 
0.9266992187499999 
0.7556054687499998 
0.8048242187499998 
0.9173242187499999 
1.16458984375 
1.17982421875 
1.0403710937500001 
1.00931640625 
1.28705078125 
1.2565820312500002 
1.2600976562500001 
1.2794335937500003 
1.2231835937500002 
0.7280664062499997 
0.8100976562499999 
1.0503320312500002 
1.11302734375 
0.7286523437499998 
1.10716796875 
0.8516992187499998 
1.23841796875 
0.7163476562499999 
1.01634765625 
1.2489648437500003 
1.01458984375 
1.10892578125 
0.7608789062499999 
0.9056054687499998 
0.97650390625 
1.29115234375 
0.5979882812499999 
0.94837890625 
0.91849609375 
0.7702539062499999 
1.05560546875 
1.37669921875 
0.8552148437499999 
1.17689453125 
1.08666015625 
0.8311914062499999 
0.5475976562499999 
1.1106835937500001 
1.00580078125 
0.8950585937499999 
1.11302734375 
1.26185546875 
0.6718164062499998 
1.31458984375 
0.8399804687499998 
0.9852929687499998 
1.11595703125 
0.7966210937499999 
1.09193359375 
0.9946679687499999 
0.8921289062499999 
1.3075585937500003 
0.98119140625 
1.01283203125 
1.28705078125 
1.23841796875 
1.24720703125 
0.8727929687499998 
0.7679101562499998 
0.92494140625 
1.14232421875 
1.2325585937500003 
0.9800195312500001 
0.7813867187499999 
1.03978515625 
0.7479882812499998 
1.2595117187500002 
1.0427148437500002 
1.2694726562500003 
0.94955078125 
0.8727929687499998 
1.1253320312500001 
0.8235742187499998 
1.0433007812500001 
1.14115234375 
0.8516992187499998 
0.7579492187499998 
0.8575585937499999 
0.8335351562499999 
1.25306640625 
1.3333398437500001 
0.7005273437499998 
1.15814453125 
1.15990234375 
1.20384765625 
1.17689453125 
1.2800195312500002 
0.9870507812499999 
0.8833398437499999 
0.91322265625 
0.9003320312499998 
1.33275390625 
1.2372460937500003 
0.8675195312499999 
0.8768945312499998 
1.29291015625 
1.17923828125 
1.15169921875 
1.00228515625 
0.7743554687499998 
1.16634765625 
1.15462890625 
0.95072265625 
0.8979882812499999 
1.1206445312500002 
0.8716210937499999 
0.5352929687499999 
0.8358789062499998 
0.8950585937499999 
1.1997460937500002 
1.2407617187500002 
0.6888085937499998 
0.91380859375 
0.7608789062499999 
0.8124414062499998 
1.26478515625 
1.18919921875 
0.8218164062499999 
0.7169335937499999 
1.06263671875 
0.95423828125 
0.7087304687499998 
1.17220703125 
0.9073632812499999 
0.9009179687499999 
1.1827539062499999 
0.7087304687499998 
0.92552734375 
1.2489648437500003 
1.18568359375 
1.12650390625 
1.2671289062500002 
1.21556640625 
1.13001953125 
0.96771484375 
1.1475976562499999 
1.2495507812500002 
1.21498046875 
1.25775390625 
1.26478515625 
1.2395898437500001 
1.18158203125 
1.1985742187500001 
1.08080078125 
0.92787109375 
1.16166015625 
0.7556054687499998 
1.0497460937500003 
1.22376953125 
1.2407617187500002 
0.6870507812499999 
1.2677148437500003 
0.5956445312499999 
1.12123046875 
1.20912109375 
1.2290429687500002 
0.8534570312499998 
1.18333984375 
0.8558007812499999 
1.1358789062499999 
0.7356835937499998 
0.7251367187499997 
0.8417382812499998 
0.7268945312499998 
1.28705078125 
0.7638085937499999 
1.21673828125 
0.8698632812499999 
1.2583398437500002 
1.07787109375 
1.2325585937500003 
1.2735742187500003 
