37 8 55 
0.9548242187499999 
0.8112695312499999 
0.8686914062499999 
0.6888085937499998 
0.8669335937499999 
0.92845703125 
1.2360742187500002 
0.7122460937499998 
1.2190820312500001 
1.00990234375 
0.6835351562499998 
1.0081445312500001 
1.16107421875 
0.5868554687499998 
0.8610742187499998 
0.8827539062499998 
0.8692773437499999 
1.2331445312500002 
1.2454492187500001 
1.08373046875 
0.8534570312499998 
1.15814453125 
1.20091796875 
1.05736328125 
1.36205078125 
1.13177734375 
1.2536523437500002 
0.8130273437499999 
0.6870507812499999 
0.7796289062499999 
0.93373046875 
0.7345117187499998 
1.07962890625 
0.8224023437499999 
0.7761132812499999 
0.93490234375 
1.02455078125 
1.23841796875 
0.6641992187499998 
1.2595117187500002 
0.9911523437499998 
1.17689453125 
0.8317773437499999 
1.21498046875 
0.96302734375 
0.97650390625 
0.7679101562499998 
0.7403710937499998 
0.7761132812499999 
1.20208984375 
0.97181640625 
1.05091796875 
0.97298828125 
1.2559960937500003 
1.12884765625 
1.1827539062499999 
1.18978515625 
0.8757226562499998 
0.9683007812500001 
1.2132226562500001 
0.9214257812500001 
1.24369140625 
1.2536523437500002 
1.2483789062500001 
0.9056054687499998 
0.9905664062499998 
0.6518945312499999 
1.0491601562500001 
1.12416015625 
0.9173242187499999 
1.3052148437500002 
1.0520898437500001 
1.0503320312500002 
0.8475976562499998 
0.7022851562499998 
0.9987695312499999 
1.16458984375 
0.6858789062499998 
0.6911523437499998 
0.8071679687499999 
1.16166015625 
0.9647851562499999 
0.8968164062499998 
1.2378320312500002 
1.2548242187500003 
1.2308007812500001 
0.8745507812499999 
0.7931054687499999 
1.03978515625 
0.9864648437499999 
1.0403710937500001 
0.7333398437499998 
1.25775390625 
1.20853515625 
1.01048828125 
0.91908203125 
0.8786523437499998 
0.9530664062499999 
0.94134765625 
0.8270898437499999 
1.2483789062500001 
1.10072265625 
0.96595703125 
1.11537109375 
0.9003320312499998 
1.0749414062499998 
0.9735742187499999 
1.11361328125 
0.6659570312499998 
1.18802734375 
1.25892578125 
1.28236328125 
0.6202539062499999 
0.9530664062499999 
0.8522851562499998 
0.8030664062499998 
1.2308007812500001 
1.20677734375 
1.2308007812500001 
1.31341796875 
0.7421289062499998 
1.07904296875 
0.9952539062499999 
0.7063867187499998 
0.8921289062499999 
1.0063867187500002 
1.0011132812499999 
1.30931640625 
0.8493554687499998 
1.20560546875 
1.1247460937500002 
0.9559960937499999 
1.07376953125 
1.2407617187500002 
1.2501367187500003 
1.3081445312500002 
0.7304101562499997 
1.08548828125 
0.6888085937499998 
1.2542382812500001 
0.9952539062499999 
0.95833984375 
1.17162109375 
0.7684960937499998 
0.91615234375 
0.93431640625 
1.20853515625 
1.28705078125 
1.2759179687500002 
0.7016992187499997 
0.94603515625 
0.7913476562499999 
0.8071679687499999 
0.9419335937500001 
0.8329492187499998 
0.7749414062499999 
1.0532617187500002 
1.22669921875 
1.09134765625 
1.16107421875 
1.25775390625 
1.1640039062499998 
0.6173242187499998 
1.2981835937500001 
1.01283203125 
0.93490234375 
1.22494140625 
0.8458398437499999 
1.00873046875 
1.22728515625 
1.04681640625 
1.20912109375 
1.2718164062500001 
1.22962890625 
0.8563867187499998 
1.17748046875 
1.2308007812500001 
0.7931054687499999 
0.96712890625 
0.53236328125 
0.6970117187499998 
0.98470703125 
0.7099023437499998 
0.8106835937499999 
1.0063867187500002 
1.07787109375 
0.7849023437499999 
0.8224023437499999 
0.6442773437499999 
1.31400390625 
1.2173242187500002 
0.9501367187499999 
0.6811914062499999 
0.8839257812499999 
0.97240234375 
1.3415429687500002 
1.2366601562500001 
0.7960351562499999 
0.97123046875 
1.18685546875 
