39 8 53 
0.8921289062499999 
0.8130273437499999 
0.9073632812499999 
0.95892578125 
1.2630273437500001 
0.91029296875 
1.2513085937500004 
0.78958984375 
0.98412109375 
0.92201171875 
1.16166015625 
1.2630273437500001 
1.2782617187500003 
0.7567773437499998 
1.23431640625 
1.2507226562500002 
0.97181640625 
1.1013085937500002 
1.19037109375 
0.7192773437499999 
0.5434960937499999 
0.6647851562499998 
1.00873046875 
0.7860742187499998 
0.8681054687499998 
0.91205078125 
1.2782617187500003 
0.92083984375 
0.8511132812499999 
0.94310546875 
1.0403710937500001 
0.8300195312499999 
1.2806054687500001 
0.9770898437500001 
1.2454492187500001 
0.8036523437499998 
0.7573632812499999 
1.19681640625 
1.2190820312500001 
0.94955078125 
1.2565820312500002 
1.1593164062499999 
0.97650390625 
1.1511132812499998 
1.2706445312500003 
0.7233789062499998 
1.2395898437500001 
0.7550195312499999 
1.2278710937500001 
0.6313867187499999 
1.15521484375 
1.24427734375 
0.8569726562499999 
1.13529296875 
0.96595703125 
0.97240234375 
1.09662109375 
0.95423828125 
0.9067773437499999 
0.8616601562499998 
0.96654296875 
0.9735742187499999 
1.18802734375 
0.8528710937499998 
0.8780664062499998 
0.8118554687499998 
1.32806640625 
1.16927734375 
1.21498046875 
0.8833398437499999 
1.16693359375 
1.0251367187500002 
1.28998046875 
0.92259765625 
0.9331445312500001 
0.91966796875 
0.7966210937499999 
1.26244140625 
1.24427734375 
1.1341210937500001 
0.8581445312499999 
0.7104882812499999 
1.19623046875 
1.15697265625 
0.7239648437499998 
1.3333398437500001 
0.8850976562499998 
0.7210351562499998 
0.9776757812500001 
0.8903710937499998 
0.6706445312499999 
1.23900390625 
1.2694726562500003 
1.05970703125 
1.21556640625 
0.8077539062499999 
0.7274804687499997 
0.7181054687499998 
1.2770898437500002 
0.8382226562499998 
0.9852929687499998 
0.8253320312499999 
0.8733789062499998 
0.5845117187499999 
1.2278710937500001 
1.29408203125 
1.2407617187500002 
0.91029296875 
1.20560546875 
0.92787109375 
0.8722070312499999 
0.98412109375 
1.01341796875 
0.8177148437499999 
1.15462890625 
1.21498046875 
1.23431640625 
0.7479882812499998 
1.2366601562500001 
1.19681640625 
0.8786523437499998 
1.16224609375 
0.8692773437499999 
1.2524804687500002 
1.2524804687500002 
0.8370507812499999 
1.06849609375 
1.1997460937500002 
0.9050195312499999 
1.11302734375 
1.18626953125 
1.2419335937500002 
0.8745507812499999 
1.21498046875 
0.7116601562499998 
1.2302148437500002 
1.2495507812500002 
0.7479882812499998 
1.2044335937500001 
0.9876367187499998 
0.8599023437499999 
0.96302734375 
0.6513085937499998 
0.9401757812500001 
0.8815820312499998 
1.2220117187500001 
0.97826171875 
1.08783203125 
0.9015039062499999 
1.06205078125 
1.20912109375 
1.2220117187500001 
0.8956445312499999 
1.2483789062500001 
1.23431640625 
0.98294921875 
0.91380859375 
0.91966796875 
0.7345117187499998 
0.93724609375 
1.0052148437500001 
1.16048828125 
0.96654296875 
1.1294335937500002 
1.2548242187500003 
1.22083984375 
1.2671289062500002 
1.2683007812500002 
1.1188867187500002 
0.94779296875 
1.0749414062499998 
0.8839257812499999 
1.02044921875 
0.7591210937499998 
0.8100976562499999 
0.7427148437499999 
1.20091796875 
0.9776757812500001 
1.0268945312500002 
0.91908203125 
0.94544921875 
0.7556054687499998 
1.2829492187500002 
1.0749414062499998 
0.8534570312499998 
1.17220703125 
0.6354882812499999 
0.8300195312499999 
1.06439453125 
1.2419335937500002 
1.2483789062500001 
0.9870507812499999 
1.1985742187500001 
0.93197265625 
1.20033203125 
1.09076171875 
0.96244140625 
1.09662109375 
1.00404296875 
1.03275390625 
