67 8 25 
0.91146484375 
1.0989648437500001 
1.21966796875 
1.24486328125 
0.96302734375 
1.2753320312500003 
0.98470703125 
0.9683007812500001 
1.07083984375 
1.24603515625 
1.25775390625 
1.2061914062499999 
1.05267578125 
1.0239648437500002 
1.20970703125 
1.22611328125 
1.22025390625 
1.2102929687500001 
1.2718164062500001 
1.2495507812500002 
0.95892578125 
1.02806640625 
1.24486328125 
0.8440820312499998 
0.97474609375 
0.8663476562499999 
0.92376953125 
0.7374414062499998 
1.2360742187500002 
0.6776757812499999 
1.16341796875 
0.7977929687499998 
0.9401757812500001 
1.2278710937500001 
1.0257226562500001 
0.93724609375 
0.8018945312499999 
0.95833984375 
0.7720117187499999 
0.7227929687499998 
1.09603515625 
0.6056054687499999 
0.8071679687499999 
1.13294921875 
0.95072265625 
0.8335351562499999 
1.21087890625 
1.23431640625 
0.8065820312499998 
0.8968164062499998 
1.2419335937500002 
0.96361328125 
0.96068359375 
0.7772851562499998 
1.22728515625 
0.8704492187499998 
1.10365234375 
0.8569726562499999 
1.22376953125 
1.10951171875 
0.92201171875 
0.7099023437499998 
0.9032617187499998 
0.93783203125 
0.8792382812499998 
1.05091796875 
1.22962890625 
1.22728515625 
0.8886132812499998 
0.9647851562499999 
1.05619140625 
0.91029296875 
1.21087890625 
0.96595703125 
1.01517578125 
1.1405664062499998 
1.10775390625 
1.20208984375 
1.08607421875 
0.8475976562499998 
1.05150390625 
1.3421289062500001 
1.1505273437499999 
0.9003320312499998 
0.96947265625 
1.2419335937500002 
1.21556640625 
1.2173242187500002 
0.9647851562499999 
1.03919921875 
1.2395898437500001 
0.9091210937499998 
0.9401757812500001 
0.8018945312499999 
1.20794921875 
0.93431640625 
1.21673828125 
0.91087890625 
0.8558007812499999 
0.8610742187499998 
0.8546289062499999 
0.93490234375 
0.8007226562499998 
1.23841796875 
1.3169335937500002 
1.1534570312499999 
1.02103515625 
0.7989648437499999 
1.15697265625 
0.9530664062499999 
0.7011132812499998 
1.0544335937500002 
1.22845703125 
0.9401757812500001 
1.24720703125 
0.8833398437499999 
0.9952539062499999 
1.2372460937500003 
0.9085351562499998 
0.91029296875 
1.01400390625 
0.93490234375 
0.8253320312499999 
0.7755273437499999 
1.22845703125 
1.24369140625 
0.79017578125 
0.8974023437499998 
1.03392578125 
0.92494140625 
1.0444726562500002 
0.8024804687499998 
1.2864648437500001 
0.92083984375 
1.2606835937500003 
1.0415429687500002 
0.91380859375 
1.19681640625 
0.8224023437499999 
0.8780664062499998 
0.7081445312499999 
1.2665429687500003 
0.9923242187499998 
1.2554101562500002 
0.8136132812499999 
0.95951171875 
0.7638085937499999 
0.8774804687499997 
0.8985742187499998 
0.9899804687499998 
1.2501367187500003 
0.98119140625 
1.08080078125 
1.23900390625 
1.22376953125 
0.9091210937499998 
1.0532617187500002 
0.8059960937499998 
0.97591796875 
1.2489648437500003 
1.2044335937500001 
0.7948632812499999 
1.2524804687500002 
0.9032617187499998 
1.01341796875 
1.1534570312499999 
1.01166015625 
1.2366601562500001 
0.9266992187499999 
1.07259765625 
1.2794335937500003 
0.9067773437499999 
0.8511132812499999 
0.7878320312499999 
0.7274804687499997 
0.6694726562499999 
1.08607421875 
0.6419335937499999 
0.9173242187499999 
1.06263671875 
1.1001367187500002 
0.9940820312499998 
0.8593164062499998 
1.22552734375 
0.8634179687499999 
1.23431640625 
0.8569726562499999 
1.24603515625 
1.02455078125 
1.20794921875 
1.1475976562499999 
1.0485742187500002 
1.01400390625 
1.22845703125 
0.94076171875 
1.2559960937500003 
1.10248046875 
1.00873046875 
0.8763085937499998 
0.8300195312499999 
