85 8 7 
1.21966796875 
1.26478515625 
1.2220117187500001 
0.92494140625 
0.9073632812499999 
0.9641992187499999 
0.7474023437499998 
1.2278710937500001 
0.9530664062499999 
1.3075585937500003 
0.92259765625 
1.22728515625 
0.7983789062499999 
1.12181640625 
1.2612695312500002 
1.1224023437500001 
1.10892578125 
1.2776757812500001 
1.2061914062499999 
0.7561914062499998 
0.8001367187499998 
1.21498046875 
1.2513085937500004 
0.7977929687499998 
1.2231835937500002 
1.08431640625 
0.7626367187499998 
1.21556640625 
0.95130859375 
0.9647851562499999 
1.22845703125 
0.6454492187499998 
0.8388085937499998 
1.2143945312500002 
0.94662109375 
1.19681640625 
1.2466210937500002 
0.9266992187499999 
1.0743554687499999 
1.22669921875 
0.8224023437499999 
1.06439453125 
1.2641992187500002 
1.22669921875 
0.8640039062499999 
1.06966796875 
0.7638085937499999 
0.93724609375 
0.8581445312499999 
1.22728515625 
0.92083984375 
1.02748046875 
0.9929101562499998 
0.93841796875 
1.2102929687500001 
1.23900390625 
0.96537109375 
0.8979882812499999 
1.2466210937500002 
0.9882226562499998 
0.6372460937499999 
0.7081445312499999 
1.3245507812500001 
0.8915429687499998 
1.11595703125 
1.3274804687500001 
0.8681054687499998 
0.8956445312499999 
1.28119140625 
1.2319726562500002 
1.22962890625 
1.20150390625 
1.22435546875 
0.92494140625 
0.6934960937499998 
1.2278710937500001 
0.7333398437499998 
0.9993554687499997 
0.94720703125 
1.16224609375 
0.96244140625 
1.21087890625 
0.6559960937499998 
0.9647851562499999 
1.22494140625 
1.2800195312500002 
0.78080078125 
1.10833984375 
1.20150390625 
1.2044335937500001 
0.91146484375 
1.23900390625 
1.24017578125 
0.7227929687499998 
1.0772851562499999 
1.1106835937500001 
0.8458398437499999 
0.7497460937499998 
0.92845703125 
1.00580078125 
1.24310546875 
1.18333984375 
1.0989648437500001 
0.9214257812500001 
1.06322265625 
1.22611328125 
0.7854882812499999 
1.1464257812499998 
0.8188867187499999 
1.2231835937500002 
0.8968164062499998 
1.2419335937500002 
0.8464257812499999 
1.2184960937500002 
0.8722070312499999 
1.2694726562500003 
0.97064453125 
1.2278710937500001 
1.1809960937500001 
0.9020898437499999 
0.6782617187499999 
0.98412109375 
1.02044921875 
0.9946679687499999 
0.9964257812499999 
0.8352929687499998 
0.7737695312499999 
0.7350976562499998 
1.2349023437500002 
1.15990234375 
1.2612695312500002 
1.01576171875 
1.1446679687499999 
0.9266992187499999 
0.97064453125 
1.00228515625 
1.09251953125 
1.2325585937500003 
1.2507226562500002 
1.20970703125 
1.2407617187500002 
0.9559960937499999 
1.0948632812499999 
1.2841210937500003 
0.7503320312499998 
1.20501953125 
1.1194726562500001 
0.8722070312499999 
0.8604882812499999 
0.95658203125 
1.0345117187500001 
0.8534570312499998 
0.7638085937499999 
0.8798242187499997 
0.64017578125 
1.25775390625 
0.9073632812499999 
0.96126953125 
1.2114648437500002 
1.03333984375 
0.9044335937499999 
0.96126953125 
1.01634765625 
0.8065820312499998 
0.7034570312499998 
0.9020898437499999 
1.2061914062499999 
1.0075585937500002 
1.2325585937500003 
1.2419335937500002 
1.21673828125 
1.2665429687500003 
0.93490234375 
0.9776757812500001 
0.95716796875 
0.6513085937499998 
1.07845703125 
0.94427734375 
1.2372460937500003 
1.2360742187500002 
1.2595117187500002 
0.7022851562499998 
1.2331445312500002 
1.08080078125 
0.8809960937499998 
0.8505273437499998 
1.15287109375 
1.23841796875 
1.22962890625 
0.6589257812499999 
1.1294335937500002 
0.8763085937499998 
0.92318359375 
1.17455078125 
1.2735742187500003 
0.8265039062499999 
1.2138085937500003 
0.9308007812500001 
0.8083398437499999 
1.2138085937500003 
