89 8 3 
0.9395898437500001 
1.0315820312500001 
0.94134765625 
1.29525390625 
1.0591210937500002 
1.1194726562500001 
0.9020898437499999 
0.92376953125 
1.21498046875 
1.01166015625 
1.09134765625 
1.2677148437500003 
1.26244140625 
0.95189453125 
1.0063867187500002 
1.2800195312500002 
1.2331445312500002 
0.8464257812499999 
1.21205078125 
1.2126367187500002 
1.1417382812499999 
1.0063867187500002 
1.2595117187500002 
1.0403710937500001 
1.2126367187500002 
1.25892578125 
0.97005859375 
0.9993554687499997 
1.3081445312500002 
0.9735742187499999 
1.1235742187500002 
0.8171289062499999 
1.16107421875 
1.22025390625 
1.24720703125 
1.2483789062500001 
0.8446679687499998 
1.13880859375 
1.02748046875 
1.2325585937500003 
0.7802148437499999 
0.97591796875 
1.2231835937500002 
1.22025390625 
1.21087890625 
1.09603515625 
0.9026757812499999 
1.02044921875 
1.01927734375 
1.2138085937500003 
0.8417382812499998 
1.23431640625 
1.0186914062499999 
1.2466210937500002 
0.8763085937499998 
0.93197265625 
1.2688867187500004 
1.2337304687500001 
1.11830078125 
1.22376953125 
1.1751367187500001 
0.6032617187499999 
0.95892578125 
0.9149804687499999 
0.7907617187499999 
1.15287109375 
0.97826171875 
0.8511132812499999 
1.24486328125 
1.21205078125 
1.16224609375 
0.8218164062499999 
1.2102929687500001 
1.22376953125 
1.21791015625 
0.92494140625 
1.2606835937500003 
0.92962890625 
1.21556640625 
0.8452539062499999 
1.06966796875 
0.7058007812499999 
0.7655664062499998 
1.2788476562500002 
0.7813867187499999 
0.7198632812499999 
0.8558007812499999 
1.3110742187500002 
0.96126953125 
1.13646484375 
0.7661523437499999 
0.6835351562499998 
0.9085351562499998 
0.9419335937500001 
0.8487695312499999 
0.9079492187499998 
1.2612695312500002 
0.7819726562499999 
1.2653710937500002 
0.7544335937499999 
0.7643945312499999 
0.92611328125 
1.00052734375 
1.0714257812499999 
0.6923242187499997 
1.03978515625 
1.2407617187500002 
0.7374414062499998 
1.08021484375 
1.21673828125 
0.8956445312499999 
1.02220703125 
0.9026757812499999 
1.14232421875 
1.00404296875 
0.8030664062499998 
1.2835351562500001 
1.23841796875 
1.14115234375 
0.8218164062499999 
1.1927148437500001 
1.2308007812500001 
0.9448632812500001 
0.8745507812499999 
0.96537109375 
1.09837890625 
1.0433007812500001 
1.21087890625 
1.28529296875 
0.7579492187499998 
1.1534570312499999 
1.02748046875 
1.2102929687500001 
0.8880273437499998 
1.2325585937500003 
1.2114648437500002 
1.22142578125 
0.97533203125 
1.2683007812500002 
0.7532617187499998 
1.22376953125 
1.21556640625 
0.9911523437499998 
1.21556640625 
0.7263085937499998 
0.92787109375 
1.2653710937500002 
1.21556640625 
1.07904296875 
1.13763671875 
1.01517578125 
0.9647851562499999 
1.2126367187500002 
0.96654296875 
0.6372460937499999 
1.20970703125 
1.2542382812500001 
0.6073632812499999 
0.7597070312499998 
0.7761132812499999 
1.2302148437500002 
1.15404296875 
1.2278710937500001 
1.00287109375 
0.8874414062499998 
0.8265039062499999 
1.2190820312500001 
0.96009765625 
0.7245507812499998 
1.16283203125 
1.2706445312500003 
1.21556640625 
1.08373046875 
0.92259765625 
0.82767578125 
1.22845703125 
1.22962890625 
1.2788476562500002 
0.7796289062499999 
0.9683007812500001 
0.8563867187499998 
1.2559960937500003 
1.2518945312500003 
1.16283203125 
1.24017578125 
0.9776757812500001 
1.2290429687500002 
1.2542382812500001 
0.8985742187499998 
1.2548242187500003 
1.2360742187500002 
1.03509765625 
0.95833984375 
0.9929101562499998 
1.12123046875 
1.01751953125 
1.2501367187500003 
0.7802148437499999 
0.6788476562499999 
0.96068359375 
