24 9 67 
0.95833984375 
0.5692773437499999 
0.8739648437499998 
0.5827539062499999 
0.8886132812499998 
0.6823632812499999 
0.91322265625 
0.8669335937499999 
0.8282617187499999 
1.2741601562500002 
0.8634179687499999 
0.53001953125 
1.2770898437500002 
1.01048828125 
0.94662109375 
1.09720703125 
1.17396484375 
1.0251367187500002 
0.9401757812500001 
0.8950585937499999 
1.24720703125 
0.8733789062499998 
0.8499414062499998 
0.7028710937499998 
0.94076171875 
1.04798828125 
0.5833398437499999 
0.8722070312499999 
1.08783203125 
1.2665429687500003 
1.2688867187500004 
0.8171289062499999 
0.8001367187499998 
1.0936914062499998 
1.3128320312500001 
1.23431640625 
1.2360742187500002 
0.9530664062499999 
1.2477929687500002 
0.8622460937499998 
0.9530664062499999 
0.8054101562499998 
0.94076171875 
0.8200585937499999 
1.0444726562500002 
1.2788476562500002 
1.2542382812500001 
0.9038476562499999 
0.9929101562499998 
1.2325585937500003 
0.7556054687499998 
1.16751953125 
0.6782617187499999 
1.2817773437500002 
0.8446679687499998 
0.8522851562499998 
0.9858789062499999 
0.8159570312499999 
0.94134765625 
1.1475976562499999 
0.7181054687499998 
0.94837890625 
0.9061914062499998 
1.1165429687500001 
1.24017578125 
0.9091210937499998 
0.8599023437499999 
0.92845703125 
0.8224023437499999 
0.92787109375 
0.9800195312500001 
1.18626953125 
1.01927734375 
0.6747460937499998 
1.2407617187500002 
1.33509765625 
1.09662109375 
1.06322265625 
1.1874414062499998 
1.2349023437500002 
1.19095703125 
0.8511132812499999 
1.23548828125 
1.01751953125 
0.8651757812499999 
1.2524804687500002 
1.08490234375 
1.2841210937500003 
1.2641992187500002 
0.8974023437499998 
0.8001367187499998 
1.1194726562500001 
0.8809960937499998 
0.7737695312499999 
1.05677734375 
0.94603515625 
1.10833984375 
1.10072265625 
1.01166015625 
0.8434960937499998 
0.6073632812499999 
0.8938867187499998 
0.96771484375 
1.26185546875 
0.7720117187499999 
1.11126953125 
0.94662109375 
0.8681054687499998 
0.91849609375 
1.2366601562500001 
1.0491601562500001 
0.8552148437499999 
0.8698632812499999 
1.2302148437500002 
1.2132226562500001 
0.6759179687499999 
0.7368554687499997 
0.98060546875 
0.91439453125 
0.96244140625 
1.05560546875 
0.6354882812499999 
1.2114648437500002 
0.8405664062499998 
0.9390039062500001 
1.2138085937500003 
0.7907617187499999 
1.1593164062499999 
1.24427734375 
0.91673828125 
0.95716796875 
1.14232421875 
0.93431640625 
1.07552734375 
1.1200585937500003 
0.7837304687499999 
1.0462304687500001 
0.8440820312499998 
0.6208398437499999 
1.11419921875 
0.7046289062499999 
0.6202539062499999 
1.1950585937500002 
0.7702539062499999 
0.8118554687499998 
0.9085351562499998 
0.9548242187499999 
1.2425195312500001 
1.07962890625 
0.7216210937499998 
1.11537109375 
1.17572265625 
1.2466210937500002 
1.12123046875 
0.94720703125 
1.2395898437500001 
1.2554101562500002 
0.8323632812499999 
1.2653710937500002 
1.0251367187500002 
0.6589257812499999 
0.7140039062499999 
0.9003320312499998 
0.8651757812499999 
1.0503320312500002 
0.8950585937499999 
0.8540429687499999 
0.8370507812499999 
1.1874414062499998 
1.0298242187500002 
0.7257226562499998 
1.1405664062499998 
1.16166015625 
0.5511132812499999 
0.8897851562499998 
1.22845703125 
0.8528710937499998 
0.94134765625 
1.29173828125 
1.20091796875 
1.29642578125 
0.7075585937499999 
0.7743554687499998 
1.10658203125 
1.32220703125 
0.8745507812499999 
1.0544335937500002 
1.02044921875 
1.00580078125 
1.2325585937500003 
1.24369140625 
0.92201171875 
1.0239648437500002 
0.8780664062499998 
1.2729882812500002 
0.7462304687499998 
1.00580078125 
1.38900390625 
0.6337304687499998 
0.91263671875 
