36 9 55 
0.9015039062499999 
0.7474023437499998 
0.8095117187499998 
1.01341796875 
0.8604882812499999 
0.8434960937499998 
1.2302148437500002 
0.8997460937499998 
1.30287109375 
1.0474023437500002 
0.8347070312499999 
1.2161523437500001 
1.10775390625 
1.2724023437500003 
1.1874414062499998 
0.8745507812499999 
1.2489648437500003 
0.8458398437499999 
1.15521484375 
1.23548828125 
1.20501953125 
0.97591796875 
1.24427734375 
1.3099023437500001 
1.2302148437500002 
1.19330078125 
0.94837890625 
0.97533203125 
0.8558007812499999 
1.05736328125 
0.8159570312499999 
1.18685546875 
0.8698632812499999 
1.07318359375 
1.0579492187500001 
1.0063867187500002 
1.0186914062499999 
0.6806054687499998 
0.92845703125 
1.01341796875 
1.16458984375 
0.5774804687499998 
1.0433007812500001 
0.5868554687499998 
1.10658203125 
0.8358789062499998 
1.2132226562500001 
0.7796289062499999 
0.91673828125 
1.1522851562499998 
0.9026757812499999 
1.1534570312499999 
1.18919921875 
1.2102929687500001 
0.95072265625 
0.9524804687499999 
0.8095117187499998 
1.20736328125 
0.6724023437499999 
0.7597070312499998 
0.94837890625 
0.9079492187499998 
1.01986328125 
1.2331445312500002 
0.94603515625 
1.02220703125 
0.8300195312499999 
1.24310546875 
0.7116601562499998 
0.9548242187499999 
1.18041015625 
0.7702539062499999 
0.8979882812499999 
0.8124414062499998 
0.8376367187499998 
0.7632226562499999 
1.13119140625 
1.02806640625 
0.8317773437499999 
0.7890039062499999 
1.2331445312500002 
0.8622460937499998 
0.7526757812499999 
1.17337890625 
0.94837890625 
0.9061914062499998 
0.92611328125 
0.91615234375 
1.20853515625 
0.93666015625 
1.0186914062499999 
0.91263671875 
1.14701171875 
1.14291015625 
1.09310546875 
0.7849023437499999 
0.6653710937499998 
0.9641992187499999 
0.9401757812500001 
1.21791015625 
1.2184960937500002 
1.0415429687500002 
1.29759765625 
0.7866601562499999 
0.6536523437499998 
0.9073632812499999 
1.20501953125 
1.26361328125 
0.8710351562499998 
0.8370507812499999 
1.2161523437500001 
0.9395898437500001 
0.8241601562499998 
1.2753320312500003 
0.7362695312499998 
0.94720703125 
0.9929101562499998 
1.24486328125 
1.03509765625 
0.7825585937499999 
0.8886132812499998 
1.0403710937500001 
1.2571679687500001 
0.91615234375 
1.22728515625 
0.8481835937499999 
1.19154296875 
0.7315820312499998 
1.19095703125 
0.8733789062499998 
0.7667382812499999 
0.8159570312499999 
0.98060546875 
0.8434960937499998 
0.92845703125 
0.91322265625 
1.2747460937500004 
1.11478515625 
1.1206445312500002 
0.59330078125 
1.06849609375 
0.9929101562499998 
1.25306640625 
0.7866601562499999 
1.02455078125 
1.2841210937500003 
1.0591210937500002 
0.7960351562499999 
1.19154296875 
1.0702539062499998 
1.17279296875 
1.1985742187500001 
0.8446679687499998 
0.9647851562499999 
0.7532617187499998 
0.9067773437499999 
1.0403710937500001 
0.7122460937499998 
1.19154296875 
0.8048242187499998 
0.8317773437499999 
1.0497460937500003 
1.10833984375 
0.7936914062499999 
0.96009765625 
1.2712304687500002 
0.7550195312499999 
0.8856835937499998 
0.7837304687499999 
0.7456445312499999 
1.1950585937500002 
0.6495507812499999 
1.2835351562500001 
1.2548242187500003 
0.7520898437499999 
0.9044335937499999 
1.2331445312500002 
1.1686914062499998 
0.9331445312500001 
0.8675195312499999 
0.7772851562499998 
0.8956445312499999 
0.6600976562499998 
1.20091796875 
1.09837890625 
1.2565820312500002 
0.9149804687499999 
1.18568359375 
0.7058007812499999 
1.06146484375 
0.95130859375 
1.08197265625 
0.6419335937499999 
1.2114648437500002 
0.98060546875 
0.8165429687499999 
1.2507226562500002 
1.2173242187500002 
1.26244140625 
0.6993554687499998 
