39 9 52 
0.8106835937499999 
1.11537109375 
0.8411523437499998 
0.7825585937499999 
0.97298828125 
0.94779296875 
0.6530664062499998 
1.09427734375 
1.0257226562500001 
1.0450585937500003 
0.8956445312499999 
0.8727929687499998 
0.7298242187499997 
0.7942773437499999 
1.1950585937500002 
0.93607421875 
0.96771484375 
0.8183007812499999 
0.8815820312499998 
1.2641992187500002 
0.7907617187499999 
1.13763671875 
0.8903710937499998 
0.8499414062499998 
1.2495507812500002 
1.31458984375 
0.95189453125 
0.7819726562499999 
1.0186914062499999 
1.2888085937500002 
1.24017578125 
0.8874414062499998 
0.94427734375 
0.7825585937499999 
0.94076171875 
0.8745507812499999 
1.2841210937500003 
1.03333984375 
1.06146484375 
1.00580078125 
0.8376367187499998 
0.91205078125 
0.93666015625 
0.7890039062499999 
0.8370507812499999 
1.22962890625 
0.6536523437499998 
0.7702539062499999 
0.8493554687499998 
1.2677148437500003 
0.9964257812499999 
0.7931054687499999 
0.6630273437499998 
0.92201171875 
0.8897851562499998 
0.98236328125 
1.0485742187500002 
0.5516992187499998 
0.9800195312500001 
0.8645898437499999 
0.8206445312499999 
1.13470703125 
0.8593164062499998 
1.20560546875 
0.9524804687499999 
0.8997460937499998 
0.6794335937499999 
0.7257226562499998 
1.00580078125 
0.92904296875 
1.1522851562499998 
1.1927148437500001 
0.6794335937499999 
1.14583984375 
0.8206445312499999 
0.8206445312499999 
1.2794335937500003 
0.8540429687499999 
0.7532617187499998 
0.97884765625 
1.18626953125 
1.24603515625 
0.7122460937499998 
0.8921289062499999 
1.05150390625 
0.9032617187499998 
0.6806054687499998 
0.8300195312499999 
0.91205078125 
1.08666015625 
0.96654296875 
1.2800195312500002 
0.9085351562499998 
1.0491601562500001 
0.7843164062499999 
0.9923242187499998 
1.15287109375 
1.2220117187500001 
1.1059960937500002 
1.00873046875 
1.1763085937500002 
0.8540429687499999 
1.22962890625 
0.7368554687499997 
1.3356835937500002 
1.21673828125 
0.8311914062499999 
1.04095703125 
0.8927148437499999 
0.8622460937499998 
0.8821679687499998 
0.7725976562499999 
0.6600976562499998 
0.9559960937499999 
1.17220703125 
1.02748046875 
1.05619140625 
0.8640039062499999 
0.8563867187499998 
1.24427734375 
1.2138085937500003 
0.95365234375 
0.8311914062499999 
0.8622460937499998 
0.9009179687499999 
0.94720703125 
0.7890039062499999 
0.91087890625 
1.0872460937500001 
0.8306054687499999 
1.2524804687500002 
0.6419335937499999 
1.2161523437500001 
0.7661523437499999 
1.2600976562500001 
0.8722070312499999 
0.7561914062499998 
1.11361328125 
0.96654296875 
1.20267578125 
1.2542382812500001 
1.01166015625 
0.9061914062499998 
0.8722070312499999 
1.10716796875 
0.8481835937499999 
1.2425195312500001 
0.7327539062499998 
1.23431640625 
0.8938867187499998 
1.20912109375 
0.8341210937499999 
0.8376367187499998 
0.96771484375 
1.22669921875 
1.1809960937500001 
1.31634765625 
1.21087890625 
1.11361328125 
0.7227929687499998 
1.00931640625 
1.0257226562500001 
0.9999414062499997 
1.2712304687500002 
1.22669921875 
1.19095703125 
0.7140039062499999 
1.1059960937500002 
0.8675195312499999 
0.98353515625 
1.2061914062499999 
0.8563867187499998 
1.0345117187500001 
0.7649804687499998 
0.8768945312499998 
0.7175195312499999 
1.11419921875 
0.7198632812499999 
1.1464257812499998 
0.8763085937499998 
0.8347070312499999 
1.03216796875 
1.0415429687500002 
0.93783203125 
0.7761132812499999 
0.7679101562499998 
1.06322265625 
0.8903710937499998 
0.6606835937499999 
1.0286523437500001 
0.8417382812499998 
0.91087890625 
1.03509765625 
0.9923242187499998 
1.24369140625 
1.0309960937500002 
0.8733789062499998 
0.97533203125 
0.8370507812499999 
0.8850976562499998 
