40 9 51 
1.0743554687499999 
0.9050195312499999 
1.2138085937500003 
1.0356835937500002 
1.2349023437500002 
1.14291015625 
0.9882226562499998 
0.8950585937499999 
0.8505273437499998 
1.15638671875 
1.23548828125 
1.09720703125 
1.15580078125 
0.8675195312499999 
0.7515039062499999 
1.09779296875 
1.03041015625 
0.9647851562499999 
1.2366601562500001 
1.22435546875 
0.7591210937499998 
0.95423828125 
1.28587890625 
0.9015039062499999 
1.20853515625 
0.7145898437499999 
0.7860742187499998 
0.7679101562499998 
0.9179101562499999 
0.96537109375 
0.8306054687499999 
1.0315820312500001 
0.8059960937499998 
1.29759765625 
0.7602929687499999 
0.6911523437499998 
0.9999414062499997 
0.8288476562499999 
0.9085351562499998 
0.8224023437499999 
1.03802734375 
1.0052148437500001 
0.8171289062499999 
0.8804101562499997 
1.02162109375 
1.01283203125 
1.23548828125 
1.2313867187500003 
0.97240234375 
0.95951171875 
0.6044335937499999 
1.0462304687500001 
0.96595703125 
0.7602929687499999 
1.05560546875 
0.8950585937499999 
1.23431640625 
0.8722070312499999 
0.7702539062499999 
0.7913476562499999 
0.6975976562499998 
0.9641992187499999 
0.8821679687499998 
0.6970117187499998 
1.20091796875 
0.4813867187499999 
1.2349023437500002 
0.82767578125 
0.8089257812499999 
1.24486328125 
1.1575585937500001 
0.6483789062499998 
0.9390039062500001 
1.18802734375 
0.7819726562499999 
0.8704492187499998 
0.7936914062499999 
0.7544335937499999 
0.8165429687499999 
0.8657617187499999 
1.17220703125 
1.1763085937500002 
1.0890039062499999 
0.8727929687499998 
0.98470703125 
0.7983789062499999 
0.7022851562499998 
0.6636132812499999 
0.8511132812499999 
1.22962890625 
1.29291015625 
1.12591796875 
0.98412109375 
0.8505273437499998 
0.7409570312499998 
0.7977929687499998 
0.6565820312499998 
1.1446679687499999 
1.2102929687500001 
0.93724609375 
0.8809960937499998 
1.19798828125 
0.8640039062499999 
1.18509765625 
1.09955078125 
1.24017578125 
0.9501367187499999 
0.6852929687499998 
1.29115234375 
0.6173242187499998 
1.2360742187500002 
0.9882226562499998 
0.9003320312499998 
0.7556054687499998 
0.9302148437500001 
1.2794335937500003 
0.7028710937499998 
0.98236328125 
1.1651757812499999 
0.8563867187499998 
0.7386132812499998 
0.8727929687499998 
0.5927148437499999 
0.92904296875 
0.7181054687499998 
1.01927734375 
1.1177148437500002 
0.7233789062499998 
0.8727929687499998 
0.8341210937499999 
0.8475976562499998 
0.9038476562499999 
1.2143945312500002 
0.8622460937499998 
1.26361328125 
0.92435546875 
1.2337304687500001 
0.79251953125 
0.6102929687499998 
1.00931640625 
0.8786523437499998 
1.14291015625 
0.7772851562499998 
0.8147851562499998 
1.19740234375 
1.03861328125 
1.3099023437500001 
0.8681054687499998 
0.6536523437499998 
0.7913476562499999 
0.82767578125 
0.9173242187499999 
0.92201171875 
1.2220117187500001 
1.0462304687500001 
1.0298242187500002 
1.0433007812500001 
0.7368554687499997 
0.9214257812500001 
1.2683007812500002 
0.97005859375 
0.7345117187499998 
0.8106835937499999 
1.14232421875 
1.21087890625 
0.6184960937499998 
1.2671289062500002 
0.6899804687499997 
0.9032617187499998 
0.8804101562499997 
1.0491601562500001 
0.9940820312499998 
1.21498046875 
0.8944726562499998 
0.9038476562499999 
0.8669335937499999 
0.7298242187499997 
1.23900390625 
1.03861328125 
1.00931640625 
1.29115234375 
0.8341210937499999 
0.6114648437499999 
0.94369140625 
0.98177734375 
0.95951171875 
1.29115234375 
0.92083984375 
0.7690820312499999 
1.0257226562500001 
0.7409570312499998 
0.5153710937499999 
1.2706445312500003 
1.2817773437500002 
0.5880273437499999 
1.22494140625 
0.8018945312499999 
0.7948632812499999 
1.07845703125 
0.6964257812499999 
