70 9 21 
1.2308007812500001 
0.7714257812499999 
1.2747460937500004 
0.8124414062499998 
1.2313867187500003 
1.2302148437500002 
1.02044921875 
0.8833398437499999 
1.11419921875 
0.97181640625 
0.8985742187499998 
0.7936914062499999 
0.95951171875 
0.8768945312499998 
1.20677734375 
0.8686914062499999 
0.8845117187499998 
0.8950585937499999 
1.0227929687500001 
1.20150390625 
0.7339257812499999 
1.01341796875 
1.2378320312500002 
0.7720117187499999 
0.8640039062499999 
0.8153710937499998 
0.8470117187499998 
1.2302148437500002 
1.20560546875 
0.6536523437499998 
1.0263085937500003 
0.97533203125 
1.15638671875 
0.7884179687499999 
0.8341210937499999 
0.9981835937499999 
1.22962890625 
0.6923242187499997 
0.96947265625 
0.98119140625 
0.8663476562499999 
0.8118554687499998 
1.26185546875 
0.8804101562499997 
0.8558007812499999 
0.94427734375 
1.0186914062499999 
0.98412109375 
0.8552148437499999 
0.93373046875 
0.7122460937499998 
1.21205078125 
0.6735742187499998 
1.2741601562500002 
0.8452539062499999 
1.1188867187500002 
1.15873046875 
0.7503320312499998 
0.8071679687499999 
0.94427734375 
0.7849023437499999 
1.22142578125 
0.7913476562499999 
1.21673828125 
0.9893945312499999 
0.8950585937499999 
0.7386132812499998 
1.10248046875 
0.7339257812499999 
1.2477929687500002 
1.15462890625 
1.2688867187500004 
1.21966796875 
1.2407617187500002 
0.8722070312499999 
0.91849609375 
1.06205078125 
0.7485742187499997 
0.8013085937499999 
0.7556054687499998 
0.91966796875 
0.8839257812499999 
1.2770898437500002 
0.8024804687499998 
0.7913476562499999 
0.9179101562499999 
1.2477929687500002 
1.0813867187500001 
1.10833984375 
0.91263671875 
0.8153710937499998 
1.2114648437500002 
0.8393945312499999 
1.22142578125 
0.8452539062499999 
1.13880859375 
0.8921289062499999 
1.2671289062500002 
0.7444726562499998 
0.8370507812499999 
0.8850976562499998 
0.8856835937499998 
0.8259179687499999 
0.6829492187499998 
0.8622460937499998 
0.8247460937499999 
1.1651757812499999 
1.22259765625 
1.22259765625 
1.20853515625 
0.94310546875 
0.9864648437499999 
1.0052148437500001 
0.8042382812499999 
0.8821679687499998 
1.11830078125 
0.7761132812499999 
1.03041015625 
1.11361328125 
0.7169335937499999 
0.9940820312499998 
1.00169921875 
1.1950585937500002 
1.2806054687500001 
0.6319726562499999 
0.7468164062499998 
0.93373046875 
1.22142578125 
0.6970117187499998 
1.20267578125 
0.93255859375 
1.2495507812500002 
0.7028710937499998 
0.8897851562499998 
1.23548828125 
0.64017578125 
1.0444726562500002 
0.93666015625 
0.6225976562499999 
1.0309960937500002 
0.9501367187499999 
1.28529296875 
0.8417382812499998 
0.7397851562499997 
0.97533203125 
1.20560546875 
1.22962890625 
1.10423828125 
1.16283203125 
0.7204492187499998 
1.21556640625 
0.8909570312499998 
0.9331445312500001 
0.9981835937499999 
1.18919921875 
0.7890039062499999 
1.0122460937500002 
1.21556640625 
0.8815820312499998 
1.2290429687500002 
1.2999414062499999 
0.8100976562499999 
1.10248046875 
0.8722070312499999 
1.00462890625 
0.8862695312499999 
0.7438867187499998 
0.7690820312499999 
0.7772851562499998 
0.8036523437499998 
0.8868554687499998 
0.91322265625 
0.9067773437499999 
1.08607421875 
0.7954492187499999 
0.8868554687499998 
1.1059960937500002 
0.7761132812499999 
1.20091796875 
0.8522851562499998 
1.0063867187500002 
1.21791015625 
1.01166015625 
0.8270898437499999 
1.12416015625 
0.8382226562499998 
1.21556640625 
0.6999414062499998 
1.0813867187500001 
0.5997460937499999 
0.8968164062499998 
1.25306640625 
0.5575585937499999 
1.22611328125 
0.7538476562499998 
0.8335351562499999 
0.97240234375 
0.7948632812499999 
0.8130273437499999 
0.8581445312499999 
