74 9 17 
0.9448632812500001 
0.8915429687499998 
0.95130859375 
1.2770898437500002 
0.7696679687499999 
1.17044921875 
1.19212890625 
0.9149804687499999 
0.8675195312499999 
0.6425195312499999 
0.8054101562499998 
1.17572265625 
0.8833398437499999 
0.95833984375 
1.1405664062499998 
0.7825585937499999 
0.8979882812499999 
0.97826171875 
0.8827539062499998 
1.2102929687500001 
0.94955078125 
1.2061914062499999 
0.8757226562499998 
0.9940820312499998 
1.00169921875 
0.9091210937499998 
1.2513085937500004 
0.94134765625 
0.8985742187499998 
0.7263085937499998 
1.2700585937500004 
0.93783203125 
0.9179101562499999 
1.18158203125 
0.8927148437499999 
0.7438867187499998 
1.2425195312500001 
0.98060546875 
0.5880273437499999 
0.8733789062499998 
1.23548828125 
0.96888671875 
0.8575585937499999 
0.8763085937499998 
0.96595703125 
0.8921289062499999 
0.8106835937499999 
1.2313867187500003 
1.2102929687500001 
0.8938867187499998 
1.24603515625 
0.7169335937499999 
0.92025390625 
1.13119140625 
0.8675195312499999 
1.0315820312500001 
1.03978515625 
1.17923828125 
0.91205078125 
1.06146484375 
0.9079492187499998 
1.0456445312500002 
1.01048828125 
0.9800195312500001 
1.2606835937500003 
1.07201171875 
0.7620507812499999 
1.21791015625 
1.13353515625 
0.9003320312499998 
1.0315820312500001 
1.2378320312500002 
0.8616601562499998 
0.8698632812499999 
1.1874414062499998 
1.2331445312500002 
0.7438867187499998 
1.0315820312500001 
0.7684960937499998 
1.2788476562500002 
0.8329492187499998 
1.22728515625 
1.21556640625 
1.22494140625 
0.8645898437499999 
0.8651757812499999 
1.1681054687499999 
1.18626953125 
1.04212890625 
1.2308007812500001 
1.2817773437500002 
0.96126953125 
0.7175195312499999 
1.28119140625 
0.6923242187499997 
1.2378320312500002 
0.93255859375 
1.24720703125 
1.2302148437500002 
0.94603515625 
1.01458984375 
0.7304101562499997 
1.1593164062499999 
1.26361328125 
1.21791015625 
1.20794921875 
0.92962890625 
0.7684960937499998 
1.07845703125 
0.7556054687499998 
0.8599023437499999 
1.03275390625 
0.97943359375 
1.2337304687500001 
1.04798828125 
0.8716210937499999 
1.14408203125 
1.2220117187500001 
0.8288476562499999 
0.91322265625 
1.18451171875 
0.7122460937499998 
1.2829492187500002 
1.00169921875 
1.01283203125 
1.07845703125 
0.8188867187499999 
0.8095117187499998 
0.7626367187499998 
1.03802734375 
1.2132226562500001 
1.2495507812500002 
0.8429101562499998 
1.0438867187500003 
1.0052148437500001 
1.2220117187500001 
0.9864648437499999 
1.23431640625 
0.8991601562499998 
1.22083984375 
1.2319726562500002 
1.22728515625 
0.7585351562499998 
0.95775390625 
1.2349023437500002 
1.09251953125 
0.6489648437499999 
1.2677148437500003 
1.12650390625 
0.8018945312499999 
0.8505273437499998 
0.9735742187499999 
0.8106835937499999 
0.8640039062499999 
1.21205078125 
1.20033203125 
0.8405664062499998 
0.7093164062499998 
1.2349023437500002 
0.8739648437499998 
0.94310546875 
1.2770898437500002 
1.14408203125 
0.7989648437499999 
0.94369140625 
1.22259765625 
1.13353515625 
1.03978515625 
0.7093164062499998 
0.8042382812499999 
0.98177734375 
1.2554101562500002 
1.0702539062499998 
0.8434960937499998 
1.2126367187500002 
0.97591796875 
1.04798828125 
0.8306054687499999 
0.6489648437499999 
0.8839257812499999 
0.9015039062499999 
1.09134765625 
0.8903710937499998 
1.0761132812499998 
0.8686914062499999 
1.0825585937500002 
1.2688867187500004 
1.14583984375 
0.8493554687499998 
0.97474609375 
0.7058007812499999 
1.25892578125 
0.8921289062499999 
0.9331445312500001 
1.0497460937500003 
0.8604882812499999 
0.7936914062499999 
0.98412109375 
1.23431640625 
1.0110742187500001 
