76 9 15 
1.3040429687500001 
1.14818359375 
1.1341210937500001 
0.5370507812499999 
1.08841796875 
1.10775390625 
1.2542382812500001 
1.2864648437500001 
0.7948632812499999 
0.9905664062499998 
0.96009765625 
0.9923242187499998 
0.8874414062499998 
0.94837890625 
1.07669921875 
0.8493554687499998 
1.21087890625 
1.21673828125 
1.00228515625 
0.6999414062499998 
0.82767578125 
0.8294335937499999 
1.01341796875 
0.9056054687499998 
1.21498046875 
0.97884765625 
1.05560546875 
0.91439453125 
0.8862695312499999 
0.8475976562499998 
0.9882226562499998 
1.26361328125 
0.6600976562499998 
0.7766992187499998 
0.8370507812499999 
1.22259765625 
1.17572265625 
1.2302148437500002 
0.98060546875 
0.8739648437499998 
1.2600976562500001 
0.91908203125 
0.7421289062499998 
1.28998046875 
1.2231835937500002 
0.8446679687499998 
0.6899804687499997 
1.30228515625 
0.8171289062499999 
1.21556640625 
1.13119140625 
0.9641992187499999 
0.8464257812499999 
0.8224023437499999 
0.9073632812499999 
0.8247460937499999 
0.8446679687499998 
0.93373046875 
0.6366601562499998 
0.8253320312499999 
1.0186914062499999 
0.7532617187499998 
0.7661523437499999 
0.6489648437499999 
1.17689453125 
0.8036523437499998 
0.6618554687499998 
1.1013085937500002 
0.7655664062499998 
0.7433007812499999 
1.2600976562500001 
0.8229882812499999 
0.8171289062499999 
1.20091796875 
0.9548242187499999 
0.8675195312499999 
0.92494140625 
1.2372460937500003 
0.91205078125 
0.8147851562499998 
1.2319726562500002 
0.7796289062499999 
0.8587304687499998 
0.98177734375 
1.2923242187500001 
1.2290429687500002 
1.2934960937500002 
1.0503320312500002 
0.97298828125 
1.00228515625 
0.8798242187499997 
1.2688867187500004 
0.8376367187499998 
1.22962890625 
0.8897851562499998 
1.17865234375 
0.8505273437499998 
0.8077539062499999 
1.14115234375 
1.18626953125 
0.8599023437499999 
0.98412109375 
1.06087890625 
0.6548242187499997 
1.22669921875 
0.9179101562499999 
0.8657617187499999 
0.6472070312499999 
1.2143945312500002 
1.2524804687500002 
1.12884765625 
0.9683007812500001 
1.21205078125 
0.96537109375 
0.9395898437500001 
1.0356835937500002 
0.95951171875 
1.21966796875 
1.2102929687500001 
0.9015039062499999 
0.9530664062499999 
0.97474609375 
1.0186914062499999 
0.97181640625 
1.15287109375 
0.7474023437499998 
0.8505273437499998 
0.7257226562499998 
1.24603515625 
0.9050195312499999 
1.22083984375 
1.01986328125 
0.7274804687499997 
1.2776757812500001 
0.8311914062499999 
0.97064453125 
0.93197265625 
1.2325585937500003 
0.96068359375 
1.1475976562499999 
1.0438867187500003 
0.8651757812499999 
0.8487695312499999 
0.7433007812499999 
1.00169921875 
0.7614648437499999 
0.8552148437499999 
1.09779296875 
0.8347070312499999 
0.8956445312499999 
0.9015039062499999 
0.91439453125 
0.8675195312499999 
1.07318359375 
1.05384765625 
1.2372460937500003 
0.91029296875 
0.8188867187499999 
0.9882226562499998 
1.2864648437500001 
0.91087890625 
0.8915429687499998 
1.2600976562500001 
1.24720703125 
1.30287109375 
0.91087890625 
1.21673828125 
0.7034570312499998 
1.2231835937500002 
1.2190820312500001 
0.8815820312499998 
0.7679101562499998 
0.8329492187499998 
0.5845117187499999 
0.6724023437499999 
1.2477929687500002 
0.7638085937499999 
1.13998046875 
1.0544335937500002 
1.07845703125 
1.15697265625 
1.20794921875 
0.7034570312499998 
1.18392578125 
0.7397851562499997 
1.26478515625 
1.03978515625 
0.8352929687499998 
0.7626367187499998 
0.94369140625 
1.06615234375 
1.2337304687500001 
1.0315820312500001 
1.1124414062499999 
0.7725976562499999 
0.7186914062499998 
0.8446679687499998 
0.7708398437499999 
1.0544335937500002 
0.8827539062499998 
