81 9 10 
1.2753320312500003 
1.06322265625 
1.31751953125 
1.01634765625 
0.8130273437499999 
1.01634765625 
1.03509765625 
1.2847070312500002 
1.01810546875 
0.7907617187499999 
0.8194726562499999 
1.24310546875 
1.2319726562500002 
0.7638085937499999 
1.22025390625 
0.8405664062499998 
0.9020898437499999 
0.8839257812499999 
0.9032617187499998 
1.2477929687500002 
1.20853515625 
1.2360742187500002 
1.02162109375 
0.8815820312499998 
1.2489648437500003 
0.7474023437499998 
1.22259765625 
0.8434960937499998 
1.0890039062499999 
1.22435546875 
0.94603515625 
1.23548828125 
0.9929101562499998 
0.6788476562499999 
0.9179101562499999 
0.8604882812499999 
0.8974023437499998 
0.6653710937499998 
1.24369140625 
1.13470703125 
1.2278710937500001 
1.2630273437500001 
1.13822265625 
1.32044921875 
1.20794921875 
1.03861328125 
1.21087890625 
1.04798828125 
1.2319726562500002 
1.2718164062500001 
1.21087890625 
1.09251953125 
1.2278710937500001 
0.9559960937499999 
0.91146484375 
1.2735742187500003 
0.9964257812499999 
1.20677734375 
0.8868554687499998 
0.8317773437499999 
0.8130273437499999 
1.02162109375 
1.17806640625 
1.06146484375 
0.9056054687499998 
0.8358789062499998 
0.7790429687499999 
0.97005859375 
1.1405664062499998 
1.15462890625 
0.98236328125 
1.2337304687500001 
0.7614648437499999 
1.2126367187500002 
0.9061914062499998 
0.6015039062499999 
1.21087890625 
0.92904296875 
1.2190820312500001 
1.23431640625 
1.01986328125 
1.02044921875 
1.09193359375 
0.8165429687499999 
0.8868554687499998 
0.7028710937499998 
1.0936914062499998 
0.8470117187499998 
0.8100976562499999 
0.98119140625 
0.7679101562499998 
0.94310546875 
1.06205078125 
1.2671289062500002 
1.2161523437500001 
0.8376367187499998 
0.8440820312499998 
1.23900390625 
1.25892578125 
0.8054101562499998 
0.7520898437499999 
0.8698632812499999 
0.7866601562499999 
0.9079492187499998 
0.7913476562499999 
1.2331445312500002 
1.22376953125 
1.0890039062499999 
0.9905664062499998 
1.2114648437500002 
0.9085351562499998 
1.0456445312500002 
0.6044335937499999 
1.2349023437500002 
0.9858789062499999 
1.22728515625 
1.0503320312500002 
1.22025390625 
1.02044921875 
1.28587890625 
0.96712890625 
1.21673828125 
1.0122460937500002 
1.0761132812499998 
0.8235742187499998 
0.8311914062499999 
0.7315820312499998 
1.2606835937500003 
0.9776757812500001 
1.2788476562500002 
1.2395898437500001 
0.7345117187499998 
1.2290429687500002 
1.2114648437500002 
0.8405664062499998 
0.6940820312499998 
1.2712304687500002 
1.2190820312500001 
1.2138085937500003 
0.9524804687499999 
0.7679101562499998 
0.96712890625 
0.91439453125 
0.7954492187499999 
0.8727929687499998 
1.09076171875 
1.13177734375 
0.8306054687499999 
1.08783203125 
1.2184960937500002 
0.7046289062499999 
1.27650390625 
0.8909570312499998 
0.8417382812499998 
0.6993554687499998 
0.8809960937499998 
0.7614648437499999 
1.0890039062499999 
1.1505273437499999 
1.2513085937500004 
1.29291015625 
0.8282617187499999 
0.7872460937499999 
0.8311914062499999 
1.2524804687500002 
1.23431640625 
0.98412109375 
1.07904296875 
1.21966796875 
0.8681054687499998 
0.9085351562499998 
1.2407617187500002 
0.8241601562499998 
0.8944726562499998 
0.6700585937499999 
0.8194726562499999 
1.24603515625 
1.10892578125 
0.8780664062499998 
1.0532617187500002 
0.9448632812500001 
1.1985742187500001 
1.03275390625 
0.8470117187499998 
1.2126367187500002 
0.6776757812499999 
0.7532617187499998 
1.2184960937500002 
0.8704492187499998 
0.6893945312499998 
0.8352929687499998 
0.7444726562499998 
0.8657617187499999 
1.22376953125 
1.2378320312500002 
0.92376953125 
0.79251953125 
0.6782617187499999 
1.23431640625 
0.9085351562499998 
