84 9 7 
0.6114648437499999 
1.1927148437500001 
0.98060546875 
1.03744140625 
1.20736328125 
0.8628320312499999 
0.6753320312499999 
1.03216796875 
0.8136132812499999 
0.6724023437499999 
0.6882226562499998 
0.9858789062499999 
0.9923242187499998 
0.9530664062499999 
0.7972070312499999 
1.0415429687500002 
1.24017578125 
1.01341796875 
0.8106835937499999 
1.2319726562500002 
1.06029296875 
1.0825585937500002 
0.9050195312499999 
1.26185546875 
0.9888085937499999 
0.7099023437499998 
1.2290429687500002 
0.9079492187499998 
1.21087890625 
0.9987695312499999 
0.8792382812499998 
1.27650390625 
1.2759179687500002 
0.9893945312499999 
0.7204492187499998 
1.1405664062499998 
1.1710351562499999 
0.7239648437499998 
0.8862695312499999 
0.7972070312499999 
1.2308007812500001 
0.9308007812500001 
0.91439453125 
0.7391992187499997 
1.06849609375 
0.93255859375 
0.9548242187499999 
1.08431640625 
0.9026757812499999 
0.7573632812499999 
0.93841796875 
0.8657617187499999 
1.22728515625 
0.9390039062500001 
0.7983789062499999 
0.9548242187499999 
0.7268945312499998 
1.0936914062499998 
1.2571679687500001 
0.6981835937499998 
1.20384765625 
0.7538476562499998 
1.0011132812499999 
0.96771484375 
0.8452539062499999 
0.9934960937499998 
1.24310546875 
0.6272851562499998 
1.1224023437500001 
1.22435546875 
0.9852929687499998 
0.97005859375 
0.98236328125 
1.22142578125 
1.2923242187500001 
0.8265039062499999 
0.97416015625 
1.09193359375 
1.22259765625 
0.7122460937499998 
1.2554101562500002 
0.7790429687499999 
0.8481835937499999 
0.8218164062499999 
0.8792382812499998 
1.0075585937500002 
0.7227929687499998 
0.92376953125 
1.08548828125 
0.96361328125 
0.7175195312499999 
1.07201171875 
0.8306054687499999 
1.2360742187500002 
0.55814453125 
1.2776757812500001 
0.7878320312499999 
0.7368554687499997 
0.96009765625 
0.7380273437499998 
0.7110742187499998 
0.7286523437499998 
0.6548242187499997 
0.9940820312499998 
1.2161523437500001 
0.94662109375 
0.5833398437499999 
0.97181640625 
1.2524804687500002 
0.8563867187499998 
1.1124414062499999 
0.9038476562499999 
0.97123046875 
1.2190820312500001 
0.8165429687499999 
1.2366601562500001 
0.95189453125 
1.1927148437500001 
0.97240234375 
1.15990234375 
1.2173242187500002 
0.7391992187499997 
1.2102929687500001 
0.95365234375 
1.09310546875 
1.2190820312500001 
1.0403710937500001 
0.6589257812499999 
1.13353515625 
0.8722070312499999 
0.8475976562499998 
1.22728515625 
1.15638671875 
1.21966796875 
0.7474023437499998 
1.21673828125 
1.2571679687500001 
0.7315820312499998 
0.8481835937499999 
1.06498046875 
0.94662109375 
1.1575585937500001 
0.8997460937499998 
0.7462304687499998 
0.8470117187499998 
0.95072265625 
0.7462304687499998 
0.7315820312499998 
1.0268945312500002 
0.7292382812499998 
1.2559960937500003 
1.02103515625 
0.9876367187499998 
1.2554101562500002 
0.9056054687499998 
1.2571679687500001 
1.1997460937500002 
1.03333984375 
1.2331445312500002 
0.5927148437499999 
0.97650390625 
0.7339257812499999 
1.2466210937500002 
1.2290429687500002 
1.11009765625 
0.9858789062499999 
0.8839257812499999 
0.92904296875 
1.03978515625 
0.8411523437499998 
1.13998046875 
0.93490234375 
0.8839257812499999 
0.8112695312499999 
1.2138085937500003 
0.8493554687499998 
0.8218164062499999 
1.22376953125 
1.14583984375 
1.20970703125 
0.8833398437499999 
1.22083984375 
1.26361328125 
1.2565820312500002 
0.95658203125 
1.2548242187500003 
0.8493554687499998 
1.0438867187500003 
0.7632226562499999 
0.8716210937499999 
1.0462304687500001 
0.7913476562499999 
1.0772851562499999 
1.2706445312500003 
1.23431640625 
0.9530664062499999 
0.8376367187499998 
0.8599023437499999 
1.2454492187500001 
1.29291015625 
