86 9 5 
1.01751953125 
1.2220117187500001 
0.7198632812499999 
1.06908203125 
1.06908203125 
1.20560546875 
0.96537109375 
1.16107421875 
1.22259765625 
1.0444726562500002 
1.2518945312500003 
0.8370507812499999 
0.7837304687499999 
0.7837304687499999 
0.6893945312499998 
0.9735742187499999 
0.7274804687499997 
0.98353515625 
1.2606835937500003 
0.7778710937499999 
1.2331445312500002 
1.16166015625 
1.2102929687500001 
1.2190820312500001 
0.8446679687499998 
0.6765039062499999 
0.9395898437500001 
0.8751367187499998 
1.22025390625 
1.1200585937500003 
0.8962304687499998 
0.9858789062499999 
1.24134765625 
1.22435546875 
1.05560546875 
0.9061914062499998 
1.24603515625 
1.12181640625 
0.6571679687499998 
0.91615234375 
1.20033203125 
0.8153710937499998 
0.8839257812499999 
1.0110742187500001 
0.7602929687499999 
1.0474023437500002 
1.07318359375 
0.96009765625 
1.1177148437500002 
1.2466210937500002 
0.8429101562499998 
0.6143945312499999 
1.1124414062499999 
0.94662109375 
0.8862695312499999 
1.2302148437500002 
0.9882226562499998 
0.7058007812499999 
1.29291015625 
1.01751953125 
0.9917382812499999 
0.6835351562499998 
0.7409570312499998 
1.15462890625 
0.79251953125 
0.9975976562499999 
0.7942773437499999 
0.92845703125 
1.0427148437500002 
0.5165429687499999 
1.09779296875 
0.8798242187499997 
1.01517578125 
0.9038476562499999 
0.94662109375 
0.8774804687499997 
0.8399804687499998 
0.9085351562499998 
0.8874414062499998 
0.95716796875 
0.8962304687499998 
0.92904296875 
1.24134765625 
0.95130859375 
0.6436914062499999 
0.8253320312499999 
1.2102929687500001 
1.17923828125 
1.2565820312500002 
0.6888085937499998 
1.0438867187500003 
0.7438867187499998 
0.9940820312499998 
0.94955078125 
1.05267578125 
0.8024804687499998 
1.2349023437500002 
0.6143945312499999 
1.0813867187500001 
1.2143945312500002 
1.25306640625 
1.22962890625 
1.2395898437500001 
0.8089257812499999 
1.0427148437500002 
0.8698632812499999 
0.8968164062499998 
0.7309960937499997 
0.9559960937499999 
1.1048242187500001 
0.8475976562499998 
1.2694726562500003 
0.9050195312499999 
0.8716210937499999 
1.16224609375 
1.29173828125 
1.0239648437500002 
0.8288476562499999 
0.8352929687499998 
0.96302734375 
1.17162109375 
0.7503320312499998 
1.11712890625 
1.12181640625 
1.0427148437500002 
1.22142578125 
1.00228515625 
1.09779296875 
1.2278710937500001 
0.7790429687499999 
0.9911523437499998 
1.08021484375 
1.2366601562500001 
0.96126953125 
0.7825585937499999 
0.7175195312499999 
1.00228515625 
0.7684960937499998 
1.22728515625 
1.2477929687500002 
1.2173242187500002 
1.2190820312500001 
0.8891992187499997 
1.20794921875 
0.8013085937499999 
1.1358789062499999 
0.8352929687499998 
0.7936914062499999 
1.2337304687500001 
0.8083398437499999 
1.1013085937500002 
0.7679101562499998 
1.21556640625 
0.94662109375 
0.7538476562499998 
0.9899804687499998 
1.25775390625 
1.22142578125 
0.6870507812499999 
0.7556054687499998 
1.2501367187500003 
1.2501367187500003 
0.7843164062499999 
0.96888671875 
1.2161523437500001 
0.8628320312499999 
1.2114648437500002 
1.24603515625 
1.19623046875 
0.91263671875 
1.2753320312500003 
0.7749414062499999 
0.8112695312499999 
1.02923828125 
0.93431640625 
1.2665429687500003 
1.09544921875 
1.2290429687500002 
0.8663476562499999 
0.7315820312499998 
1.22494140625 
1.2518945312500003 
1.2495507812500002 
0.6091210937499999 
0.95658203125 
0.9940820312499998 
1.22494140625 
1.03392578125 
1.03978515625 
0.94603515625 
1.0403710937500001 
1.02806640625 
0.8921289062499999 
0.92494140625 
0.7579492187499998 
1.2688867187500004 
1.2600976562500001 
0.9975976562499999 
0.9038476562499999 
1.01810546875 
