9 10 81 
1.07318359375 
0.8827539062499998 
0.9964257812499999 
1.09134765625 
1.22142578125 
1.12181640625 
1.3550195312500002 
1.08783203125 
0.6091210937499999 
0.6302148437499999 
0.9214257812500001 
0.8774804687499997 
1.06966796875 
0.9530664062499999 
0.8335351562499999 
1.18919921875 
0.7849023437499999 
0.8909570312499998 
0.9050195312499999 
0.56986328125 
0.4989648437499999 
1.06732421875 
0.8979882812499999 
1.4405664062499999 
0.7585351562499998 
1.02220703125 
1.02806640625 
1.2419335937500002 
0.8306054687499999 
0.9882226562499998 
0.6085351562499999 
1.06146484375 
0.9214257812500001 
0.7069726562499998 
1.09955078125 
0.8153710937499998 
1.0714257812499999 
0.78958984375 
1.17689453125 
0.8083398437499999 
0.9899804687499998 
1.26244140625 
1.13646484375 
1.04798828125 
1.1341210937500001 
0.9993554687499997 
0.8042382812499999 
0.93431640625 
0.6167382812499999 
0.7960351562499999 
0.9876367187499998 
1.2718164062500001 
1.02455078125 
0.5446679687499999 
1.11126953125 
1.12298828125 
0.7391992187499997 
1.29701171875 
0.92787109375 
0.7649804687499998 
0.8522851562499998 
0.7919335937499999 
1.26185546875 
1.1282617187500001 
0.8827539062499998 
0.8599023437499999 
0.6958398437499999 
0.8610742187499998 
1.09193359375 
1.1194726562500001 
0.9905664062499998 
0.96126953125 
1.3362695312500001 
1.07845703125 
1.2395898437500001 
0.93783203125 
1.16751953125 
0.96068359375 
0.91966796875 
0.8692773437499999 
0.7866601562499999 
1.2331445312500002 
1.1235742187500002 
1.13470703125 
1.17396484375 
0.5774804687499998 
1.1206445312500002 
0.8827539062499998 
0.8516992187499998 
0.6155664062499998 
1.1475976562499999 
1.05736328125 
1.1950585937500002 
0.6641992187499998 
0.8165429687499999 
1.29525390625 
0.79017578125 
0.5921289062499999 
0.49720703124999993 
1.30052734375 
0.7661523437499999 
0.6413476562499999 
0.7403710937499998 
0.96537109375 
1.03978515625 
0.9554101562499999 
1.1827539062499999 
1.19740234375 
1.3345117187500002 
0.7837304687499999 
0.8616601562499998 
0.95716796875 
0.6841210937499999 
0.7005273437499998 
0.6067773437499999 
0.8317773437499999 
1.1200585937500003 
1.1358789062499999 
0.92787109375 
1.11009765625 
1.2612695312500002 
0.8282617187499999 
1.26185546875 
1.2513085937500004 
0.8294335937499999 
0.7339257812499999 
0.8546289062499999 
0.6718164062499998 
0.93783203125 
1.18216796875 
1.2712304687500002 
1.01166015625 
1.11302734375 
0.6606835937499999 
1.2425195312500001 
0.8739648437499998 
0.95072265625 
0.8440820312499998 
1.19623046875 
1.23841796875 
1.3227929687500002 
1.14876953125 
0.8317773437499999 
0.9050195312499999 
0.7872460937499999 
0.92025390625 
0.98412109375 
0.6888085937499998 
1.2325585937500003 
0.9882226562499998 
1.08841796875 
0.7468164062499998 
1.2671289062500002 
1.2524804687500002 
1.1493554687499998 
1.39251953125 
1.1194726562500001 
1.2360742187500002 
1.00052734375 
0.8429101562499998 
1.1194726562500001 
0.97298828125 
0.94896484375 
1.2688867187500004 
1.26361328125 
1.26361328125 
0.8229882812499999 
0.6436914062499999 
1.00931640625 
1.10658203125 
0.6899804687499997 
0.8651757812499999 
1.07318359375 
0.9554101562499999 
1.18978515625 
0.96712890625 
1.09837890625 
1.10423828125 
0.8751367187499998 
0.97064453125 
1.13470703125 
1.07318359375 
0.5235742187499999 
0.94544921875 
1.11830078125 
0.7561914062499998 
0.92787109375 
0.5130273437499999 
0.94076171875 
0.8669335937499999 
1.2841210937500003 
0.8153710937499998 
1.13646484375 
1.34681640625 
1.1247460937500002 
0.8850976562499998 
1.06205078125 
1.2683007812500002 
1.19330078125 
1.2536523437500002 
