10 10 80 
1.11419921875 
0.97533203125 
0.9970117187499998 
0.7227929687499998 
0.9173242187499999 
0.97943359375 
0.94310546875 
1.09544921875 
0.7403710937499998 
0.5405664062499999 
0.9641992187499999 
1.2712304687500002 
0.8440820312499998 
0.7860742187499998 
1.25775390625 
1.14291015625 
1.0122460937500002 
1.11595703125 
1.0936914062499998 
0.79251953125 
1.06615234375 
0.93431640625 
0.96654296875 
0.6806054687499998 
1.0356835937500002 
0.7222070312499999 
0.91087890625 
0.8634179687499999 
0.98060546875 
0.8253320312499999 
1.22728515625 
1.08666015625 
1.18216796875 
0.9079492187499998 
0.8991601562499998 
0.9647851562499999 
0.9917382812499999 
1.03744140625 
0.8470117187499998 
1.08080078125 
1.11419921875 
1.14115234375 
1.2466210937500002 
0.9905664062499998 
1.09603515625 
1.00697265625 
1.2372460937500003 
0.91908203125 
1.3591210937500002 
0.8036523437499998 
1.2542382812500001 
0.9149804687499999 
1.22845703125 
0.91029296875 
0.7356835937499998 
1.02455078125 
0.8968164062499998 
1.21966796875 
0.6073632812499999 
1.1106835937500001 
0.7725976562499999 
0.8569726562499999 
1.0169335937500001 
1.18802734375 
0.7907617187499999 
0.42748046874999995 
0.9946679687499999 
0.91380859375 
0.8194726562499999 
1.10892578125 
0.9524804687499999 
0.8007226562499998 
1.16751953125 
0.94955078125 
0.9952539062499999 
1.01048828125 
1.36732421875 
1.12884765625 
1.2173242187500002 
1.2782617187500003 
0.8874414062499998 
0.8382226562499998 
0.8704492187499998 
0.5358789062499999 
1.0403710937500001 
0.8657617187499999 
0.8739648437499998 
0.8089257812499999 
1.2806054687500001 
1.02748046875 
1.19916015625 
0.7333398437499998 
0.8194726562499999 
1.2290429687500002 
1.2923242187500001 
0.8124414062499998 
1.5337304687500002 
0.9987695312499999 
1.1452539062499998 
0.5604882812499999 
1.2677148437500003 
1.2044335937500001 
0.98470703125 
1.14876953125 
0.8599023437499999 
0.8288476562499999 
1.00931640625 
0.7515039062499999 
0.9929101562499998 
0.8247460937499999 
0.7872460937499999 
1.2313867187500003 
1.15638671875 
0.8640039062499999 
0.9302148437500001 
1.1710351562499999 
1.1534570312499999 
0.8118554687499998 
0.8522851562499998 
0.7397851562499997 
0.8704492187499998 
0.7954492187499999 
0.8294335937499999 
1.2876367187500002 
0.6589257812499999 
1.2671289062500002 
1.0532617187500002 
0.7649804687499998 
0.7110742187499998 
0.8253320312499999 
1.01634765625 
1.1593164062499999 
1.2934960937500002 
0.97884765625 
1.20912109375 
0.6753320312499999 
0.8891992187499997 
0.7444726562499998 
1.17865234375 
0.9893945312499999 
1.29408203125 
1.19623046875 
0.7181054687499998 
0.7655664062499998 
0.91146484375 
1.01576171875 
1.2126367187500002 
0.7602929687499999 
1.06439453125 
1.12123046875 
0.94369140625 
1.08490234375 
0.7292382812499998 
1.23548828125 
0.8745507812499999 
1.35736328125 
1.37552734375 
0.9009179687499999 
0.9999414062499997 
1.11009765625 
0.95423828125 
0.6811914062499999 
0.8458398437499999 
1.1511132812499998 
0.8493554687499998 
1.2677148437500003 
1.13529296875 
0.9302148437500001 
1.11185546875 
1.0456445312500002 
1.1698632812499998 
0.7561914062499998 
0.8446679687499998 
1.05384765625 
0.98470703125 
0.9852929687499998 
1.20150390625 
1.19095703125 
0.8358789062499998 
1.1446679687499999 
1.13822265625 
1.17396484375 
0.9987695312499999 
0.7608789062499999 
0.9981835937499999 
1.27650390625 
0.8224023437499999 
0.7438867187499998 
0.6923242187499997 
1.29408203125 
0.7503320312499998 
1.07376953125 
0.8856835937499998 
1.20267578125 
0.95951171875 
0.95658203125 
0.98119140625 
1.2888085937500002 
0.7497460937499998 
0.7350976562499998 
