11 10 79 
1.00169921875 
0.8827539062499998 
0.9917382812499999 
0.92025390625 
0.7819726562499999 
0.5036523437499999 
0.92845703125 
0.9501367187499999 
0.93783203125 
1.3538476562500001 
1.2999414062499999 
0.7251367187499997 
0.5997460937499999 
0.7274804687499997 
0.7274804687499997 
0.9020898437499999 
0.94779296875 
0.9934960937499998 
0.9214257812500001 
0.8458398437499999 
1.0433007812500001 
0.7772851562499998 
1.28119140625 
0.94076171875 
1.1874414062499998 
0.96654296875 
0.6712304687499998 
0.7263085937499998 
0.7942773437499999 
1.03978515625 
0.97826171875 
0.7245507812499998 
1.19798828125 
0.8950585937499999 
1.2395898437500001 
1.03861328125 
1.2466210937500002 
0.8540429687499999 
0.7731835937499999 
0.8604882812499999 
1.1001367187500002 
0.97181640625 
1.29583984375 
0.9501367187499999 
1.22435546875 
1.25892578125 
1.24017578125 
0.8903710937499998 
0.93197265625 
1.00287109375 
0.91849609375 
0.7960351562499999 
0.9870507812499999 
1.2138085937500003 
0.7286523437499998 
1.08373046875 
0.8007226562499998 
1.24017578125 
0.9173242187499999 
1.0825585937500002 
0.9061914062499998 
0.8558007812499999 
0.8815820312499998 
0.92962890625 
0.9911523437499998 
0.9302148437500001 
0.7374414062499998 
0.96537109375 
0.7063867187499998 
1.2419335937500002 
0.8487695312499999 
1.12181640625 
0.8247460937499999 
0.8030664062499998 
0.9079492187499998 
1.06146484375 
1.2829492187500002 
1.33861328125 
0.5962304687499999 
0.6800195312499999 
0.91029296875 
1.02806640625 
0.6841210937499999 
1.2999414062499999 
1.3802148437500001 
0.96537109375 
0.6360742187499998 
1.2923242187500001 
0.8106835937499999 
1.2747460937500004 
1.11009765625 
1.1165429687500001 
1.1417382812499999 
0.93431640625 
0.8241601562499998 
0.95833984375 
1.1681054687499999 
1.2934960937500002 
0.8827539062499998 
1.2290429687500002 
0.8950585937499999 
1.0825585937500002 
0.8839257812499999 
1.01751953125 
1.03509765625 
0.9038476562499999 
1.12591796875 
1.3286523437500002 
1.1235742187500002 
0.9800195312500001 
0.6571679687499998 
0.7274804687499997 
1.3474023437500002 
1.25306640625 
0.8253320312499999 
1.14349609375 
1.2495507812500002 
1.3550195312500002 
0.94896484375 
1.20326171875 
0.8886132812499998 
0.52884765625 
1.24603515625 
1.13353515625 
0.7227929687499998 
0.8247460937499999 
0.7849023437499999 
1.2800195312500002 
0.7854882812499999 
1.1874414062499998 
1.2571679687500001 
0.8042382812499999 
0.9876367187499998 
1.22025390625 
0.92376953125 
0.6893945312499998 
0.5727929687499999 
0.8522851562499998 
0.7602929687499999 
0.5681054687499999 
0.7462304687499998 
1.3474023437500002 
1.2700585937500004 
0.7731835937499999 
1.08548828125 
0.8903710937499998 
0.7878320312499999 
0.7257226562499998 
0.93197265625 
0.97591796875 
1.10072265625 
1.2794335937500003 
1.13236328125 
0.6694726562499999 
0.6132226562499998 
0.7567773437499998 
0.9003320312499998 
0.9097070312499999 
0.92435546875 
0.91029296875 
0.91966796875 
0.91205078125 
0.8253320312499999 
0.7860742187499998 
0.9079492187499998 
0.8780664062499998 
0.9940820312499998 
0.7989648437499999 
0.7550195312499999 
1.31810546875 
0.96947265625 
0.9501367187499999 
0.9981835937499999 
0.92025390625 
1.15990234375 
0.8686914062499999 
1.18509765625 
0.97298828125 
1.1235742187500002 
0.97298828125 
0.6489648437499999 
0.8763085937499998 
0.9419335937500001 
0.7409570312499998 
1.05619140625 
0.7966210937499999 
0.9331445312500001 
1.0485742187500002 
1.0427148437500002 
1.01810546875 
0.9852929687499998 
0.7831445312499999 
1.11302734375 
1.2114648437500002 
0.9085351562499998 
0.95365234375 
0.6015039062499999 
0.5106835937499999 
1.20794921875 
1.1341210937500001 
