12 10 78 
0.8944726562499998 
1.3216210937500001 
0.8200585937499999 
0.8763085937499998 
0.9975976562499999 
1.09310546875 
0.7198632812499999 
0.92904296875 
0.7368554687499997 
0.8528710937499998 
0.92435546875 
0.7075585937499999 
0.7227929687499998 
1.1294335937500002 
0.7802148437499999 
0.9946679687499999 
0.7503320312499998 
1.14876953125 
0.9952539062499999 
0.97123046875 
1.0169335937500001 
1.03041015625 
1.14701171875 
0.96361328125 
1.01048828125 
1.33744140625 
0.7573632812499999 
1.1985742187500001 
0.7210351562499998 
1.13294921875 
0.8739648437499998 
0.5745507812499999 
0.8575585937499999 
1.2554101562500002 
0.56751953125 
0.6138085937499999 
1.05677734375 
0.93138671875 
0.8968164062499998 
1.2612695312500002 
0.7438867187499998 
1.1253320312500001 
0.95423828125 
1.13119140625 
0.92318359375 
0.7790429687499999 
0.9917382812499999 
0.6149804687499998 
0.6876367187499998 
0.7954492187499999 
1.1106835937500001 
0.8165429687499999 
0.6559960937499998 
0.94662109375 
1.2278710937500001 
1.19740234375 
0.8733789062499998 
0.8933007812499999 
1.11419921875 
0.96302734375 
1.2641992187500002 
0.91439453125 
0.5593164062499999 
0.7005273437499998 
1.02044921875 
1.03041015625 
0.9876367187499998 
0.7321679687499998 
1.2630273437500001 
1.0239648437500002 
0.96302734375 
1.1405664062499998 
0.6788476562499999 
0.9425195312500001 
1.00228515625 
0.91146484375 
0.7696679687499999 
0.8862695312499999 
1.02220703125 
0.7866601562499999 
0.6366601562499998 
0.8370507812499999 
0.8089257812499999 
0.97240234375 
0.8722070312499999 
0.6372460937499999 
0.9683007812500001 
1.2513085937500004 
0.8944726562499998 
0.6489648437499999 
0.9923242187499998 
1.1106835937500001 
0.8534570312499998 
1.18685546875 
0.9448632812500001 
1.12767578125 
0.8241601562499998 
1.0749414062499998 
1.1177148437500002 
0.7632226562499999 
0.8599023437499999 
0.79251953125 
0.96595703125 
1.14349609375 
0.97240234375 
0.95775390625 
1.19740234375 
0.92435546875 
1.12708984375 
1.07962890625 
0.7497460937499998 
1.2817773437500002 
0.97123046875 
1.3315820312500002 
0.9044335937499999 
0.8329492187499998 
0.9981835937499999 
0.9923242187499998 
0.7462304687499998 
0.91380859375 
0.8751367187499998 
0.8686914062499999 
1.08958984375 
0.5311914062499999 
0.9618554687499999 
0.8306054687499999 
1.26361328125 
1.22962890625 
1.2395898437500001 
0.7849023437499999 
0.8599023437499999 
1.29935546875 
1.2349023437500002 
0.7813867187499999 
0.7345117187499998 
0.7573632812499999 
0.8388085937499998 
0.7849023437499999 
0.6536523437499998 
1.1505273437499999 
1.37962890625 
1.2630273437500001 
1.14818359375 
0.94837890625 
0.9893945312499999 
0.9524804687499999 
1.19798828125 
0.8212304687499998 
1.15697265625 
0.7819726562499999 
1.20794921875 
0.95365234375 
0.6888085937499998 
0.7186914062499998 
0.6132226562499998 
0.6671289062499999 
0.8247460937499999 
0.8493554687499998 
1.2583398437500002 
1.17865234375 
0.98470703125 
1.28529296875 
0.8610742187499998 
1.29642578125 
0.7104882812499999 
0.7796289062499999 
0.9448632812500001 
0.8347070312499999 
1.05384765625 
1.0227929687500001 
1.11302734375 
0.92435546875 
1.1997460937500002 
0.8745507812499999 
0.7503320312499998 
1.08314453125 
1.2741601562500002 
0.9999414062499997 
1.35853515625 
1.3309960937500003 
1.1294335937500002 
0.7345117187499998 
0.79017578125 
0.7356835937499998 
1.05560546875 
0.8136132812499999 
0.91849609375 
0.8581445312499999 
0.94427734375 
0.6934960937499998 
0.8376367187499998 
0.9905664062499998 
0.7186914062499998 
0.9999414062499997 
0.8610742187499998 
0.8487695312499999 
1.29056640625 
1.29173828125 
0.7134179687499999 
0.9395898437500001 
