13 10 77 
1.2653710937500002 
1.28998046875 
1.12767578125 
0.8317773437499999 
0.8698632812499999 
1.16576171875 
1.1575585937500001 
1.14291015625 
1.16458984375 
0.9993554687499997 
0.7837304687499999 
1.1751367187500001 
0.7304101562499997 
1.07552734375 
0.7345117187499998 
0.93490234375 
0.9395898437500001 
1.05267578125 
0.9559960937499999 
0.7362695312499998 
0.6688867187499998 
1.01810546875 
0.8147851562499998 
0.92845703125 
1.11595703125 
1.20794921875 
0.5241601562499999 
1.22083984375 
1.0450585937500003 
0.8446679687499998 
0.92201171875 
1.0345117187500001 
1.01810546875 
1.1985742187500001 
0.95423828125 
1.33978515625 
1.12650390625 
0.91146484375 
1.14408203125 
0.8780664062499998 
0.94310546875 
0.7632226562499999 
0.8710351562499998 
0.8763085937499998 
0.91673828125 
0.7831445312499999 
0.8229882812499999 
1.3462304687500002 
0.91029296875 
0.7239648437499998 
0.7872460937499999 
1.06966796875 
1.23900390625 
0.5423242187499998 
1.15873046875 
0.9530664062499999 
1.12884765625 
1.08080078125 
1.13353515625 
0.45091796874999995 
1.02220703125 
0.8558007812499999 
1.13060546875 
0.9882226562499998 
1.1048242187500001 
1.2220117187500001 
0.8804101562499997 
1.0403710937500001 
0.7016992187499997 
1.18509765625 
0.9067773437499999 
0.7854882812499999 
1.3286523437500002 
1.45873046875 
0.8616601562499998 
0.8493554687499998 
1.11712890625 
0.8247460937499999 
0.9800195312500001 
0.7427148437499999 
0.7503320312499998 
0.8610742187499998 
0.93607421875 
1.1927148437500001 
0.8177148437499999 
1.23431640625 
1.12416015625 
1.14232421875 
1.21498046875 
0.7860742187499998 
1.21966796875 
0.8675195312499999 
0.8229882812499999 
0.8821679687499998 
0.91556640625 
1.28529296875 
1.08490234375 
1.15990234375 
1.24486328125 
1.09837890625 
0.8827539062499998 
0.8681054687499998 
0.7761132812499999 
1.13236328125 
1.17396484375 
0.97064453125 
0.94310546875 
1.08783203125 
0.96888671875 
0.6161523437499998 
0.94427734375 
0.6067773437499999 
0.6729882812499999 
0.7872460937499999 
0.95716796875 
0.8423242187499997 
1.09955078125 
1.06029296875 
1.30462890625 
1.16283203125 
1.2360742187500002 
0.8599023437499999 
1.08314453125 
1.2595117187500002 
1.00287109375 
1.2231835937500002 
1.01927734375 
0.6999414062499998 
0.91439453125 
0.8516992187499998 
1.2126367187500002 
1.16341796875 
1.29876953125 
1.02748046875 
0.7849023437499999 
0.8136132812499999 
1.13470703125 
0.6501367187499998 
0.8985742187499998 
1.1013085937500002 
0.7444726562499998 
1.20970703125 
0.9079492187499998 
0.6489648437499999 
0.96537109375 
0.94662109375 
0.9425195312500001 
0.7063867187499998 
0.6841210937499999 
1.13939453125 
0.93548828125 
0.8335351562499999 
1.16224609375 
0.8423242187499997 
0.6770898437499999 
0.8651757812499999 
1.13294921875 
0.7526757812499999 
1.1200585937500003 
1.04095703125 
0.9266992187499999 
0.8059960937499998 
1.00404296875 
0.9993554687499997 
0.44798828124999995 
1.2366601562500001 
1.02455078125 
0.6718164062499998 
0.8979882812499999 
1.00287109375 
0.5909570312499999 
0.7503320312499998 
1.2794335937500003 
0.8247460937499999 
1.22962890625 
0.8593164062499998 
0.9647851562499999 
1.03509765625 
0.7567773437499998 
0.7397851562499997 
0.7731835937499999 
1.29935546875 
0.8921289062499999 
0.8218164062499999 
1.0948632812499999 
0.7679101562499998 
0.91966796875 
1.09779296875 
0.8821679687499998 
0.5382226562499999 
1.1282617187500001 
0.6085351562499999 
0.93724609375 
0.8604882812499999 
0.94603515625 
1.12416015625 
0.91205078125 
0.8569726562499999 
1.2893945312500001 
0.8259179687499999 
