38 10 52 
0.96244140625 
0.82767578125 
0.9940820312499998 
0.97181640625 
1.05736328125 
1.00228515625 
0.8821679687499998 
1.01341796875 
0.97826171875 
1.1997460937500002 
1.08431640625 
0.7643945312499999 
0.9015039062499999 
1.2817773437500002 
0.7433007812499999 
1.17044921875 
0.6161523437499998 
1.06966796875 
0.6747460937499998 
1.00990234375 
0.6302148437499999 
1.18919921875 
1.22611328125 
0.7263085937499998 
0.8241601562499998 
1.2337304687500001 
1.3157617187500001 
0.6495507812499999 
1.2554101562500002 
0.8007226562499998 
1.21673828125 
0.8212304687499998 
0.52591796875 
0.9899804687499998 
0.6542382812499998 
0.8927148437499999 
1.2278710937500001 
0.92083984375 
1.18333984375 
0.6225976562499999 
1.03802734375 
1.24720703125 
0.6518945312499999 
0.9958398437499999 
0.8645898437499999 
0.7608789062499999 
1.2712304687500002 
0.8745507812499999 
1.2518945312500003 
0.7468164062499998 
1.1950585937500002 
0.8933007812499999 
0.93197265625 
0.7257226562499998 
0.7175195312499999 
1.2606835937500003 
0.7104882812499999 
1.3227929687500002 
0.6641992187499998 
0.7016992187499997 
1.01927734375 
0.5704492187499999 
0.8475976562499998 
1.18802734375 
0.9179101562499999 
0.8587304687499998 
0.9308007812500001 
0.8059960937499998 
0.8909570312499998 
1.10248046875 
1.19623046875 
1.01341796875 
1.0579492187500001 
0.9038476562499999 
0.6964257812499999 
0.7825585937499999 
1.18451171875 
1.22962890625 
0.8968164062499998 
1.29642578125 
0.7538476562499998 
0.6858789062499998 
0.9852929687499998 
0.91205078125 
1.14876953125 
1.17220703125 
0.94076171875 
0.8458398437499999 
0.8024804687499998 
0.8352929687499998 
0.7251367187499997 
1.04095703125 
0.6788476562499999 
0.7936914062499999 
0.8686914062499999 
0.7415429687499998 
0.9425195312500001 
0.8165429687499999 
1.1059960937500002 
0.8968164062499998 
0.6864648437499998 
0.9852929687499998 
1.2138085937500003 
0.8300195312499999 
1.23548828125 
0.9032617187499998 
0.95892578125 
0.8411523437499998 
0.8874414062499998 
1.20970703125 
1.2302148437500002 
1.13880859375 
1.21556640625 
0.8722070312499999 
0.9044335937499999 
0.7550195312499999 
0.8095117187499998 
1.1001367187500002 
1.24427734375 
0.8921289062499999 
0.8974023437499998 
1.04212890625 
1.35150390625 
1.31986328125 
1.1686914062499998 
0.8669335937499999 
0.8352929687499998 
1.1505273437499999 
0.8780664062499998 
0.9958398437499999 
0.94544921875 
1.0081445312500001 
0.8722070312499999 
0.9038476562499999 
0.9870507812499999 
0.95833984375 
1.10658203125 
1.2841210937500003 
0.8388085937499998 
1.2477929687500002 
0.8786523437499998 
0.52298828125 
0.96888671875 
0.7960351562499999 
0.8763085937499998 
0.91615234375 
1.20912109375 
1.18509765625 
0.9091210937499998 
0.91029296875 
1.3239648437500002 
0.92728515625 
0.94720703125 
1.3274804687500001 
0.91380859375 
1.05853515625 
0.95951171875 
1.16166015625 
0.7497460937499998 
1.0081445312500001 
0.8850976562499998 
0.7696679687499999 
0.6349023437499999 
0.6261132812499999 
0.6536523437499998 
0.7222070312499999 
0.8493554687499998 
1.14818359375 
1.2308007812500001 
1.06439453125 
0.9981835937499999 
0.8558007812499999 
0.9683007812500001 
0.8440820312499998 
0.8774804687499997 
0.7491601562499998 
0.7766992187499998 
0.8048242187499998 
0.7977929687499998 
0.8792382812499998 
0.6501367187499998 
0.8247460937499999 
1.06322265625 
0.8581445312499999 
0.93841796875 
1.08490234375 
0.6518945312499999 
0.8733789062499998 
1.22376953125 
0.6636132812499999 
1.11830078125 
0.97416015625 
0.7104882812499999 
0.8282617187499999 
0.9952539062499999 
1.19212890625 
0.8780664062499998 
1.2683007812500002 
0.8358789062499998 
1.0520898437500001 
