40 10 50 
1.13880859375 
0.98353515625 
0.7386132812499998 
0.96361328125 
0.92962890625 
0.6536523437499998 
0.92787109375 
1.1950585937500002 
1.2724023437500003 
0.9981835937499999 
0.7040429687499998 
1.2501367187500003 
0.8552148437499999 
0.7796289062499999 
1.19154296875 
0.6929101562499997 
0.97005859375 
0.5891992187499998 
0.7972070312499999 
0.95365234375 
0.6870507812499999 
1.1698632812499998 
1.2220117187500001 
0.6179101562499998 
0.7169335937499999 
0.96654296875 
1.00462890625 
0.9929101562499998 
0.94662109375 
0.94837890625 
1.13294921875 
0.8364648437499999 
1.2173242187500002 
0.97064453125 
1.0825585937500002 
1.22669921875 
0.91849609375 
0.8704492187499998 
1.0456445312500002 
1.0638085937500001 
1.22142578125 
1.13294921875 
0.60208984375 
1.1341210937500001 
0.7093164062499998 
0.7222070312499999 
0.7696679687499999 
1.10248046875 
0.8610742187499998 
0.7456445312499999 
0.95072265625 
1.1253320312500001 
0.7438867187499998 
1.18568359375 
1.07552734375 
1.17865234375 
1.20326171875 
1.03919921875 
0.78080078125 
0.7491601562499998 
1.08783203125 
1.10833984375 
0.8376367187499998 
0.92787109375 
0.7491601562499998 
0.7233789062499998 
0.8616601562499998 
1.09076171875 
0.7960351562499999 
0.8903710937499998 
0.5985742187499998 
1.0491601562500001 
1.31048828125 
0.6442773437499999 
1.2138085937500003 
0.7368554687499997 
0.8622460937499998 
0.97826171875 
1.16576171875 
1.2565820312500002 
0.8669335937499999 
0.6343164062499999 
0.92611328125 
1.1001367187500002 
0.7263085937499998 
1.02748046875 
1.15580078125 
0.7526757812499999 
0.8036523437499998 
1.01166015625 
0.7942773437499999 
1.13646484375 
0.60267578125 
1.08548828125 
1.14876953125 
1.06908203125 
1.06205078125 
1.06439453125 
0.8341210937499999 
1.2325585937500003 
1.16166015625 
0.8200585937499999 
0.7825585937499999 
1.2800195312500002 
0.6964257812499999 
1.0655664062499999 
0.97474609375 
0.6876367187499998 
1.00287109375 
1.0169335937500001 
1.05736328125 
1.1950585937500002 
1.0052148437500001 
0.9899804687499998 
0.8809960937499998 
0.8628320312499999 
0.7315820312499998 
0.7878320312499999 
1.03392578125 
0.7040429687499998 
1.29642578125 
1.2477929687500002 
0.7702539062499999 
0.8710351562499998 
0.6776757812499999 
0.7720117187499999 
1.2835351562500001 
0.8411523437499998 
0.6366601562499998 
0.7632226562499999 
1.08607421875 
0.93607421875 
1.0075585937500002 
0.9852929687499998 
0.9067773437499999 
1.2419335937500002 
0.8405664062499998 
0.6700585937499999 
1.3544335937500003 
0.7854882812499999 
0.8681054687499998 
0.7052148437499999 
0.6612695312499999 
1.24427734375 
1.1247460937500002 
0.9032617187499998 
0.8311914062499999 
1.09603515625 
0.98060546875 
0.8411523437499998 
1.15990234375 
1.21556640625 
0.7626367187499998 
0.8552148437499999 
0.94076171875 
0.8218164062499999 
0.8405664062499998 
1.22611328125 
0.7028710937499998 
0.9501367187499999 
0.9870507812499999 
1.13236328125 
0.6975976562499998 
0.8774804687499997 
1.13470703125 
0.9888085937499999 
1.0263085937500003 
0.91380859375 
0.91615234375 
1.10072265625 
0.8809960937499998 
0.7679101562499998 
0.93724609375 
1.29759765625 
1.20794921875 
1.2600976562500001 
1.2630273437500001 
0.6325585937499999 
1.12591796875 
1.04681640625 
0.7022851562499998 
1.1640039062499998 
0.92728515625 
1.0298242187500002 
0.8048242187499998 
0.8833398437499999 
0.91087890625 
1.18802734375 
0.7456445312499999 
0.92845703125 
1.24720703125 
0.94955078125 
1.3438867187500003 
1.0743554687499999 
0.8095117187499998 
0.7116601562499998 
0.9173242187499999 
1.20208984375 
0.9038476562499999 
0.7849023437499999 
