65 10 25 
0.7573632812499999 
0.5874414062499999 
0.7450585937499998 
0.8100976562499999 
1.1188867187500002 
0.9934960937499998 
0.8552148437499999 
1.0415429687500002 
0.7005273437499998 
1.10365234375 
0.7948632812499999 
0.8499414062499998 
1.14408203125 
0.7479882812499998 
0.8065820312499998 
0.5341210937499999 
0.7931054687499999 
0.9003320312499998 
1.2700585937500004 
0.6829492187499998 
1.2571679687500001 
0.7550195312499999 
0.96888671875 
1.18333984375 
1.2507226562500002 
1.0503320312500002 
0.8704492187499998 
0.6565820312499998 
0.8540429687499999 
0.95189453125 
0.8903710937499998 
1.0491601562500001 
0.7919335937499999 
1.2518945312500003 
1.15287109375 
0.7433007812499999 
0.7485742187499997 
1.0309960937500002 
1.2677148437500003 
0.8833398437499999 
0.8036523437499998 
0.9899804687499998 
1.2571679687500001 
1.18216796875 
1.20736328125 
0.92201171875 
0.7280664062499997 
1.2776757812500001 
1.0263085937500003 
1.2331445312500002 
0.6636132812499999 
0.94896484375 
1.18919921875 
0.9032617187499998 
1.10423828125 
0.8065820312499998 
0.8897851562499998 
1.22142578125 
1.0315820312500001 
0.8247460937499999 
0.97650390625 
1.0890039062499999 
0.6167382812499999 
0.8839257812499999 
1.08021484375 
0.7204492187499998 
1.0491601562500001 
0.94076171875 
0.8833398437499999 
1.2313867187500003 
0.8634179687499999 
0.7046289062499999 
1.0591210937500002 
1.14876953125 
0.8024804687499998 
0.7444726562499998 
0.8522851562499998 
0.8136132812499999 
0.9038476562499999 
1.17044921875 
0.7761132812499999 
1.11009765625 
0.7942773437499999 
0.97650390625 
0.6905664062499998 
0.94837890625 
1.2694726562500003 
0.8569726562499999 
0.9032617187499998 
0.8675195312499999 
0.7831445312499999 
0.8534570312499998 
0.9020898437499999 
1.21556640625 
0.92318359375 
0.6624414062499998 
1.22259765625 
1.2161523437500001 
0.7602929687499999 
0.7274804687499997 
0.7585351562499998 
1.16048828125 
0.9905664062499998 
1.2694726562500003 
0.91146484375 
1.2483789062500001 
0.7409570312499998 
0.7233789062499998 
1.11595703125 
1.2349023437500002 
0.6975976562499998 
0.8968164062499998 
1.0532617187500002 
0.93138671875 
1.10072265625 
0.7515039062499999 
0.8763085937499998 
0.8382226562499998 
1.24427734375 
0.9981835937499999 
1.22962890625 
1.00697265625 
1.2559960937500003 
0.91146484375 
0.7972070312499999 
0.96654296875 
0.7433007812499999 
0.7362695312499998 
0.8874414062499998 
1.0485742187500002 
1.08314453125 
1.2337304687500001 
0.7345117187499998 
1.2366601562500001 
1.0315820312500001 
0.5886132812499999 
0.7444726562499998 
0.6507226562499998 
0.9987695312499999 
1.0345117187500001 
0.94662109375 
1.0356835937500002 
0.7374414062499998 
1.2313867187500003 
0.6354882812499999 
1.17982421875 
0.8839257812499999 
1.2044335937500001 
0.8821679687499998 
0.82767578125 
1.22962890625 
1.02044921875 
1.16166015625 
0.9097070312499999 
0.8522851562499998 
0.6712304687499998 
0.7298242187499997 
1.14349609375 
0.9085351562499998 
1.2741601562500002 
1.10365234375 
1.06263671875 
0.6501367187499998 
1.20033203125 
1.1001367187500002 
0.8153710937499998 
0.98470703125 
1.2308007812500001 
0.9852929687499998 
0.97591796875 
1.1927148437500001 
1.26185546875 
1.20560546875 
0.8915429687499998 
0.8077539062499999 
0.8259179687499999 
1.24134765625 
0.9501367187499999 
1.0257226562500001 
0.9735742187499999 
0.8839257812499999 
0.8165429687499999 
0.9097070312499999 
1.2313867187500003 
0.8159570312499999 
0.8429101562499998 
0.7204492187499998 
0.6718164062499998 
0.8974023437499998 
1.24427734375 
1.0714257812499999 
0.91673828125 
0.8159570312499999 
1.0298242187500002 
0.91263671875 
0.9864648437499999 
0.9888085937499999 
0.8780664062499998 
0.8124414062499998 
0.8880273437499998 
