82 10 8 
1.10658203125 
0.7579492187499998 
1.01986328125 
0.92904296875 
0.95423828125 
1.22259765625 
0.8001367187499998 
1.2138085937500003 
0.7356835937499998 
0.8645898437499999 
1.2220117187500001 
0.7462304687499998 
0.93548828125 
0.7643945312499999 
0.9683007812500001 
0.8616601562499998 
0.7427148437499999 
0.91966796875 
1.03919921875 
0.6407617187499999 
0.93373046875 
0.7890039062499999 
0.8370507812499999 
0.8780664062499998 
0.97123046875 
0.9097070312499999 
0.8733789062499998 
0.8587304687499998 
0.8780664062499998 
1.15169921875 
0.93783203125 
0.98470703125 
1.23900390625 
0.8956445312499999 
0.8604882812499999 
1.2308007812500001 
1.13939453125 
0.8944726562499998 
1.2513085937500004 
1.24369140625 
0.7573632812499999 
0.7737695312499999 
0.7468164062499998 
0.8558007812499999 
0.8511132812499999 
0.7438867187499998 
1.1206445312500002 
1.21498046875 
0.6970117187499998 
1.16283203125 
0.8364648437499999 
1.0286523437500001 
0.7491601562499998 
0.9331445312500001 
0.6331445312499999 
1.24603515625 
1.2102929687500001 
0.91439453125 
0.95951171875 
1.19740234375 
0.94134765625 
0.93138671875 
0.8516992187499998 
0.94134765625 
0.93666015625 
0.93373046875 
0.8763085937499998 
0.97240234375 
0.8042382812499999 
0.8077539062499999 
0.8446679687499998 
1.2630273437500001 
0.8405664062499998 
0.9073632812499999 
1.21498046875 
1.22494140625 
1.17455078125 
0.8839257812499999 
0.8188867187499999 
0.8147851562499998 
0.96888671875 
0.7386132812499998 
1.20970703125 
0.8862695312499999 
1.10833984375 
1.01341796875 
0.8763085937499998 
0.8698632812499999 
0.9858789062499999 
0.8862695312499999 
0.91380859375 
0.7544335937499999 
0.8862695312499999 
1.20736328125 
0.8798242187499997 
0.6354882812499999 
1.08314453125 
1.2407617187500002 
1.2331445312500002 
0.8229882812499999 
0.8569726562499999 
0.8587304687499998 
1.23548828125 
0.7380273437499998 
1.0655664062499999 
0.7028710937499998 
0.8640039062499999 
0.8382226562499998 
1.1505273437499999 
0.6454492187499998 
0.9641992187499999 
1.1417382812499999 
0.8610742187499998 
0.8136132812499999 
1.1200585937500003 
0.8095117187499998 
0.6636132812499999 
1.20853515625 
0.7761132812499999 
1.08373046875 
1.0268945312500002 
0.9888085937499999 
0.8933007812499999 
0.8300195312499999 
0.9214257812500001 
1.17044921875 
0.6659570312499998 
1.08841796875 
1.13177734375 
0.8710351562499998 
0.8241601562499998 
1.13529296875 
1.2425195312500001 
0.7356835937499998 
1.20384765625 
0.97591796875 
1.2395898437500001 
1.22083984375 
0.8938867187499998 
1.20267578125 
0.91908203125 
0.8675195312499999 
0.93138671875 
0.7286523437499998 
0.7409570312499998 
0.6454492187499998 
0.97240234375 
0.9946679687499999 
0.8475976562499998 
1.1698632812499998 
0.9735742187499999 
0.95951171875 
0.8798242187499997 
0.8850976562499998 
0.9683007812500001 
0.9987695312499999 
0.6735742187499998 
1.00228515625 
0.6882226562499998 
0.8903710937499998 
1.13880859375 
0.93783203125 
0.97181640625 
1.08021484375 
1.25306640625 
0.7790429687499999 
0.8423242187499997 
1.01048828125 
1.14349609375 
1.2132226562500001 
0.7515039062499999 
1.17806640625 
0.8968164062499998 
0.8780664062499998 
0.93548828125 
1.11009765625 
0.6290429687499999 
1.2893945312500001 
0.6073632812499999 
0.8616601562499998 
0.9173242187499999 
0.7837304687499999 
1.23548828125 
0.92611328125 
0.7397851562499997 
1.21673828125 
0.7093164062499998 
0.7907617187499999 
1.2483789062500001 
1.05970703125 
0.8804101562499997 
0.8839257812499999 
0.8850976562499998 
0.9548242187499999 
1.03861328125 
0.7186914062499998 
0.7720117187499999 
1.00462890625 
0.9097070312499999 
0.6472070312499999 
