84 10 6 
0.8833398437499999 
0.8974023437499998 
0.93783203125 
1.0989648437500001 
0.96712890625 
0.9073632812499999 
0.98353515625 
1.17044921875 
1.12708984375 
0.7655664062499998 
0.91615234375 
0.8306054687499999 
1.22611328125 
0.92611328125 
1.13294921875 
1.21556640625 
0.5850976562499999 
0.8686914062499999 
1.07845703125 
0.8505273437499998 
1.0474023437500002 
0.9302148437500001 
0.6319726562499999 
1.2102929687500001 
0.9173242187499999 
1.2184960937500002 
0.7854882812499999 
1.14876953125 
0.9067773437499999 
0.91673828125 
0.91263671875 
0.8968164062499998 
0.6817773437499999 
0.7983789062499999 
0.8464257812499999 
0.8100976562499999 
1.24603515625 
0.91322265625 
0.91146484375 
0.9647851562499999 
1.2313867187500003 
1.22083984375 
0.8686914062499999 
0.8786523437499998 
1.22025390625 
1.2513085937500004 
0.91322265625 
0.8206445312499999 
0.6501367187499998 
0.8159570312499999 
0.7233789062499998 
0.8944726562499998 
0.8429101562499998 
0.7421289062499998 
0.8001367187499998 
0.8364648437499999 
0.97005859375 
1.02103515625 
0.93783203125 
0.8692773437499999 
0.93138671875 
0.6946679687499998 
0.8200585937499999 
0.98119140625 
1.1001367187500002 
1.1511132812499998 
1.11537109375 
1.2489648437500003 
1.1956445312500001 
0.9647851562499999 
0.6882226562499998 
1.12298828125 
0.9852929687499998 
0.6038476562499999 
0.7766992187499998 
1.11478515625 
1.17982421875 
1.2114648437500002 
1.25775390625 
1.2571679687500001 
1.06439453125 
1.2677148437500003 
1.2454492187500001 
0.8804101562499997 
0.9975976562499999 
0.8739648437499998 
0.9079492187499998 
0.9056054687499998 
0.92904296875 
1.18216796875 
1.2395898437500001 
0.8165429687499999 
1.2184960937500002 
0.7227929687499998 
0.9390039062500001 
1.15638671875 
0.8323632812499999 
0.7602929687499999 
0.6964257812499999 
1.0268945312500002 
0.7292382812499998 
1.03509765625 
1.2044335937500001 
1.2220117187500001 
1.21498046875 
0.8628320312499999 
1.2360742187500002 
1.19037109375 
0.8640039062499999 
1.18216796875 
0.93431640625 
1.1048242187500001 
0.7866601562499999 
0.94955078125 
0.7233789062499998 
0.6249414062499998 
1.25775390625 
0.8429101562499998 
0.94779296875 
1.22962890625 
0.6571679687499998 
1.2683007812500002 
0.92025390625 
0.6595117187499998 
1.2220117187500001 
0.93431640625 
0.6759179687499999 
0.9530664062499999 
1.2729882812500002 
0.8165429687499999 
0.9911523437499998 
0.97533203125 
0.7673242187499998 
1.2126367187500002 
0.94837890625 
0.91849609375 
1.24486328125 
0.91087890625 
0.7409570312499998 
0.8393945312499999 
1.10833984375 
0.7016992187499997 
0.6202539062499999 
1.2817773437500002 
1.20560546875 
0.8845117187499998 
0.6659570312499998 
0.7268945312499998 
0.9179101562499999 
0.8733789062499998 
0.7075585937499999 
1.2893945312500001 
0.8710351562499998 
0.8434960937499998 
1.0474023437500002 
0.9032617187499998 
0.93548828125 
0.6917382812499998 
1.2114648437500002 
0.8886132812499998 
1.1235742187500002 
0.8880273437499998 
1.1686914062499998 
0.9882226562499998 
1.14818359375 
0.94603515625 
1.2313867187500003 
0.9964257812499999 
1.0427148437500002 
0.6694726562499999 
1.0520898437500001 
0.8464257812499999 
0.94955078125 
0.8593164062499998 
0.91849609375 
0.8001367187499998 
1.0063867187500002 
1.21966796875 
0.91556640625 
0.92201171875 
1.26361328125 
0.96947265625 
1.2173242187500002 
0.8522851562499998 
1.22025390625 
1.24134765625 
1.0433007812500001 
1.21791015625 
0.7497460937499998 
1.2630273437500001 
0.92962890625 
0.7737695312499999 
0.6554101562499998 
0.9852929687499998 
0.8481835937499999 
0.7966210937499999 
1.02748046875 
1.24427734375 
0.8358789062499998 
1.06732421875 
