85 10 5 
1.03919921875 
0.8259179687499999 
0.9073632812499999 
0.8423242187499997 
0.9917382812499999 
1.0315820312500001 
0.9050195312499999 
0.9091210937499998 
1.1464257812499998 
0.7263085937499998 
1.2612695312500002 
0.6255273437499999 
0.9425195312500001 
0.93138671875 
1.2184960937500002 
0.7749414062499999 
0.7087304687499998 
1.06146484375 
1.0550195312500001 
0.8423242187499997 
1.00228515625 
0.8552148437499999 
1.0075585937500002 
0.93841796875 
0.96888671875 
0.7620507812499999 
0.95892578125 
0.8903710937499998 
1.21673828125 
1.24369140625 
1.12298828125 
0.94837890625 
0.97591796875 
1.2724023437500003 
1.1417382812499999 
1.02044921875 
0.7169335937499999 
1.21673828125 
0.9390039062500001 
1.22962890625 
1.24603515625 
1.13353515625 
0.8071679687499999 
1.19798828125 
0.8440820312499998 
0.96654296875 
1.2132226562500001 
0.8259179687499999 
0.64017578125 
0.5657617187499999 
1.10072265625 
1.09662109375 
0.9641992187499999 
1.22376953125 
1.2864648437500001 
0.8370507812499999 
0.97181640625 
0.8423242187499997 
1.20267578125 
0.5927148437499999 
0.97240234375 
0.7972070312499999 
1.2278710937500001 
0.96126953125 
1.2395898437500001 
1.26244140625 
1.0491601562500001 
0.7597070312499998 
0.7309960937499997 
0.8938867187499998 
1.1188867187500002 
0.7796289062499999 
1.31048828125 
1.2313867187500003 
1.25306640625 
0.7005273437499998 
1.10365234375 
0.8962304687499998 
1.2372460937500003 
1.2606835937500003 
1.19212890625 
0.97884765625 
0.8247460937499999 
0.7597070312499998 
1.0081445312500001 
1.16341796875 
0.9050195312499999 
0.7673242187499998 
0.8112695312499999 
1.0298242187500002 
0.93666015625 
0.7069726562499998 
1.0122460937500002 
1.14583984375 
1.23548828125 
0.6806054687499998 
0.8874414062499998 
0.91439453125 
0.8628320312499999 
0.7028710937499998 
0.97943359375 
1.2583398437500002 
1.17455078125 
0.7878320312499999 
0.7620507812499999 
0.91908203125 
0.8282617187499999 
1.1686914062499998 
1.2565820312500002 
0.7280664062499997 
0.8622460937499998 
0.8177148437499999 
0.6132226562499998 
0.7813867187499999 
0.8763085937499998 
0.6917382812499998 
0.96126953125 
0.7462304687499998 
1.2126367187500002 
1.18041015625 
1.22435546875 
1.2776757812500001 
0.7046289062499999 
0.8974023437499998 
0.94779296875 
1.00462890625 
0.7550195312499999 
0.8856835937499998 
1.03919921875 
0.9893945312499999 
0.9923242187499998 
0.7192773437499999 
1.0298242187500002 
1.17748046875 
0.93724609375 
0.7972070312499999 
1.2378320312500002 
0.7714257812499999 
0.96126953125 
0.8956445312499999 
1.0438867187500003 
0.91439453125 
1.06439453125 
1.00931640625 
0.8727929687499998 
0.92845703125 
1.20560546875 
1.17865234375 
1.1475976562499999 
0.7749414062499999 
0.92025390625 
0.9618554687499999 
0.8323632812499999 
0.95775390625 
1.2419335937500002 
0.96244140625 
0.9776757812500001 
0.79017578125 
0.7497460937499998 
0.8300195312499999 
1.00873046875 
0.6888085937499998 
1.23841796875 
1.2753320312500003 
1.06498046875 
0.7743554687499998 
0.94837890625 
0.6395898437499999 
1.05677734375 
0.9888085937499999 
0.6495507812499999 
1.2126367187500002 
0.91908203125 
1.1464257812499998 
0.7093164062499998 
1.0825585937500002 
0.9958398437499999 
0.9302148437500001 
0.9266992187499999 
1.13470703125 
0.8558007812499999 
1.03275390625 
0.8587304687499998 
0.8763085937499998 
0.8229882812499999 
1.2331445312500002 
0.8634179687499999 
1.24017578125 
0.97591796875 
0.8323632812499999 
0.8071679687499999 
1.2542382812500001 
0.9952539062499999 
0.8124414062499998 
1.2524804687500002 
1.21205078125 
1.0356835937500002 
0.95130859375 
1.18568359375 
1.20736328125 
