95 1 4 
1.42650390625 
1.4329492187500001 
1.43236328125 
1.42298828125 
1.4235742187500002 
1.42298828125 
1.4270898437500001 
1.4235742187500002 
1.42650390625 
1.4241601562500001 
1.4247460937500003 
1.42591796875 
1.4235742187500002 
1.4247460937500003 
1.4206445312500002 
1.4300195312500001 
1.4253320312500002 
1.42650390625 
1.43060546875 
1.42591796875 
1.4270898437500001 
1.42591796875 
1.4235742187500002 
1.4241601562500001 
1.42884765625 
1.4235742187500002 
1.4253320312500002 
1.42591796875 
1.43119140625 
1.42591796875 
1.43060546875 
1.4247460937500003 
1.42650390625 
1.4329492187500001 
1.4224023437500002 
1.4300195312500001 
1.42650390625 
1.4253320312500002 
1.4235742187500002 
1.42591796875 
1.4241601562500001 
1.42650390625 
1.42591796875 
1.4300195312500001 
1.4235742187500002 
1.42650390625 
1.4247460937500003 
1.4235742187500002 
1.42591796875 
1.42650390625 
1.4206445312500002 
1.43236328125 
1.4247460937500003 
1.4235742187500002 
1.42650390625 
1.43177734375 
1.4241601562500001 
1.42650390625 
1.42650390625 
1.42591796875 
1.4294335937500002 
1.4235742187500002 
1.43236328125 
1.4247460937500003 
1.42650390625 
1.4282617187500002 
1.42650390625 
1.4300195312500001 
1.4235742187500002 
1.4206445312500002 
1.4253320312500002 
1.42767578125 
1.4241601562500001 
1.4235742187500002 
1.42767578125 
1.42884765625 
1.42298828125 
1.42650390625 
1.4235742187500002 
1.42650390625 
1.4294335937500002 
1.4235742187500002 
1.4253320312500002 
1.42650390625 
1.4212304687500001 
1.4270898437500001 
1.4270898437500001 
1.42591796875 
1.43119140625 
1.42650390625 
1.42650390625 
1.43119140625 
1.4241601562500001 
1.42591796875 
1.4247460937500003 
1.4241601562500001 
1.4247460937500003 
1.4253320312500002 
1.4294335937500002 
1.4247460937500003 
1.4253320312500002 
1.4224023437500002 
1.4212304687500001 
1.4235742187500002 
1.42591796875 
1.42650390625 
1.42884765625 
1.4253320312500002 
1.4241601562500001 
1.4253320312500002 
1.42591796875 
1.4253320312500002 
1.4282617187500002 
1.42591796875 
1.42591796875 
1.4253320312500002 
1.4247460937500003 
1.4247460937500003 
1.42650390625 
1.42650390625 
1.4247460937500003 
1.42650390625 
1.42591796875 
1.4241601562500001 
1.42298828125 
1.43177734375 
1.43236328125 
1.42650390625 
1.42181640625 
1.42650390625 
1.42591796875 
1.4235742187500002 
1.4247460937500003 
1.43177734375 
1.4241601562500001 
1.4253320312500002 
1.42650390625 
1.42650390625 
1.43177734375 
1.4235742187500002 
1.4241601562500001 
1.42650390625 
1.4224023437500002 
1.4253320312500002 
1.42650390625 
1.4270898437500001 
1.4241601562500001 
1.42884765625 
1.42884765625 
1.4270898437500001 
1.42591796875 
1.42298828125 
1.42591796875 
1.4253320312500002 
1.4294335937500002 
1.4253320312500002 
1.42591796875 
1.4247460937500003 
1.4247460937500003 
1.42591796875 
1.4270898437500001 
1.4270898437500001 
1.4247460937500003 
1.4247460937500003 
1.4270898437500001 
1.42591796875 
1.43177734375 
1.42298828125 
1.4247460937500003 
1.42591796875 
1.42591796875 
1.42767578125 
1.4247460937500003 
1.42650390625 
1.42591796875 
1.4235742187500002 
1.42884765625 
1.4241601562500001 
1.42591796875 
1.4241601562500001 
1.4253320312500002 
1.42298828125 
1.4300195312500001 
1.42650390625 
1.4247460937500003 
1.4235742187500002 
1.43177734375 
1.4224023437500002 
1.4241601562500001 
1.42650390625 
1.4294335937500002 
1.4247460937500003 
1.4270898437500001 
1.42767578125 
1.43119140625 
1.4241601562500001 
1.43177734375 
1.42650390625 
1.42767578125 
1.42650390625 
