23 11 66 
0.7491601562499998 
0.9770898437500001 
0.92845703125 
1.01283203125 
0.8856835937499998 
1.2483789062500001 
0.8903710937499998 
0.92259765625 
0.9952539062499999 
0.6091210937499999 
0.6378320312499999 
0.6870507812499999 
0.9554101562499999 
1.3403710937500002 
1.0122460937500002 
0.8071679687499999 
0.7409570312499998 
1.31400390625 
0.96771484375 
0.95716796875 
0.7321679687499998 
0.7479882812499998 
0.8985742187499998 
0.6677148437499999 
1.18626953125 
0.7931054687499999 
0.7520898437499999 
0.8470117187499998 
1.07669921875 
0.6595117187499998 
0.9559960937499999 
0.8505273437499998 
1.1282617187500001 
0.9003320312499998 
1.12181640625 
0.9899804687499998 
0.9056054687499998 
1.15990234375 
0.8985742187499998 
0.96068359375 
0.7954492187499999 
0.8909570312499998 
0.6249414062499998 
0.9770898437500001 
0.6190820312499998 
1.20091796875 
0.91966796875 
0.8100976562499999 
1.01341796875 
0.8288476562499999 
0.5493554687499999 
0.7684960937499998 
0.8059960937499998 
0.7497460937499998 
0.7708398437499999 
1.22025390625 
0.5657617187499999 
0.7778710937499999 
0.8024804687499998 
0.7573632812499999 
0.92494140625 
0.7368554687499997 
0.8054101562499998 
0.8013085937499999 
1.0415429687500002 
1.0251367187500002 
0.8194726562499999 
0.8704492187499998 
0.7145898437499999 
0.8927148437499999 
0.8259179687499999 
0.7649804687499998 
0.6993554687499998 
0.7649804687499998 
1.18568359375 
0.8516992187499998 
1.19798828125 
0.9683007812500001 
0.6712304687499998 
0.8821679687499998 
1.04681640625 
0.8112695312499999 
0.8165429687499999 
0.7151757812499999 
0.6688867187499998 
1.0433007812500001 
0.8493554687499998 
0.8792382812499998 
0.94603515625 
0.8141992187499998 
0.8364648437499999 
1.21498046875 
1.0438867187500003 
0.8405664062499998 
1.01927734375 
0.8323632812499999 
0.6999414062499998 
0.5868554687499998 
0.9149804687499999 
0.6905664062499998 
0.8968164062499998 
0.9390039062500001 
0.7919335937499999 
0.8950585937499999 
0.6677148437499999 
0.7268945312499998 
0.8434960937499998 
0.6349023437499999 
1.0702539062499998 
0.7561914062499998 
0.6917382812499998 
1.17044921875 
0.6349023437499999 
1.0268945312500002 
0.8669335937499999 
0.8306054687499999 
0.8323632812499999 
1.15580078125 
0.7796289062499999 
0.6806054687499998 
0.8224023437499999 
1.09017578125 
1.00873046875 
0.9149804687499999 
1.13001953125 
1.02044921875 
1.0503320312500002 
0.8733789062499998 
0.7444726562499998 
0.7192773437499999 
0.8950585937499999 
0.6296289062499999 
0.9425195312500001 
0.7702539062499999 
0.91966796875 
0.7526757812499999 
1.14115234375 
1.1493554687499998 
0.91205078125 
1.01517578125 
0.7966210937499999 
0.7866601562499999 
0.8147851562499998 
1.26185546875 
0.98236328125 
0.8669335937499999 
0.8317773437499999 
0.7890039062499999 
1.03333984375 
1.31458984375 
1.15404296875 
1.09310546875 
1.2132226562500001 
1.13998046875 
0.96244140625 
1.3169335937500002 
0.8640039062499999 
1.0813867187500001 
1.02337890625 
0.8347070312499999 
0.8100976562499999 
0.8493554687499998 
0.6056054687499999 
0.6911523437499998 
0.94779296875 
1.0081445312500001 
0.7561914062499998 
0.96654296875 
0.7942773437499999 
0.9448632812500001 
0.8956445312499999 
0.9735742187499999 
0.8159570312499999 
0.9015039062499999 
0.7561914062499998 
0.7854882812499999 
0.8856835937499998 
1.22259765625 
0.92435546875 
0.8106835937499999 
1.02044921875 
0.93783203125 
0.9015039062499999 
0.7503320312499998 
0.97416015625 
0.9993554687499997 
1.2770898437500002 
1.14818359375 
0.96009765625 
1.2565820312500002 
0.9548242187499999 
0.96595703125 
0.6507226562499998 
1.15404296875 
1.16048828125 
1.3309960937500003 
0.9776757812500001 
1.14349609375 
0.8071679687499999 
1.11009765625 
