54 11 35 
1.24427734375 
1.24134765625 
0.9975976562499999 
1.08314453125 
0.9952539062499999 
0.6712304687499998 
0.8112695312499999 
1.2360742187500002 
1.22435546875 
0.7397851562499997 
0.95658203125 
1.10775390625 
1.16166015625 
0.7409570312499998 
1.10072265625 
1.08958984375 
0.7854882812499999 
1.2114648437500002 
0.8681054687499998 
0.8516992187499998 
0.8886132812499998 
1.0761132812499998 
0.9395898437500001 
1.06673828125 
0.9448632812500001 
0.97591796875 
0.7239648437499998 
0.95130859375 
0.7222070312499999 
0.8522851562499998 
1.00052734375 
0.5628320312499999 
0.9056054687499998 
0.6759179687499999 
0.78958984375 
0.98119140625 
1.0427148437500002 
0.7350976562499998 
0.7350976562499998 
0.8247460937499999 
0.8874414062499998 
0.8516992187499998 
0.6724023437499999 
0.8059960937499998 
0.8265039062499999 
0.9946679687499999 
0.94837890625 
1.06087890625 
0.8628320312499999 
1.05384765625 
0.8622460937499998 
1.18158203125 
0.8183007812499999 
0.6641992187499998 
0.6091210937499999 
0.98353515625 
1.07083984375 
1.1534570312499999 
1.07787109375 
0.6847070312499999 
0.8089257812499999 
1.1253320312500001 
1.1874414062499998 
0.5804101562499998 
0.8845117187499998 
0.7450585937499998 
0.7977929687499998 
1.06791015625 
0.8118554687499998 
0.6911523437499998 
1.14876953125 
0.94896484375 
0.9852929687499998 
1.22083984375 
1.16927734375 
0.7028710937499998 
0.6876367187499998 
0.95423828125 
0.8007226562499998 
1.1165429687500001 
0.8950585937499999 
0.7819726562499999 
1.1475976562499999 
0.8634179687499999 
0.7643945312499999 
0.7597070312499998 
0.7099023437499998 
0.7667382812499999 
0.6958398437499999 
0.6595117187499998 
0.7860742187499998 
0.7022851562499998 
0.8141992187499998 
1.02923828125 
1.2606835937500003 
0.6296289062499999 
0.8722070312499999 
0.9905664062499998 
0.8616601562499998 
0.7450585937499998 
0.7960351562499999 
1.06087890625 
0.7966210937499999 
0.8891992187499997 
0.7673242187499998 
0.8218164062499999 
0.9401757812500001 
1.03041015625 
1.17689453125 
0.9870507812499999 
0.7661523437499999 
0.8751367187499998 
1.1001367187500002 
0.7069726562499998 
1.07318359375 
1.21556640625 
0.9929101562499998 
0.8675195312499999 
0.6794335937499999 
1.2548242187500003 
1.2366601562500001 
0.7356835937499998 
0.7766992187499998 
0.7421289062499998 
0.7884179687499999 
0.8850976562499998 
0.7380273437499998 
0.7058007812499999 
0.7942773437499999 
1.12416015625 
1.15169921875 
0.96654296875 
0.8399804687499998 
1.0257226562500001 
0.6706445312499999 
1.01517578125 
1.0227929687500001 
1.1681054687499999 
0.7655664062499998 
0.7649804687499998 
0.8229882812499999 
0.6876367187499998 
1.0315820312500001 
1.01751953125 
0.6946679687499998 
0.93490234375 
0.9554101562499999 
0.8798242187499997 
0.7866601562499999 
0.8423242187499997 
1.1048242187500001 
1.12767578125 
1.28119140625 
0.8950585937499999 
1.01517578125 
1.1106835937500001 
0.97416015625 
1.08431640625 
0.8335351562499999 
0.8780664062499998 
1.11712890625 
0.6917382812499998 
0.6038476562499999 
1.0890039062499999 
0.7983789062499999 
0.95189453125 
0.7602929687499999 
1.2466210937500002 
0.97474609375 
0.8229882812499999 
1.21087890625 
0.7011132812499998 
0.7181054687499998 
1.2981835937500001 
0.96009765625 
0.9073632812499999 
1.0444726562500002 
1.13060546875 
0.7421289062499998 
1.03919921875 
0.94427734375 
0.8933007812499999 
0.92318359375 
0.8059960937499998 
1.12181640625 
0.98470703125 
0.6788476562499999 
0.8001367187499998 
0.6308007812499999 
0.97240234375 
0.8118554687499998 
1.23431640625 
0.6202539062499999 
0.8874414062499998 
0.91205078125 
1.14876953125 
1.10541015625 
0.98470703125 
1.09017578125 
1.0474023437500002 
