10 1 39 
1.3825585937500002 
1.5044335937500002 
1.4809960937500002 
1.4388085937500001 
1.43529296875 
1.36556640625 
1.48041015625 
1.43060546875 
1.4153710937500001 
1.3831445312500001 
1.3860742187500001 
1.3626367187500001 
1.4165429687500002 
1.39955078125 
1.3415429687500002 
1.41419921875 
1.4007226562500001 
1.4018945312500002 
1.42650390625 
1.36615234375 
1.40833984375 
1.37552734375 
1.3579492187500002 
1.39310546875 
1.3919335937500001 
1.3919335937500001 
1.37318359375 
1.41419921875 
1.3503320312500002 
1.3825585937500002 
1.4165429687500002 
1.39251953125 
1.4294335937500002 
1.41712890625 
1.37845703125 
1.3872460937500002 
1.33685546875 
1.37318359375 
1.4206445312500002 
1.38080078125 
1.42767578125 
1.37259765625 
1.4575585937500002 
1.41244140625 
1.50091796875 
1.4036523437500001 
1.43646484375 
1.3802148437500001 
1.36498046875 
1.42591796875 
1.36673828125 
1.3444726562500002 
1.3333398437500001 
1.40833984375 
1.4698632812499999 
1.3485742187500003 
1.36556640625 
1.3462304687500002 
1.35736328125 
1.37142578125 
1.3567773437500001 
1.38958984375 
1.3626367187500001 
1.42650390625 
1.3538476562500001 
1.46751953125 
1.38373046875 
1.43119140625 
1.38373046875 
1.37318359375 
1.39544921875 
1.38080078125 
1.3989648437500002 
1.3626367187500001 
1.4927148437500002 
1.40423828125 
1.3456445312500003 
1.41009765625 
1.4048242187500002 
1.37904296875 
1.4235742187500002 
1.3462304687500002 
1.48978515625 
1.37201171875 
1.39486328125 
1.45814453125 
1.46693359375 
1.4206445312500002 
1.4106835937500002 
1.3503320312500002 
1.42181640625 
1.40716796875 
1.36322265625 
1.36439453125 
1.3345117187500002 
1.50384765625 
1.4153710937500001 
1.43236328125 
1.4224023437500002 
1.4059960937500002 
1.38548828125 
1.40716796875 
1.41009765625 
1.36966796875 
1.49095703125 
1.48802734375 
1.50853515625 
1.36205078125 
1.42181640625 
1.3749414062499998 
1.41302734375 
1.4452539062499998 
1.37728515625 
1.4065820312500001 
1.49212890625 
1.4194726562500002 
1.40306640625 
1.39017578125 
1.4235742187500002 
1.48509765625 
1.38666015625 
1.4329492187500001 
1.42884765625 
1.4329492187500001 
1.38080078125 
1.4106835937500002 
1.37904296875 
1.4048242187500002 
1.41244140625 
1.4188867187500003 
1.3831445312500001 
1.41185546875 
1.4294335937500002 
1.38490234375 
1.4282617187500002 
1.3825585937500002 
1.43236328125 
1.35150390625 
1.40833984375 
1.4018945312500002 
1.40892578125 
1.48978515625 
1.47748046875 
1.3684960937500001 
1.3936914062499999 
1.4212304687500001 
1.50970703125 
1.3579492187500002 
1.3268945312500002 
1.48919921875 
1.3491601562500002 
1.38490234375 
1.3462304687500002 
1.37845703125 
1.39544921875 
1.39486328125 
1.3474023437500002 
1.4985742187500002 
1.44232421875 
1.4165429687500002 
1.3286523437500002 
1.4065820312500001 
1.36556640625 
1.5149804687500001 
1.44583984375 
1.39427734375 
1.36087890625 
1.3538476562500001 
1.46458984375 
1.43822265625 
1.47748046875 
1.40306640625 
1.37728515625 
1.3977929687500001 
1.41595703125 
1.44583984375 
1.3503320312500002 
1.3509179687500001 
1.5378320312500002 
1.37435546875 
1.39076171875 
1.3462304687500002 
1.41361328125 
1.41185546875 
1.35560546875 
1.4059960937500002 
1.4241601562500001 
1.38958984375 
1.41185546875 
1.40775390625 
1.4206445312500002 
1.40775390625 
1.4856835937500001 
1.39251953125 
1.3860742187500001 
1.37435546875 
1.35150390625 
1.4013085937500003 
1.48861328125 
1.40423828125 
1.42650390625 
1.3989648437500002 
1.3532617187500002 
1.43177734375 
1.39720703125 
1.3989648437500002 
1.38783203125 
1.4944726562500001 
1.36439453125 
1.39310546875 
1.4065820312500001 
1.4018945312500002 
1.39486328125 
1.4001367187500002 
1.38431640625 
1.3919335937500001 
1.3749414062499998 
1.48451171875 
1.40423828125 
1.3919335937500001 
1.39427734375 
1.43763671875 
1.41302734375 
1.4522851562499999 
1.49623046875 
1.3989648437500002 
1.41595703125 
1.4253320312500002 
1.3936914062499999 
1.50970703125 
1.42298828125 
1.4575585937500002 
1.4329492187500001 
1.5120507812500001 
1.46048828125 
1.40775390625 
1.4224023437500002 
1.37376953125 
1.40423828125 
1.4452539062499998 
1.33978515625 
1.4206445312500002 
1.4763085937500002 
1.4001367187500002 
1.36498046875 
1.3579492187500002 
1.43236328125 
1.38373046875 
1.43119140625 
1.37728515625 
1.44408203125 
1.41478515625 
1.39076171875 
1.4224023437500002 
1.37962890625 
1.46693359375 
1.51087890625 
1.3227929687500002 
1.4001367187500002 
1.3684960937500001 
1.4200585937500003 
1.41009765625 
1.4241601562500001 
1.41419921875 
1.39427734375 
1.36732421875 
1.4095117187500001 
1.38900390625 
1.3626367187500001 
1.3761132812499999 
1.39955078125 
1.4282617187500002 
1.38431640625 
1.4001367187500002 
1.4001367187500002 
1.39076171875 
1.36322265625 
1.40833984375 
1.37904296875 
1.50267578125 
1.39076171875 
1.42767578125 
1.37552734375 
1.48978515625 
1.51087890625 
1.38373046875 
1.4938867187500002 
1.3626367187500001 
1.45169921875 
1.38431640625 
1.4018945312500002 
1.39955078125 
1.4751367187500002 
1.4241601562500001 
1.47220703125 
1.4018945312500002 
1.4007226562500001 
1.36673828125 
1.4165429687500002 
1.4493554687499999 
