19 29 2 
0.7479882812499998 
1.14349609375 
0.7485742187499997 
0.7913476562499999 
0.8329492187499998 
0.9554101562499999 
0.7884179687499999 
0.8218164062499999 
0.5282617187499999 
0.7333398437499998 
0.6929101562499997 
0.9401757812500001 
0.93138671875 
0.7725976562499999 
0.8628320312499999 
1.1950585937500002 
0.6266992187499998 
0.9448632812500001 
0.6665429687499999 
0.7913476562499999 
0.8675195312499999 
0.7632226562499999 
0.8722070312499999 
1.0714257812499999 
0.7884179687499999 
0.8423242187499997 
1.2794335937500003 
0.7186914062499998 
0.9852929687499998 
0.7345117187499998 
0.8446679687499998 
0.8915429687499998 
0.8018945312499999 
0.8845117187499998 
0.8124414062499998 
1.17689453125 
0.95658203125 
0.8159570312499999 
1.0309960937500002 
0.7075585937499999 
0.7837304687499999 
0.9044335937499999 
0.8839257812499999 
0.8200585937499999 
1.31166015625 
1.07318359375 
1.00990234375 
0.8692773437499999 
0.7831445312499999 
0.8534570312499998 
1.01576171875 
0.6630273437499998 
0.9735742187499999 
0.8347070312499999 
0.7362695312499998 
1.02162109375 
0.7286523437499998 
0.7989648437499999 
1.0825585937500002 
1.0474023437500002 
0.9946679687499999 
0.7526757812499999 
0.7708398437499999 
0.8458398437499999 
1.17806640625 
1.01576171875 
0.8141992187499998 
0.6683007812499999 
1.06908203125 
1.03392578125 
0.7966210937499999 
0.95658203125 
0.6044335937499999 
1.00228515625 
0.7368554687499997 
0.7058007812499999 
0.7427148437499999 
0.91556640625 
1.09193359375 
0.8007226562499998 
0.8499414062499998 
0.6337304687499998 
0.7802148437499999 
1.08314453125 
0.8007226562499998 
0.8106835937499999 
0.7345117187499998 
0.8089257812499999 
1.01517578125 
0.7028710937499998 
1.20677734375 
0.6167382812499999 
0.94662109375 
0.8077539062499999 
1.01810546875 
0.9987695312499999 
1.1165429687500001 
0.8985742187499998 
0.6653710937499998 
0.8493554687499998 
1.23548828125 
0.7989648437499999 
0.7702539062499999 
1.07904296875 
0.8552148437499999 
1.2366601562500001 
0.8880273437499998 
0.5974023437499999 
0.7995507812499999 
0.6835351562499998 
1.1253320312500001 
0.7409570312499998 
0.7257226562499998 
0.7977929687499998 
1.17220703125 
0.8282617187499999 
1.14818359375 
0.8628320312499999 
1.0251367187500002 
0.6114648437499999 
0.7409570312499998 
0.7450585937499998 
0.6542382812499998 
0.8370507812499999 
0.96244140625 
1.00228515625 
1.1013085937500002 
0.8833398437499999 
0.8393945312499999 
0.8165429687499999 
0.96712890625 
0.7433007812499999 
0.8452539062499999 
0.7315820312499998 
1.03333984375 
1.14232421875 
0.8886132812499998 
0.6085351562499999 
0.9079492187499998 
0.9548242187499999 
0.8968164062499998 
0.8241601562499998 
0.6841210937499999 
0.6190820312499998 
0.8809960937499998 
0.6835351562499998 
0.7632226562499999 
1.01634765625 
0.7655664062499998 
0.6606835937499999 
0.7573632812499999 
0.6817773437499999 
0.95775390625 
1.18978515625 
0.7936914062499999 
1.07904296875 
0.8136132812499999 
0.8511132812499999 
0.97416015625 
0.98177734375 
0.9003320312499998 
0.7819726562499999 
1.0251367187500002 
0.7157617187499998 
0.7948632812499999 
1.13236328125 
0.9647851562499999 
0.8429101562499998 
0.7720117187499999 
0.9015039062499999 
1.07962890625 
0.6636132812499999 
0.7983789062499999 
0.93490234375 
0.8464257812499999 
0.7427148437499999 
0.8927148437499999 
0.7403710937499998 
1.09193359375 
0.6952539062499998 
1.2184960937500002 
0.8218164062499999 
0.9067773437499999 
0.6618554687499998 
0.8311914062499999 
0.7198632812499999 
0.7145898437499999 
1.03333984375 
0.5686914062499999 
0.9940820312499998 
0.7169335937499999 
1.24017578125 
0.8640039062499999 
0.7362695312499998 
0.7725976562499999 
0.9858789062499999 
1.14408203125 
0.8897851562499998 
0.8183007812499999 
0.7005273437499998 
0.7679101562499998 
0.7696679687499999 
1.06498046875 
0.8868554687499998 
0.8159570312499999 
0.8874414062499998 
0.8130273437499999 
0.8745507812499999 
1.1686914062499998 
0.8136132812499999 
0.9401757812500001 
0.7954492187499999 
0.7257226562499998 
1.2513085937500004 
0.7104882812499999 
0.8868554687499998 
0.96654296875 
0.8417382812499998 
1.08666015625 
0.7227929687499998 
0.6653710937499998 
0.8563867187499998 
1.1013085937500002 
0.6583398437499999 
1.10658203125 
0.91615234375 
1.28529296875 
0.91380859375 
0.6958398437499999 
0.9390039062500001 
0.8962304687499998 
0.6870507812499999 
1.1593164062499999 
0.6448632812499999 
0.8071679687499999 
0.8569726562499999 
0.6372460937499999 
0.6349023437499999 
0.7456445312499999 
0.7597070312499998 
0.9952539062499999 
0.8663476562499999 
0.6278710937499998 
0.7720117187499999 
1.0638085937500001 
0.9061914062499998 
0.7579492187499998 
1.30873046875 
0.8757226562499998 
0.5774804687499998 
0.6847070312499999 
1.07962890625 
0.6929101562499997 
1.2876367187500002 
0.91439453125 
0.6565820312499998 
0.7497460937499998 
0.7309960937499997 
0.96537109375 
0.6811914062499999 
0.8681054687499998 
0.96068359375 
0.7468164062499998 
0.9214257812500001 
0.6102929687499998 
0.98353515625 
0.7222070312499999 
0.6706445312499999 
0.8540429687499999 
0.8669335937499999 
1.20970703125 
0.8757226562499998 
0.8968164062499998 
1.0122460937500002 
0.92552734375 
0.8933007812499999 
1.03216796875 
0.8224023437499999 
0.6184960937499998 
0.94544921875 
0.7145898437499999 
0.6864648437499998 
0.8891992187499997 
0.6905664062499998 
0.6800195312499999 
0.7755273437499999 
0.7936914062499999 
1.03392578125 
0.8323632812499999 
0.7972070312499999 
0.7263085937499998 
0.8388085937499998 
0.6952539062499998 
1.2513085937500004 
0.8575585937499999 
0.6653710937499998 
0.92201171875 
0.8487695312499999 
0.8411523437499998 
0.8927148437499999 
