13 30 7 
0.7878320312499999 
0.93197265625 
0.7966210937499999 
0.8241601562499998 
1.13705078125 
1.1358789062499999 
1.0474023437500002 
0.96595703125 
1.0415429687500002 
1.22611328125 
1.29408203125 
0.7110742187499998 
1.13705078125 
0.9888085937499999 
0.8956445312499999 
1.1522851562499998 
0.78080078125 
0.9958398437499999 
0.8569726562499999 
0.6999414062499998 
0.92201171875 
0.98119140625 
0.9852929687499998 
0.8288476562499999 
1.07787109375 
0.8405664062499998 
1.15638671875 
0.92376953125 
1.0462304687500001 
0.94837890625 
0.8675195312499999 
0.9893945312499999 
0.9401757812500001 
1.0714257812499999 
0.7227929687499998 
0.6436914062499999 
0.6800195312499999 
0.93548828125 
0.9032617187499998 
1.20736328125 
0.92845703125 
1.08841796875 
0.7737695312499999 
0.96537109375 
0.8974023437499998 
0.6284570312499999 
0.78958984375 
0.91029296875 
0.94779296875 
0.7755273437499999 
1.0638085937500001 
1.04095703125 
0.8452539062499999 
0.7913476562499999 
1.1194726562500001 
0.8241601562499998 
1.0186914062499999 
1.0890039062499999 
1.07083984375 
0.95423828125 
1.2114648437500002 
1.2184960937500002 
1.2923242187500001 
0.7251367187499997 
0.8528710937499998 
0.98060546875 
0.7673242187499998 
1.0655664062499999 
1.39310546875 
1.1499414062499997 
0.8686914062499999 
0.95365234375 
0.82767578125 
0.7632226562499999 
1.0743554687499999 
0.95072265625 
0.8751367187499998 
1.2788476562500002 
0.98060546875 
1.07552734375 
0.7216210937499998 
0.8862695312499999 
1.03685546875 
1.1405664062499998 
0.8622460937499998 
0.7462304687499998 
0.8036523437499998 
0.7520898437499999 
0.9266992187499999 
0.7966210937499999 
0.9501367187499999 
0.8558007812499999 
1.07376953125 
0.8698632812499999 
0.8979882812499999 
0.9923242187499998 
0.7649804687499998 
0.96771484375 
1.14291015625 
0.8499414062499998 
0.9952539062499999 
0.9266992187499999 
0.8962304687499998 
0.7515039062499999 
0.6589257812499999 
0.95658203125 
0.8358789062499998 
0.8997460937499998 
0.93783203125 
1.28119140625 
0.8399804687499998 
1.22142578125 
0.6794335937499999 
0.94076171875 
0.94134765625 
1.02220703125 
1.17279296875 
0.97005859375 
0.6360742187499998 
0.9091210937499998 
0.96361328125 
0.7046289062499999 
0.8259179687499999 
1.00052734375 
1.15638671875 
0.9917382812499999 
1.06029296875 
0.7315820312499998 
0.6870507812499999 
0.7579492187499998 
0.9905664062499998 
1.0186914062499999 
1.30169921875 
0.8751367187499998 
1.22083984375 
0.93490234375 
0.92259765625 
1.2290429687500002 
0.8112695312499999 
1.09134765625 
0.8311914062499999 
0.9999414062499997 
0.7819726562499999 
0.98177734375 
0.7444726562499998 
1.10833984375 
1.1048242187500001 
0.7321679687499998 
0.8540429687499999 
0.8522851562499998 
0.7327539062499998 
0.9067773437499999 
0.97474609375 
0.8833398437499999 
0.8856835937499998 
0.7063867187499998 
0.93255859375 
0.7145898437499999 
1.31400390625 
1.0550195312500001 
0.8675195312499999 
1.2747460937500004 
0.7309960937499997 
1.08490234375 
0.8423242187499997 
0.8915429687499998 
0.92259765625 
1.09779296875 
0.7444726562499998 
1.2677148437500003 
0.8018945312499999 
0.9067773437499999 
0.8780664062499998 
1.08490234375 
0.9923242187499998 
0.95833984375 
0.7450585937499998 
0.8850976562499998 
0.8927148437499999 
1.29466796875 
1.0433007812500001 
0.6225976562499999 
1.2630273437500001 
0.6970117187499998 
1.0052148437500001 
0.7210351562499998 
1.2337304687500001 
0.96654296875 
0.94427734375 
0.93783203125 
1.0315820312500001 
1.1405664062499998 
0.91322265625 
0.8622460937499998 
1.29115234375 
0.97884765625 
1.0825585937500002 
0.9079492187499998 
0.6694726562499999 
0.8335351562499999 
0.8974023437499998 
1.14583984375 
0.7544335937499999 
0.96771484375 
0.9864648437499999 
1.0462304687500001 
0.8604882812499999 
1.06908203125 
0.8716210937499999 
1.2794335937500003 
1.0052148437500001 
0.8054101562499998 
1.16283203125 
0.8200585937499999 
1.2806054687500001 
1.26185546875 
0.8434960937499998 
1.31166015625 
0.7028710937499998 
0.9975976562499999 
0.7878320312499999 
0.6911523437499998 
0.7561914062499998 
1.12181640625 
0.8909570312499998 
1.2278710937500001 
0.7731835937499999 
1.2489648437500003 
0.94779296875 
1.0474023437500002 
0.8247460937499999 
0.7450585937499998 
0.98294921875 
1.0268945312500002 
0.6313867187499999 
1.02455078125 
0.8622460937499998 
0.7936914062499999 
0.8558007812499999 
0.7222070312499999 
0.9735742187499999 
0.6835351562499998 
0.9026757812499999 
0.7591210937499998 
0.7380273437499998 
0.8095117187499998 
1.21966796875 
0.8399804687499998 
0.7544335937499999 
0.9800195312500001 
0.6934960937499998 
0.92025390625 
0.7509179687499998 
0.97533203125 
0.7749414062499999 
1.20853515625 
0.8757226562499998 
0.6811914062499999 
1.00990234375 
0.7315820312499998 
0.8259179687499999 
0.6729882812499999 
1.11830078125 
0.94134765625 
0.97416015625 
1.2565820312500002 
0.8587304687499998 
0.9009179687499999 
0.8599023437499999 
0.8540429687499999 
0.6870507812499999 
0.8704492187499998 
1.20326171875 
0.96654296875 
0.7702539062499999 
0.7819726562499999 
0.8200585937499999 
1.29466796875 
1.1013085937500002 
0.7849023437499999 
0.8804101562499997 
1.1874414062499998 
0.94837890625 
0.95072265625 
1.07904296875 
0.7321679687499998 
0.92904296875 
0.9073632812499999 
0.6964257812499999 
1.2829492187500002 
1.20326171875 
0.8393945312499999 
0.6671289062499999 
0.8587304687499998 
0.7421289062499998 
0.60267578125 
0.8065820312499998 
1.05736328125 
0.95189453125 
0.95658203125 
