2 31 17 
1.3110742187500002 
1.3245507812500001 
1.3825585937500002 
1.36791015625 
1.28529296875 
1.31400390625 
1.3638085937500002 
1.37728515625 
1.39076171875 
1.32806640625 
1.36673828125 
1.44759765625 
1.3825585937500002 
1.37083984375 
1.3333398437500001 
1.44232421875 
1.3538476562500001 
1.3597070312500001 
1.38548828125 
1.3462304687500002 
1.4200585937500003 
1.4763085937500002 
1.3497460937500003 
1.34095703125 
1.3421289062500001 
1.3251367187500003 
1.38783203125 
1.37318359375 
1.3216210937500001 
1.29876953125 
1.3567773437500001 
1.4048242187500002 
1.28587890625 
1.36087890625 
1.20736328125 
1.3251367187500003 
1.3872460937500002 
1.43529296875 
1.3433007812500002 
1.45873046875 
1.23900390625 
1.38197265625 
1.29173828125 
1.40541015625 
1.31634765625 
1.36966796875 
1.30287109375 
1.3403710937500002 
1.3257226562500002 
1.32220703125 
1.43705078125 
1.3345117187500002 
1.41595703125 
1.31927734375 
1.3579492187500002 
1.3509179687500001 
1.4001367187500002 
1.40306640625 
1.31869140625 
1.3831445312500001 
1.46283203125 
1.4048242187500002 
1.36087890625 
1.30345703125 
1.3438867187500003 
1.3474023437500002 
1.3977929687500001 
1.36732421875 
1.3802148437500001 
1.41009765625 
1.38373046875 
1.39486328125 
1.36556640625 
1.4059960937500002 
1.29701171875 
1.37962890625 
1.3567773437500001 
1.36791015625 
1.3356835937500002 
1.36673828125 
1.36908203125 
1.3298242187500002 
1.43763671875 
1.3356835937500002 
1.39955078125 
1.29115234375 
1.33744140625 
1.29876953125 
1.3479882812500001 
1.33275390625 
1.3550195312500002 
1.43646484375 
1.37728515625 
1.3919335937500001 
1.3040429687500001 
1.3251367187500003 
1.37318359375 
1.45873046875 
1.4235742187500002 
1.36732421875 
1.39486328125 
1.3544335937500003 
1.3479882812500001 
1.2712304687500002 
1.31166015625 
1.4622460937500001 
1.36205078125 
1.37259765625 
1.3040429687500001 
1.42767578125 
1.3286523437500002 
1.3977929687500001 
1.4300195312500001 
1.4294335937500002 
1.3626367187500001 
1.3309960937500003 
1.37201171875 
1.35736328125 
1.36908203125 
1.4294335937500002 
1.3872460937500002 
1.33685546875 
1.2454492187500001 
1.31751953125 
1.3433007812500002 
1.3977929687500001 
1.4059960937500002 
1.3474023437500002 
1.24017578125 
1.3245507812500001 
1.38783203125 
1.3444726562500002 
1.29291015625 
1.39427734375 
1.36498046875 
1.32044921875 
1.36439453125 
1.3128320312500001 
1.29935546875 
1.29759765625 
1.33509765625 
1.40716796875 
1.38900390625 
1.24603515625 
1.3474023437500002 
1.35736328125 
1.2425195312500001 
1.44408203125 
1.40775390625 
1.37376953125 
1.38490234375 
1.36615234375 
1.33978515625 
1.3421289062500001 
1.43177734375 
1.3462304687500002 
1.28822265625 
1.39486328125 
1.30169921875 
1.31634765625 
1.3702539062499999 
1.41595703125 
1.41478515625 
1.2595117187500002 
1.26244140625 
1.31341796875 
1.3075585937500003 
1.2981835937500001 
1.39017578125 
1.3860742187500001 
1.33685546875 
1.31166015625 
1.3315820312500002 
1.46048828125 
1.3309960937500003 
1.3421289062500001 
1.41712890625 
1.41712890625 
1.32044921875 
1.31517578125 
1.4095117187500001 
1.31517578125 
1.3157617187500001 
1.3550195312500002 
1.3438867187500003 
1.3309960937500003 
1.3438867187500003 
1.3415429687500002 
1.29408203125 
1.32044921875 
1.3239648437500002 
1.31927734375 
1.3491601562500002 
1.36439453125 
1.41361328125 
1.4194726562500002 
1.39486328125 
1.4013085937500003 
1.39544921875 
1.3304101562500001 
1.3860742187500001 
1.31810546875 
1.3298242187500002 
1.3462304687500002 
1.42767578125 
1.30287109375 
1.35619140625 
1.42298828125 
1.3245507812500001 
1.4341210937500002 
1.33978515625 
1.40833984375 
1.3052148437500002 
1.2319726562500002 
1.44232421875 
1.3802148437500001 
1.24310546875 
1.3591210937500002 
1.3304101562500001 
1.3503320312500002 
1.3216210937500001 
1.26478515625 
1.34681640625 
1.39662109375 
1.3456445312500003 
1.42767578125 
1.3356835937500002 
1.31166015625 
1.33802734375 
1.41361328125 
1.3479882812500001 
1.3479882812500001 
1.39662109375 
1.4247460937500003 
1.46341796875 
1.30052734375 
1.4183007812500001 
1.31341796875 
1.31400390625 
1.34095703125 
1.3157617187500001 
1.32806640625 
1.3415429687500002 
1.40248046875 
1.2741601562500002 
1.3462304687500002 
1.3157617187500001 
1.30052734375 
1.3474023437500002 
1.32806640625 
1.3509179687500001 
1.3550195312500002 
1.37201171875 
1.3309960937500003 
1.31048828125 
1.40423828125 
1.3989648437500002 
1.3356835937500002 
1.45462890625 
1.38900390625 
1.29701171875 
1.36146484375 
1.3251367187500003 
1.3345117187500002 
1.36732421875 
1.3239648437500002 
1.3638085937500002 
1.43060546875 
1.3263085937500003 
1.4563867187500001 
1.3356835937500002 
1.3333398437500001 
1.31869140625 
1.41712890625 
1.37962890625 
1.37376953125 
1.31634765625 
1.2876367187500002 
1.33275390625 
1.3052148437500002 
1.37318359375 
1.38900390625 
1.4464257812499999 
1.31517578125 
1.41126953125 
1.4499414062499998 
1.41126953125 
1.36029296875 
1.29701171875 
1.43646484375 
1.3825585937500002 
1.41185546875 
1.41244140625 
1.3450585937500004 
1.3251367187500003 
1.3597070312500001 
1.41185546875 
1.36029296875 
1.3257226562500002 
1.36966796875 
