11 31 8 
1.12298828125 
1.0579492187500001 
0.8106835937499999 
0.91556640625 
0.96361328125 
0.7561914062499998 
0.94779296875 
0.8300195312499999 
0.8470117187499998 
1.2735742187500003 
1.01517578125 
0.8710351562499998 
0.7942773437499999 
0.7444726562499998 
0.9395898437500001 
0.9419335937500001 
1.0579492187500001 
0.96361328125 
1.0462304687500001 
1.2571679687500001 
1.25306640625 
1.11712890625 
0.7597070312499998 
0.9214257812500001 
1.03802734375 
0.8862695312499999 
0.8839257812499999 
0.9952539062499999 
1.24369140625 
1.16341796875 
1.2565820312500002 
1.14408203125 
1.08490234375 
1.22083984375 
1.0075585937500002 
0.9911523437499998 
0.7573632812499999 
1.2630273437500001 
1.1452539062499998 
0.93548828125 
0.7849023437499999 
0.8985742187499998 
0.9858789062499999 
1.23841796875 
1.24310546875 
1.09779296875 
0.8651757812499999 
1.2700585937500004 
1.09779296875 
0.8663476562499999 
0.9073632812499999 
1.0772851562499999 
1.17279296875 
0.9061914062499998 
0.9559960937499999 
0.79017578125 
1.06322265625 
1.0520898437500001 
0.8569726562499999 
0.9548242187499999 
1.29291015625 
1.2138085937500003 
1.11419921875 
0.7397851562499997 
0.91908203125 
0.91087890625 
1.33392578125 
0.93138671875 
0.6688867187499998 
1.0251367187500002 
1.18216796875 
0.7268945312499998 
1.17220703125 
1.1001367187500002 
0.8845117187499998 
0.7198632812499999 
0.8868554687499998 
1.11537109375 
0.6964257812499999 
0.96888671875 
0.93841796875 
0.7327539062499998 
1.26185546875 
1.02103515625 
1.06029296875 
0.9530664062499999 
1.15990234375 
0.98119140625 
1.16283203125 
1.2425195312500001 
0.7714257812499999 
0.7878320312499999 
1.0251367187500002 
1.20560546875 
1.22552734375 
0.9015039062499999 
1.2454492187500001 
1.08666015625 
1.2466210937500002 
1.07318359375 
0.7309960937499997 
1.11712890625 
0.9331445312500001 
1.20384765625 
1.12591796875 
1.3216210937500001 
1.16107421875 
1.2641992187500002 
0.8909570312499998 
0.94544921875 
1.05150390625 
1.22728515625 
1.32044921875 
0.96595703125 
0.97123046875 
0.8247460937499999 
0.8640039062499999 
1.1827539062499999 
1.1575585937500001 
0.7890039062499999 
1.00580078125 
0.8048242187499998 
1.00345703125 
0.8751367187499998 
0.95423828125 
1.03392578125 
1.30228515625 
1.2220117187500001 
1.2981835937500001 
0.7661523437499999 
0.8183007812499999 
0.94837890625 
1.2378320312500002 
0.8393945312499999 
1.03216796875 
0.8593164062499998 
0.97474609375 
0.8229882812499999 
1.38197265625 
0.92259765625 
0.7046289062499999 
1.03509765625 
0.8698632812499999 
0.9530664062499999 
0.92787109375 
1.2290429687500002 
1.2466210937500002 
0.94427734375 
0.98470703125 
1.15169921875 
0.9858789062499999 
0.7667382812499999 
0.9038476562499999 
1.03509765625 
0.60267578125 
0.9852929687499998 
1.17923828125 
1.2806054687500001 
0.9917382812499999 
1.1710351562499999 
0.97650390625 
0.8950585937499999 
0.8927148437499999 
1.20150390625 
0.7919335937499999 
1.21205078125 
0.8581445312499999 
0.8997460937499998 
1.01927734375 
0.7134179687499999 
1.0415429687500002 
1.0989648437500001 
1.26244140625 
1.14349609375 
0.7643945312499999 
1.13001953125 
0.7983789062499999 
0.97943359375 
0.8968164062499998 
1.21087890625 
0.7075585937499999 
0.8804101562499997 
0.7327539062499998 
0.8347070312499999 
0.8757226562499998 
0.9020898437499999 
1.22728515625 
0.9079492187499998 
0.8903710937499998 
0.7526757812499999 
0.8716210937499999 
0.91380859375 
1.18978515625 
1.01927734375 
0.92376953125 
0.8716210937499999 
0.8171289062499999 
1.3122460937500002 
0.9266992187499999 
0.8540429687499999 
1.02337890625 
0.7854882812499999 
0.9073632812499999 
0.8845117187499998 
0.9331445312500001 
1.20150390625 
1.3081445312500002 
0.8030664062499998 
1.2524804687500002 
0.9946679687499999 
0.8780664062499998 
1.2788476562500002 
0.7046289062499999 
0.9735742187499999 
1.07318359375 
1.2190820312500001 
0.5821679687499999 
1.22962890625 
1.10306640625 
1.03978515625 
1.09017578125 
1.10072265625 
0.8206445312499999 
0.79017578125 
1.2061914062499999 
0.6431054687499999 
0.6659570312499998 
1.18919921875 
0.8552148437499999 
1.01400390625 
0.9044335937499999 
1.08314453125 
1.00052734375 
0.7837304687499999 
1.0075585937500002 
1.19447265625 
1.13470703125 
0.8171289062499999 
1.1751367187500001 
1.03216796875 
1.24427734375 
1.25775390625 
0.8417382812499998 
1.14583984375 
1.2220117187500001 
1.10072265625 
0.8071679687499999 
1.3052148437500002 
1.25775390625 
1.10775390625 
0.95951171875 
0.6454492187499998 
1.10775390625 
0.9395898437500001 
1.09193359375 
0.7128320312499998 
1.08373046875 
1.12708984375 
0.91029296875 
1.19681640625 
0.93138671875 
0.7643945312499999 
1.1417382812499999 
0.9929101562499998 
0.91029296875 
0.6806054687499998 
1.2313867187500003 
1.00931640625 
1.02337890625 
0.6583398437499999 
1.19447265625 
1.18392578125 
0.94544921875 
0.9003320312499998 
0.8511132812499999 
0.94603515625 
0.9940820312499998 
1.0052148437500001 
0.7134179687499999 
0.9970117187499998 
1.20560546875 
0.92962890625 
1.13763671875 
0.8640039062499999 
1.1106835937500001 
0.98236328125 
0.8335351562499999 
0.8235742187499998 
1.06498046875 
1.23431640625 
1.2360742187500002 
0.9097070312499999 
0.6888085937499998 
0.93783203125 
1.2366601562500001 
1.04212890625 
0.93373046875 
1.24720703125 
0.9020898437499999 
1.30287109375 
