8 32 10 
0.8382226562499998 
1.29876953125 
1.24720703125 
1.09134765625 
0.8247460937499999 
1.21498046875 
0.8780664062499998 
0.78080078125 
0.7433007812499999 
1.2360742187500002 
1.2337304687500001 
0.7016992187499997 
1.2138085937500003 
0.9395898437500001 
1.3052148437500002 
0.7011132812499998 
1.2612695312500002 
1.20384765625 
1.07845703125 
0.96068359375 
0.8909570312499998 
1.22611328125 
1.0122460937500002 
0.8604882812499999 
0.94544921875 
1.3567773437500001 
1.07962890625 
0.8868554687499998 
1.0825585937500002 
1.31986328125 
1.2706445312500003 
1.33802734375 
1.2729882812500002 
1.2706445312500003 
1.20091796875 
0.7679101562499998 
1.1950585937500002 
1.17923828125 
0.91029296875 
1.2835351562500001 
1.05970703125 
1.12767578125 
0.96595703125 
0.7632226562499999 
1.0081445312500001 
0.9800195312500001 
1.05619140625 
1.2542382812500001 
1.18041015625 
0.91849609375 
0.91380859375 
1.2489648437500003 
1.0438867187500003 
1.2278710937500001 
0.9618554687499999 
1.2559960937500003 
1.2319726562500002 
0.8141992187499998 
1.2331445312500002 
0.92962890625 
1.22494140625 
1.1763085937500002 
0.9864648437499999 
0.97005859375 
1.2788476562500002 
0.8640039062499999 
1.21087890625 
1.3702539062499999 
1.2231835937500002 
0.9050195312499999 
1.12181640625 
1.32103515625 
1.1593164062499999 
0.8657617187499999 
0.8974023437499998 
0.9800195312500001 
1.1493554687499998 
0.7766992187499998 
1.28822265625 
1.2542382812500001 
1.17689453125 
1.2641992187500002 
1.2753320312500003 
0.7567773437499998 
0.8516992187499998 
0.91322265625 
1.09603515625 
0.7415429687499998 
1.0872460937500001 
1.0890039062499999 
1.08958984375 
1.11478515625 
1.17806640625 
1.17689453125 
1.17806640625 
1.20560546875 
1.2454492187500001 
0.95833984375 
1.2302148437500002 
1.1997460937500002 
0.8722070312499999 
0.96771484375 
0.8921289062499999 
0.8663476562499999 
1.10951171875 
0.96771484375 
1.2290429687500002 
0.92904296875 
1.0989648437500001 
0.8903710937499998 
1.1282617187500001 
0.8352929687499998 
0.8130273437499999 
0.8809960937499998 
0.6882226562499998 
1.3479882812500001 
0.9958398437499999 
1.22845703125 
1.15814453125 
0.98294921875 
1.1206445312500002 
1.3309960937500003 
0.9015039062499999 
1.17865234375 
1.12298828125 
1.3509179687500001 
1.04212890625 
1.2513085937500004 
1.1106835937500001 
1.23900390625 
1.21673828125 
0.9882226562499998 
0.9020898437499999 
1.23841796875 
0.8880273437499998 
1.13939453125 
1.07845703125 
1.10775390625 
1.2372460937500003 
0.96947265625 
1.3415429687500002 
1.01576171875 
1.21791015625 
1.24603515625 
1.00169921875 
1.1575585937500001 
1.2518945312500003 
1.3427148437500003 
1.10658203125 
0.9214257812500001 
0.7198632812499999 
1.20853515625 
1.2349023437500002 
0.8159570312499999 
1.09427734375 
0.8212304687499998 
0.8464257812499999 
1.28587890625 
1.0227929687500001 
1.2290429687500002 
1.08314453125 
1.00287109375 
1.02923828125 
1.10248046875 
0.7292382812499998 
1.02337890625 
1.1493554687499998 
1.16341796875 
1.2595117187500002 
1.22552734375 
1.2559960937500003 
0.9395898437500001 
1.3274804687500001 
0.97533203125 
1.32923828125 
0.91556640625 
1.2659570312500001 
1.0825585937500002 
0.7263085937499998 
1.3157617187500001 
1.12884765625 
1.08841796875 
0.7983789062499999 
1.06087890625 
1.2419335937500002 
1.29056640625 
1.2325585937500003 
0.9401757812500001 
1.22669921875 
1.2102929687500001 
1.05267578125 
0.93255859375 
1.24486328125 
1.2466210937500002 
0.9501367187499999 
1.23841796875 
1.13001953125 
1.23841796875 
0.8183007812499999 
0.7561914062499998 
1.0743554687499999 
0.93607421875 
1.1177148437500002 
1.20501953125 
0.7684960937499998 
1.1593164062499999 
0.9911523437499998 
1.25775390625 
1.1106835937500001 
0.8686914062499999 
1.15873046875 
1.2788476562500002 
1.22494140625 
1.3403710937500002 
1.07083984375 
1.1493554687499998 
1.19095703125 
1.23900390625 
1.27650390625 
1.2454492187500001 
1.37318359375 
1.19154296875 
0.9987695312499999 
1.22845703125 
1.28529296875 
1.26244140625 
1.0456445312500002 
0.9401757812500001 
1.23841796875 
0.8265039062499999 
1.24603515625 
1.2554101562500002 
0.8657617187499999 
1.13529296875 
1.13470703125 
1.2548242187500003 
1.22552734375 
0.8511132812499999 
0.96888671875 
0.8124414062499998 
1.2319726562500002 
1.15697265625 
1.2612695312500002 
1.08958984375 
0.92083984375 
0.96302734375 
0.8124414062499998 
1.20267578125 
0.8329492187499998 
1.21498046875 
1.09134765625 
1.2161523437500001 
1.12591796875 
1.2102929687500001 
0.9946679687499999 
1.01986328125 
1.2794335937500003 
1.2331445312500002 
0.7309960937499997 
1.1698632812499998 
1.2495507812500002 
1.20853515625 
1.26185546875 
1.13939453125 
1.24603515625 
1.09134765625 
0.8089257812499999 
1.0638085937500001 
1.2331445312500002 
1.18802734375 
1.2829492187500002 
1.03333984375 
1.2554101562500002 
0.9009179687499999 
0.79251953125 
1.1956445312500001 
0.9073632812499999 
1.30287109375 
1.00990234375 
0.9501367187499999 
1.08373046875 
1.17396484375 
0.7538476562499998 
1.28236328125 
1.04095703125 
1.3110742187500002 
0.8727929687499998 
0.7034570312499998 
1.0890039062499999 
0.8645898437499999 
1.25892578125 
0.9641992187499999 
1.2800195312500002 
0.9683007812500001 
1.28529296875 
1.0186914062499999 
0.8681054687499998 
0.8540429687499999 
0.8434960937499998 
1.2173242187500002 
