4 33 13 
1.4282617187500002 
1.26478515625 
1.25306640625 
1.2518945312500003 
1.0989648437500001 
1.22435546875 
1.2595117187500002 
1.3286523437500002 
1.36029296875 
1.3040429687500001 
1.1827539062499999 
1.29525390625 
1.00990234375 
1.22494140625 
1.22435546875 
1.2776757812500001 
1.26244140625 
1.28587890625 
1.2495507812500002 
1.4563867187500001 
1.30873046875 
1.2595117187500002 
1.25775390625 
1.2747460937500004 
1.3075585937500003 
1.17220703125 
1.30345703125 
1.22376953125 
1.2817773437500002 
1.20208984375 
1.24310546875 
1.21791015625 
1.18919921875 
1.2665429687500003 
1.2138085937500003 
1.2337304687500001 
1.24369140625 
1.3040429687500001 
1.3128320312500001 
1.3333398437500001 
1.28119140625 
1.26185546875 
1.19916015625 
1.20794921875 
1.2331445312500002 
1.2407617187500002 
1.20326171875 
1.33861328125 
1.24369140625 
1.17396484375 
1.3356835937500002 
1.22669921875 
1.13646484375 
1.17396484375 
1.2665429687500003 
1.2700585937500004 
1.3263085937500003 
1.2612695312500002 
1.2173242187500002 
1.06615234375 
1.2741601562500002 
1.28119140625 
1.19916015625 
1.2313867187500003 
1.21791015625 
1.2600976562500001 
1.24134765625 
1.33802734375 
1.31634765625 
1.0251367187500002 
1.30228515625 
1.3345117187500002 
1.2800195312500002 
1.21673828125 
1.2724023437500003 
1.1938867187500002 
1.2542382812500001 
1.2495507812500002 
1.29876953125 
1.20384765625 
1.26361328125 
1.2735742187500003 
1.3110742187500002 
1.1341210937500001 
1.29583984375 
1.2372460937500003 
1.2161523437500001 
1.2466210937500002 
1.30228515625 
1.29935546875 
1.31810546875 
1.23548828125 
1.2378320312500002 
1.2724023437500003 
1.2694726562500003 
1.29115234375 
0.9683007812500001 
1.22259765625 
1.26361328125 
1.33802734375 
1.2659570312500001 
1.2114648437500002 
1.29876953125 
1.33216796875 
1.2735742187500003 
1.2583398437500002 
1.2770898437500002 
1.3216210937500001 
1.3309960937500003 
1.16166015625 
1.22611328125 
0.9419335937500001 
1.2712304687500002 
1.2782617187500003 
1.32923828125 
1.2231835937500002 
1.2290429687500002 
1.20091796875 
1.2747460937500004 
0.9893945312499999 
1.28998046875 
1.22845703125 
1.4048242187500002 
1.26361328125 
1.2864648437500001 
1.18685546875 
1.24427734375 
1.3052148437500002 
1.27650390625 
1.2835351562500001 
1.2454492187500001 
1.1294335937500002 
1.2114648437500002 
1.35267578125 
1.24603515625 
1.25775390625 
1.2378320312500002 
1.2407617187500002 
1.3245507812500001 
1.2729882812500002 
1.13822265625 
1.29173828125 
1.25306640625 
1.2759179687500002 
1.3298242187500002 
1.2694726562500003 
1.2864648437500001 
1.24603515625 
1.28705078125 
1.22669921875 
1.18509765625 
1.21673828125 
1.2759179687500002 
1.28998046875 
1.3456445312500003 
1.27650390625 
1.29408203125 
1.29525390625 
1.24720703125 
1.0702539062499998 
1.21966796875 
1.26478515625 
1.29466796875 
1.1886132812499999 
1.33216796875 
1.26478515625 
1.3099023437500001 
1.2612695312500002 
1.0415429687500002 
1.35150390625 
1.3157617187500001 
1.30228515625 
1.3216210937500001 
1.2876367187500002 
1.24603515625 
1.2753320312500003 
1.34681640625 
1.3304101562500001 
1.2513085937500004 
1.18158203125 
1.2770898437500002 
1.11712890625 
1.18392578125 
1.2483789062500001 
1.18919921875 
1.19798828125 
1.2671289062500002 
1.2718164062500001 
1.10716796875 
1.2132226562500001 
1.23431640625 
1.3099023437500001 
1.2741601562500002 
1.2278710937500001 
1.17982421875 
1.20736328125 
1.2612695312500002 
1.33861328125 
1.24134765625 
1.2600976562500001 
1.2864648437500001 
1.26185546875 
1.21556640625 
1.2776757812500001 
1.3239648437500002 
1.2888085937500002 
1.25775390625 
1.16458984375 
1.2934960937500002 
1.27650390625 
1.18568359375 
1.2366601562500001 
1.3579492187500002 
1.24486328125 
1.2829492187500002 
1.2407617187500002 
1.10248046875 
1.36556640625 
1.01048828125 
1.2571679687500001 
1.2507226562500002 
1.1048242187500001 
1.2501367187500003 
1.22083984375 
1.1106835937500001 
1.24603515625 
1.28236328125 
1.2600976562500001 
1.31634765625 
1.17865234375 
0.8809960937499998 
1.2683007812500002 
1.1493554687499998 
1.12884765625 
1.20033203125 
1.26185546875 
1.2794335937500003 
1.2489648437500003 
1.2372460937500003 
1.2653710937500002 
1.2923242187500001 
1.22728515625 
1.2595117187500002 
1.2349023437500002 
1.25306640625 
1.3345117187500002 
1.26361328125 
1.2349023437500002 
1.2308007812500001 
1.21791015625 
1.2724023437500003 
1.2554101562500002 
1.2712304687500002 
1.2888085937500002 
1.3438867187500003 
1.2741601562500002 
1.43763671875 
1.23431640625 
1.21205078125 
1.30345703125 
1.1927148437500001 
1.19447265625 
1.2507226562500002 
1.2800195312500002 
1.3227929687500002 
1.2841210937500003 
1.12767578125 
1.3169335937500002 
1.26185546875 
1.2548242187500003 
1.25892578125 
1.2489648437500003 
1.28705078125 
1.2712304687500002 
1.2729882812500002 
1.24486328125 
1.2694726562500003 
1.28529296875 
1.2220117187500001 
1.2126367187500002 
1.20091796875 
1.22962890625 
1.2395898437500001 
1.28705078125 
1.29935546875 
1.08197265625 
1.37962890625 
1.2817773437500002 
1.30228515625 
1.2876367187500002 
1.16458984375 
1.26185546875 
1.2700585937500004 
1.0890039062499999 
1.2501367187500003 
1.09837890625 
1.35619140625 
1.2806054687500001 
1.2477929687500002 
1.1341210937500001 
