13 3 34 
1.24486328125 
1.29935546875 
1.39251953125 
1.19330078125 
1.38666015625 
1.2876367187500002 
1.36556640625 
1.2630273437500001 
1.22259765625 
1.2729882812500002 
1.2501367187500003 
1.23841796875 
1.2659570312500001 
1.44466796875 
1.2337304687500001 
1.2161523437500001 
1.2741601562500002 
1.1522851562499998 
1.31927734375 
1.2513085937500004 
1.2501367187500003 
1.37142578125 
1.2653710937500002 
1.2759179687500002 
1.17982421875 
1.2483789062500001 
1.23431640625 
1.3456445312500003 
1.2542382812500001 
1.41361328125 
1.2173242187500002 
1.35150390625 
1.2583398437500002 
1.2518945312500003 
1.29935546875 
1.41185546875 
1.21498046875 
1.2536523437500002 
1.38490234375 
1.2489648437500003 
1.36087890625 
1.3128320312500001 
1.2981835937500001 
1.29642578125 
1.4007226562500001 
1.13705078125 
1.21205078125 
1.30462890625 
1.2513085937500004 
1.28587890625 
1.2759179687500002 
1.2126367187500002 
1.2138085937500003 
1.31751953125 
1.30287109375 
1.2536523437500002 
1.29173828125 
1.36029296875 
1.1651757812499999 
1.2583398437500002 
1.24603515625 
1.28705078125 
1.2630273437500001 
1.2559960937500003 
1.2507226562500002 
1.2923242187500001 
1.24427734375 
1.18802734375 
1.29408203125 
1.31751953125 
1.35267578125 
1.2999414062499999 
1.2729882812500002 
1.31341796875 
1.1681054687499999 
1.2923242187500001 
1.2366601562500001 
1.26185546875 
1.28998046875 
1.31634765625 
1.2817773437500002 
1.4212304687500001 
1.2331445312500002 
1.1997460937500002 
1.35150390625 
1.2718164062500001 
1.16693359375 
1.21966796875 
1.2677148437500003 
1.3227929687500002 
1.2712304687500002 
1.33685546875 
1.45287109375 
1.18568359375 
1.3491601562500002 
1.26361328125 
1.2653710937500002 
1.25775390625 
1.2718164062500001 
1.30052734375 
1.3520898437500002 
1.2395898437500001 
1.2835351562500001 
1.4183007812500001 
1.43998046875 
1.29466796875 
1.22669921875 
1.2893945312500001 
1.1809960937500001 
1.3227929687500002 
1.2835351562500001 
1.2184960937500002 
1.1827539062499999 
1.2507226562500002 
1.2729882812500002 
1.2600976562500001 
1.3069726562500001 
1.2700585937500004 
1.39017578125 
1.2477929687500002 
1.26478515625 
1.38783203125 
1.3099023437500001 
1.2770898437500002 
1.24720703125 
1.24603515625 
1.22025390625 
1.2999414062499999 
1.2542382812500001 
1.2641992187500002 
1.40833984375 
1.2495507812500002 
1.4300195312500001 
1.29466796875 
1.30345703125 
1.2325585937500003 
1.30462890625 
1.26244140625 
1.3081445312500002 
1.2864648437500001 
1.2466210937500002 
1.22142578125 
1.30052734375 
1.29291015625 
1.26478515625 
1.2841210937500003 
1.44408203125 
1.4177148437500002 
1.41302734375 
1.36732421875 
1.24369140625 
1.5513085937500004 
0.8405664062499998 
1.2466210937500002 
1.38431640625 
1.2126367187500002 
1.2349023437500002 
1.2366601562500001 
1.2360742187500002 
1.22728515625 
1.43236328125 
1.40892578125 
1.2477929687500002 
1.16634765625 
1.3110742187500002 
1.22025390625 
1.1874414062499998 
1.2665429687500003 
1.24369140625 
1.27650390625 
1.2061914062499999 
1.03744140625 
1.2190820312500001 
1.2600976562500001 
1.2507226562500002 
1.3479882812500001 
1.1874414062499998 
1.2712304687500002 
1.1751367187500001 
1.4388085937500001 
1.26478515625 
1.1827539062499999 
1.2518945312500003 
1.1651757812499999 
1.28529296875 
0.96302734375 
1.2653710937500002 
1.22083984375 
1.24603515625 
1.2337304687500001 
1.26361328125 
1.4183007812500001 
1.39134765625 
1.3274804687500001 
1.3872460937500002 
1.40833984375 
1.22435546875 
1.31458984375 
1.28119140625 
1.28119140625 
1.37962890625 
1.4241601562500001 
1.2536523437500002 
1.16458984375 
1.2665429687500003 
1.2888085937500002 
1.18392578125 
1.35853515625 
1.2114648437500002 
1.24720703125 
1.24427734375 
1.35736328125 
1.27650390625 
1.21498046875 
1.2876367187500002 
1.22142578125 
1.2665429687500003 
1.20326171875 
1.31458984375 
1.3702539062499999 
1.2724023437500003 
1.2776757812500001 
1.26185546875 
1.3345117187500002 
1.2102929687500001 
1.26361328125 
1.2677148437500003 
1.22376953125 
1.3040429687500001 
1.2454492187500001 
1.2788476562500002 
1.2612695312500002 
1.29701171875 
1.2513085937500004 
1.3345117187500002 
1.09720703125 
1.28119140625 
1.2554101562500002 
1.2665429687500003 
1.38490234375 
1.37376953125 
1.20208984375 
1.23548828125 
1.3263085937500003 
1.3532617187500002 
1.29701171875 
1.01751953125 
1.21556640625 
1.18919921875 
1.32337890625 
1.3503320312500002 
1.3099023437500001 
1.22025390625 
1.4300195312500001 
1.18509765625 
1.46107421875 
1.28587890625 
1.20794921875 
1.30345703125 
1.25892578125 
1.29408203125 
1.3626367187500001 
1.3333398437500001 
1.30169921875 
1.30873046875 
1.2999414062499999 
1.1985742187500001 
1.2583398437500002 
1.1651757812499999 
1.31986328125 
1.24134765625 
1.31986328125 
1.2817773437500002 
1.30228515625 
1.2143945312500002 
1.3391992187500001 
1.3128320312500001 
1.2554101562500002 
1.08490234375 
1.29525390625 
1.5296289062500001 
1.24310546875 
1.20326171875 
1.21556640625 
1.3128320312500001 
1.23548828125 
1.3813867187500002 
1.1956445312500001 
1.2524804687500002 
1.32044921875 
1.2466210937500002 
1.2729882812500002 
1.2313867187500003 
1.3479882812500001 
1.5231835937500002 
1.2659570312500001 
1.3497460937500003 
1.24017578125 
1.3702539062499999 
1.24017578125 
