8 36 6 
0.8722070312499999 
1.0936914062499998 
1.2981835937500001 
1.15169921875 
0.8095117187499998 
1.2759179687500002 
1.2331445312500002 
1.1188867187500002 
0.95130859375 
1.2337304687500001 
1.20560546875 
1.0438867187500003 
1.2800195312500002 
1.31810546875 
0.8581445312499999 
1.2507226562500002 
1.2606835937500003 
1.0227929687500001 
1.22259765625 
1.13705078125 
1.00228515625 
0.7585351562499998 
1.10248046875 
1.1013085937500002 
1.0638085937500001 
1.12708984375 
0.93724609375 
0.9015039062499999 
1.10775390625 
1.22669921875 
0.8880273437499998 
0.8183007812499999 
1.2735742187500003 
1.06615234375 
0.9032617187499998 
0.91908203125 
0.91966796875 
1.3298242187500002 
1.2559960937500003 
1.09544921875 
0.91908203125 
0.91673828125 
0.8974023437499998 
1.05619140625 
0.8247460937499999 
0.97650390625 
1.2407617187500002 
0.8909570312499998 
1.1874414062499998 
1.23841796875 
1.2114648437500002 
1.01634765625 
1.2923242187500001 
1.22435546875 
0.5833398437499999 
1.2688867187500004 
1.01517578125 
0.9970117187499998 
1.20501953125 
1.2583398437500002 
1.0052148437500001 
1.21966796875 
0.8985742187499998 
0.8200585937499999 
0.94076171875 
1.09779296875 
1.1686914062499998 
1.01048828125 
1.22083984375 
1.08783203125 
1.01927734375 
1.24369140625 
1.2061914062499999 
1.2536523437500002 
1.2559960937500003 
0.8681054687499998 
1.2524804687500002 
0.8048242187499998 
1.08666015625 
1.2044335937500001 
1.2378320312500002 
0.7128320312499998 
1.2425195312500001 
1.02748046875 
0.7907617187499999 
1.15638671875 
0.8663476562499999 
1.2700585937500004 
1.34095703125 
1.09134765625 
1.31517578125 
0.91615234375 
0.7983789062499999 
1.2688867187500004 
0.8405664062499998 
1.05560546875 
1.3157617187500001 
1.2800195312500002 
0.98294921875 
1.2559960937500003 
1.3251367187500003 
1.2683007812500002 
1.18216796875 
1.20736328125 
0.9425195312500001 
0.8323632812499999 
1.1294335937500002 
1.3075585937500003 
1.1956445312500001 
1.2548242187500003 
1.2425195312500001 
0.8294335937499999 
0.95716796875 
1.32806640625 
1.2864648437500001 
1.20970703125 
1.2419335937500002 
1.08841796875 
1.3128320312500001 
1.2729882812500002 
1.32044921875 
1.0503320312500002 
0.8054101562499998 
0.7438867187499998 
1.2507226562500002 
0.8692773437499999 
0.97123046875 
1.07376953125 
1.23900390625 
0.93138671875 
1.06498046875 
1.26478515625 
1.22962890625 
0.94544921875 
1.0544335937500002 
1.22552734375 
0.8997460937499998 
0.7831445312499999 
1.31341796875 
1.15873046875 
1.3415429687500002 
0.95072265625 
1.03041015625 
0.9641992187499999 
0.8505273437499998 
1.2729882812500002 
1.22552734375 
0.94955078125 
1.12181640625 
1.28236328125 
1.2138085937500003 
1.15873046875 
1.01810546875 
1.2794335937500003 
1.0497460937500003 
1.18978515625 
1.22669921875 
0.7005273437499998 
0.94662109375 
1.35560546875 
1.20384765625 
0.9952539062499999 
1.2138085937500003 
1.13001953125 
1.18568359375 
1.1059960937500002 
1.2694726562500003 
1.2524804687500002 
1.1997460937500002 
1.19095703125 
0.8891992187499997 
1.15814453125 
1.0286523437500001 
1.2630273437500001 
1.24017578125 
0.8845117187499998 
1.2571679687500001 
0.92318359375 
1.30873046875 
1.08021484375 
0.7421289062499998 
0.9999414062499997 
1.3438867187500003 
0.8997460937499998 
1.0345117187500001 
1.2231835937500002 
1.1522851562499998 
1.2190820312500001 
0.8388085937499998 
1.00287109375 
1.0749414062499998 
1.2419335937500002 
1.33392578125 
0.8974023437499998 
0.6606835937499999 
1.05384765625 
1.21966796875 
1.2706445312500003 
0.9852929687499998 
0.7608789062499999 
1.24310546875 
1.05091796875 
1.2425195312500001 
1.22494140625 
1.19681640625 
0.8862695312499999 
0.9038476562499999 
1.20736328125 
1.0655664062499999 
1.29408203125 
1.20736328125 
1.2044335937500001 
1.19212890625 
1.2513085937500004 
1.2688867187500004 
0.8745507812499999 
1.2331445312500002 
1.2419335937500002 
0.7532617187499998 
1.22025390625 
1.2331445312500002 
1.02748046875 
1.2741601562500002 
0.8528710937499998 
1.2102929687500001 
1.18333984375 
0.8528710937499998 
1.3872460937500002 
1.2630273437500001 
0.9302148437500001 
1.2278710937500001 
0.7960351562499999 
1.2518945312500003 
0.8985742187499998 
1.06322265625 
1.1282617187500001 
1.2612695312500002 
1.3040429687500001 
1.22259765625 
0.92201171875 
1.22845703125 
1.08958984375 
0.96361328125 
1.2770898437500002 
1.2419335937500002 
0.98412109375 
1.2290429687500002 
0.8229882812499999 
0.9987695312499999 
0.9858789062499999 
1.34095703125 
0.8434960937499998 
1.23841796875 
0.8048242187499998 
0.9009179687499999 
0.7573632812499999 
1.23900390625 
1.2425195312500001 
1.26244140625 
0.92494140625 
1.21556640625 
1.3491601562500002 
1.0772851562499999 
1.22611328125 
1.2876367187500002 
0.8763085937499998 
0.94896484375 
0.8739648437499998 
0.8604882812499999 
1.06791015625 
1.35853515625 
1.3263085937500003 
1.2888085937500002 
1.06029296875 
1.31927734375 
0.9618554687499999 
1.12767578125 
1.24134765625 
1.2583398437500002 
0.8950585937499999 
0.8136132812499999 
1.3356835937500002 
1.20794921875 
0.9993554687499997 
1.31517578125 
1.09955078125 
1.3433007812500002 
1.20794921875 
0.8563867187499998 
1.17923828125 
0.9647851562499999 
1.22083984375 
1.2671289062500002 
1.23431640625 
1.2290429687500002 
1.31869140625 
1.13880859375 
1.16927734375 
1.22435546875 
0.8991601562499998 
