9 36 5 
0.6999414062499998 
1.3919335937500001 
1.24134765625 
1.2536523437500002 
0.6981835937499998 
0.8212304687499998 
0.8640039062499999 
1.0491601562500001 
0.8575585937499999 
1.2847070312500002 
1.16458984375 
0.9308007812500001 
1.1475976562499999 
1.13294921875 
1.10951171875 
1.3403710937500002 
0.91029296875 
1.2606835937500003 
0.8188867187499999 
1.2571679687500001 
0.8311914062499999 
0.96009765625 
0.7960351562499999 
1.22728515625 
1.2683007812500002 
1.1874414062499998 
1.2630273437500001 
1.07552734375 
1.2419335937500002 
1.07552734375 
1.29583984375 
1.01927734375 
0.94427734375 
1.28705078125 
1.2548242187500003 
1.23548828125 
1.2554101562500002 
0.7462304687499998 
1.19095703125 
0.97884765625 
0.8522851562499998 
1.1534570312499999 
1.2671289062500002 
1.2419335937500002 
1.22552734375 
1.36322265625 
1.2313867187500003 
0.7720117187499999 
0.92376953125 
0.7222070312499999 
1.25892578125 
0.7515039062499999 
0.8370507812499999 
1.3684960937500001 
0.92201171875 
1.17162109375 
0.8077539062499999 
1.28998046875 
1.2278710937500001 
1.10423828125 
0.8604882812499999 
1.0356835937500002 
1.21673828125 
0.8850976562499998 
1.2513085937500004 
1.2542382812500001 
0.7977929687499998 
1.0550195312500001 
1.24017578125 
1.0239648437500002 
0.5950585937499999 
1.2143945312500002 
0.8095117187499998 
1.0063867187500002 
1.20150390625 
1.15638671875 
1.00287109375 
1.2641992187500002 
1.18568359375 
0.8886132812499998 
1.18919921875 
0.8739648437499998 
1.1511132812499998 
1.2770898437500002 
0.8698632812499999 
0.7608789062499999 
1.20501953125 
1.00404296875 
1.08021484375 
1.19154296875 
1.21087890625 
1.0890039062499999 
0.7725976562499999 
1.2190820312500001 
1.09603515625 
0.8095117187499998 
1.19037109375 
1.1188867187500002 
1.23841796875 
1.17982421875 
1.0532617187500002 
0.7720117187499999 
0.7444726562499998 
1.2138085937500003 
1.03802734375 
0.93138671875 
0.7643945312499999 
0.6677148437499999 
0.8241601562499998 
0.94955078125 
1.1950585937500002 
1.06849609375 
0.8821679687499998 
0.8083398437499999 
1.3122460937500002 
1.2518945312500003 
1.2425195312500001 
0.8311914062499999 
0.9302148437500001 
1.10892578125 
1.15990234375 
1.2378320312500002 
1.0122460937500002 
1.2770898437500002 
0.8593164062499998 
0.8376367187499998 
0.8112695312499999 
1.2630273437500001 
0.93373046875 
1.20150390625 
1.2061914062499999 
0.8962304687499998 
0.95365234375 
0.91263671875 
0.96595703125 
0.7462304687499998 
1.31927734375 
1.2308007812500001 
0.8716210937499999 
0.8997460937499998 
1.2366601562500001 
0.91263671875 
0.7643945312499999 
0.96654296875 
0.7503320312499998 
0.94662109375 
1.13998046875 
1.07669921875 
1.2290429687500002 
0.91263671875 
1.0462304687500001 
0.97533203125 
1.3268945312500002 
0.8270898437499999 
0.8083398437499999 
1.0227929687500001 
0.9882226562499998 
1.06087890625 
1.15169921875 
0.9940820312499998 
0.9050195312499999 
0.9893945312499999 
1.2114648437500002 
1.1997460937500002 
1.02044921875 
0.7995507812499999 
1.15287109375 
0.8253320312499999 
0.7608789062499999 
0.6981835937499998 
1.06908203125 
1.0257226562500001 
1.3040429687500001 
0.92318359375 
1.17572265625 
0.7345117187499998 
0.7837304687499999 
1.21498046875 
0.7761132812499999 
1.07083984375 
1.19623046875 
1.06966796875 
1.20208984375 
0.8270898437499999 
1.24486328125 
0.8651757812499999 
1.15287109375 
1.08548828125 
1.08197265625 
0.8194726562499999 
1.28236328125 
1.09427734375 
1.0251367187500002 
0.98060546875 
1.2477929687500002 
0.8141992187499998 
1.2190820312500001 
1.00287109375 
0.8001367187499998 
0.8979882812499999 
1.15462890625 
1.0081445312500001 
0.7714257812499999 
0.64017578125 
0.8475976562499998 
1.15287109375 
1.10541015625 
1.20501953125 
1.2630273437500001 
0.8956445312499999 
1.08490234375 
1.30052734375 
1.14291015625 
1.0948632812499999 
1.20091796875 
1.2671289062500002 
0.6677148437499999 
0.9395898437500001 
1.15873046875 
1.1499414062499997 
1.03861328125 
1.2817773437500002 
0.8317773437499999 
0.97884765625 
1.07845703125 
1.03041015625 
0.98412109375 
0.7931054687499999 
0.8511132812499999 
1.03509765625 
1.21556640625 
1.2184960937500002 
0.8962304687499998 
0.8306054687499999 
0.60208984375 
0.98177734375 
1.3075585937500003 
1.1405664062499998 
1.08080078125 
1.2454492187500001 
1.31166015625 
0.8692773437499999 
1.00169921875 
0.8423242187499997 
0.8036523437499998 
0.5974023437499999 
0.97943359375 
1.2184960937500002 
1.2290429687500002 
1.22025390625 
0.7163476562499999 
0.8757226562499998 
0.9085351562499998 
1.2489648437500003 
1.2290429687500002 
1.2132226562500001 
1.17806640625 
0.8645898437499999 
0.9331445312500001 
1.22435546875 
1.23841796875 
0.7702539062499999 
0.8933007812499999 
1.00404296875 
1.2829492187500002 
1.09076171875 
0.8569726562499999 
1.19798828125 
1.37259765625 
0.9091210937499998 
1.0503320312500002 
1.2536523437500002 
0.9044335937499999 
1.0702539062499998 
1.31634765625 
0.8100976562499999 
1.05150390625 
1.2349023437500002 
1.08080078125 
0.94544921875 
0.8868554687499998 
0.7813867187499999 
1.07318359375 
0.94720703125 
1.2495507812500002 
1.22552734375 
0.8628320312499999 
1.2507226562500002 
1.05150390625 
0.8909570312499998 
1.2190820312500001 
1.2606835937500003 
0.8839257812499999 
0.92962890625 
0.7878320312499999 
1.12767578125 
0.8722070312499999 
0.8634179687499999 
0.8306054687499999 
1.1874414062499998 
