14 36 0 
0.8370507812499999 
0.7725976562499999 
1.1827539062499999 
0.8692773437499999 
0.93138671875 
1.2313867187500003 
0.6138085937499999 
0.7819726562499999 
0.91146484375 
1.31634765625 
0.8634179687499999 
0.8141992187499998 
1.1165429687500001 
0.9929101562499998 
0.7175195312499999 
0.9911523437499998 
0.9987695312499999 
0.9923242187499998 
0.9683007812500001 
0.7942773437499999 
0.8059960937499998 
1.00697265625 
0.7497460937499998 
1.06263671875 
0.98353515625 
0.92904296875 
0.79251953125 
1.10716796875 
0.6870507812499999 
1.0591210937500002 
0.7087304687499998 
1.0251367187500002 
0.7163476562499999 
1.01927734375 
1.25775390625 
0.79251953125 
0.8909570312499998 
1.19740234375 
0.6536523437499998 
0.7743554687499998 
0.7737695312499999 
0.9050195312499999 
0.8757226562499998 
1.00228515625 
0.7825585937499999 
1.2630273437500001 
0.9390039062500001 
0.7907617187499999 
0.94720703125 
0.6852929687499998 
0.5716210937499999 
0.6829492187499998 
1.05267578125 
0.8716210937499999 
0.7919335937499999 
0.94837890625 
0.5751367187499998 
0.8511132812499999 
1.0497460937500003 
0.6794335937499999 
1.09134765625 
0.7796289062499999 
0.8681054687499998 
0.7532617187499998 
0.98470703125 
0.98412109375 
0.6290429687499999 
0.8147851562499998 
0.7614648437499999 
0.9870507812499999 
0.8370507812499999 
1.03216796875 
1.2231835937500002 
0.97826171875 
0.9911523437499998 
0.8177148437499999 
0.8821679687499998 
0.8575585937499999 
1.1013085937500002 
0.7052148437499999 
0.95658203125 
0.7884179687499999 
0.9179101562499999 
1.14408203125 
1.03919921875 
0.6266992187499998 
1.2571679687500001 
0.7503320312499998 
0.97884765625 
0.95833984375 
0.7263085937499998 
0.5897851562499998 
0.8974023437499998 
0.6378320312499999 
1.32103515625 
0.7585351562499998 
0.7503320312499998 
1.05150390625 
1.0427148437500002 
0.96537109375 
0.9038476562499999 
0.8147851562499998 
1.2501367187500003 
0.96537109375 
0.6208398437499999 
0.8710351562499998 
0.9958398437499999 
0.7936914062499999 
1.20208984375 
1.01166015625 
0.6999414062499998 
0.7216210937499998 
1.0110742187500001 
0.8042382812499999 
0.8669335937499999 
0.8827539062499998 
0.8370507812499999 
0.7790429687499999 
1.0638085937500001 
1.11419921875 
1.13822265625 
0.94544921875 
1.1106835937500001 
0.94427734375 
0.7638085937499999 
1.23431640625 
0.7415429687499998 
0.8388085937499998 
0.7913476562499999 
1.2794335937500003 
0.96302734375 
0.7948632812499999 
0.5938867187499999 
0.8675195312499999 
1.3069726562500001 
0.8522851562499998 
0.92728515625 
0.91615234375 
1.0239648437500002 
0.7550195312499999 
0.97533203125 
0.8212304687499998 
0.9917382812499999 
1.21556640625 
0.7427148437499999 
0.8886132812499998 
0.6038476562499999 
0.78958984375 
0.94662109375 
0.8768945312499998 
0.7233789062499998 
0.91849609375 
1.1686914062499998 
0.91849609375 
0.7772851562499998 
0.8593164062499998 
0.6882226562499998 
1.2688867187500004 
0.7268945312499998 
0.8124414062499998 
0.8804101562499997 
0.8165429687499999 
0.95658203125 
1.2606835937500003 
1.17044921875 
1.10716796875 
1.00287109375 
1.2337304687500001 
0.9032617187499998 
0.8698632812499999 
0.9858789062499999 
0.7532617187499998 
1.19154296875 
1.2888085937500002 
0.9390039062500001 
1.14115234375 
1.1124414062499999 
0.9390039062500001 
0.7022851562499998 
0.8001367187499998 
0.9530664062499999 
0.6583398437499999 
0.7251367187499997 
0.91380859375 
1.06205078125 
0.7673242187499998 
0.7157617187499998 
0.8300195312499999 
1.2706445312500003 
1.20970703125 
1.24369140625 
0.7374414062499998 
1.07962890625 
0.7263085937499998 
1.02748046875 
0.98353515625 
1.29291015625 
0.7673242187499998 
0.9876367187499998 
0.7468164062499998 
0.92904296875 
0.6302148437499999 
1.1165429687500001 
0.8458398437499999 
0.7632226562499999 
1.0462304687500001 
0.7796289062499999 
0.7468164062499998 
0.8716210937499999 
0.96068359375 
0.93373046875 
0.6583398437499999 
0.8364648437499999 
1.20970703125 
0.7942773437499999 
0.95716796875 
0.8604882812499999 
0.8194726562499999 
0.8235742187499998 
0.8968164062499998 
0.9870507812499999 
0.7169335937499999 
0.9940820312499998 
0.8821679687499998 
0.6565820312499998 
0.7679101562499998 
1.0110742187500001 
0.6964257812499999 
0.8282617187499999 
1.0456445312500002 
0.8733789062499998 
1.2477929687500002 
0.8341210937499999 
0.8118554687499998 
0.91380859375 
0.55580078125 
0.8569726562499999 
1.2641992187500002 
0.7081445312499999 
0.94369140625 
0.8727929687499998 
1.02103515625 
0.6688867187499998 
0.8341210937499999 
0.9020898437499999 
0.8640039062499999 
0.8054101562499998 
1.2454492187500001 
0.8739648437499998 
0.7069726562499998 
0.92025390625 
0.8768945312499998 
1.2278710937500001 
0.6671289062499999 
0.9085351562499998 
1.06498046875 
0.8370507812499999 
0.91087890625 
0.79251953125 
0.7227929687499998 
0.91263671875 
0.8270898437499999 
1.13060546875 
1.13705078125 
1.21205078125 
1.13177734375 
0.8792382812499998 
1.3081445312500002 
0.93373046875 
0.92611328125 
1.2102929687500001 
0.7954492187499999 
1.25775390625 
0.8804101562499997 
0.8569726562499999 
0.8780664062499998 
1.32044921875 
1.1640039062499998 
0.5429101562499998 
1.2729882812500002 
0.8739648437499998 
0.98177734375 
0.94896484375 
0.8206445312499999 
0.9554101562499999 
0.95716796875 
0.6706445312499999 
1.03626953125 
0.8774804687499997 
1.02455078125 
0.96947265625 
0.97474609375 
0.7626367187499998 
0.7438867187499998 
1.2688867187500004 
0.8839257812499999 
0.94544921875 
0.6149804687499998 
0.9079492187499998 
1.18509765625 
