4 37 9 
1.20384765625 
1.18919921875 
1.22025390625 
1.31634765625 
1.21673828125 
1.29056640625 
1.2495507812500002 
1.2770898437500002 
1.24310546875 
1.29642578125 
1.2483789062500001 
1.00228515625 
1.1927148437500001 
1.20267578125 
1.2923242187500001 
1.3544335937500003 
1.29056640625 
1.30462890625 
1.30052734375 
1.2536523437500002 
1.18685546875 
1.13529296875 
1.32103515625 
1.22142578125 
1.2583398437500002 
1.30111328125 
1.21966796875 
1.2606835937500003 
1.2729882812500002 
1.2893945312500001 
1.3063867187500002 
1.3309960937500003 
1.2559960937500003 
1.20384765625 
1.31517578125 
1.31048828125 
1.30052734375 
1.3286523437500002 
1.36791015625 
1.3403710937500002 
1.2308007812500001 
1.33216796875 
1.2806054687500001 
1.2706445312500003 
1.3052148437500002 
1.2313867187500003 
1.18626953125 
1.2753320312500003 
1.2612695312500002 
1.20384765625 
1.2817773437500002 
1.32337890625 
1.3257226562500002 
1.3356835937500002 
1.3216210937500001 
1.2630273437500001 
1.2782617187500003 
1.3128320312500001 
1.2489648437500003 
0.96537109375 
1.3169335937500002 
1.18919921875 
1.29408203125 
1.2770898437500002 
1.2724023437500003 
1.2677148437500003 
1.1282617187500001 
1.24369140625 
1.2694726562500003 
1.13001953125 
1.2559960937500003 
1.2829492187500002 
1.2999414062499999 
1.2548242187500003 
1.30931640625 
1.18333984375 
1.2630273437500001 
1.22669921875 
1.2671289062500002 
1.2659570312500001 
1.24310546875 
1.19154296875 
1.2800195312500002 
1.3040429687500001 
1.1165429687500001 
1.33509765625 
1.3245507812500001 
1.33509765625 
1.2829492187500002 
1.2817773437500002 
1.2606835937500003 
1.29935546875 
1.3110742187500002 
1.2513085937500004 
1.20970703125 
1.2454492187500001 
1.3227929687500002 
1.30580078125 
1.28587890625 
1.2841210937500003 
1.30169921875 
1.3052148437500002 
1.28822265625 
1.2829492187500002 
1.2308007812500001 
1.32103515625 
1.2788476562500002 
1.18978515625 
1.28822265625 
1.23841796875 
1.29115234375 
1.21556640625 
1.3268945312500002 
1.2612695312500002 
1.40892578125 
0.8505273437499998 
1.3075585937500003 
1.2419335937500002 
1.3157617187500001 
1.22435546875 
1.1165429687500001 
1.20560546875 
1.2665429687500003 
0.95951171875 
1.33685546875 
1.2999414062499999 
1.31751953125 
1.2331445312500002 
1.29291015625 
1.2847070312500002 
1.2143945312500002 
1.2665429687500003 
1.3684960937500001 
1.2712304687500002 
0.9870507812499999 
1.1710351562499999 
1.23548828125 
1.21673828125 
1.2999414062499999 
1.2934960937500002 
1.30111328125 
1.3268945312500002 
1.2302148437500002 
1.28236328125 
1.29291015625 
0.97533203125 
1.2718164062500001 
1.2102929687500001 
1.33509765625 
1.28998046875 
1.2132226562500001 
1.22494140625 
1.3128320312500001 
1.34095703125 
0.97533203125 
1.2683007812500002 
1.2659570312500001 
1.2360742187500002 
1.2395898437500001 
1.29935546875 
1.28822265625 
1.25306640625 
1.2741601562500002 
1.2735742187500003 
1.24486328125 
1.29935546875 
1.2741601562500002 
1.2407617187500002 
1.2518945312500003 
1.2524804687500002 
1.24427734375 
1.2571679687500001 
1.2600976562500001 
1.2477929687500002 
1.20267578125 
1.0936914062499998 
1.43177734375 
1.20560546875 
1.2518945312500003 
1.1874414062499998 
1.2231835937500002 
1.2747460937500004 
1.20560546875 
1.3040429687500001 
1.19447265625 
1.31869140625 
1.18392578125 
1.2718164062500001 
1.2542382812500001 
1.2548242187500003 
1.21556640625 
1.32220703125 
1.28705078125 
1.1956445312500001 
1.2829492187500002 
1.3872460937500002 
1.26185546875 
1.31869140625 
1.3274804687500001 
1.19798828125 
1.25892578125 
1.2934960937500002 
1.09017578125 
1.29173828125 
1.2893945312500001 
1.31166015625 
1.29408203125 
1.2671289062500002 
1.3099023437500001 
1.30345703125 
1.30580078125 
1.2466210937500002 
1.31341796875 
1.36087890625 
1.12123046875 
1.2466210937500002 
1.00169921875 
1.2923242187500001 
1.2776757812500001 
1.05267578125 
1.2677148437500003 
1.2835351562500001 
1.30169921875 
1.29408203125 
1.2683007812500002 
1.29173828125 
1.29583984375 
1.2360742187500002 
1.2653710937500002 
1.2612695312500002 
1.3239648437500002 
1.3169335937500002 
1.30345703125 
1.3309960937500003 
1.3257226562500002 
1.27650390625 
1.2571679687500001 
1.2513085937500004 
1.2888085937500002 
1.31048828125 
1.29115234375 
1.1446679687499999 
1.29291015625 
1.28587890625 
1.30052734375 
1.2694726562500003 
1.2683007812500002 
1.2308007812500001 
1.24603515625 
1.2677148437500003 
1.29525390625 
1.29525390625 
1.2372460937500003 
1.2829492187500002 
1.2513085937500004 
1.2829492187500002 
1.24134765625 
1.14701171875 
1.22083984375 
1.24720703125 
1.3309960937500003 
1.3356835937500002 
1.16166015625 
1.26361328125 
1.3157617187500001 
1.2571679687500001 
1.2712304687500002 
1.20267578125 
1.22142578125 
1.30052734375 
1.28998046875 
1.2337304687500001 
1.31517578125 
1.2759179687500002 
1.20560546875 
1.11712890625 
1.29759765625 
1.31986328125 
1.34095703125 
1.2800195312500002 
1.2372460937500003 
1.21087890625 
0.9641992187499999 
1.2331445312500002 
1.22845703125 
1.1686914062499998 
1.23548828125 
1.30580078125 
1.2612695312500002 
1.20208984375 
1.36556640625 
1.22845703125 
1.30580078125 
1.2190820312500001 
1.2184960937500002 
1.08783203125 
1.2806054687500001 
1.20384765625 
1.2407617187500002 
1.2653710937500002 
