7 37 6 
1.2061914062499999 
1.2477929687500002 
0.93841796875 
1.0761132812499998 
1.1874414062499998 
1.24427734375 
0.9056054687499998 
0.8546289062499999 
0.7942773437499999 
0.8763085937499998 
1.2290429687500002 
1.2653710937500002 
1.1200585937500003 
0.9975976562499999 
1.2700585937500004 
0.8136132812499999 
1.2138085937500003 
1.23431640625 
0.91966796875 
1.22376953125 
1.03685546875 
1.2806054687500001 
0.9940820312499998 
1.0122460937500002 
1.20501953125 
1.23431640625 
1.2923242187500001 
1.19798828125 
1.2724023437500003 
1.2360742187500002 
1.2349023437500002 
1.1475976562499999 
1.30345703125 
1.0268945312500002 
0.8417382812499998 
1.3052148437500002 
0.96771484375 
1.2817773437500002 
0.8675195312499999 
1.14291015625 
0.93666015625 
0.92787109375 
1.2794335937500003 
1.2349023437500002 
1.2536523437500002 
1.3128320312500001 
0.9647851562499999 
0.8593164062499998 
1.22611328125 
1.29525390625 
1.2565820312500002 
1.08021484375 
1.22552734375 
1.24720703125 
1.02103515625 
1.3315820312500002 
1.30052734375 
1.3081445312500002 
1.2829492187500002 
1.20501953125 
1.2331445312500002 
1.28998046875 
1.1827539062499999 
1.2114648437500002 
1.2817773437500002 
1.2102929687500001 
1.2190820312500001 
1.22728515625 
0.93255859375 
0.95658203125 
0.8405664062499998 
1.2788476562500002 
1.3497460937500003 
0.8845117187499998 
1.2325585937500003 
0.7972070312499999 
1.12181640625 
1.24427734375 
1.22728515625 
1.2600976562500001 
1.0948632812499999 
1.18978515625 
0.9999414062499997 
0.8341210937499999 
1.0532617187500002 
1.2173242187500002 
1.02748046875 
1.30462890625 
1.2308007812500001 
1.22728515625 
1.25306640625 
1.28587890625 
1.05267578125 
0.9958398437499999 
0.8962304687499998 
0.7309960937499997 
1.21791015625 
1.2319726562500002 
1.18509765625 
1.0579492187500001 
1.13705078125 
1.2829492187500002 
1.1206445312500002 
1.0872460937500001 
1.09720703125 
1.22494140625 
1.24369140625 
0.8950585937499999 
0.96712890625 
1.2360742187500002 
0.9079492187499998 
1.16166015625 
1.20736328125 
0.8956445312499999 
1.2847070312500002 
0.94837890625 
1.05677734375 
0.7157617187499998 
1.2706445312500003 
1.2114648437500002 
1.22142578125 
1.24603515625 
0.8798242187499997 
1.3345117187500002 
1.20091796875 
0.8979882812499999 
1.20501953125 
0.96244140625 
1.1253320312500001 
1.24720703125 
0.8997460937499998 
1.2319726562500002 
1.2829492187500002 
1.2700585937500004 
1.2923242187500001 
1.2606835937500003 
1.2366601562500001 
1.3251367187500003 
1.0122460937500002 
0.97240234375 
1.00052734375 
1.2061914062499999 
0.9050195312499999 
1.2559960937500003 
1.2044335937500001 
1.30169921875 
1.2794335937500003 
1.17279296875 
1.2542382812500001 
0.8663476562499999 
1.22435546875 
1.23841796875 
1.2366601562500001 
1.2606835937500003 
0.8007226562499998 
1.17572265625 
0.8751367187499998 
1.2671289062500002 
1.24369140625 
1.09603515625 
0.93197265625 
1.31458984375 
1.2565820312500002 
0.94662109375 
1.1511132812499998 
1.2665429687500003 
1.0227929687500001 
0.97416015625 
1.24603515625 
1.3063867187500002 
0.96244140625 
1.13470703125 
1.2114648437500002 
0.8733789062499998 
1.2864648437500001 
1.2677148437500003 
1.01458984375 
1.06732421875 
0.8891992187499997 
1.21498046875 
1.1956445312500001 
1.23431640625 
1.2466210937500002 
1.20208984375 
1.2630273437500001 
1.22552734375 
0.9882226562499998 
1.2542382812500001 
1.23841796875 
0.7837304687499999 
1.18568359375 
0.9097070312499999 
1.3298242187500002 
1.15990234375 
0.8833398437499999 
1.10248046875 
1.23431640625 
0.6583398437499999 
1.2360742187500002 
0.7145898437499999 
1.2495507812500002 
1.30052734375 
0.7960351562499999 
0.8604882812499999 
1.15638671875 
0.92494140625 
0.8968164062499998 
1.24603515625 
0.7708398437499999 
1.0989648437500001 
0.98177734375 
1.13939453125 
1.2571679687500001 
1.10365234375 
1.2718164062500001 
1.22962890625 
0.8780664062499998 
1.22728515625 
1.29173828125 
1.25892578125 
1.08080078125 
1.0503320312500002 
1.23548828125 
1.20853515625 
1.20033203125 
0.9091210937499998 
0.6917382812499998 
0.97298828125 
1.08373046875 
1.09076171875 
1.01927734375 
0.8774804687499997 
1.21087890625 
0.96361328125 
1.2612695312500002 
1.2700585937500004 
0.8294335937499999 
0.8909570312499998 
0.95951171875 
1.22376953125 
0.8780664062499998 
0.97240234375 
0.9987695312499999 
1.08021484375 
0.97533203125 
0.8218164062499999 
1.2536523437500002 
1.2483789062500001 
1.2536523437500002 
1.11302734375 
1.17689453125 
1.1809960937500001 
1.2044335937500001 
1.2888085937500002 
1.03392578125 
1.2788476562500002 
1.03509765625 
1.00580078125 
0.8130273437499999 
1.30169921875 
1.3040429687500001 
1.19447265625 
1.20677734375 
1.19095703125 
0.9999414062499997 
1.22435546875 
1.23431640625 
0.8423242187499997 
1.22083984375 
1.1950585937500002 
0.98119140625 
0.93255859375 
1.32337890625 
1.2847070312500002 
1.21498046875 
1.0579492187500001 
1.08666015625 
1.23900390625 
1.24369140625 
1.2800195312500002 
1.0485742187500002 
1.21791015625 
0.7913476562499999 
0.9501367187499999 
0.8165429687499999 
1.07669921875 
0.7567773437499998 
1.10072265625 
1.22376953125 
0.8171289062499999 
1.20970703125 
1.2489648437500003 
1.25306640625 
1.2061914062499999 
1.2278710937500001 
1.20794921875 
1.0579492187500001 
1.01341796875 
1.09955078125 
0.7386132812499998 
