8 37 5 
1.1593164062499999 
0.8147851562499998 
1.3309960937500003 
0.9097070312499999 
1.0761132812499998 
1.1575585937500001 
1.2278710937500001 
0.6847070312499999 
1.2776757812500001 
1.2331445312500002 
1.2138085937500003 
0.8194726562499999 
1.1997460937500002 
0.8065820312499998 
1.05853515625 
1.14876953125 
0.8364648437499999 
1.2677148437500003 
1.2220117187500001 
1.16224609375 
1.16751953125 
0.9899804687499998 
1.08783203125 
0.7761132812499999 
1.22728515625 
0.8147851562499998 
1.29583984375 
1.29935546875 
0.8921289062499999 
1.2102929687500001 
0.7374414062499998 
1.0075585937500002 
1.24720703125 
0.7872460937499999 
1.2319726562500002 
0.9061914062499998 
1.07552734375 
1.2395898437500001 
0.92494140625 
1.22025390625 
1.21966796875 
1.29876953125 
1.22083984375 
1.2489648437500003 
0.7843164062499999 
0.7175195312499999 
1.22259765625 
1.2641992187500002 
1.2337304687500001 
1.20736328125 
1.2126367187500002 
1.15638671875 
0.95658203125 
1.23548828125 
1.2847070312500002 
1.29291015625 
1.04681640625 
1.24017578125 
0.7081445312499999 
0.8452539062499999 
1.0239648437500002 
1.22611328125 
1.29583984375 
1.01341796875 
0.7638085937499999 
1.2571679687500001 
1.2466210937500002 
1.2220117187500001 
0.7163476562499999 
1.01927734375 
1.2706445312500003 
1.2583398437500002 
0.8663476562499999 
1.26244140625 
1.2770898437500002 
0.97416015625 
1.14408203125 
0.94720703125 
0.7837304687499999 
1.2548242187500003 
1.24427734375 
1.22845703125 
0.9530664062499999 
1.1059960937500002 
1.16634765625 
0.97240234375 
1.2718164062500001 
1.19681640625 
1.0532617187500002 
0.96537109375 
1.22611328125 
0.7597070312499998 
0.95658203125 
1.32044921875 
1.17748046875 
0.9981835937499999 
0.97064453125 
0.6770898437499999 
1.2612695312500002 
1.20150390625 
1.06146484375 
0.7790429687499999 
1.18802734375 
0.8722070312499999 
0.8018945312499999 
1.3052148437500002 
1.16693359375 
0.8364648437499999 
1.2501367187500003 
0.8768945312499998 
0.7983789062499999 
1.21556640625 
0.9085351562499998 
1.29408203125 
1.07552734375 
1.13177734375 
1.3362695312500001 
1.1499414062499997 
0.8423242187499997 
0.9214257812500001 
0.8622460937499998 
1.40775390625 
1.0462304687500001 
0.8968164062499998 
0.9981835937499999 
0.8159570312499999 
1.22962890625 
1.0714257812499999 
0.92787109375 
1.25775390625 
1.22376953125 
1.05970703125 
1.29642578125 
0.9999414062499997 
0.8118554687499998 
1.22494140625 
0.97123046875 
1.15873046875 
1.18919921875 
0.8804101562499997 
1.20853515625 
1.03041015625 
1.2829492187500002 
0.9934960937499998 
1.2542382812500001 
1.2161523437500001 
1.16458984375 
1.2788476562500002 
0.8001367187499998 
0.9893945312499999 
0.6331445312499999 
1.1886132812499999 
0.95189453125 
1.17162109375 
1.2536523437500002 
0.6448632812499999 
0.8640039062499999 
1.2888085937500002 
1.0544335937500002 
1.2548242187500003 
1.23900390625 
1.06322265625 
1.02162109375 
1.2161523437500001 
1.2302148437500002 
0.9390039062500001 
0.95365234375 
1.09076171875 
1.30873046875 
1.33978515625 
1.2923242187500001 
1.3081445312500002 
1.3245507812500001 
0.9067773437499999 
1.11009765625 
1.2126367187500002 
1.0063867187500002 
1.08783203125 
0.92376953125 
1.1059960937500002 
1.24720703125 
0.5974023437499999 
1.2325585937500003 
1.31458984375 
0.8153710937499998 
0.93431640625 
1.2835351562500001 
0.6940820312499998 
0.8651757812499999 
0.7919335937499999 
0.8434960937499998 
1.1417382812499999 
1.15814453125 
1.03333984375 
1.24486328125 
1.24134765625 
0.82767578125 
1.04095703125 
0.9905664062499998 
0.8587304687499998 
0.8686914062499999 
1.15873046875 
1.00052734375 
0.8593164062499998 
0.93607421875 
1.30345703125 
0.8704492187499998 
1.2653710937500002 
0.7491601562499998 
0.7772851562499998 
1.20501953125 
1.07787109375 
1.26244140625 
1.2454492187500001 
1.26478515625 
1.2366601562500001 
1.3263085937500003 
1.31166015625 
0.7415429687499998 
1.17748046875 
1.18041015625 
1.22845703125 
1.1522851562499998 
1.2759179687500002 
1.22376953125 
1.2554101562500002 
1.2729882812500002 
1.34095703125 
1.20033203125 
1.0415429687500002 
1.03333984375 
0.8698632812499999 
1.2518945312500003 
0.8792382812499998 
1.29642578125 
0.96361328125 
1.2138085937500003 
1.20794921875 
0.7503320312499998 
1.2495507812500002 
1.2659570312500001 
0.9800195312500001 
1.19681640625 
1.3227929687500002 
1.24369140625 
1.2337304687500001 
1.3052148437500002 
1.03509765625 
0.8294335937499999 
1.05677734375 
0.94662109375 
0.94720703125 
1.02103515625 
0.97533203125 
1.2595117187500002 
1.3421289062500001 
1.16224609375 
0.9050195312499999 
0.9073632812499999 
1.28529296875 
1.2565820312500002 
1.2741601562500002 
1.20501953125 
1.22845703125 
0.8323632812499999 
1.2513085937500004 
1.24017578125 
0.8212304687499998 
0.9091210937499998 
1.23841796875 
1.08841796875 
1.20267578125 
1.29876953125 
1.1200585937500003 
1.2173242187500002 
1.21205078125 
1.21205078125 
1.2349023437500002 
1.03802734375 
1.17923828125 
1.2507226562500002 
1.09779296875 
1.0462304687500001 
0.94837890625 
0.8979882812499999 
1.2483789062500001 
1.2132226562500001 
1.18041015625 
1.12767578125 
0.8716210937499999 
1.2495507812500002 
0.6788476562499999 
1.0052148437500001 
0.8950585937499999 
0.9864648437499999 
1.31458984375 
0.9911523437499998 
1.10423828125 
0.8341210937499999 
0.9882226562499998 
