6 38 6 
0.9858789062499999 
1.22025390625 
0.9559960937499999 
1.1686914062499998 
1.22552734375 
1.30873046875 
0.8206445312499999 
1.13001953125 
1.1059960937500002 
1.2231835937500002 
1.29642578125 
1.2378320312500002 
0.8933007812499999 
1.11302734375 
1.33861328125 
1.22669921875 
0.8903710937499998 
1.2700585937500004 
1.29759765625 
1.2735742187500003 
1.0309960937500002 
1.23900390625 
1.2548242187500003 
1.2606835937500003 
1.17806640625 
1.26244140625 
1.24486328125 
1.24427734375 
0.6419335937499999 
1.20677734375 
1.0520898437500001 
1.2724023437500003 
1.20794921875 
0.8563867187499998 
0.9858789062499999 
1.2864648437500001 
0.6893945312499998 
0.9923242187499998 
1.22845703125 
1.26185546875 
0.9946679687499999 
1.2776757812500001 
0.9425195312500001 
1.28705078125 
1.24720703125 
1.2788476562500002 
1.2132226562500001 
1.21205078125 
0.9647851562499999 
1.23841796875 
1.2595117187500002 
1.2143945312500002 
1.2190820312500001 
1.08373046875 
1.0227929687500001 
1.3052148437500002 
1.18919921875 
1.05267578125 
0.7391992187499997 
1.2606835937500003 
1.12416015625 
1.18568359375 
1.2747460937500004 
0.9770898437500001 
1.18392578125 
1.2419335937500002 
1.06849609375 
1.2665429687500003 
1.3081445312500002 
1.2630273437500001 
1.13822265625 
1.08021484375 
0.97416015625 
0.7977929687499998 
1.0579492187500001 
1.22142578125 
0.95892578125 
1.2794335937500003 
1.29525390625 
1.24720703125 
1.2665429687500003 
1.2102929687500001 
1.25306640625 
1.20326171875 
1.3216210937500001 
0.8575585937499999 
1.20501953125 
1.2712304687500002 
1.3268945312500002 
1.3403710937500002 
1.20677734375 
1.15462890625 
1.29525390625 
1.2290429687500002 
1.07669921875 
1.01810546875 
1.22025390625 
1.2536523437500002 
1.01341796875 
1.26244140625 
1.24017578125 
1.18685546875 
0.6466210937499999 
1.3286523437500002 
0.8974023437499998 
1.03861328125 
1.2788476562500002 
1.20912109375 
1.0298242187500002 
1.2665429687500003 
1.2143945312500002 
1.03626953125 
0.7755273437499999 
1.2583398437500002 
1.13529296875 
0.7737695312499999 
1.2683007812500002 
1.21205078125 
1.20267578125 
1.13294921875 
1.2542382812500001 
0.8124414062499998 
0.8692773437499999 
1.20560546875 
1.23900390625 
1.2524804687500002 
1.23841796875 
1.2044335937500001 
1.22142578125 
1.01400390625 
1.30931640625 
1.3333398437500001 
1.03861328125 
1.2665429687500003 
1.24427734375 
0.8347070312499999 
1.19681640625 
1.10775390625 
1.21673828125 
1.28236328125 
0.8985742187499998 
1.16107421875 
1.14701171875 
1.2466210937500002 
1.2776757812500001 
1.3128320312500001 
1.02455078125 
1.2419335937500002 
1.18216796875 
1.20150390625 
0.9395898437500001 
1.03041015625 
1.0403710937500001 
1.29408203125 
1.3444726562500002 
0.92435546875 
1.3110742187500002 
1.26361328125 
1.20970703125 
1.03275390625 
1.2735742187500003 
0.91205078125 
1.22435546875 
1.29701171875 
0.97064453125 
1.2349023437500002 
1.1165429687500001 
0.9999414062499997 
1.08666015625 
1.19212890625 
1.20384765625 
1.2454492187500001 
1.2735742187500003 
0.6173242187499998 
1.11009765625 
0.5821679687499999 
1.24369140625 
1.2507226562500002 
1.2630273437500001 
0.6934960937499998 
1.2759179687500002 
0.9975976562499999 
1.21556640625 
1.0532617187500002 
1.2665429687500003 
1.2102929687500001 
1.16576171875 
1.29642578125 
1.2061914062499999 
1.26244140625 
1.00345703125 
1.2548242187500003 
1.18802734375 
1.2507226562500002 
1.2395898437500001 
0.6911523437499998 
1.0433007812500001 
1.05150390625 
1.1927148437500001 
1.09251953125 
1.25306640625 
1.2571679687500001 
1.00345703125 
1.3304101562500001 
1.2190820312500001 
1.20091796875 
0.95365234375 
1.31341796875 
1.2712304687500002 
1.20384765625 
0.8610742187499998 
1.18626953125 
1.22845703125 
1.1950585937500002 
1.05619140625 
1.36029296875 
1.22083984375 
0.8100976562499999 
1.39134765625 
1.35619140625 
1.24720703125 
1.13470703125 
1.1681054687499999 
1.1493554687499998 
1.36029296875 
1.26185546875 
1.19330078125 
1.2688867187500004 
1.2888085937500002 
1.22845703125 
1.31634765625 
1.2161523437500001 
0.8106835937499999 
0.9735742187499999 
1.24310546875 
1.2583398437500002 
1.24017578125 
1.01810546875 
1.2466210937500002 
1.2782617187500003 
1.31517578125 
1.19681640625 
1.2800195312500002 
0.8733789062499998 
0.7304101562499997 
0.8622460937499998 
1.11302734375 
1.22259765625 
1.2770898437500002 
1.0239648437500002 
1.20560546875 
1.07962890625 
1.2835351562500001 
1.17044921875 
1.24310546875 
1.2729882812500002 
1.1475976562499999 
0.97064453125 
1.16927734375 
1.2688867187500004 
1.31634765625 
1.20794921875 
1.2806054687500001 
1.19095703125 
0.9864648437499999 
1.2184960937500002 
1.04095703125 
1.0714257812499999 
1.3122460937500002 
1.2671289062500002 
1.16634765625 
1.20853515625 
0.91966796875 
1.2595117187500002 
1.18802734375 
1.2536523437500002 
1.1253320312500001 
0.92904296875 
1.19095703125 
1.2513085937500004 
1.29408203125 
1.31634765625 
1.29115234375 
1.0427148437500002 
1.2507226562500002 
1.24603515625 
1.30287109375 
1.2829492187500002 
1.05970703125 
1.31458984375 
0.8218164062499999 
1.19330078125 
1.24310546875 
1.2501367187500003 
1.19798828125 
1.2349023437500002 
1.2138085937500003 
1.2712304687500002 
0.7286523437499998 
1.06205078125 
