20 3 27 
1.40306640625 
1.4018945312500002 
1.29759765625 
1.2495507812500002 
1.30287109375 
1.2770898437500002 
1.31751953125 
1.35619140625 
1.28587890625 
1.26478515625 
1.35736328125 
1.41185546875 
1.30462890625 
1.36498046875 
1.3040429687500001 
1.3597070312500001 
1.23900390625 
1.2641992187500002 
1.31810546875 
1.2753320312500003 
1.2612695312500002 
1.15287109375 
1.2536523437500002 
1.2489648437500003 
1.2770898437500002 
1.2753320312500003 
1.31869140625 
1.2847070312500002 
1.1493554687499998 
1.28236328125 
1.3509179687500001 
1.37728515625 
1.27650390625 
1.24310546875 
1.44232421875 
1.28529296875 
1.3591210937500002 
1.3491601562500002 
1.29583984375 
1.3333398437500001 
1.33216796875 
1.3345117187500002 
1.2688867187500004 
1.22494140625 
1.22435546875 
1.3110742187500002 
1.2893945312500001 
1.2999414062499999 
1.2425195312500001 
1.2665429687500003 
1.3216210937500001 
1.17279296875 
1.34681640625 
1.37259765625 
1.33216796875 
1.24720703125 
1.31048828125 
1.3169335937500002 
1.37845703125 
1.2425195312500001 
1.2612695312500002 
1.3052148437500002 
1.12767578125 
1.39134765625 
1.2302148437500002 
1.3227929687500002 
1.30111328125 
1.2524804687500002 
1.2706445312500003 
1.2694726562500003 
1.2612695312500002 
1.40541015625 
1.2641992187500002 
1.29408203125 
1.2454492187500001 
1.3597070312500001 
1.38373046875 
1.37201171875 
1.2378320312500002 
1.2659570312500001 
1.2806054687500001 
1.31634765625 
1.25306640625 
1.27650390625 
1.28705078125 
1.3626367187500001 
1.19798828125 
1.37728515625 
1.3450585937500004 
1.2694726562500003 
1.38431640625 
1.3544335937500003 
1.2548242187500003 
1.33861328125 
1.39662109375 
1.2571679687500001 
1.25892578125 
1.3438867187500003 
1.2483789062500001 
1.31166015625 
1.2571679687500001 
1.31458984375 
1.36205078125 
1.2378320312500002 
1.31458984375 
1.30287109375 
1.38197265625 
1.30169921875 
1.2507226562500002 
1.2817773437500002 
1.26244140625 
1.28587890625 
1.1575585937500001 
1.29876953125 
1.2806054687500001 
1.30873046875 
1.30111328125 
1.3503320312500002 
1.2999414062499999 
1.3345117187500002 
1.30873046875 
1.31810546875 
1.2184960937500002 
1.37376953125 
1.2729882812500002 
1.35560546875 
1.35560546875 
1.3444726562500002 
1.2641992187500002 
1.3831445312500001 
1.3520898437500002 
1.37376953125 
1.2583398437500002 
1.30345703125 
1.2278710937500001 
1.2694726562500003 
1.33861328125 
1.28587890625 
1.2841210937500003 
1.22845703125 
1.26185546875 
1.3075585937500003 
1.1938867187500002 
1.2501367187500003 
1.17455078125 
1.29642578125 
1.3099023437500001 
1.22376953125 
1.19037109375 
1.2712304687500002 
1.18041015625 
1.2220117187500001 
1.22083984375 
1.29876953125 
1.1253320312500001 
1.3075585937500003 
1.1950585937500002 
1.2712304687500002 
1.3433007812500002 
1.2700585937500004 
1.22259765625 
1.2700585937500004 
1.3626367187500001 
1.29701171875 
1.3345117187500002 
1.32923828125 
1.30169921875 
1.3579492187500002 
1.0772851562499999 
1.2425195312500001 
1.2559960937500003 
1.17806640625 
1.3485742187500003 
1.2114648437500002 
1.22552734375 
1.32806640625 
1.2835351562500001 
1.2542382812500001 
1.26361328125 
1.1452539062499998 
1.3345117187500002 
1.30580078125 
1.4270898437500001 
1.2700585937500004 
1.18158203125 
1.29408203125 
1.30462890625 
1.2747460937500004 
1.37435546875 
1.30169921875 
1.2893945312500001 
1.2190820312500001 
1.2571679687500001 
1.2466210937500002 
1.3509179687500001 
1.2548242187500003 
1.3415429687500002 
1.23841796875 
1.2659570312500001 
1.3356835937500002 
1.3251367187500003 
1.2665429687500003 
1.3491601562500002 
1.3520898437500002 
1.2923242187500001 
1.21556640625 
1.32044921875 
1.3825585937500002 
1.32337890625 
1.33392578125 
1.31869140625 
1.2835351562500001 
1.2729882812500002 
1.2360742187500002 
1.1681054687499999 
1.30228515625 
1.3356835937500002 
1.29525390625 
1.2395898437500001 
1.2308007812500001 
1.3298242187500002 
1.2612695312500002 
1.24603515625 
1.2495507812500002 
1.28705078125 
1.4493554687499999 
1.30873046875 
1.22494140625 
1.3391992187500001 
1.29701171875 
1.09544921875 
1.2829492187500002 
1.3333398437500001 
1.3081445312500002 
1.39310546875 
1.30228515625 
1.3427148437500003 
1.2143945312500002 
1.40248046875 
1.3438867187500003 
1.31751953125 
1.35619140625 
1.4388085937500001 
1.25892578125 
1.32337890625 
1.3157617187500001 
1.16576171875 
1.18919921875 
1.3251367187500003 
1.36556640625 
1.3444726562500002 
1.3831445312500001 
1.34095703125 
1.2665429687500003 
1.2864648437500001 
1.2659570312500001 
1.3813867187500002 
1.2583398437500002 
1.29876953125 
1.1505273437499999 
1.3304101562500001 
1.4329492187500001 
1.2806054687500001 
1.2583398437500002 
1.2700585937500004 
1.28998046875 
1.37669921875 
1.3479882812500001 
1.36673828125 
1.2788476562500002 
1.3479882812500001 
1.39544921875 
1.26478515625 
1.2554101562500002 
1.25892578125 
1.2659570312500001 
1.2583398437500002 
1.20677734375 
1.28705078125 
1.33216796875 
1.29876953125 
1.15990234375 
1.2829492187500002 
1.4059960937500002 
1.07259765625 
1.2378320312500002 
1.3421289062500001 
1.3391992187500001 
1.41009765625 
1.3216210937500001 
1.32103515625 
1.3075585937500003 
1.2571679687500001 
1.3099023437500001 
1.2524804687500002 
1.2378320312500002 
1.2184960937500002 
1.18041015625 
1.3239648437500002 
1.22083984375 
