7 40 3 
1.20033203125 
1.08548828125 
1.0491601562500001 
0.8569726562499999 
1.2337304687500001 
1.23548828125 
1.10892578125 
1.06322265625 
1.03919921875 
1.31634765625 
1.15990234375 
0.9419335937500001 
1.22083984375 
1.20501953125 
1.13353515625 
1.2114648437500002 
1.2319726562500002 
1.2934960937500002 
1.1405664062499998 
1.26361328125 
1.26478515625 
0.6630273437499998 
1.07787109375 
1.10072265625 
1.2706445312500003 
1.1417382812499999 
1.29408203125 
1.31986328125 
1.26478515625 
1.1997460937500002 
0.8669335937499999 
0.98353515625 
1.22962890625 
1.2554101562500002 
0.8259179687499999 
1.22611328125 
0.7579492187499998 
0.9073632812499999 
1.19916015625 
1.2489648437500003 
1.16166015625 
1.1698632812499998 
0.93373046875 
1.00580078125 
1.2888085937500002 
1.06146484375 
1.09779296875 
0.8546289062499999 
0.9911523437499998 
1.20912109375 
0.8850976562499998 
1.2729882812500002 
1.23431640625 
1.24134765625 
1.2665429687500003 
0.96361328125 
0.7298242187499997 
0.8856835937499998 
1.2735742187500003 
0.91380859375 
0.6097070312499999 
0.7714257812499999 
1.2835351562500001 
1.29642578125 
0.97826171875 
1.02220703125 
1.1956445312500001 
1.21673828125 
0.9097070312499999 
1.21556640625 
1.2220117187500001 
1.29876953125 
1.2102929687500001 
1.20912109375 
1.30228515625 
1.08958984375 
1.1985742187500001 
0.7116601562499998 
1.28587890625 
1.23841796875 
1.3591210937500002 
0.9067773437499999 
0.95775390625 
1.2313867187500003 
1.1575585937500001 
1.2583398437500002 
1.2231835937500002 
1.2061914062499999 
1.0356835937500002 
1.2554101562500002 
0.8458398437499999 
1.01927734375 
1.2817773437500002 
1.20150390625 
1.2606835937500003 
1.2290429687500002 
1.22669921875 
1.2325585937500003 
1.2454492187500001 
1.1827539062499999 
1.20326171875 
0.9173242187499999 
1.0532617187500002 
1.07318359375 
1.20091796875 
1.27650390625 
1.20384765625 
1.20853515625 
1.1710351562499999 
1.1194726562500001 
1.20033203125 
1.01576171875 
0.97591796875 
1.2466210937500002 
0.92962890625 
1.2231835937500002 
1.2934960937500002 
1.2829492187500002 
1.29408203125 
1.02220703125 
1.2313867187500003 
1.2718164062500001 
1.2349023437500002 
1.23431640625 
0.9032617187499998 
1.34681640625 
0.9097070312499999 
1.16751953125 
1.26244140625 
1.2372460937500003 
1.2677148437500003 
0.7825585937499999 
1.11302734375 
1.2044335937500001 
1.21087890625 
1.29759765625 
0.8364648437499999 
1.2425195312500001 
1.20794921875 
1.20501953125 
1.0989648437500001 
1.28822265625 
0.7942773437499999 
0.8224023437499999 
1.20150390625 
1.2893945312500001 
1.36439453125 
0.94720703125 
1.2302148437500002 
1.20150390625 
1.24017578125 
1.28236328125 
1.2706445312500003 
1.2876367187500002 
1.25306640625 
1.26185546875 
0.94076171875 
1.09427734375 
1.24603515625 
1.31751953125 
1.11830078125 
1.2630273437500001 
0.8757226562499998 
1.2718164062500001 
0.6917382812499998 
1.2313867187500003 
0.9061914062499998 
0.9683007812500001 
1.2729882812500002 
1.20384765625 
1.23431640625 
1.2677148437500003 
0.9009179687499999 
1.25306640625 
1.21498046875 
1.2981835937500001 
1.03275390625 
0.8962304687499998 
1.0550195312500001 
1.21966796875 
1.2583398437500002 
1.2173242187500002 
1.28822265625 
1.2653710937500002 
0.8698632812499999 
1.26185546875 
0.6618554687499998 
1.18158203125 
1.19798828125 
1.20326171875 
1.2313867187500003 
1.2729882812500002 
1.19916015625 
1.09427734375 
0.97298828125 
1.16048828125 
1.3128320312500001 
1.2806054687500001 
1.3427148437500003 
1.20794921875 
0.7684960937499998 
1.2800195312500002 
0.95130859375 
0.9964257812499999 
1.08841796875 
1.2489648437500003 
1.2419335937500002 
1.2278710937500001 
1.18626953125 
1.22083984375 
1.18685546875 
0.6718164062499998 
0.7737695312499999 
1.24427734375 
0.97826171875 
1.0714257812499999 
1.2278710937500001 
1.2331445312500002 
1.08373046875 
0.7216210937499998 
0.6518945312499999 
1.20501953125 
0.8880273437499998 
1.00287109375 
0.7796289062499999 
1.2302148437500002 
1.2893945312500001 
1.31634765625 
1.20736328125 
0.97533203125 
0.97181640625 
1.24720703125 
1.2331445312500002 
1.24720703125 
0.7257226562499998 
0.97943359375 
1.0315820312500001 
1.22845703125 
1.2659570312500001 
1.2190820312500001 
1.20267578125 
1.19681640625 
1.26185546875 
0.9501367187499999 
1.3040429687500001 
0.92318359375 
1.2143945312500002 
1.2934960937500002 
0.8628320312499999 
1.38548828125 
1.2349023437500002 
1.3638085937500002 
1.1686914062499998 
1.2138085937500003 
1.3497460937500003 
1.2536523437500002 
0.93607421875 
0.7239648437499998 
1.3263085937500003 
1.22669921875 
1.22845703125 
0.97298828125 
0.8657617187499999 
1.1651757812499999 
1.0239648437500002 
1.05560546875 
1.20794921875 
0.9917382812499999 
1.31517578125 
0.94076171875 
1.2612695312500002 
1.17337890625 
1.06087890625 
0.8786523437499998 
0.8282617187499999 
1.2126367187500002 
0.7268945312499998 
1.0063867187500002 
1.2565820312500002 
0.9999414062499997 
1.22669921875 
1.2565820312500002 
0.9893945312499999 
0.9870507812499999 
1.29466796875 
1.04212890625 
1.2102929687500001 
1.24017578125 
1.20208984375 
1.26244140625 
1.3052148437500002 
0.8528710937499998 
1.18802734375 
1.0532617187500002 
1.14701171875 
1.21556640625 
1.22435546875 
1.2331445312500002 
1.1235742187500002 
1.0169335937500001 
