8 40 2 
1.19623046875 
1.20208984375 
1.0186914062499999 
1.07318359375 
1.2794335937500003 
1.11537109375 
0.91673828125 
1.2102929687500001 
1.0309960937500002 
1.1405664062499998 
1.0591210937500002 
1.24427734375 
0.8089257812499999 
0.9401757812500001 
0.8833398437499999 
0.8452539062499999 
0.8563867187499998 
1.32923828125 
1.1018945312500001 
1.26478515625 
0.8095117187499998 
0.8938867187499998 
0.95130859375 
1.2143945312500002 
1.15873046875 
1.3099023437500001 
1.1247460937500002 
1.3069726562500001 
0.8558007812499999 
1.2407617187500002 
0.7210351562499998 
1.21087890625 
1.2513085937500004 
0.91205078125 
1.2595117187500002 
1.19154296875 
0.9964257812499999 
0.6917382812499998 
1.0427148437500002 
1.2184960937500002 
0.78080078125 
1.2554101562500002 
1.2044335937500001 
1.28119140625 
0.8921289062499999 
1.1985742187500001 
1.2565820312500002 
1.2143945312500002 
1.2718164062500001 
0.8013085937499999 
1.2173242187500002 
1.0309960937500002 
1.2331445312500002 
0.8499414062499998 
1.13470703125 
1.22845703125 
0.9079492187499998 
1.2143945312500002 
1.2319726562500002 
1.1997460937500002 
1.22611328125 
1.1282617187500001 
0.7831445312499999 
1.3081445312500002 
1.06966796875 
0.6993554687499998 
0.8798242187499997 
1.3333398437500001 
1.2360742187500002 
1.2507226562500002 
1.22142578125 
1.1001367187500002 
1.21966796875 
1.2132226562500001 
1.2425195312500001 
0.7591210937499998 
1.19330078125 
1.0227929687500001 
1.23841796875 
0.92201171875 
1.25892578125 
0.9079492187499998 
1.2806054687500001 
0.8347070312499999 
1.31400390625 
1.26185546875 
1.17162109375 
1.19681640625 
1.2302148437500002 
1.06087890625 
1.2559960937500003 
1.20091796875 
1.00169921875 
0.8862695312499999 
1.22669921875 
1.31400390625 
1.2554101562500002 
1.0309960937500002 
1.29056640625 
1.0315820312500001 
1.22259765625 
1.1048242187500001 
1.03978515625 
0.96302734375 
1.08197265625 
0.8874414062499998 
1.0345117187500001 
1.02220703125 
0.8429101562499998 
0.8018945312499999 
1.07845703125 
1.06849609375 
1.24017578125 
0.9899804687499998 
1.24017578125 
0.8722070312499999 
0.92259765625 
1.29876953125 
0.9929101562499998 
0.94544921875 
0.96771484375 
1.24603515625 
1.0936914062499998 
1.2641992187500002 
1.10951171875 
1.2466210937500002 
1.2378320312500002 
1.2378320312500002 
1.2677148437500003 
1.21205078125 
0.94896484375 
0.93490234375 
1.20384765625 
1.3257226562500002 
1.20677734375 
0.92376953125 
1.08431640625 
0.8798242187499997 
0.8985742187499998 
0.8270898437499999 
1.2349023437500002 
1.20560546875 
1.2231835937500002 
0.9009179687499999 
1.2114648437500002 
1.2606835937500003 
1.2102929687500001 
1.07083984375 
1.16107421875 
0.98060546875 
1.06615234375 
1.2331445312500002 
1.0227929687500001 
1.2190820312500001 
1.26361328125 
1.11830078125 
0.8669335937499999 
1.12767578125 
1.2688867187500004 
1.0936914062499998 
0.8528710937499998 
1.11478515625 
1.3081445312500002 
1.21087890625 
0.93255859375 
1.0239648437500002 
1.1124414062499999 
0.7356835937499998 
0.8563867187499998 
1.00287109375 
1.15990234375 
0.94369140625 
0.9923242187499998 
0.7573632812499999 
0.8845117187499998 
0.8657617187499999 
1.0433007812500001 
0.9009179687499999 
1.2489648437500003 
0.8622460937499998 
1.21673828125 
1.2688867187500004 
1.0462304687500001 
0.7403710937499998 
0.9056054687499998 
0.8411523437499998 
1.00287109375 
1.0520898437500001 
0.97181640625 
0.8915429687499998 
0.8130273437499999 
1.22142578125 
0.9929101562499998 
1.16751953125 
0.96244140625 
1.18568359375 
1.02044921875 
1.11185546875 
1.2841210937500003 
1.3391992187500001 
1.2735742187500003 
1.2425195312500001 
1.0872460937500001 
1.2337304687500001 
0.9923242187499998 
1.20794921875 
1.1593164062499999 
1.02103515625 
0.8130273437499999 
1.24486328125 
0.9032617187499998 
1.2583398437500002 
1.2724023437500003 
0.8282617187499999 
1.3245507812500001 
1.2419335937500002 
0.8962304687499998 
1.22552734375 
1.20033203125 
0.95716796875 
1.09017578125 
1.01751953125 
0.8247460937499999 
1.23900390625 
1.12591796875 
0.7825585937499999 
0.8171289062499999 
1.2583398437500002 
0.91849609375 
1.24603515625 
0.8944726562499998 
1.13822265625 
1.1165429687500001 
0.7931054687499999 
1.2671289062500002 
1.06439453125 
1.2290429687500002 
1.31810546875 
1.0989648437500001 
1.2782617187500003 
1.16341796875 
0.7819726562499999 
1.2313867187500003 
1.28998046875 
0.96361328125 
0.9888085937499999 
0.94779296875 
1.22611328125 
1.2495507812500002 
0.8247460937499999 
1.1464257812499998 
1.23900390625 
1.19447265625 
0.8716210937499999 
1.20970703125 
1.01048828125 
0.8546289062499999 
0.8833398437499999 
1.2729882812500002 
1.2190820312500001 
0.7280664062499997 
1.2313867187500003 
1.08431640625 
0.7878320312499999 
1.2313867187500003 
0.8065820312499998 
0.9905664062499998 
0.8429101562499998 
1.30345703125 
1.10658203125 
0.8745507812499999 
1.07845703125 
1.32044921875 
1.2606835937500003 
1.22728515625 
0.7966210937499999 
1.17162109375 
0.95189453125 
1.20326171875 
1.24427734375 
1.2548242187500003 
0.9993554687499997 
0.9870507812499999 
1.2044335937500001 
1.2501367187500003 
0.8610742187499998 
1.2864648437500001 
0.8962304687499998 
1.29935546875 
1.08607421875 
1.13763671875 
1.3063867187500002 
0.7298242187499997 
1.2102929687500001 
1.10951171875 
1.21087890625 
0.96888671875 
1.0825585937500002 
0.92494140625 
1.09134765625 
