21 3 26 
1.31166015625 
1.29701171875 
1.3081445312500002 
1.07259765625 
1.2114648437500002 
1.2888085937500002 
1.2454492187500001 
1.4874414062499999 
1.2724023437500003 
1.3245507812500001 
1.3544335937500003 
1.25775390625 
1.24603515625 
1.3157617187500001 
1.2454492187500001 
1.3040429687500001 
1.28119140625 
1.2776757812500001 
1.2677148437500003 
1.2706445312500003 
1.32103515625 
1.4065820312500001 
1.33978515625 
1.3579492187500002 
1.2419335937500002 
1.40541015625 
1.2782617187500003 
1.29525390625 
1.3433007812500002 
1.4212304687500001 
1.29173828125 
1.31634765625 
1.2565820312500002 
1.2483789062500001 
1.30580078125 
1.2507226562500002 
1.2325585937500003 
1.3122460937500002 
1.3860742187500001 
1.23841796875 
1.36498046875 
1.3860742187500001 
1.38783203125 
1.2600976562500001 
1.26185546875 
1.2302148437500002 
1.31986328125 
1.3802148437500001 
1.2477929687500002 
1.32044921875 
1.37904296875 
1.2349023437500002 
1.25892578125 
1.44173828125 
1.33978515625 
1.09193359375 
1.26244140625 
1.3040429687500001 
1.2864648437500001 
1.20677734375 
1.3099023437500001 
1.1698632812499998 
1.2641992187500002 
1.3227929687500002 
1.22611328125 
1.2507226562500002 
1.30111328125 
1.32103515625 
1.37201171875 
1.2999414062499999 
1.2595117187500002 
1.3438867187500003 
1.30287109375 
1.18509765625 
1.25306640625 
1.3040429687500001 
1.31400390625 
1.3391992187500001 
1.3257226562500002 
1.2999414062499999 
1.19740234375 
1.43587890625 
1.2571679687500001 
1.43236328125 
1.24017578125 
1.21205078125 
1.35267578125 
1.2372460937500003 
1.36732421875 
1.29701171875 
1.3268945312500002 
1.17982421875 
1.2817773437500002 
1.3684960937500001 
1.2671289062500002 
1.2706445312500003 
1.28236328125 
1.2495507812500002 
1.3239648437500002 
1.2518945312500003 
1.2641992187500002 
1.3462304687500002 
1.2653710937500002 
1.3450585937500004 
1.29935546875 
1.28705078125 
1.3309960937500003 
1.27650390625 
1.1827539062499999 
1.2454492187500001 
1.17865234375 
1.30580078125 
1.31986328125 
1.2800195312500002 
1.2554101562500002 
1.3860742187500001 
1.2788476562500002 
1.22845703125 
1.26185546875 
1.24486328125 
1.31400390625 
1.37669921875 
1.25892578125 
1.2688867187500004 
1.29525390625 
1.36791015625 
1.28705078125 
1.35267578125 
1.24134765625 
1.11419921875 
1.37728515625 
1.32337890625 
1.25775390625 
1.13294921875 
1.3427148437500003 
1.2876367187500002 
1.0186914062499999 
1.26361328125 
1.2489648437500003 
1.3251367187500003 
1.2419335937500002 
1.2659570312500001 
1.31927734375 
1.4036523437500001 
1.2407617187500002 
1.2729882812500002 
1.25306640625 
1.33861328125 
1.2536523437500002 
1.36673828125 
1.2325585937500003 
1.31634765625 
1.3216210937500001 
1.3538476562500001 
1.19623046875 
1.3509179687500001 
1.3081445312500002 
1.2495507812500002 
1.3433007812500002 
1.3544335937500003 
1.24603515625 
1.31869140625 
1.18451171875 
1.37552734375 
1.3333398437500001 
1.30873046875 
1.22025390625 
1.24720703125 
1.41126953125 
1.2454492187500001 
1.29056640625 
1.31751953125 
1.2718164062500001 
1.30873046875 
1.2700585937500004 
1.3977929687500001 
1.29056640625 
1.2554101562500002 
1.2829492187500002 
1.2518945312500003 
1.3263085937500003 
1.32923828125 
1.2507226562500002 
1.2776757812500001 
1.18626953125 
1.32806640625 
1.35619140625 
1.24427734375 
1.28119140625 
1.2759179687500002 
1.2806054687500001 
1.3081445312500002 
1.12416015625 
1.21087890625 
1.35560546875 
1.29701171875 
1.3110742187500002 
1.2454492187500001 
1.21498046875 
1.10892578125 
1.3298242187500002 
1.3626367187500001 
1.32103515625 
1.33685546875 
1.3286523437500002 
1.16576171875 
1.25892578125 
1.2923242187500001 
1.28236328125 
0.9870507812499999 
1.2641992187500002 
1.3579492187500002 
1.2800195312500002 
1.35736328125 
1.20970703125 
1.2888085937500002 
1.3356835937500002 
1.4001367187500002 
1.3591210937500002 
1.3503320312500002 
1.31986328125 
1.2325585937500003 
1.2548242187500003 
1.32220703125 
1.2571679687500001 
1.19154296875 
1.2407617187500002 
1.2606835937500003 
1.1927148437500001 
1.2888085937500002 
1.2700585937500004 
1.15404296875 
1.29701171875 
1.31341796875 
1.3274804687500001 
1.1927148437500001 
1.2817773437500002 
1.22376953125 
1.2829492187500002 
1.2466210937500002 
1.2477929687500002 
1.2360742187500002 
1.2507226562500002 
1.1593164062499999 
1.2542382812500001 
1.2571679687500001 
1.2143945312500002 
1.21673828125 
1.33216796875 
1.2536523437500002 
1.27650390625 
1.3872460937500002 
1.15404296875 
1.40775390625 
1.37201171875 
1.2782617187500003 
1.2847070312500002 
1.24017578125 
1.36205078125 
1.37669921875 
1.27650390625 
1.36322265625 
1.28822265625 
1.2337304687500001 
1.28119140625 
1.2817773437500002 
1.18568359375 
1.2782617187500003 
1.30931640625 
1.2718164062500001 
1.23841796875 
1.2747460937500004 
1.3239648437500002 
1.2847070312500002 
1.29583984375 
1.2835351562500001 
1.3333398437500001 
1.41185546875 
1.28236328125 
1.1640039062499998 
1.2378320312500002 
1.2934960937500002 
1.31458984375 
1.2501367187500003 
1.43529296875 
1.29876953125 
1.29056640625 
1.4194726562500002 
1.1405664062499998 
1.2559960937500003 
1.3315820312500002 
1.26361328125 
1.39486328125 
1.30287109375 
1.24427734375 
1.3245507812500001 
1.31810546875 
1.2102929687500001 
1.24720703125 
1.30287109375 
