22 3 25 
1.4001367187500002 
1.1763085937500002 
1.36146484375 
1.1809960937500001 
1.28705078125 
1.3391992187500001 
1.3333398437500001 
1.2683007812500002 
1.29291015625 
1.30345703125 
1.2372460937500003 
1.37376953125 
1.30931640625 
1.30052734375 
1.2729882812500002 
1.44291015625 
1.31166015625 
1.3099023437500001 
1.41244140625 
1.3936914062499999 
1.3315820312500002 
1.39251953125 
1.2841210937500003 
1.29583984375 
1.3550195312500002 
1.29583984375 
1.29876953125 
1.43587890625 
1.1927148437500001 
1.2044335937500001 
1.3216210937500001 
1.2554101562500002 
1.22962890625 
1.2981835937500001 
1.26244140625 
1.3456445312500003 
1.29115234375 
1.27650390625 
1.3702539062499999 
1.28529296875 
1.2718164062500001 
1.2126367187500002 
1.36029296875 
1.20560546875 
1.4018945312500002 
1.2653710937500002 
1.3052148437500002 
1.28119140625 
1.2788476562500002 
1.2770898437500002 
1.2114648437500002 
1.18626953125 
1.29701171875 
1.1534570312499999 
1.3286523437500002 
1.2425195312500001 
1.1640039062499998 
1.18626953125 
1.2753320312500003 
1.29291015625 
1.28998046875 
1.2466210937500002 
1.2378320312500002 
1.2835351562500001 
1.3497460937500003 
1.19095703125 
1.38666015625 
1.2665429687500003 
1.2817773437500002 
1.29173828125 
1.29759765625 
1.2278710937500001 
1.2395898437500001 
1.30580078125 
1.2700585937500004 
1.3532617187500002 
1.2559960937500003 
1.32806640625 
1.2542382812500001 
1.29115234375 
1.2513085937500004 
1.3550195312500002 
1.36322265625 
1.2934960937500002 
1.20384765625 
1.3333398437500001 
1.2700585937500004 
1.2706445312500003 
1.29876953125 
1.2788476562500002 
0.6536523437499998 
1.3591210937500002 
1.2829492187500002 
1.2688867187500004 
1.16107421875 
1.2888085937500002 
1.30052734375 
1.31166015625 
1.3802148437500001 
1.3567773437500001 
1.40541015625 
1.2776757812500001 
1.2864648437500001 
1.31927734375 
1.30169921875 
1.30169921875 
1.3989648437500002 
1.28236328125 
1.2542382812500001 
1.32923828125 
1.19447265625 
1.2999414062499999 
1.2313867187500003 
1.22142578125 
1.2513085937500004 
1.25892578125 
1.3860742187500001 
1.0263085937500003 
1.3597070312500001 
1.20677734375 
1.26361328125 
1.3216210937500001 
1.28705078125 
1.36498046875 
1.36029296875 
1.24720703125 
1.19681640625 
1.37259765625 
1.38373046875 
1.2829492187500002 
1.3304101562500001 
1.20208984375 
1.2724023437500003 
1.2724023437500003 
1.2677148437500003 
1.20208984375 
1.1950585937500002 
1.2729882812500002 
1.25775390625 
1.24134765625 
1.26361328125 
1.27650390625 
1.2776757812500001 
1.33861328125 
1.29056640625 
1.2794335937500003 
1.3474023437500002 
1.3122460937500002 
1.2518945312500003 
1.3052148437500002 
1.31341796875 
1.18041015625 
1.26361328125 
1.29642578125 
1.2735742187500003 
1.31517578125 
1.28119140625 
1.3069726562500001 
1.19798828125 
1.20091796875 
1.2724023437500003 
1.30228515625 
1.2999414062499999 
1.3503320312500002 
1.38900390625 
1.3257226562500002 
1.2718164062500001 
1.3427148437500003 
1.2630273437500001 
1.2612695312500002 
1.36556640625 
1.2829492187500002 
1.2800195312500002 
1.2835351562500001 
1.29759765625 
1.3391992187500001 
1.30931640625 
1.3263085937500003 
1.20384765625 
1.30580078125 
1.40541015625 
1.2706445312500003 
1.2641992187500002 
1.36673828125 
1.19798828125 
1.28119140625 
1.31458984375 
1.3802148437500001 
1.2794335937500003 
1.2806054687500001 
1.36205078125 
1.2231835937500002 
1.31048828125 
1.3227929687500002 
1.1358789062499999 
1.3345117187500002 
1.32220703125 
1.2671289062500002 
1.2747460937500004 
1.35853515625 
1.2893945312500001 
1.1886132812499999 
1.29525390625 
1.30228515625 
1.0579492187500001 
1.2735742187500003 
1.24486328125 
1.3227929687500002 
1.2888085937500002 
1.2665429687500003 
1.3099023437500001 
1.30345703125 
1.3544335937500003 
1.29115234375 
1.28119140625 
1.28705078125 
1.2501367187500003 
1.3831445312500001 
1.2700585937500004 
1.30111328125 
1.30462890625 
1.24603515625 
1.42650390625 
1.3315820312500002 
1.20150390625 
1.2653710937500002 
1.3040429687500001 
1.2489648437500003 
1.3761132812499999 
1.2595117187500002 
1.3075585937500003 
1.31166015625 
1.2729882812500002 
1.32220703125 
1.38197265625 
1.3052148437500002 
1.18626953125 
1.3450585937500004 
1.3919335937500001 
1.1956445312500001 
1.3075585937500003 
1.2800195312500002 
1.3356835937500002 
1.30169921875 
1.2308007812500001 
1.3421289062500001 
1.29466796875 
1.2770898437500002 
1.20736328125 
1.30931640625 
1.3298242187500002 
1.24310546875 
1.2981835937500001 
1.2800195312500002 
1.11712890625 
1.29759765625 
1.2483789062500001 
1.2583398437500002 
1.30052734375 
1.29056640625 
1.26478515625 
1.2290429687500002 
1.3122460937500002 
1.3081445312500002 
1.2835351562500001 
1.4153710937500001 
1.43119140625 
1.2554101562500002 
1.2372460937500003 
1.2477929687500002 
1.2360742187500002 
1.2495507812500002 
1.2829492187500002 
1.2518945312500003 
1.40833984375 
1.19330078125 
1.2507226562500002 
1.29525390625 
1.2847070312500002 
1.26361328125 
1.3567773437500001 
1.2190820312500001 
1.3403710937500002 
1.1938867187500002 
1.3872460937500002 
1.30287109375 
1.4282617187500002 
1.3274804687500001 
1.39427734375 
1.3263085937500003 
1.28705078125 
1.2688867187500004 
1.2876367187500002 
1.2770898437500002 
1.3544335937500003 
1.23431640625 
1.2483789062500001 
1.3462304687500002 
1.2753320312500003 
1.30052734375 
