2 42 6 
1.34095703125 
1.3075585937500003 
1.36673828125 
1.44466796875 
1.3286523437500002 
1.3544335937500003 
1.3532617187500002 
1.3872460937500002 
1.4065820312500001 
1.39310546875 
1.3128320312500001 
1.3245507812500001 
1.39427734375 
1.33216796875 
1.40716796875 
1.3227929687500002 
1.39955078125 
1.38841796875 
1.4206445312500002 
1.43529296875 
1.35560546875 
1.3749414062499998 
1.3591210937500002 
1.3491601562500002 
1.3263085937500003 
1.33802734375 
1.40892578125 
1.3491601562500002 
1.36322265625 
1.35267578125 
1.32220703125 
1.3497460937500003 
1.39251953125 
1.24603515625 
1.36673828125 
1.4048242187500002 
1.36673828125 
1.3081445312500002 
1.3362695312500001 
1.33275390625 
1.3391992187500001 
1.3567773437500001 
1.38841796875 
1.3702539062499999 
1.31634765625 
1.36791015625 
1.37083984375 
1.33802734375 
1.35267578125 
1.3497460937500003 
1.3157617187500001 
1.33216796875 
1.45169921875 
1.4059960937500002 
1.33685546875 
1.3919335937500001 
1.3485742187500003 
1.3298242187500002 
1.3438867187500003 
1.3567773437500001 
1.39427734375 
1.4177148437500002 
1.33392578125 
1.30873046875 
1.42767578125 
1.3532617187500002 
1.38373046875 
1.31986328125 
1.3977929687500001 
1.32103515625 
1.24603515625 
1.2425195312500001 
1.4282617187500002 
1.41009765625 
1.41712890625 
1.3936914062499999 
1.4206445312500002 
1.37376953125 
1.32220703125 
1.3550195312500002 
1.31986328125 
1.33216796875 
1.4007226562500001 
1.35619140625 
1.32220703125 
1.39310546875 
1.24427734375 
1.43529296875 
1.44759765625 
1.33861328125 
1.37259765625 
1.4013085937500003 
1.3919335937500001 
1.3309960937500003 
1.38197265625 
1.32103515625 
1.37201171875 
1.38900390625 
1.3362695312500001 
1.3110742187500002 
1.3456445312500003 
1.43705078125 
1.39662109375 
1.4106835937500002 
1.40892578125 
1.37083984375 
1.32337890625 
1.23841796875 
1.37083984375 
1.41126953125 
1.38431640625 
1.32044921875 
1.32806640625 
1.2407617187500002 
1.3251367187500003 
1.37376953125 
1.29701171875 
1.30873046875 
1.3040429687500001 
1.4341210937500002 
1.3309960937500003 
1.31810546875 
1.3544335937500003 
1.4095117187500001 
1.41126953125 
1.3239648437500002 
1.4464257812499999 
1.2981835937500001 
1.3268945312500002 
1.30169921875 
1.4188867187500003 
1.24134765625 
1.31458984375 
1.3356835937500002 
1.38900390625 
1.3520898437500002 
1.33216796875 
1.31458984375 
1.30580078125 
1.3989648437500002 
1.3069726562500001 
1.30169921875 
1.3304101562500001 
1.4341210937500002 
1.3433007812500002 
1.3936914062499999 
1.38490234375 
1.31810546875 
1.37259765625 
1.3403710937500002 
1.3403710937500002 
1.3304101562500001 
1.29759765625 
1.4452539062499998 
1.3802148437500001 
1.3462304687500002 
1.3345117187500002 
1.43060546875 
1.4095117187500001 
1.3075585937500003 
1.3415429687500002 
1.38373046875 
1.3257226562500002 
1.31810546875 
1.3444726562500002 
1.33802734375 
1.3245507812500001 
1.43177734375 
1.40892578125 
1.3216210937500001 
1.42650390625 
1.3456445312500003 
1.31166015625 
1.3520898437500002 
1.38783203125 
1.3503320312500002 
1.32044921875 
1.45169921875 
1.3257226562500002 
1.4001367187500002 
1.4522851562499999 
1.3427148437500003 
1.41009765625 
1.31166015625 
1.35267578125 
1.34681640625 
1.33802734375 
1.41302734375 
1.37728515625 
1.36498046875 
1.39310546875 
1.33216796875 
1.36908203125 
1.3872460937500002 
1.40775390625 
1.37728515625 
1.33509765625 
1.43529296875 
1.42181640625 
1.33744140625 
1.38548828125 
1.3503320312500002 
1.37435546875 
1.3485742187500003 
1.36908203125 
1.3761132812499999 
1.24310546875 
1.40892578125 
1.2395898437500001 
1.38666015625 
1.3268945312500002 
1.44232421875 
1.37787109375 
1.36322265625 
1.3257226562500002 
1.3427148437500003 
1.38490234375 
1.3989648437500002 
1.33802734375 
1.33216796875 
1.44759765625 
1.3239648437500002 
1.42181640625 
1.36732421875 
1.3532617187500002 
1.24603515625 
1.39837890625 
1.38431640625 
1.3503320312500002 
1.4153710937500001 
1.33802734375 
1.30345703125 
1.31927734375 
1.2466210937500002 
1.32103515625 
1.4065820312500001 
1.3936914062499999 
1.3485742187500003 
1.3333398437500001 
1.38666015625 
1.3286523437500002 
1.36498046875 
1.36673828125 
1.30580078125 
1.43998046875 
1.3813867187500002 
1.43705078125 
1.3825585937500002 
1.33744140625 
1.3684960937500001 
1.44818359375 
1.4036523437500001 
1.3216210937500001 
1.42591796875 
1.3626367187500001 
1.3128320312500001 
1.40306640625 
1.3362695312500001 
1.3479882812500001 
1.31166015625 
1.44349609375 
1.24427734375 
1.41712890625 
1.35150390625 
1.3403710937500002 
1.3503320312500002 
1.3263085937500003 
1.3749414062499998 
1.4165429687500002 
1.37552734375 
1.32220703125 
1.3362695312500001 
1.38841796875 
1.38080078125 
1.37787109375 
1.4282617187500002 
1.4153710937500001 
1.44349609375 
1.29701171875 
1.39720703125 
1.34681640625 
1.3345117187500002 
1.4095117187500001 
1.39310546875 
1.3802148437500001 
1.33861328125 
1.37904296875 
1.3362695312500001 
1.34681640625 
1.34095703125 
1.38080078125 
1.40423828125 
1.3433007812500002 
1.39544921875 
1.39134765625 
1.2378320312500002 
1.3825585937500002 
1.39955078125 
1.3333398437500001 
1.36146484375 
