5 42 3 
1.2706445312500003 
1.08314453125 
1.2565820312500002 
1.32044921875 
1.00228515625 
1.2220117187500001 
1.2466210937500002 
1.11185546875 
1.2102929687500001 
1.2612695312500002 
1.03861328125 
1.2718164062500001 
1.24134765625 
1.07787109375 
0.8821679687499998 
1.3532617187500002 
1.22552734375 
0.7140039062499999 
1.2313867187500003 
1.2606835937500003 
1.2606835937500003 
1.3110742187500002 
0.9647851562499999 
1.16341796875 
1.20384765625 
1.2776757812500001 
1.2718164062500001 
1.05677734375 
1.2583398437500002 
1.21556640625 
1.29935546875 
1.2518945312500003 
1.25892578125 
1.3251367187500003 
1.06205078125 
1.37201171875 
1.2841210937500003 
1.0579492187500001 
1.2313867187500003 
1.3128320312500001 
1.13646484375 
1.2800195312500002 
1.2829492187500002 
0.8856835937499998 
1.13998046875 
1.2847070312500002 
1.22728515625 
1.25306640625 
0.9917382812499999 
1.05619140625 
1.30580078125 
1.1686914062499998 
1.2313867187500003 
1.2559960937500003 
1.28998046875 
1.3274804687500001 
1.3069726562500001 
1.2565820312500002 
1.2864648437500001 
1.2741601562500002 
1.2407617187500002 
1.3286523437500002 
1.2483789062500001 
1.2143945312500002 
1.20677734375 
1.06029296875 
1.16341796875 
1.2308007812500001 
1.2724023437500003 
1.2102929687500001 
1.18509765625 
1.11537109375 
1.2044335937500001 
1.2501367187500003 
1.1446679687499999 
1.2378320312500002 
1.2600976562500001 
1.16224609375 
1.2325585937500003 
1.22611328125 
1.21673828125 
1.3362695312500001 
1.2231835937500002 
1.29876953125 
1.1194726562500001 
1.2513085937500004 
0.7169335937499999 
1.12416015625 
1.37318359375 
1.1493554687499998 
1.2694726562500003 
1.32806640625 
1.02044921875 
0.8804101562499997 
1.2706445312500003 
1.20736328125 
1.08021484375 
1.13939453125 
1.2806054687500001 
1.2395898437500001 
1.2641992187500002 
1.24720703125 
1.2847070312500002 
1.18216796875 
1.2806054687500001 
1.33685546875 
1.13822265625 
1.15462890625 
1.31869140625 
1.30345703125 
1.2864648437500001 
1.12708984375 
1.2583398437500002 
1.2524804687500002 
1.2161523437500001 
1.2835351562500001 
0.94779296875 
1.11419921875 
1.2641992187500002 
1.1294335937500002 
1.20267578125 
0.8669335937499999 
0.94427734375 
1.28998046875 
1.2407617187500002 
0.8686914062499999 
1.1200585937500003 
1.1985742187500001 
1.2630273437500001 
1.2876367187500002 
1.2595117187500002 
1.0813867187500001 
1.3169335937500002 
1.2220117187500001 
1.2290429687500002 
0.9970117187499998 
1.19681640625 
1.25306640625 
1.20326171875 
1.17572265625 
0.8475976562499998 
1.20560546875 
1.2466210937500002 
1.2477929687500002 
1.2378320312500002 
1.28998046875 
1.0462304687500001 
1.2220117187500001 
1.24427734375 
1.2559960937500003 
1.13939453125 
1.28705078125 
1.27650390625 
1.14232421875 
1.2747460937500004 
0.6390039062499999 
1.2559960937500003 
1.3245507812500001 
1.22728515625 
1.30228515625 
0.93431640625 
1.14349609375 
1.16224609375 
1.3227929687500002 
1.20091796875 
1.2817773437500002 
1.06439453125 
1.2407617187500002 
1.28822265625 
1.26478515625 
1.2794335937500003 
1.2794335937500003 
1.3550195312500002 
1.1927148437500001 
1.28998046875 
1.24310546875 
1.22611328125 
1.0438867187500003 
1.29056640625 
1.2653710937500002 
1.2735742187500003 
0.8423242187499997 
1.21966796875 
1.2688867187500004 
1.24427734375 
1.17220703125 
1.29173828125 
1.2419335937500002 
1.2718164062500001 
1.0403710937500001 
1.19916015625 
1.21791015625 
1.2800195312500002 
1.2518945312500003 
1.2600976562500001 
0.9308007812500001 
1.2061914062499999 
1.3169335937500002 
1.2706445312500003 
1.3227929687500002 
1.19623046875 
1.06615234375 
1.22552734375 
1.2788476562500002 
1.2477929687500002 
1.30111328125 
1.2747460937500004 
1.20970703125 
1.1681054687499999 
1.1124414062499999 
0.9390039062500001 
1.31166015625 
1.19212890625 
1.31986328125 
1.09837890625 
1.2308007812500001 
1.29583984375 
1.15873046875 
1.20794921875 
1.29291015625 
1.2665429687500003 
1.25892578125 
1.2507226562500002 
1.03685546875 
1.05560546875 
1.3075585937500003 
1.29173828125 
1.2864648437500001 
1.2501367187500003 
1.14701171875 
1.18392578125 
1.2829492187500002 
1.2138085937500003 
1.0462304687500001 
1.2132226562500001 
1.1124414062499999 
0.9020898437499999 
1.2061914062499999 
1.2407617187500002 
1.26244140625 
1.06908203125 
1.30287109375 
1.2114648437500002 
1.2630273437500001 
1.2800195312500002 
1.17572265625 
1.20794921875 
1.06146484375 
1.29583984375 
1.24427734375 
0.8640039062499999 
1.28998046875 
0.8077539062499999 
1.1950585937500002 
1.29525390625 
1.29291015625 
0.7936914062499999 
1.3362695312500001 
1.07201171875 
1.2659570312500001 
1.2366601562500001 
1.11126953125 
1.2829492187500002 
0.9302148437500001 
1.31986328125 
1.14876953125 
1.2102929687500001 
1.2747460937500004 
1.2513085937500004 
1.32044921875 
1.17923828125 
1.2507226562500002 
1.19916015625 
1.2161523437500001 
1.0485742187500002 
1.26478515625 
1.20736328125 
1.2466210937500002 
1.21556640625 
1.2542382812500001 
1.23900390625 
1.23900390625 
1.2190820312500001 
1.2677148437500003 
0.97884765625 
1.3081445312500002 
1.2776757812500001 
1.21087890625 
1.2829492187500002 
1.19681640625 
1.2718164062500001 
1.29408203125 
1.34681640625 
1.2419335937500002 
1.2302148437500002 
1.2184960937500002 
1.2325585937500003 
1.2735742187500003 
1.05384765625 
1.17337890625 
