2 43 5 
1.3591210937500002 
1.39720703125 
1.2817773437500002 
1.36791015625 
1.37318359375 
1.3274804687500001 
1.3550195312500002 
1.31986328125 
1.31869140625 
1.3415429687500002 
1.4206445312500002 
1.37845703125 
1.3356835937500002 
1.41009765625 
1.44466796875 
1.38080078125 
1.3304101562500001 
1.42591796875 
1.31869140625 
1.43529296875 
1.33275390625 
1.38197265625 
1.30462890625 
1.32103515625 
1.42298828125 
1.35619140625 
1.37142578125 
1.3509179687500001 
1.3860742187500001 
1.32103515625 
1.43763671875 
1.3263085937500003 
1.24134765625 
1.37376953125 
1.39603515625 
1.4341210937500002 
1.42298828125 
1.3427148437500003 
1.3309960937500003 
1.3099023437500001 
1.36146484375 
1.3063867187500002 
1.4200585937500003 
1.33216796875 
1.43119140625 
1.34095703125 
1.3239648437500002 
1.36908203125 
1.34095703125 
1.3268945312500002 
1.31927734375 
1.34095703125 
1.40541015625 
1.3544335937500003 
1.41244140625 
1.24134765625 
1.3421289062500001 
1.3309960937500003 
1.4194726562500002 
1.4177148437500002 
1.3520898437500002 
1.3550195312500002 
1.33392578125 
1.43353515625 
1.4300195312500001 
1.32923828125 
1.3309960937500003 
1.33978515625 
1.3936914062499999 
1.3936914062499999 
1.37142578125 
1.4001367187500002 
1.33509765625 
1.40306640625 
1.4065820312500001 
1.4095117187500001 
1.37669921875 
1.30931640625 
1.44876953125 
1.40716796875 
1.4036523437500001 
1.36498046875 
1.31048828125 
1.3813867187500002 
1.35619140625 
1.36908203125 
1.3491601562500002 
1.2981835937500001 
1.42298828125 
1.41478515625 
1.32044921875 
1.4464257812499999 
1.36087890625 
1.4329492187500001 
1.37142578125 
1.3216210937500001 
1.32806640625 
1.37728515625 
1.3749414062499998 
1.3298242187500002 
1.4452539062499998 
1.32806640625 
1.3415429687500002 
1.3462304687500002 
1.3403710937500002 
1.29525390625 
1.35560546875 
1.3333398437500001 
1.3304101562500001 
1.36205078125 
1.37259765625 
1.39837890625 
1.3702539062499999 
1.39955078125 
1.37435546875 
1.39251953125 
1.33216796875 
1.41244140625 
1.3274804687500001 
1.34095703125 
1.39955078125 
1.31869140625 
1.4177148437500002 
1.34681640625 
1.30873046875 
1.44466796875 
1.37845703125 
1.3702539062499999 
1.3462304687500002 
1.34681640625 
1.3433007812500002 
1.32044921875 
1.42650390625 
1.31927734375 
1.35736328125 
1.36498046875 
1.40775390625 
1.3309960937500003 
1.3391992187500001 
1.3813867187500002 
1.33861328125 
1.3497460937500003 
1.3761132812499999 
1.32220703125 
1.43822265625 
1.4282617187500002 
1.39310546875 
1.37787109375 
1.41478515625 
1.4300195312500001 
1.24427734375 
1.3702539062499999 
1.3702539062499999 
1.3081445312500002 
1.4007226562500001 
1.33802734375 
1.31927734375 
1.41244140625 
1.31810546875 
1.30462890625 
1.41126953125 
1.33216796875 
1.33275390625 
1.3520898437500002 
1.4200585937500003 
1.3309960937500003 
1.24369140625 
1.30873046875 
1.3304101562500001 
1.24486328125 
1.3403710937500002 
1.38080078125 
1.36498046875 
1.37552734375 
1.30169921875 
1.3403710937500002 
1.3802148437500001 
1.3239648437500002 
1.33978515625 
1.39251953125 
1.31869140625 
1.35619140625 
1.32806640625 
1.3263085937500003 
1.24486328125 
1.42650390625 
1.36322265625 
1.36087890625 
1.40541015625 
1.24134765625 
1.3227929687500002 
1.3239648437500002 
1.3304101562500001 
1.3081445312500002 
1.37787109375 
1.2419335937500002 
1.3456445312500003 
1.3702539062499999 
1.3356835937500002 
1.39486328125 
1.31166015625 
1.31810546875 
1.3497460937500003 
1.3485742187500003 
1.4270898437500001 
1.33216796875 
1.2999414062499999 
1.3626367187500001 
1.4177148437500002 
1.36673828125 
1.33216796875 
1.43705078125 
1.3268945312500002 
1.3251367187500003 
1.39486328125 
1.3702539062499999 
1.3309960937500003 
1.39427734375 
1.3216210937500001 
1.32923828125 
1.3567773437500001 
1.37962890625 
1.35150390625 
1.24603515625 
1.38900390625 
1.3274804687500001 
1.3216210937500001 
1.3684960937500001 
1.34095703125 
1.3936914062499999 
1.3251367187500003 
1.3544335937500003 
1.31869140625 
1.4200585937500003 
1.43529296875 
1.3245507812500001 
1.3075585937500003 
1.41595703125 
1.33509765625 
1.44759765625 
1.43236328125 
1.3433007812500002 
1.3315820312500002 
1.3825585937500002 
1.37201171875 
1.38666015625 
1.3251367187500003 
1.3520898437500002 
1.3099023437500001 
1.35560546875 
1.41185546875 
1.3509179687500001 
1.31986328125 
1.33861328125 
1.3684960937500001 
1.33744140625 
1.36205078125 
1.3597070312500001 
1.39662109375 
1.3479882812500001 
1.3684960937500001 
1.38666015625 
1.24486328125 
1.33744140625 
1.3509179687500001 
1.33802734375 
1.4294335937500002 
1.3638085937500002 
1.4253320312500002 
1.2454492187500001 
1.3298242187500002 
1.41185546875 
1.40248046875 
1.42298828125 
1.3263085937500003 
1.3227929687500002 
1.2454492187500001 
1.36908203125 
1.30287109375 
1.37962890625 
1.4106835937500002 
1.29642578125 
1.36673828125 
1.33509765625 
1.30287109375 
1.36029296875 
1.32044921875 
1.36439453125 
1.36732421875 
1.33861328125 
1.4200585937500003 
1.31927734375 
1.37845703125 
1.35560546875 
1.34095703125 
1.3591210937500002 
1.4388085937500001 
1.3684960937500001 
1.3462304687500002 
1.3251367187500003 
