6 44 0 
1.14232421875 
1.19916015625 
1.15697265625 
1.2729882812500002 
1.2753320312500003 
1.2554101562500002 
1.18685546875 
1.11361328125 
1.29115234375 
0.91556640625 
1.33216796875 
1.2372460937500003 
1.2220117187500001 
0.97826171875 
1.2688867187500004 
1.3362695312500001 
1.2606835937500003 
0.94896484375 
1.23841796875 
1.2600976562500001 
1.30580078125 
1.2126367187500002 
1.1950585937500002 
1.18978515625 
1.34095703125 
1.2770898437500002 
1.2220117187500001 
1.10306640625 
1.29642578125 
1.2524804687500002 
1.15287109375 
1.2425195312500001 
1.30462890625 
1.3268945312500002 
1.25892578125 
0.8903710937499998 
1.29466796875 
0.96126953125 
1.23431640625 
1.20267578125 
0.7274804687499997 
0.8323632812499999 
1.2741601562500002 
1.29525390625 
1.28529296875 
1.2571679687500001 
1.06791015625 
0.9981835937499999 
1.21498046875 
1.2477929687500002 
1.2102929687500001 
1.15169921875 
1.17748046875 
1.0415429687500002 
1.3128320312500001 
1.30345703125 
1.3216210937500001 
0.8927148437499999 
0.91322265625 
1.28998046875 
1.2706445312500003 
1.2132226562500001 
0.96244140625 
1.17337890625 
1.23431640625 
1.2554101562500002 
1.3040429687500001 
0.92552734375 
1.2102929687500001 
1.0427148437500002 
0.91439453125 
1.23548828125 
1.29466796875 
1.20736328125 
1.15521484375 
1.2677148437500003 
1.2683007812500002 
1.0503320312500002 
1.2378320312500002 
1.22376953125 
1.19623046875 
1.26361328125 
1.24486328125 
1.2161523437500001 
1.31341796875 
1.2806054687500001 
1.33802734375 
1.2190820312500001 
1.24427734375 
1.1294335937500002 
1.20794921875 
1.1886132812499999 
1.20326171875 
1.32806640625 
1.01576171875 
1.16224609375 
1.2583398437500002 
1.2841210937500003 
1.2612695312500002 
1.29759765625 
1.17806640625 
1.2718164062500001 
1.2829492187500002 
0.6653710937499998 
1.13119140625 
1.16751953125 
1.19740234375 
1.3415429687500002 
0.96009765625 
1.08607421875 
1.2782617187500003 
1.00228515625 
1.17337890625 
1.19154296875 
1.25775390625 
0.91087890625 
1.2729882812500002 
1.0268945312500002 
0.95189453125 
1.2378320312500002 
0.98060546875 
1.0257226562500001 
1.22962890625 
0.9800195312500001 
1.25892578125 
1.02337890625 
1.1950585937500002 
1.1493554687499998 
1.18685546875 
0.97826171875 
1.0579492187500001 
1.12416015625 
1.24720703125 
1.22259765625 
1.2278710937500001 
1.2495507812500002 
0.82767578125 
1.25892578125 
1.2565820312500002 
0.98353515625 
0.9056054687499998 
1.2143945312500002 
1.1206445312500002 
1.13763671875 
1.20091796875 
1.06673828125 
1.11595703125 
1.2483789062500001 
0.91322265625 
0.8124414062499998 
1.2349023437500002 
1.20560546875 
0.7239648437499998 
1.24720703125 
1.22728515625 
1.13998046875 
1.20208984375 
0.8909570312499998 
1.21791015625 
1.2132226562500001 
1.0268945312500002 
1.2477929687500002 
1.2132226562500001 
1.08958984375 
1.2466210937500002 
1.19681640625 
1.12708984375 
1.2454492187500001 
1.29701171875 
1.2378320312500002 
1.10951171875 
1.15990234375 
1.2366601562500001 
1.24603515625 
1.21087890625 
0.7011132812499998 
1.29759765625 
0.93841796875 
1.2507226562500002 
1.2102929687500001 
1.1950585937500002 
1.2466210937500002 
1.17044921875 
1.05619140625 
1.2747460937500004 
1.00990234375 
1.2612695312500002 
1.0309960937500002 
1.2507226562500002 
1.3216210937500001 
1.3216210937500001 
1.29291015625 
1.13001953125 
1.2278710937500001 
1.0591210937500002 
1.2372460937500003 
1.20208984375 
1.2378320312500002 
1.2507226562500002 
1.10716796875 
1.32337890625 
0.8686914062499999 
1.3169335937500002 
1.06673828125 
1.28705078125 
1.19740234375 
1.20208984375 
1.2061914062499999 
0.98412109375 
0.9770898437500001 
1.11419921875 
1.2395898437500001 
1.2829492187500002 
1.2501367187500003 
0.8815820312499998 
1.2683007812500002 
1.15638671875 
1.2489648437500003 
0.7784570312499999 
1.26244140625 
1.2677148437500003 
1.3099023437500001 
1.0591210937500002 
1.23548828125 
1.07787109375 
1.06791015625 
0.8833398437499999 
1.15814453125 
1.29759765625 
1.2747460937500004 
1.02748046875 
1.2483789062500001 
0.96771484375 
0.8757226562499998 
1.2548242187500003 
1.07552734375 
1.06615234375 
1.02806640625 
1.2888085937500002 
1.2706445312500003 
1.24134765625 
1.20326171875 
1.21087890625 
1.2735742187500003 
1.1681054687499999 
1.2677148437500003 
1.0444726562500002 
1.11478515625 
1.20736328125 
1.1253320312500001 
1.1124414062499999 
1.2061914062499999 
1.2454492187500001 
1.20912109375 
1.1194726562500001 
1.12181640625 
1.2683007812500002 
1.31048828125 
1.30931640625 
1.2138085937500003 
0.8253320312499999 
1.3063867187500002 
0.8259179687499999 
1.24134765625 
1.2518945312500003 
1.3268945312500002 
1.33744140625 
1.08841796875 
0.8915429687499998 
0.9999414062499997 
1.07201171875 
1.29759765625 
1.2337304687500001 
1.2864648437500001 
1.24486328125 
1.20560546875 
1.2044335937500001 
1.2331445312500002 
0.91849609375 
0.96244140625 
0.8183007812499999 
1.2536523437500002 
1.31341796875 
0.91966796875 
1.24134765625 
1.21498046875 
1.19623046875 
0.79017578125 
1.30345703125 
1.30580078125 
1.2606835937500003 
1.19681640625 
0.97591796875 
1.3403710937500002 
0.9395898437500001 
1.2565820312500002 
1.20150390625 
1.30228515625 
1.0122460937500002 
1.20267578125 
