5 45 0 
1.21673828125 
1.21087890625 
1.29115234375 
1.28587890625 
1.2729882812500002 
1.41185546875 
1.2290429687500002 
1.2747460937500004 
1.2665429687500003 
1.23900390625 
1.21556640625 
1.29466796875 
0.8065820312499998 
1.37552734375 
1.25892578125 
1.2835351562500001 
1.05853515625 
1.23841796875 
1.3274804687500001 
1.2507226562500002 
1.1938867187500002 
1.2800195312500002 
1.2612695312500002 
1.2571679687500001 
1.0491601562500001 
0.8985742187499998 
1.2161523437500001 
1.1985742187500001 
1.25892578125 
1.2407617187500002 
1.11478515625 
1.24603515625 
1.2800195312500002 
1.20677734375 
1.10775390625 
1.19916015625 
1.28529296875 
1.28236328125 
1.2694726562500003 
1.29291015625 
1.18392578125 
1.20267578125 
1.2835351562500001 
1.2360742187500002 
1.19212890625 
0.9061914062499998 
0.7550195312499999 
1.2683007812500002 
1.2372460937500003 
1.06673828125 
1.3456445312500003 
1.20501953125 
1.22435546875 
1.2524804687500002 
1.20208984375 
1.29466796875 
1.2395898437500001 
1.2044335937500001 
1.1874414062499998 
1.2132226562500001 
1.21556640625 
1.2583398437500002 
1.2331445312500002 
1.22552734375 
1.15169921875 
0.97181640625 
0.9425195312500001 
1.2741601562500002 
1.20677734375 
1.2319726562500002 
1.2671289062500002 
1.05384765625 
1.17337890625 
1.1827539062499999 
1.13705078125 
1.0638085937500001 
1.21966796875 
1.2712304687500002 
1.15697265625 
1.2595117187500002 
1.2554101562500002 
1.20208984375 
1.31400390625 
1.21556640625 
0.8599023437499999 
1.3263085937500003 
1.06908203125 
1.2770898437500002 
1.2847070312500002 
1.16048828125 
1.17220703125 
1.2741601562500002 
0.7796289062499999 
1.2571679687500001 
1.2559960937500003 
1.1956445312500001 
1.3040429687500001 
1.2518945312500003 
1.12650390625 
1.2595117187500002 
1.09427734375 
1.20091796875 
1.2612695312500002 
1.20091796875 
1.20736328125 
1.2061914062499999 
1.13646484375 
1.14349609375 
1.21556640625 
1.1059960937500002 
1.2477929687500002 
1.0444726562500002 
1.24369140625 
1.29642578125 
1.17044921875 
1.17923828125 
1.21087890625 
1.28587890625 
1.3110742187500002 
1.25775390625 
1.2794335937500003 
1.2653710937500002 
1.05853515625 
1.29525390625 
1.13470703125 
1.20326171875 
1.2489648437500003 
0.9097070312499999 
1.2659570312500001 
1.2425195312500001 
1.2888085937500002 
1.2513085937500004 
1.06322265625 
1.1165429687500001 
1.2630273437500001 
1.11009765625 
1.10423828125 
1.2513085937500004 
1.31869140625 
1.17923828125 
1.30345703125 
1.16458984375 
0.6993554687499998 
1.21791015625 
1.17220703125 
1.2595117187500002 
1.17220703125 
1.2770898437500002 
1.2835351562500001 
1.2559960937500003 
1.2876367187500002 
1.3040429687500001 
1.2700585937500004 
1.2817773437500002 
0.96068359375 
0.8528710937499998 
0.98353515625 
1.2489648437500003 
1.2518945312500003 
1.2061914062499999 
1.21556640625 
1.2864648437500001 
1.14349609375 
1.20267578125 
1.31810546875 
1.09720703125 
1.15638671875 
1.2425195312500001 
1.2290429687500002 
1.26244140625 
1.06263671875 
1.2817773437500002 
1.22494140625 
1.28822265625 
1.2132226562500001 
0.96595703125 
1.26185546875 
1.2683007812500002 
1.2290429687500002 
1.1809960937500001 
1.20501953125 
1.2489648437500003 
1.10775390625 
1.2641992187500002 
1.2612695312500002 
1.2554101562500002 
0.8692773437499999 
1.2489648437500003 
1.2044335937500001 
1.16576171875 
1.2595117187500002 
1.2864648437500001 
1.3227929687500002 
1.09603515625 
1.28587890625 
1.26478515625 
1.2659570312500001 
1.30169921875 
1.2630273437500001 
1.18392578125 
1.29759765625 
1.2542382812500001 
1.2817773437500002 
1.30580078125 
1.0503320312500002 
1.2360742187500002 
1.2231835937500002 
1.22142578125 
1.2061914062499999 
1.2595117187500002 
1.11595703125 
1.20853515625 
1.25775390625 
1.14583984375 
1.28822265625 
1.29291015625 
1.3122460937500002 
1.2671289062500002 
1.31166015625 
1.28119140625 
1.2507226562500002 
1.2524804687500002 
0.8130273437499999 
0.9641992187499999 
1.1499414062499997 
0.7315820312499998 
1.2595117187500002 
1.21087890625 
1.03861328125 
1.19154296875 
0.8464257812499999 
1.31166015625 
1.29525390625 
1.0772851562499999 
1.0011132812499999 
1.0743554687499999 
1.2600976562500001 
1.21966796875 
1.09193359375 
0.96068359375 
1.30462890625 
1.2190820312500001 
1.2706445312500003 
1.37318359375 
1.30580078125 
1.2606835937500003 
1.2524804687500002 
1.15638671875 
1.1874414062499998 
1.2565820312500002 
1.34095703125 
1.2612695312500002 
1.13236328125 
1.2466210937500002 
1.2524804687500002 
1.10072265625 
1.2524804687500002 
1.2495507812500002 
1.00462890625 
1.2372460937500003 
1.2559960937500003 
1.20501953125 
1.0315820312500001 
1.31634765625 
1.21498046875 
1.24486328125 
0.6671289062499999 
1.2735742187500003 
1.1997460937500002 
1.37201171875 
1.1874414062499998 
0.8546289062499999 
1.13880859375 
1.25892578125 
1.2513085937500004 
1.2507226562500002 
1.24427734375 
1.33216796875 
1.2735742187500003 
1.3702539062499999 
1.20384765625 
1.2536523437500002 
1.19916015625 
1.2735742187500003 
1.2683007812500002 
1.3157617187500001 
1.36908203125 
1.2126367187500002 
1.14701171875 
1.17455078125 
1.2612695312500002 
1.02748046875 
1.24720703125 
1.13822265625 
0.8733789062499998 
1.2782617187500003 
1.3239648437500002 
1.36146484375 
1.2173242187500002 
1.31400390625 
