25 3 22 
1.2893945312500001 
1.2829492187500002 
1.3110742187500002 
1.2829492187500002 
1.3538476562500001 
1.3444726562500002 
1.2659570312500001 
1.2583398437500002 
1.31517578125 
1.40541015625 
1.26361328125 
1.33744140625 
1.20384765625 
1.3702539062499999 
1.29583984375 
1.24017578125 
1.2542382812500001 
1.33509765625 
1.35150390625 
1.3485742187500003 
1.25775390625 
1.33802734375 
1.4165429687500002 
1.19623046875 
1.30111328125 
1.28119140625 
1.3169335937500002 
1.30580078125 
1.3503320312500002 
1.3415429687500002 
1.32103515625 
1.3421289062500001 
1.30580078125 
1.3239648437500002 
1.3503320312500002 
1.36966796875 
1.28822265625 
1.3503320312500002 
1.29408203125 
1.29291015625 
1.33392578125 
1.24486328125 
1.20384765625 
1.2934960937500002 
1.2454492187500001 
1.2138085937500003 
1.32923828125 
1.2782617187500003 
1.35560546875 
1.31400390625 
1.2524804687500002 
1.3227929687500002 
1.38373046875 
1.2724023437500003 
1.3075585937500003 
1.31400390625 
1.36205078125 
1.18802734375 
1.2349023437500002 
1.3403710937500002 
1.26478515625 
1.3579492187500002 
1.24603515625 
1.26185546875 
1.29291015625 
1.2302148437500002 
1.2753320312500003 
1.3239648437500002 
1.2753320312500003 
1.31400390625 
1.24486328125 
1.25306640625 
1.2612695312500002 
1.23548828125 
1.2794335937500003 
1.26244140625 
1.31400390625 
1.3532617187500002 
1.33978515625 
1.31986328125 
1.39427734375 
1.2835351562500001 
1.3251367187500003 
1.22728515625 
1.30873046875 
1.29759765625 
1.2688867187500004 
1.33509765625 
1.3099023437500001 
1.24720703125 
1.2483789062500001 
1.19916015625 
1.3362695312500001 
1.2513085937500004 
1.24720703125 
1.2817773437500002 
1.2571679687500001 
1.2477929687500002 
1.2653710937500002 
1.2776757812500001 
1.3462304687500002 
1.37083984375 
1.37201171875 
1.30931640625 
1.2677148437500003 
1.39251953125 
1.39837890625 
1.2729882812500002 
1.2735742187500003 
1.27650390625 
1.2554101562500002 
1.2782617187500003 
1.2694726562500003 
1.38373046875 
1.2313867187500003 
1.2477929687500002 
1.2583398437500002 
1.2653710937500002 
1.2864648437500001 
1.29408203125 
1.36029296875 
1.30462890625 
1.2671289062500002 
1.2483789062500001 
1.41478515625 
1.37962890625 
1.24603515625 
1.37904296875 
1.2700585937500004 
1.3075585937500003 
1.3813867187500002 
1.29056640625 
1.23548828125 
1.26185546875 
1.3333398437500001 
1.2331445312500002 
1.2313867187500003 
1.38841796875 
1.3128320312500001 
1.3491601562500002 
1.2606835937500003 
1.2659570312500001 
1.28529296875 
1.2876367187500002 
1.1253320312500001 
1.2712304687500002 
1.29935546875 
1.3227929687500002 
1.29466796875 
1.2477929687500002 
1.2864648437500001 
1.21791015625 
1.22728515625 
1.32806640625 
1.2559960937500003 
1.3315820312500002 
1.3227929687500002 
1.31458984375 
1.29876953125 
1.3216210937500001 
1.2782617187500003 
1.3456445312500003 
1.29408203125 
1.27650390625 
1.3550195312500002 
1.2595117187500002 
1.2864648437500001 
1.3825585937500002 
1.22083984375 
1.2190820312500001 
1.35150390625 
1.35150390625 
1.2864648437500001 
1.2747460937500004 
1.26478515625 
1.31810546875 
1.2770898437500002 
1.32806640625 
1.06732421875 
1.14818359375 
1.37787109375 
1.22962890625 
1.2864648437500001 
1.36615234375 
1.20794921875 
1.2794335937500003 
1.2800195312500002 
1.4200585937500003 
1.2888085937500002 
1.22494140625 
1.33861328125 
1.3333398437500001 
1.2454492187500001 
1.29173828125 
1.3638085937500002 
1.33509765625 
1.4036523437500001 
1.3403710937500002 
1.2507226562500002 
1.2653710937500002 
1.21966796875 
1.25775390625 
1.2782617187500003 
1.3977929687500001 
1.30052734375 
1.36439453125 
1.28705078125 
1.22376953125 
1.35150390625 
1.31927734375 
1.17044921875 
1.34681640625 
1.29935546875 
1.32923828125 
1.30169921875 
1.2671289062500002 
1.30580078125 
1.36615234375 
1.28236328125 
1.3081445312500002 
1.2641992187500002 
1.3274804687500001 
1.2876367187500002 
1.3356835937500002 
1.2835351562500001 
1.22552734375 
1.2677148437500003 
1.3128320312500001 
1.17337890625 
1.3081445312500002 
1.3591210937500002 
1.26361328125 
1.2753320312500003 
1.13939453125 
1.33685546875 
1.16224609375 
1.30580078125 
1.2161523437500001 
1.2559960937500003 
1.3403710937500002 
1.3831445312500001 
1.32044921875 
1.24603515625 
1.24603515625 
1.2542382812500001 
1.2829492187500002 
1.30345703125 
1.15287109375 
1.3749414062499998 
1.3099023437500001 
1.30462890625 
1.23841796875 
1.24017578125 
1.2700585937500004 
1.3063867187500002 
1.3421289062500001 
1.2729882812500002 
1.2477929687500002 
1.20794921875 
1.3462304687500002 
1.39486328125 
1.3128320312500001 
1.39134765625 
1.19681640625 
1.3309960937500003 
1.3298242187500002 
1.2419335937500002 
1.33802734375 
1.2161523437500001 
1.3309960937500003 
1.3433007812500002 
1.33216796875 
1.38080078125 
1.21205078125 
1.2513085937500004 
1.36791015625 
1.3427148437500003 
1.39544921875 
1.19740234375 
1.1950585937500002 
1.1997460937500002 
1.26361328125 
1.2893945312500001 
1.27650390625 
1.25775390625 
1.38373046875 
1.2794335937500003 
1.3309960937500003 
1.2788476562500002 
1.3433007812500002 
1.2425195312500001 
1.31341796875 
1.19095703125 
1.21791015625 
1.29291015625 
1.2700585937500004 
1.2659570312500001 
1.3099023437500001 
1.2999414062499999 
1.2753320312500003 
