1 48 1 
1.4329492187500001 
1.43236328125 
1.43177734375 
1.43060546875 
1.43177734375 
1.4294335937500002 
1.43353515625 
1.43177734375 
1.43236328125 
1.43119140625 
1.43177734375 
1.4341210937500002 
1.43236328125 
1.4300195312500001 
1.43119140625 
1.43353515625 
1.43060546875 
1.43177734375 
1.4300195312500001 
1.4300195312500001 
1.43353515625 
1.4300195312500001 
1.43236328125 
1.43236328125 
1.43236328125 
1.43119140625 
1.43060546875 
1.43177734375 
1.4329492187500001 
1.43060546875 
1.4300195312500001 
1.43236328125 
1.4300195312500001 
1.4300195312500001 
1.4329492187500001 
1.4341210937500002 
1.43119140625 
1.4341210937500002 
1.4329492187500001 
1.4341210937500002 
1.4300195312500001 
1.43236328125 
1.43353515625 
1.42767578125 
1.43177734375 
1.43177734375 
1.42767578125 
1.43236328125 
1.4329492187500001 
1.43060546875 
1.43119140625 
1.43353515625 
1.43119140625 
1.4300195312500001 
1.43119140625 
1.43353515625 
1.43119140625 
1.43119140625 
1.43353515625 
1.43177734375 
1.43060546875 
1.4341210937500002 
1.43119140625 
1.43177734375 
1.4341210937500002 
1.4329492187500001 
1.4341210937500002 
1.4341210937500002 
1.4329492187500001 
1.43353515625 
1.43236328125 
1.43236328125 
1.4294335937500002 
1.4294335937500002 
1.4329492187500001 
1.43236328125 
1.43119140625 
1.43119140625 
1.4329492187500001 
1.42767578125 
1.43353515625 
1.43060546875 
1.4300195312500001 
1.4341210937500002 
1.43236328125 
1.4300195312500001 
1.4341210937500002 
1.4300195312500001 
1.43060546875 
1.43353515625 
1.4341210937500002 
1.43353515625 
1.43119140625 
1.43119140625 
1.43060546875 
1.43060546875 
1.4329492187500001 
1.4300195312500001 
1.4341210937500002 
1.4341210937500002 
1.43060546875 
1.4300195312500001 
1.43119140625 
1.43353515625 
1.43060546875 
1.4300195312500001 
1.43060546875 
1.43353515625 
1.4341210937500002 
1.43353515625 
1.43353515625 
1.4300195312500001 
1.43177734375 
1.42767578125 
1.43236328125 
1.43177734375 
1.4341210937500002 
1.43060546875 
1.43119140625 
1.43236328125 
1.43353515625 
1.43353515625 
1.4329492187500001 
1.43177734375 
1.43236328125 
1.4300195312500001 
1.43353515625 
1.42767578125 
1.43177734375 
1.4300195312500001 
1.43119140625 
1.43236328125 
1.4329492187500001 
1.43177734375 
1.43119140625 
1.43119140625 
1.4329492187500001 
1.43119140625 
1.4300195312500001 
1.4300195312500001 
1.43177734375 
1.43353515625 
1.43060546875 
1.4341210937500002 
1.4294335937500002 
1.4300195312500001 
1.43060546875 
1.4300195312500001 
1.4300195312500001 
1.4300195312500001 
1.43353515625 
1.4300195312500001 
1.42767578125 
1.43119140625 
1.43119140625 
1.4300195312500001 
1.43119140625 
1.4329492187500001 
1.4294335937500002 
1.43177734375 
1.4329492187500001 
1.4329492187500001 
1.42767578125 
1.43236328125 
1.4300195312500001 
1.4341210937500002 
1.4300195312500001 
1.43353515625 
1.43177734375 
1.4329492187500001 
1.4329492187500001 
1.4300195312500001 
1.4300195312500001 
1.43119140625 
1.4300195312500001 
1.43060546875 
1.43060546875 
1.43177734375 
1.43236328125 
1.43353515625 
1.43353515625 
1.43060546875 
1.43177734375 
1.4294335937500002 
1.4341210937500002 
1.43119140625 
1.43353515625 
1.43353515625 
1.4300195312500001 
1.43236328125 
1.43177734375 
1.42767578125 
1.43236328125 
1.43060546875 
1.43236328125 
1.43119140625 
1.4300195312500001 
1.43177734375 
1.4300195312500001 
1.43236328125 
1.43236328125 
1.4341210937500002 
1.43353515625 
1.4300195312500001 
1.42767578125 
1.43236328125 
1.43236328125 
1.4300195312500001 
1.4300195312500001 
1.43177734375 
1.43060546875 
1.4300195312500001 
1.43060546875 
1.43060546875 
1.4341210937500002 
1.4300195312500001 
1.4300195312500001 
1.4341210937500002 
1.4300195312500001 
1.43177734375 
1.4300195312500001 
1.43060546875 
1.43177734375 
1.4341210937500002 
1.4329492187500001 
1.43060546875 
1.4294335937500002 
1.43236328125 
1.4329492187500001 
1.43119140625 
1.4300195312500001 
1.4300195312500001 
1.43119140625 
1.4329492187500001 
1.43119140625 
1.4329492187500001 
1.4329492187500001 
1.43177734375 
1.43177734375 
1.43353515625 
1.4300195312500001 
1.43236328125 
1.4300195312500001 
1.43353515625 
1.42767578125 
1.4329492187500001 
1.4294335937500002 
1.43060546875 
1.4300195312500001 
1.4341210937500002 
1.4329492187500001 
1.43060546875 
1.4329492187500001 
1.43060546875 
1.4294335937500002 
1.43060546875 
1.43236328125 
1.43353515625 
1.43353515625 
1.4341210937500002 
1.43353515625 
1.4300195312500001 
1.43119140625 
1.43119140625 
1.43236328125 
1.42767578125 
1.43236328125 
1.4294335937500002 
1.4329492187500001 
1.43353515625 
1.43119140625 
1.4300195312500001 
1.43060546875 
1.43177734375 
1.43119140625 
1.4329492187500001 
1.4341210937500002 
1.4300195312500001 
1.43119140625 
1.4329492187500001 
1.43060546875 
1.43177734375 
1.43060546875 
1.43060546875 
1.4341210937500002 
1.43177734375 
1.43353515625 
1.4329492187500001 
1.43177734375 
1.4329492187500001 
1.43119140625 
1.4341210937500002 
1.43177734375 
1.43060546875 
1.43353515625 
1.43060546875 
1.4300195312500001 
1.43060546875 
1.43060546875 
1.4300195312500001 
