26 3 21 
1.16751953125 
1.22142578125 
1.3813867187500002 
1.3456445312500003 
1.31166015625 
1.3274804687500001 
1.29408203125 
1.25775390625 
1.2829492187500002 
1.2583398437500002 
1.20677734375 
1.38080078125 
1.3936914062499999 
1.31751953125 
1.29583984375 
1.2595117187500002 
1.2841210937500003 
1.3491601562500002 
1.30345703125 
1.3263085937500003 
1.2425195312500001 
1.2290429687500002 
1.30287109375 
1.2454492187500001 
1.36673828125 
1.29408203125 
1.24486328125 
1.3474023437500002 
1.2454492187500001 
1.2495507812500002 
1.2659570312500001 
1.37962890625 
1.30580078125 
1.3333398437500001 
1.2770898437500002 
1.30873046875 
1.33685546875 
1.2501367187500003 
1.31986328125 
1.23900390625 
1.18626953125 
1.28119140625 
1.28119140625 
1.26244140625 
1.38197265625 
1.3462304687500002 
1.2378320312500002 
1.20384765625 
1.3052148437500002 
1.4013085937500003 
1.2718164062500001 
1.2489648437500003 
1.29935546875 
1.22962890625 
1.3040429687500001 
1.3761132812499999 
1.27650390625 
1.20912109375 
1.3157617187500001 
1.28529296875 
1.31869140625 
1.2571679687500001 
1.2366601562500001 
1.3450585937500004 
1.2683007812500002 
1.1927148437500001 
1.2800195312500002 
1.3638085937500002 
1.2864648437500001 
1.2606835937500003 
1.2507226562500002 
1.2114648437500002 
1.2759179687500002 
1.2114648437500002 
1.30345703125 
1.1809960937500001 
1.36615234375 
1.30580078125 
1.2706445312500003 
1.24720703125 
1.3239648437500002 
1.2747460937500004 
1.28587890625 
1.3444726562500002 
1.2337304687500001 
1.41595703125 
1.36146484375 
1.25775390625 
1.30169921875 
1.25775390625 
1.3761132812499999 
1.29173828125 
1.2419335937500002 
1.3128320312500001 
1.29408203125 
1.3702539062499999 
1.3052148437500002 
1.2829492187500002 
1.2923242187500001 
1.3315820312500002 
1.2220117187500001 
1.22376953125 
1.25775390625 
1.3040429687500001 
1.2747460937500004 
1.3403710937500002 
1.35560546875 
1.29115234375 
1.2559960937500003 
1.3597070312500001 
1.2571679687500001 
1.2641992187500002 
1.36205078125 
1.3356835937500002 
1.2729882812500002 
1.29291015625 
1.3415429687500002 
1.2934960937500002 
1.29701171875 
1.2782617187500003 
1.2489648437500003 
1.2923242187500001 
1.4247460937500003 
1.3497460937500003 
1.2477929687500002 
1.30931640625 
1.26185546875 
1.3761132812499999 
1.20326171875 
1.3485742187500003 
1.2683007812500002 
1.24369140625 
1.3813867187500002 
1.2700585937500004 
1.2847070312500002 
1.29525390625 
1.3169335937500002 
1.3263085937500003 
1.25306640625 
1.3450585937500004 
1.35560546875 
1.23900390625 
1.2735742187500003 
1.30345703125 
1.2571679687500001 
1.31166015625 
1.3286523437500002 
1.33861328125 
1.36615234375 
1.40716796875 
1.3128320312500001 
1.2302148437500002 
1.29173828125 
1.2595117187500002 
1.2501367187500003 
1.33509765625 
1.2454492187500001 
1.2559960937500003 
1.36673828125 
1.2718164062500001 
1.2706445312500003 
1.38197265625 
1.35150390625 
1.2835351562500001 
1.29935546875 
1.2759179687500002 
1.3157617187500001 
1.2923242187500001 
1.28529296875 
1.2794335937500003 
1.2513085937500004 
1.3239648437500002 
1.2981835937500001 
1.2741601562500002 
1.2888085937500002 
1.32806640625 
1.2659570312500001 
1.2489648437500003 
1.36205078125 
1.2583398437500002 
1.1059960937500002 
1.1985742187500001 
1.3509179687500001 
1.2741601562500002 
1.3532617187500002 
1.3444726562500002 
1.37669921875 
1.28822265625 
1.19212890625 
1.2788476562500002 
1.3503320312500002 
1.30228515625 
1.3263085937500003 
1.32337890625 
1.30462890625 
1.3497460937500003 
1.26185546875 
1.28998046875 
1.30345703125 
1.2395898437500001 
1.2759179687500002 
1.29291015625 
1.2407617187500002 
1.3579492187500002 
1.2999414062499999 
1.30052734375 
1.38666015625 
1.31166015625 
1.22962890625 
1.28119140625 
1.3345117187500002 
1.37201171875 
1.35736328125 
1.3579492187500002 
1.37259765625 
1.2542382812500001 
1.2507226562500002 
1.3251367187500003 
1.2554101562500002 
1.4874414062499999 
1.14232421875 
1.2718164062500001 
1.2536523437500002 
1.3069726562500001 
1.33275390625 
1.3169335937500002 
1.3169335937500002 
1.3063867187500002 
1.2606835937500003 
1.2630273437500001 
1.3081445312500002 
1.2888085937500002 
1.34095703125 
1.36087890625 
1.3802148437500001 
1.28587890625 
1.22494140625 
1.31927734375 
1.33392578125 
1.2888085937500002 
1.3227929687500002 
1.24720703125 
1.3251367187500003 
1.2659570312500001 
1.24720703125 
1.2583398437500002 
1.50970703125 
1.3356835937500002 
1.29935546875 
1.3063867187500002 
1.2770898437500002 
1.26478515625 
1.2782617187500003 
1.3239648437500002 
1.30462890625 
1.3333398437500001 
1.33275390625 
1.32220703125 
1.26478515625 
1.2729882812500002 
1.3415429687500002 
1.2835351562500001 
1.3415429687500002 
1.35619140625 
1.36029296875 
1.25306640625 
1.2806054687500001 
1.33275390625 
1.3538476562500001 
1.2841210937500003 
1.3684960937500001 
1.1886132812499999 
1.2677148437500003 
1.24310546875 
1.31751953125 
1.28236328125 
1.24427734375 
1.2788476562500002 
1.24603515625 
1.2407617187500002 
1.33685546875 
1.35150390625 
1.3433007812500002 
1.2659570312500001 
1.2794335937500003 
1.30111328125 
1.2934960937500002 
1.29408203125 
1.17279296875 
1.30228515625 
1.36673828125 
1.2595117187500002 
1.3520898437500002 
1.20912109375 
1.24017578125 
1.29173828125 
1.2747460937500004 
1.27650390625 
1.26244140625 
1.2548242187500003 
