27 3 20 
1.39486328125 
1.3485742187500003 
1.10833984375 
1.36791015625 
1.38900390625 
1.30462890625 
1.3268945312500002 
1.3263085937500003 
1.2981835937500001 
1.3063867187500002 
1.2688867187500004 
1.33802734375 
1.3274804687500001 
1.33392578125 
1.2864648437500001 
1.2595117187500002 
1.2817773437500002 
1.34681640625 
1.2782617187500003 
1.33392578125 
1.3456445312500003 
1.2700585937500004 
1.3274804687500001 
1.32044921875 
1.37962890625 
1.28587890625 
1.2735742187500003 
1.36146484375 
1.3345117187500002 
1.3216210937500001 
1.39310546875 
1.2518945312500003 
1.37083984375 
1.2565820312500002 
1.26185546875 
1.28529296875 
1.28236328125 
1.28998046875 
1.28529296875 
1.29935546875 
1.31927734375 
1.18568359375 
1.2683007812500002 
1.22494140625 
1.2876367187500002 
1.2847070312500002 
1.3550195312500002 
1.22494140625 
1.26478515625 
1.2893945312500001 
1.3702539062499999 
1.2794335937500003 
1.3936914062499999 
1.2653710937500002 
1.2454492187500001 
1.3532617187500002 
1.32103515625 
1.3356835937500002 
1.2747460937500004 
1.3362695312500001 
1.18568359375 
1.3761132812499999 
1.2835351562500001 
1.30580078125 
1.43763671875 
1.3919335937500001 
1.34095703125 
1.2759179687500002 
1.3309960937500003 
1.3415429687500002 
1.3239648437500002 
1.3438867187500003 
1.30169921875 
1.30111328125 
1.3831445312500001 
1.2847070312500002 
1.3503320312500002 
1.20384765625 
1.22962890625 
1.28236328125 
1.31166015625 
1.36732421875 
1.2747460937500004 
1.3497460937500003 
1.3520898437500002 
1.2571679687500001 
1.29935546875 
1.3040429687500001 
1.32103515625 
1.24603515625 
1.2694726562500003 
1.2454492187500001 
1.30931640625 
1.2888085937500002 
1.3157617187500001 
1.2671289062500002 
1.38900390625 
1.30345703125 
1.34095703125 
1.3550195312500002 
1.37552734375 
1.2366601562500001 
1.3403710937500002 
1.3450585937500004 
1.36205078125 
1.3075585937500003 
1.38431640625 
1.2800195312500002 
1.2313867187500003 
1.36322265625 
1.3579492187500002 
1.2934960937500002 
1.2489648437500003 
1.2600976562500001 
1.3802148437500001 
1.29408203125 
1.31166015625 
1.37904296875 
1.22669921875 
1.2501367187500003 
1.24310546875 
1.31048828125 
1.2559960937500003 
1.25306640625 
1.1997460937500002 
1.30873046875 
1.28236328125 
1.2770898437500002 
1.3315820312500002 
1.3081445312500002 
1.2554101562500002 
1.29291015625 
1.29466796875 
1.31166015625 
1.32103515625 
1.31634765625 
1.3391992187500001 
1.3497460937500003 
1.28998046875 
1.3444726562500002 
1.2841210937500003 
1.33978515625 
1.20736328125 
1.29935546875 
1.41478515625 
1.36966796875 
1.31341796875 
1.3391992187500001 
1.2718164062500001 
1.40248046875 
1.28822265625 
1.2583398437500002 
1.2893945312500001 
1.2372460937500003 
1.38197265625 
1.21205078125 
1.2688867187500004 
1.2735742187500003 
1.30228515625 
1.3309960937500003 
1.3157617187500001 
1.3479882812500001 
1.33744140625 
1.2677148437500003 
1.3128320312500001 
1.36556640625 
1.2606835937500003 
1.30052734375 
1.28119140625 
1.2759179687500002 
1.26244140625 
1.3251367187500003 
1.2536523437500002 
1.29408203125 
1.3356835937500002 
1.37376953125 
1.2741601562500002 
1.2794335937500003 
1.2366601562500001 
1.31341796875 
1.37201171875 
1.36908203125 
1.25775390625 
1.2671289062500002 
1.2741601562500002 
1.29115234375 
1.2536523437500002 
1.2864648437500001 
1.26185546875 
1.2425195312500001 
1.29408203125 
1.24134765625 
1.3391992187500001 
1.2829492187500002 
1.3532617187500002 
1.3069726562500001 
1.2776757812500001 
1.33392578125 
1.2554101562500002 
1.22728515625 
1.2407617187500002 
1.2712304687500002 
1.23841796875 
1.3919335937500001 
1.30462890625 
1.35853515625 
1.2061914062499999 
1.2454492187500001 
1.3052148437500002 
1.21556640625 
1.22259765625 
1.39955078125 
1.22611328125 
1.2741601562500002 
1.29701171875 
1.2231835937500002 
1.30111328125 
1.28822265625 
1.25306640625 
1.35150390625 
1.20912109375 
1.2800195312500002 
1.3110742187500002 
1.16751953125 
1.31458984375 
1.2641992187500002 
1.13705078125 
1.33685546875 
1.2923242187500001 
1.3063867187500002 
1.29583984375 
1.3509179687500001 
1.1985742187500001 
1.3638085937500002 
1.2806054687500001 
1.3702539062499999 
1.3702539062499999 
1.3485742187500003 
1.31986328125 
1.2606835937500003 
1.3063867187500002 
1.29173828125 
1.3567773437500001 
1.24310546875 
1.21087890625 
1.3509179687500001 
1.3421289062500001 
1.31400390625 
1.2829492187500002 
1.3309960937500003 
1.29525390625 
1.3450585937500004 
1.39134765625 
1.30931640625 
1.25306640625 
1.30345703125 
1.3427148437500003 
1.29408203125 
1.17865234375 
1.39544921875 
1.2583398437500002 
1.30462890625 
1.22669921875 
1.34681640625 
1.19212890625 
1.3263085937500003 
1.30111328125 
1.3251367187500003 
1.2700585937500004 
1.3520898437500002 
1.3239648437500002 
1.32103515625 
1.2817773437500002 
1.2489648437500003 
1.3444726562500002 
1.2102929687500001 
1.20736328125 
1.45462890625 
1.2782617187500003 
1.3309960937500003 
1.2788476562500002 
1.1938867187500002 
1.2507226562500002 
1.2600976562500001 
1.29408203125 
1.36029296875 
1.3421289062500001 
1.23431640625 
1.2735742187500003 
1.2847070312500002 
1.2565820312500002 
1.30345703125 
1.21087890625 
1.1522851562499998 
1.30228515625 
1.17982421875 
1.4065820312500001 
1.4018945312500002 
1.31986328125 
1.2753320312500003 
