3 4 43 
1.02748046875 
1.24310546875 
1.30228515625 
1.3227929687500002 
1.45287109375 
1.2349023437500002 
1.20853515625 
1.2835351562500001 
1.2595117187500002 
0.9905664062499998 
1.2372460937500003 
1.3099023437500001 
1.08080078125 
1.13763671875 
1.1253320312500001 
1.45462890625 
1.2700585937500004 
1.14232421875 
1.2729882812500002 
1.2220117187500001 
0.8013085937499999 
1.22435546875 
1.28119140625 
1.2841210937500003 
1.13236328125 
1.2524804687500002 
1.13001953125 
1.2132226562500001 
1.13880859375 
0.8675195312499999 
1.31634765625 
1.42884765625 
0.7479882812499998 
1.2847070312500002 
1.2407617187500002 
1.24720703125 
1.3122460937500002 
1.19623046875 
1.2554101562500002 
1.1950585937500002 
1.30169921875 
1.3227929687500002 
1.14408203125 
1.2753320312500003 
1.2999414062499999 
1.22845703125 
1.1405664062499998 
1.28587890625 
1.22259765625 
1.1294335937500002 
1.13001953125 
1.26361328125 
1.2513085937500004 
1.2729882812500002 
1.15873046875 
1.22611328125 
1.21498046875 
1.2677148437500003 
1.28236328125 
1.59056640625 
1.2782617187500003 
1.2302148437500002 
0.7157617187499998 
1.3813867187500002 
1.1446679687499999 
1.2653710937500002 
1.2700585937500004 
1.0356835937500002 
1.05619140625 
1.15638671875 
1.22025390625 
1.5665429687500003 
1.22083984375 
1.27650390625 
0.8909570312499998 
1.3684960937500001 
1.14876953125 
1.0169335937500001 
1.33275390625 
1.2718164062500001 
1.28822265625 
1.1452539062499998 
1.2841210937500003 
1.24017578125 
1.21966796875 
1.1446679687499999 
1.2102929687500001 
1.34681640625 
1.2571679687500001 
1.2366601562500001 
1.2665429687500003 
1.2325585937500003 
1.33744140625 
0.7391992187499997 
0.9917382812499999 
1.26361328125 
1.2741601562500002 
1.2741601562500002 
1.28705078125 
1.22845703125 
1.23431640625 
1.2934960937500002 
1.12298828125 
1.2606835937500003 
1.2835351562500001 
1.27650390625 
1.10833984375 
1.2325585937500003 
1.1358789062499999 
1.22962890625 
1.2770898437500002 
1.12591796875 
1.21205078125 
0.5710351562499999 
1.2847070312500002 
1.2847070312500002 
1.0749414062499998 
1.17337890625 
0.8206445312499999 
1.29291015625 
1.22728515625 
1.29115234375 
1.4686914062499998 
1.30580078125 
1.13236328125 
1.2747460937500004 
1.14583984375 
1.13705078125 
0.7040429687499998 
1.30580078125 
1.2337304687500001 
1.13353515625 
1.06791015625 
1.23548828125 
1.20326171875 
1.0702539062499998 
1.3591210937500002 
1.15462890625 
1.14291015625 
1.2659570312500001 
1.44291015625 
1.24369140625 
1.2290429687500002 
1.2302148437500002 
1.2747460937500004 
1.2319726562500002 
1.26361328125 
1.2325585937500003 
1.26361328125 
1.2290429687500002 
1.2706445312500003 
1.24017578125 
1.5817773437500002 
1.48216796875 
1.26478515625 
1.13294921875 
1.2302148437500002 
1.24017578125 
1.2876367187500002 
1.2800195312500002 
1.2893945312500001 
1.4300195312500001 
1.2337304687500001 
1.3110742187500002 
1.35150390625 
1.2360742187500002 
1.5231835937500002 
1.1751367187500001 
1.13705078125 
1.14701171875 
1.49798828125 
1.22083984375 
1.2395898437500001 
1.2454492187500001 
1.5835351562500002 
1.1194726562500001 
1.01341796875 
1.22494140625 
1.22552734375 
1.33978515625 
1.2489648437500003 
1.47923828125 
1.12591796875 
1.25306640625 
1.2483789062500001 
1.2712304687500002 
1.13236328125 
1.43939453125 
1.13001953125 
1.2747460937500004 
1.2893945312500001 
1.2999414062499999 
1.2220117187500001 
1.2483789062500001 
1.14115234375 
1.21966796875 
1.13119140625 
0.8188867187499999 
1.13001953125 
1.6063867187500003 
1.28236328125 
1.2548242187500003 
1.1446679687499999 
1.30345703125 
1.24134765625 
1.24720703125 
1.2653710937500002 
1.1522851562499998 
1.2190820312500001 
1.3128320312500001 
1.0286523437500001 
1.12181640625 
1.2554101562500002 
1.28587890625 
1.5179101562500001 
1.32103515625 
1.21498046875 
1.0456445312500002 
1.4763085937500002 
1.43353515625 
1.5161523437500002 
1.2571679687500001 
1.3438867187500003 
1.3099023437500001 
1.26244140625 
1.21791015625 
1.21205078125 
1.2729882812500002 
0.8891992187499997 
1.13236328125 
0.8528710937499998 
1.2536523437500002 
1.22494140625 
1.2536523437500002 
1.2554101562500002 
1.2747460937500004 
1.2378320312500002 
1.2829492187500002 
1.2331445312500002 
1.12650390625 
1.22962890625 
1.43763671875 
1.30287109375 
1.45873046875 
1.3069726562500001 
1.5360742187500003 
0.7772851562499998 
1.16166015625 
1.22669921875 
1.16693359375 
1.2665429687500003 
1.2395898437500001 
1.5266992187500001 
1.13822265625 
1.24017578125 
1.14232421875 
1.30462890625 
1.28529296875 
1.3497460937500003 
0.91966796875 
1.19154296875 
1.22728515625 
1.22259765625 
1.48978515625 
1.09603515625 
1.2782617187500003 
1.3239648437500002 
1.28998046875 
0.8599023437499999 
1.13880859375 
1.16283203125 
1.23548828125 
1.3040429687500001 
1.2700585937500004 
1.2554101562500002 
1.26244140625 
1.2753320312500003 
1.59876953125 
1.13822265625 
1.21791015625 
1.0638085937500001 
1.24134765625 
1.29115234375 
1.2718164062500001 
1.2220117187500001 
1.13880859375 
1.2231835937500002 
1.2583398437500002 
1.15521484375 
1.31810546875 
1.2841210937500003 
1.36615234375 
1.2360742187500002 
1.2794335937500003 
1.1200585937500003 
1.3356835937500002 
1.20912109375 
1.0761132812499998 
1.2308007812500001 
1.03216796875 
