15 1 34 
1.44876953125 
1.39720703125 
1.40306640625 
1.40541015625 
1.43177734375 
1.42650390625 
1.46166015625 
1.4856835937500001 
1.44408203125 
1.4165429687500002 
1.39310546875 
1.4165429687500002 
1.38080078125 
1.4294335937500002 
1.45873046875 
1.3597070312500001 
1.4206445312500002 
1.46166015625 
1.4188867187500003 
1.46634765625 
1.48333984375 
1.38783203125 
1.39486328125 
1.4452539062499998 
1.44759765625 
1.44173828125 
1.3919335937500001 
1.36556640625 
1.40306640625 
1.4200585937500003 
1.4768945312500001 
1.3977929687500001 
1.39486328125 
1.47103515625 
1.4294335937500002 
1.47337890625 
1.41302734375 
1.4036523437500001 
1.39662109375 
1.3520898437500002 
1.40716796875 
1.47044921875 
1.38197265625 
1.41712890625 
1.44408203125 
1.45345703125 
1.40248046875 
1.46693359375 
1.3567773437500001 
1.43119140625 
1.38841796875 
1.40892578125 
1.44759765625 
1.4493554687499999 
1.45873046875 
1.41244140625 
1.45580078125 
1.4927148437500002 
1.4177148437500002 
1.48802734375 
1.40541015625 
1.39310546875 
1.4751367187500002 
1.38431640625 
1.45462890625 
1.4247460937500003 
1.4183007812500001 
1.4405664062499999 
1.37904296875 
1.41009765625 
1.4065820312500001 
1.41302734375 
1.45931640625 
1.47279296875 
1.46634765625 
1.4798242187500001 
1.46166015625 
1.4188867187500003 
1.3919335937500001 
1.36146484375 
1.41244140625 
1.46166015625 
1.45580078125 
1.45580078125 
1.41126953125 
1.4200585937500003 
1.3802148437500001 
1.36087890625 
1.40716796875 
1.3831445312500001 
1.4809960937500002 
1.47455078125 
1.41595703125 
1.42767578125 
1.4007226562500001 
1.45931640625 
1.38783203125 
1.36439453125 
1.3684960937500001 
1.4048242187500002 
1.40541015625 
1.42181640625 
1.4282617187500002 
1.39720703125 
1.4001367187500002 
1.43587890625 
1.47806640625 
1.37669921875 
1.37259765625 
1.37376953125 
1.4165429687500002 
1.46048828125 
1.38958984375 
1.44115234375 
1.3749414062499998 
1.3989648437500002 
1.37201171875 
1.41478515625 
1.39544921875 
1.38666015625 
1.45521484375 
1.36615234375 
1.46634765625 
1.40716796875 
1.3591210937500002 
1.37259765625 
1.37728515625 
1.34681640625 
1.40833984375 
1.4001367187500002 
1.4294335937500002 
1.3520898437500002 
1.41009765625 
1.41419921875 
1.37142578125 
1.46693359375 
1.39310546875 
1.39720703125 
1.35267578125 
1.4686914062499998 
1.42298828125 
1.4059960937500002 
1.47572265625 
1.41126953125 
1.44818359375 
1.4036523437500001 
1.3831445312500001 
1.43177734375 
1.36029296875 
1.4048242187500002 
1.36498046875 
1.3989648437500002 
1.47923828125 
1.4013085937500003 
1.3936914062499999 
1.4809960937500002 
1.4183007812500001 
1.39251953125 
1.47279296875 
1.47162109375 
1.37435546875 
1.4065820312500001 
1.42650390625 
1.45990234375 
1.4013085937500003 
1.4224023437500002 
1.43353515625 
1.39544921875 
1.4013085937500003 
1.3860742187500001 
1.47220703125 
1.3509179687500001 
1.45052734375 
1.41244140625 
1.47337890625 
1.48919921875 
1.4095117187500001 
1.38841796875 
1.42884765625 
1.4048242187500002 
1.38197265625 
1.4036523437500001 
1.42591796875 
1.37552734375 
1.41126953125 
1.4194726562500002 
1.4640039062499999 
1.39310546875 
1.41126953125 
1.39310546875 
1.47162109375 
1.36439453125 
1.38490234375 
1.45931640625 
1.43470703125 
1.37845703125 
1.3977929687500001 
1.38490234375 
1.46810546875 
1.47279296875 
1.41361328125 
1.43763671875 
1.4059960937500002 
1.4809960937500002 
1.43939453125 
1.42767578125 
1.40892578125 
1.38841796875 
1.4241601562500001 
1.4247460937500003 
1.3977929687500001 
1.4622460937500001 
1.43470703125 
1.47162109375 
1.4247460937500003 
1.35150390625 
1.38958984375 
1.41595703125 
1.41478515625 
1.46458984375 
1.42650390625 
1.4007226562500001 
1.35853515625 
1.39720703125 
1.41009765625 
1.38900390625 
1.4153710937500001 
1.40248046875 
1.4013085937500003 
1.41126953125 
1.3813867187500002 
1.39955078125 
1.48275390625 
1.47337890625 
1.40775390625 
1.38900390625 
1.4200585937500003 
1.41244140625 
1.37259765625 
1.47806640625 
1.4177148437500002 
1.40541015625 
1.3532617187500002 
1.4388085937500001 
1.4177148437500002 
1.38900390625 
1.41126953125 
1.4007226562500001 
1.44115234375 
1.3825585937500002 
1.37669921875 
1.39720703125 
1.4768945312500001 
1.44701171875 
1.37435546875 
1.44349609375 
1.39427734375 
1.41185546875 
1.3474023437500002 
1.45873046875 
1.48158203125 
1.4329492187500001 
1.4059960937500002 
1.3919335937500001 
1.4956445312500002 
1.37787109375 
1.41185546875 
1.4464257812499999 
1.4388085937500001 
1.45052734375 
1.43822265625 
1.36673828125 
1.41712890625 
1.37376953125 
1.40775390625 
1.4106835937500002 
1.43998046875 
1.3532617187500002 
1.44349609375 
1.3479882812500001 
1.39017578125 
1.4165429687500002 
1.44818359375 
1.3872460937500002 
1.4235742187500002 
1.41478515625 
1.4007226562500001 
1.41419921875 
1.4300195312500001 
1.37083984375 
1.40833984375 
1.37962890625 
1.38783203125 
1.39662109375 
1.4183007812500001 
1.43646484375 
1.4065820312500001 
1.37845703125 
1.40248046875 
1.37083984375 
