14 4 32 
1.18802734375 
1.0227929687500001 
1.21205078125 
1.2524804687500002 
0.9302148437500001 
1.2934960937500002 
1.2466210937500002 
1.24310546875 
1.3356835937500002 
1.2600976562500001 
1.2677148437500003 
1.4241601562500001 
1.2718164062500001 
1.2600976562500001 
1.20208984375 
1.2425195312500001 
1.2542382812500001 
0.8599023437499999 
0.9981835937499999 
1.3069726562500001 
0.93841796875 
1.2337304687500001 
1.2114648437500002 
0.8030664062499998 
1.2308007812500001 
1.19916015625 
1.2483789062500001 
1.20912109375 
1.2290429687500002 
1.21966796875 
1.20970703125 
1.3474023437500002 
1.24720703125 
1.39310546875 
1.29056640625 
1.11185546875 
1.21205078125 
0.96654296875 
1.18041015625 
1.2126367187500002 
1.30228515625 
1.20033203125 
1.08841796875 
0.96302734375 
1.2847070312500002 
1.3075585937500003 
1.04681640625 
1.22435546875 
1.37083984375 
1.2290429687500002 
0.9032617187499998 
1.2507226562500002 
0.91087890625 
1.26244140625 
1.2888085937500002 
0.9015039062499999 
1.30111328125 
1.18685546875 
1.19330078125 
0.9641992187499999 
1.19095703125 
1.15169921875 
1.15404296875 
1.30111328125 
1.3474023437500002 
1.3128320312500001 
1.2683007812500002 
1.31517578125 
1.18919921875 
1.32337890625 
1.2888085937500002 
1.40248046875 
0.8921289062499999 
1.17044921875 
1.03392578125 
1.19330078125 
0.6559960937499998 
1.2138085937500003 
1.08314453125 
1.2583398437500002 
1.1651757812499999 
0.9308007812500001 
1.30931640625 
1.36146484375 
1.0743554687499999 
1.1505273437499999 
1.28998046875 
1.36673828125 
1.2583398437500002 
1.2407617187500002 
1.2507226562500002 
1.16283203125 
1.2184960937500002 
1.1464257812499998 
1.24603515625 
1.20794921875 
1.2659570312500001 
1.22728515625 
1.1997460937500002 
1.1018945312500001 
1.0169335937500001 
1.10306640625 
1.24427734375 
1.22376953125 
1.2308007812500001 
1.1651757812499999 
1.15521484375 
1.2981835937500001 
1.2477929687500002 
1.19798828125 
1.2583398437500002 
0.9776757812500001 
1.31458984375 
1.28998046875 
1.48685546875 
1.37728515625 
1.3169335937500002 
1.14818359375 
1.17455078125 
1.3157617187500001 
1.14291015625 
1.2893945312500001 
1.22494140625 
1.2102929687500001 
0.9009179687499999 
1.2559960937500003 
1.2454492187500001 
1.30580078125 
1.3304101562500001 
1.3427148437500003 
1.3532617187500002 
1.31458984375 
1.2513085937500004 
1.20150390625 
1.28998046875 
1.3069726562500001 
1.36673828125 
1.2559960937500003 
0.95072265625 
1.16576171875 
1.37259765625 
1.2138085937500003 
1.0890039062499999 
1.32923828125 
1.2800195312500002 
1.10951171875 
1.28236328125 
1.2313867187500003 
1.15521484375 
1.3251367187500003 
1.3872460937500002 
1.17923828125 
0.7942773437499999 
1.21966796875 
1.20150390625 
1.26244140625 
1.17337890625 
1.17279296875 
1.29583984375 
1.3919335937500001 
1.43470703125 
1.27650390625 
1.2864648437500001 
1.1522851562499998 
1.26361328125 
1.26185546875 
1.3579492187500002 
1.33802734375 
1.26185546875 
1.3345117187500002 
1.0427148437500002 
0.9641992187499999 
1.3421289062500001 
1.1950585937500002 
1.25306640625 
1.2407617187500002 
1.22845703125 
1.2565820312500002 
1.2548242187500003 
1.2817773437500002 
1.02162109375 
1.2595117187500002 
1.20736328125 
0.7989648437499999 
1.20150390625 
1.25306640625 
1.2524804687500002 
1.2542382812500001 
1.0251367187500002 
1.30111328125 
1.07376953125 
1.32103515625 
1.15814453125 
1.2923242187500001 
1.31810546875 
1.2419335937500002 
1.1938867187500002 
1.4575585937500002 
1.2425195312500001 
0.8253320312499999 
0.8839257812499999 
1.24310546875 
1.22494140625 
1.47044921875 
1.2800195312500002 
1.31927734375 
1.3081445312500002 
1.21498046875 
1.20326171875 
1.3110742187500002 
0.9940820312499998 
1.22552734375 
1.36205078125 
1.3831445312500001 
1.3509179687500001 
1.28705078125 
1.1177148437500002 
1.28822265625 
1.38783203125 
1.36439453125 
0.93255859375 
1.2548242187500003 
1.2554101562500002 
1.20853515625 
1.2524804687500002 
1.18978515625 
1.2794335937500003 
1.31986328125 
0.6911523437499998 
1.18568359375 
1.23548828125 
1.23548828125 
1.38841796875 
1.13119140625 
1.50677734375 
1.16341796875 
1.22669921875 
1.1827539062499999 
1.00462890625 
1.07259765625 
0.94427734375 
1.24310546875 
0.98119140625 
1.1253320312500001 
1.29056640625 
1.15521484375 
1.2694726562500003 
1.2876367187500002 
1.33216796875 
1.20970703125 
1.25775390625 
1.1886132812499999 
1.2554101562500002 
1.2800195312500002 
1.24486328125 
1.2395898437500001 
1.20736328125 
1.2102929687500001 
1.2477929687500002 
1.32923828125 
1.2366601562500001 
0.8522851562499998 
1.3227929687500002 
1.29525390625 
1.1124414062499999 
1.0169335937500001 
1.18802734375 
1.2934960937500002 
1.0520898437500001 
1.2729882812500002 
1.22728515625 
1.19916015625 
1.29173828125 
0.96244140625 
1.24427734375 
1.3479882812500001 
1.22494140625 
1.20150390625 
1.33216796875 
1.3099023437500001 
1.30931640625 
1.1938867187500002 
1.2524804687500002 
1.1575585937500001 
1.20384765625 
1.2800195312500002 
0.5376367187499999 
1.21791015625 
1.2864648437500001 
1.02806640625 
1.2184960937500002 
1.23431640625 
1.37904296875 
1.20912109375 
1.2524804687500002 
1.20794921875 
1.32220703125 
1.3597070312500001 
1.2677148437500003 
1.2507226562500002 
