29 4 17 
1.30345703125 
1.15873046875 
1.2724023437500003 
1.26244140625 
1.2325585937500003 
1.07552734375 
1.29642578125 
1.21673828125 
1.2454492187500001 
1.2302148437500002 
1.24369140625 
1.2513085937500004 
1.31634765625 
1.2536523437500002 
1.22376953125 
1.3063867187500002 
1.2360742187500002 
1.31517578125 
1.22494140625 
1.2337304687500001 
1.31341796875 
1.2454492187500001 
1.2349023437500002 
1.20560546875 
1.26244140625 
1.22025390625 
1.2220117187500001 
1.2847070312500002 
1.2659570312500001 
1.20208984375 
1.28587890625 
1.1651757812499999 
1.1651757812499999 
1.24369140625 
0.8054101562499998 
1.2864648437500001 
1.3274804687500001 
1.28998046875 
1.3075585937500003 
1.2747460937500004 
1.24017578125 
1.3122460937500002 
1.2724023437500003 
1.31810546875 
1.15638671875 
1.35267578125 
1.15638671875 
1.20033203125 
1.2477929687500002 
1.2718164062500001 
1.2542382812500001 
1.2700585937500004 
1.2630273437500001 
1.2302148437500002 
1.28529296875 
1.19623046875 
1.2934960937500002 
1.2747460937500004 
1.2425195312500001 
1.1997460937500002 
1.21556640625 
1.2712304687500002 
1.19330078125 
1.2524804687500002 
1.0309960937500002 
1.2126367187500002 
1.18626953125 
1.2507226562500002 
1.2302148437500002 
1.2729882812500002 
1.26185546875 
1.2595117187500002 
1.19095703125 
1.2999414062499999 
1.2800195312500002 
1.2612695312500002 
1.30287109375 
1.2554101562500002 
1.2665429687500003 
1.2612695312500002 
1.31927734375 
1.24310546875 
1.29525390625 
1.2501367187500003 
1.2724023437500003 
1.23841796875 
1.22669921875 
0.5681054687499999 
1.19154296875 
1.3110742187500002 
1.22025390625 
1.34095703125 
1.32103515625 
1.37787109375 
1.29115234375 
1.28822265625 
1.18158203125 
1.03978515625 
0.6987695312499999 
1.2712304687500002 
1.2571679687500001 
1.10716796875 
1.3345117187500002 
1.24427734375 
1.3403710937500002 
1.28998046875 
1.19916015625 
1.24486328125 
1.31400390625 
1.24603515625 
1.2700585937500004 
1.1224023437500001 
1.22552734375 
1.2653710937500002 
0.9683007812500001 
1.12767578125 
1.20736328125 
1.2724023437500003 
1.2126367187500002 
1.20736328125 
1.11126953125 
1.19916015625 
1.16224609375 
1.29935546875 
1.25892578125 
1.2770898437500002 
1.28822265625 
1.11009765625 
1.10892578125 
1.37552734375 
0.8979882812499999 
1.3274804687500001 
1.22142578125 
1.2565820312500002 
1.3362695312500001 
1.2600976562500001 
1.26361328125 
1.0186914062499999 
1.3345117187500002 
1.21205078125 
1.29466796875 
1.2747460937500004 
1.2231835937500002 
1.2220117187500001 
1.23431640625 
1.1956445312500001 
1.05970703125 
1.11185546875 
1.2518945312500003 
1.20970703125 
1.2595117187500002 
1.2671289062500002 
1.29525390625 
1.29525390625 
1.2220117187500001 
1.3227929687500002 
1.1048242187500001 
1.1827539062499999 
1.2893945312500001 
1.2483789062500001 
1.35267578125 
1.2688867187500004 
1.2337304687500001 
1.2753320312500003 
1.25306640625 
1.23431640625 
1.2524804687500002 
1.2337304687500001 
1.3450585937500004 
1.0813867187500001 
1.2665429687500003 
1.2483789062500001 
1.2278710937500001 
1.21498046875 
1.0456445312500002 
1.25775390625 
1.29642578125 
1.2724023437500003 
1.30287109375 
1.35619140625 
1.2683007812500002 
1.36322265625 
1.4036523437500001 
1.1405664062499998 
1.39427734375 
1.2665429687500003 
1.2483789062500001 
1.31458984375 
0.97005859375 
1.28822265625 
1.24486328125 
1.2770898437500002 
1.2683007812500002 
1.08431640625 
1.2841210937500003 
1.2548242187500003 
1.17279296875 
1.18568359375 
1.2706445312500003 
1.35267578125 
1.4200585937500003 
1.28822265625 
1.24486328125 
1.2425195312500001 
1.28529296875 
1.17865234375 
1.20326171875 
1.2161523437500001 
1.3157617187500001 
1.32923828125 
1.2483789062500001 
1.3251367187500003 
1.37552734375 
1.2981835937500001 
1.2747460937500004 
1.2565820312500002 
1.22435546875 
1.30111328125 
1.22845703125 
1.2184960937500002 
1.29935546875 
1.29466796875 
1.21673828125 
1.19681640625 
1.08490234375 
1.3491601562500002 
1.2700585937500004 
1.2741601562500002 
1.31869140625 
1.26244140625 
1.31400390625 
1.24603515625 
1.29056640625 
1.19798828125 
1.2683007812500002 
1.3081445312500002 
1.3567773437500001 
1.30111328125 
1.33392578125 
1.2683007812500002 
1.2665429687500003 
1.2641992187500002 
1.2559960937500003 
1.0286523437500001 
1.2630273437500001 
1.25892578125 
1.22611328125 
1.21556640625 
1.07552734375 
1.2489648437500003 
1.3040429687500001 
1.35267578125 
1.28119140625 
1.16927734375 
1.20501953125 
1.3216210937500001 
0.8013085937499999 
1.30931640625 
1.2694726562500003 
1.1013085937500002 
1.21966796875 
1.30052734375 
1.2395898437500001 
1.14349609375 
1.22435546875 
1.2483789062500001 
1.18919921875 
1.19154296875 
1.2495507812500002 
1.08021484375 
1.1446679687499999 
1.20091796875 
1.3227929687500002 
1.28529296875 
1.3298242187500002 
1.29583984375 
1.2700585937500004 
1.2143945312500002 
1.19095703125 
1.2671289062500002 
1.24486328125 
1.29291015625 
1.18626953125 
1.3063867187500002 
1.31751953125 
1.2395898437500001 
1.20970703125 
1.3304101562500001 
1.2829492187500002 
1.22142578125 
1.2548242187500003 
1.2231835937500002 
1.23900390625 
1.2806054687500001 
1.22083984375 
1.36087890625 
1.2565820312500002 
1.22025390625 
1.2372460937500003 
1.33216796875 
