30 4 16 
1.36791015625 
1.2683007812500002 
1.3274804687500001 
1.29701171875 
1.31634765625 
1.2554101562500002 
1.33509765625 
1.2313867187500003 
1.3309960937500003 
1.2337304687500001 
1.2829492187500002 
1.2278710937500001 
1.2770898437500002 
1.3421289062500001 
1.3421289062500001 
1.2770898437500002 
1.27650390625 
1.1874414062499998 
1.21966796875 
1.2741601562500002 
1.3122460937500002 
1.29701171875 
1.2536523437500002 
1.2524804687500002 
1.2507226562500002 
1.1874414062499998 
1.2876367187500002 
1.2220117187500001 
1.2671289062500002 
1.29701171875 
1.06732421875 
1.2934960937500002 
1.15521484375 
1.2653710937500002 
1.2806054687500001 
1.25892578125 
1.2665429687500003 
1.2688867187500004 
1.2677148437500003 
1.3286523437500002 
1.2143945312500002 
1.2876367187500002 
1.36556640625 
1.38080078125 
1.29876953125 
1.3286523437500002 
1.20384765625 
1.2770898437500002 
1.33275390625 
1.3356835937500002 
1.2817773437500002 
1.31927734375 
1.2817773437500002 
1.2044335937500001 
1.3052148437500002 
1.3268945312500002 
1.29115234375 
1.15404296875 
1.31517578125 
1.3315820312500002 
1.3579492187500002 
1.1124414062499999 
1.30873046875 
1.30931640625 
1.2694726562500003 
1.2829492187500002 
1.29701171875 
1.1874414062499998 
1.32806640625 
1.3128320312500001 
1.2641992187500002 
1.26185546875 
1.2366601562500001 
1.3099023437500001 
1.3263085937500003 
1.2565820312500002 
1.18685546875 
1.23841796875 
1.1247460937500002 
1.26478515625 
1.03392578125 
1.16576171875 
1.11712890625 
1.08666015625 
1.31048828125 
1.29115234375 
1.24310546875 
1.3128320312500001 
1.3216210937500001 
1.30169921875 
1.2161523437500001 
1.33509765625 
1.22669921875 
1.37318359375 
1.2747460937500004 
1.30580078125 
1.29173828125 
1.29173828125 
1.24017578125 
1.2313867187500003 
1.29759765625 
1.2308007812500001 
1.2536523437500002 
1.29701171875 
1.37083984375 
1.35267578125 
1.2290429687500002 
1.2641992187500002 
1.2741601562500002 
1.2559960937500003 
1.2893945312500001 
1.00287109375 
1.0638085937500001 
1.2466210937500002 
1.34095703125 
1.3309960937500003 
1.29583984375 
1.3421289062500001 
1.28529296875 
1.2718164062500001 
1.2366601562500001 
1.2665429687500003 
1.3538476562500001 
1.2483789062500001 
1.2349023437500002 
1.20326171875 
1.2782617187500003 
1.36966796875 
1.3239648437500002 
1.2331445312500002 
1.30462890625 
1.2044335937500001 
1.2981835937500001 
1.2706445312500003 
1.2554101562500002 
1.16927734375 
1.22025390625 
1.1751367187500001 
1.2548242187500003 
1.2724023437500003 
1.2694726562500003 
1.2114648437500002 
1.30580078125 
1.26361328125 
0.7292382812499998 
1.2044335937500001 
1.2466210937500002 
1.22259765625 
1.2934960937500002 
1.2559960937500003 
1.3099023437500001 
1.3356835937500002 
1.15697265625 
1.37669921875 
1.2325585937500003 
1.19154296875 
1.15462890625 
1.18919921875 
1.2688867187500004 
1.2712304687500002 
1.3315820312500002 
1.3356835937500002 
1.3257226562500002 
1.32044921875 
1.18509765625 
0.8640039062499999 
1.22376953125 
1.47806640625 
1.2173242187500002 
1.2817773437500002 
1.0772851562499999 
1.28587890625 
1.29291015625 
1.33685546875 
1.22142578125 
1.2061914062499999 
1.28119140625 
1.2923242187500001 
1.30462890625 
1.2800195312500002 
1.3069726562500001 
1.26361328125 
1.2419335937500002 
1.18802734375 
1.22962890625 
1.26244140625 
1.17220703125 
1.31517578125 
1.3298242187500002 
1.30287109375 
1.36205078125 
1.2173242187500002 
1.2888085937500002 
1.2407617187500002 
1.37142578125 
1.2395898437500001 
1.29408203125 
1.29173828125 
1.3286523437500002 
1.2542382812500001 
1.23431640625 
1.19740234375 
1.15697265625 
1.31986328125 
1.2776757812500001 
1.18216796875 
1.29525390625 
0.9735742187499999 
0.6630273437499998 
1.31458984375 
1.2378320312500002 
1.3099023437500001 
1.28119140625 
1.30287109375 
1.17162109375 
1.0474023437500002 
1.1681054687499999 
1.26361328125 
1.2220117187500001 
1.22552734375 
0.9559960937499999 
1.2290429687500002 
1.24486328125 
1.24603515625 
1.38900390625 
1.26478515625 
1.28236328125 
1.29759765625 
1.3157617187500001 
1.3263085937500003 
1.19798828125 
1.26361328125 
1.2565820312500002 
1.33685546875 
1.2712304687500002 
1.1886132812499999 
1.2981835937500001 
1.18158203125 
1.19681640625 
1.36615234375 
1.3538476562500001 
1.2483789062500001 
1.31166015625 
1.31927734375 
1.2507226562500002 
1.31517578125 
1.2395898437500001 
1.31400390625 
1.25775390625 
1.24017578125 
1.2349023437500002 
1.23548828125 
1.3263085937500003 
1.3356835937500002 
1.2653710937500002 
1.2524804687500002 
1.2706445312500003 
1.31810546875 
1.2665429687500003 
1.10775390625 
1.22259765625 
1.29291015625 
1.21205078125 
1.14291015625 
1.19037109375 
1.33216796875 
1.17748046875 
1.2290429687500002 
1.3433007812500002 
1.06966796875 
1.2536523437500002 
1.2735742187500003 
1.39544921875 
1.2735742187500003 
0.98177734375 
1.0063867187500002 
1.2466210937500002 
1.14349609375 
1.3052148437500002 
1.20912109375 
1.16283203125 
0.97064453125 
1.29173828125 
1.22494140625 
1.4007226562500001 
1.1247460937500002 
1.2290429687500002 
1.2489648437500003 
1.23548828125 
1.22259765625 
1.2483789062500001 
1.2671289062500002 
1.2788476562500002 
1.20267578125 
1.2893945312500001 
1.38900390625 
1.3433007812500002 
1.28529296875 
1.2794335937500003 
1.2671289062500002 
