35 4 11 
1.2770898437500002 
1.2126367187500002 
1.20091796875 
1.24017578125 
1.2565820312500002 
1.3128320312500001 
1.1593164062499999 
1.22142578125 
1.3626367187500001 
1.25892578125 
1.2612695312500002 
1.29173828125 
1.24134765625 
1.02455078125 
0.7016992187499997 
1.2753320312500003 
1.2524804687500002 
1.2700585937500004 
1.2923242187500001 
1.2864648437500001 
1.29759765625 
1.3274804687500001 
1.2729882812500002 
1.2559960937500003 
1.32923828125 
1.30111328125 
1.2806054687500001 
1.2372460937500003 
1.20033203125 
1.2612695312500002 
1.2571679687500001 
1.2548242187500003 
1.30111328125 
1.2477929687500002 
1.1956445312500001 
1.21087890625 
1.24486328125 
1.10072265625 
1.29525390625 
1.3304101562500001 
1.31810546875 
1.3069726562500001 
1.3245507812500001 
1.31048828125 
1.2712304687500002 
1.23900390625 
1.2606835937500003 
1.18392578125 
1.2583398437500002 
1.2788476562500002 
1.29173828125 
1.2612695312500002 
1.2876367187500002 
1.41595703125 
1.2583398437500002 
1.15169921875 
1.28822265625 
1.33275390625 
1.28236328125 
1.31869140625 
1.3052148437500002 
1.22845703125 
1.3333398437500001 
1.26361328125 
1.29935546875 
1.2583398437500002 
1.2190820312500001 
1.3315820312500002 
1.2712304687500002 
1.2724023437500003 
1.3245507812500001 
1.33861328125 
1.3503320312500002 
1.0462304687500001 
1.28236328125 
1.2817773437500002 
1.24720703125 
1.2683007812500002 
1.3063867187500002 
1.2325585937500003 
1.24369140625 
1.2407617187500002 
1.2600976562500001 
1.30111328125 
1.23548828125 
1.03392578125 
1.2741601562500002 
1.1686914062499998 
1.23900390625 
1.3345117187500002 
1.31048828125 
1.2495507812500002 
1.3263085937500003 
1.3128320312500001 
1.1013085937500002 
1.2395898437500001 
1.2542382812500001 
1.3239648437500002 
1.18509765625 
1.23548828125 
1.2114648437500002 
1.09251953125 
1.2923242187500001 
1.26185546875 
1.2741601562500002 
0.8118554687499998 
1.0122460937500002 
1.2571679687500001 
1.14701171875 
1.33802734375 
1.23841796875 
1.1452539062499998 
1.36908203125 
1.3075585937500003 
1.22435546875 
1.1997460937500002 
1.2630273437500001 
1.2489648437500003 
1.2999414062499999 
1.0403710937500001 
1.16107421875 
1.2800195312500002 
1.2507226562500002 
1.31458984375 
1.13060546875 
1.16927734375 
1.24369140625 
1.2706445312500003 
1.2302148437500002 
1.2876367187500002 
1.26361328125 
1.2278710937500001 
1.3263085937500003 
1.2378320312500002 
1.22845703125 
1.33802734375 
1.3298242187500002 
1.2554101562500002 
1.1475976562499999 
1.38197265625 
1.2542382812500001 
1.22083984375 
1.3128320312500001 
1.2559960937500003 
1.2665429687500003 
1.3128320312500001 
1.29466796875 
1.24310546875 
1.28529296875 
1.2753320312500003 
1.2138085937500003 
1.3761132812499999 
1.3239648437500002 
1.2788476562500002 
1.30345703125 
1.29759765625 
1.2700585937500004 
1.3474023437500002 
1.18041015625 
1.3227929687500002 
1.32044921875 
1.2841210937500003 
1.21205078125 
1.15814453125 
1.2794335937500003 
1.30052734375 
1.24427734375 
1.22494140625 
1.1417382812499999 
1.29408203125 
1.2425195312500001 
1.2501367187500003 
1.30462890625 
1.22259765625 
1.08548828125 
1.2630273437500001 
1.31458984375 
1.2102929687500001 
1.3110742187500002 
1.18392578125 
1.29583984375 
1.25892578125 
1.21205078125 
1.28822265625 
1.32923828125 
1.23900390625 
1.12767578125 
1.3421289062500001 
1.36791015625 
1.3257226562500002 
1.2759179687500002 
1.3362695312500001 
1.35736328125 
1.29642578125 
0.9776757812500001 
1.26185546875 
1.2706445312500003 
1.2184960937500002 
1.2518945312500003 
1.29935546875 
1.2800195312500002 
1.18978515625 
1.17220703125 
1.26185546875 
1.3128320312500001 
1.22376953125 
1.2688867187500004 
1.39720703125 
1.13353515625 
1.2835351562500001 
1.2595117187500002 
1.22669921875 
0.9395898437500001 
1.2700585937500004 
1.2794335937500003 
1.37376953125 
1.3040429687500001 
1.3040429687500001 
1.2536523437500002 
1.22025390625 
1.33509765625 
1.32337890625 
1.2735742187500003 
1.31517578125 
0.97416015625 
1.2395898437500001 
1.26185546875 
1.2741601562500002 
1.2800195312500002 
1.2378320312500002 
1.2126367187500002 
1.30580078125 
1.29466796875 
1.3286523437500002 
1.1475976562499999 
1.35619140625 
1.29408203125 
1.2378320312500002 
1.3456445312500003 
1.2841210937500003 
1.2600976562500001 
1.32806640625 
1.2466210937500002 
1.2313867187500003 
1.3040429687500001 
1.1651757812499999 
0.8985742187499998 
1.22552734375 
1.31166015625 
1.2806054687500001 
1.27650390625 
1.3245507812500001 
1.18685546875 
1.31517578125 
1.3169335937500002 
1.2606835937500003 
1.3638085937500002 
1.37787109375 
1.3274804687500001 
1.31751953125 
1.26185546875 
1.2753320312500003 
1.05384765625 
1.2319726562500002 
1.22494140625 
1.0011132812499999 
1.3274804687500001 
1.33392578125 
1.3099023437500001 
1.32044921875 
1.10658203125 
1.31634765625 
1.2143945312500002 
1.19330078125 
1.21498046875 
1.3263085937500003 
1.2770898437500002 
1.2923242187500001 
1.2606835937500003 
1.3227929687500002 
1.2366601562500001 
1.3251367187500003 
1.18451171875 
1.13294921875 
1.2554101562500002 
1.29408203125 
1.22552734375 
1.24134765625 
1.3075585937500003 
1.2102929687500001 
1.1405664062499998 
1.30580078125 
1.2729882812500002 
1.2378320312500002 
1.2706445312500003 
1.30873046875 
1.29525390625 
1.28529296875 
1.3263085937500003 
1.2712304687500002 
