41 4 5 
1.35267578125 
1.2671289062500002 
1.31986328125 
1.31751953125 
1.13763671875 
1.2683007812500002 
1.29701171875 
1.29759765625 
1.1874414062499998 
1.2395898437500001 
1.2495507812500002 
1.18333984375 
1.20677734375 
1.26361328125 
1.22552734375 
1.2683007812500002 
1.1124414062499999 
1.30169921875 
1.32806640625 
1.2847070312500002 
1.2694726562500003 
1.3157617187500001 
1.28236328125 
1.30873046875 
1.22259765625 
1.29759765625 
1.28119140625 
1.2659570312500001 
1.30345703125 
1.20560546875 
1.2466210937500002 
1.29759765625 
1.00990234375 
1.2888085937500002 
1.26244140625 
1.3315820312500002 
1.2548242187500003 
1.29466796875 
1.17865234375 
1.20794921875 
1.20208984375 
1.0309960937500002 
1.15580078125 
1.32044921875 
1.24310546875 
1.2518945312500003 
1.3075585937500003 
1.29876953125 
1.30111328125 
1.3128320312500001 
1.2554101562500002 
1.2600976562500001 
1.26361328125 
1.29701171875 
1.2600976562500001 
1.28705078125 
1.23431640625 
1.2923242187500001 
1.29291015625 
1.3099023437500001 
1.2466210937500002 
1.14701171875 
1.27650390625 
1.1997460937500002 
1.24486328125 
1.29466796875 
1.2847070312500002 
1.24310546875 
1.2542382812500001 
1.25892578125 
1.22142578125 
1.2770898437500002 
1.22962890625 
1.3081445312500002 
1.2044335937500001 
1.26361328125 
1.11009765625 
1.29173828125 
1.22962890625 
1.01283203125 
1.29935546875 
1.2290429687500002 
1.31048828125 
1.2612695312500002 
1.2888085937500002 
1.2788476562500002 
1.2747460937500004 
1.2876367187500002 
1.2782617187500003 
1.3239648437500002 
1.2044335937500001 
1.2360742187500002 
1.16458984375 
1.2999414062499999 
1.30111328125 
1.27650390625 
1.26185546875 
0.96126953125 
1.3274804687500001 
1.2794335937500003 
1.2934960937500002 
1.2565820312500002 
1.19916015625 
1.2864648437500001 
1.33216796875 
1.2806054687500001 
1.08607421875 
1.29759765625 
1.22376953125 
1.09837890625 
1.21673828125 
1.2876367187500002 
1.29701171875 
1.2659570312500001 
1.2325585937500003 
1.2466210937500002 
1.3251367187500003 
1.10833984375 
1.2806054687500001 
1.2747460937500004 
1.2735742187500003 
1.3099023437500001 
1.2536523437500002 
1.15462890625 
1.2888085937500002 
1.29408203125 
1.29525390625 
1.20091796875 
1.22025390625 
1.2126367187500002 
1.2126367187500002 
1.1950585937500002 
1.2600976562500001 
1.2729882812500002 
1.26185546875 
1.1206445312500002 
1.1950585937500002 
1.1417382812499999 
1.38080078125 
1.3304101562500001 
1.1763085937500002 
1.31634765625 
1.20677734375 
1.2290429687500002 
1.22845703125 
1.24134765625 
1.2554101562500002 
1.2893945312500001 
1.31634765625 
1.30931640625 
1.22142578125 
1.2536523437500002 
1.22083984375 
1.2378320312500002 
1.26478515625 
1.1188867187500002 
1.2847070312500002 
1.2753320312500003 
1.2835351562500001 
1.2999414062499999 
1.2999414062499999 
1.22845703125 
1.2372460937500003 
1.24310546875 
1.2847070312500002 
1.2337304687500001 
1.30580078125 
1.22552734375 
1.2231835937500002 
1.3298242187500002 
0.9448632812500001 
1.28236328125 
1.2061914062499999 
1.0772851562499999 
1.30169921875 
1.40775390625 
1.28236328125 
1.31986328125 
1.3081445312500002 
1.2677148437500003 
1.3169335937500002 
1.2659570312500001 
1.29173828125 
1.31048828125 
1.3239648437500002 
1.2161523437500001 
1.30228515625 
1.24017578125 
1.23900390625 
1.2536523437500002 
1.21087890625 
1.2835351562500001 
1.30169921875 
1.19681640625 
1.2847070312500002 
1.3263085937500003 
1.18509765625 
1.2893945312500001 
1.31634765625 
1.37201171875 
1.2741601562500002 
1.2981835937500001 
1.2501367187500003 
1.2741601562500002 
1.2688867187500004 
1.3169335937500002 
1.2325585937500003 
1.1452539062499998 
1.24310546875 
1.2606835937500003 
1.22083984375 
1.31517578125 
1.30580078125 
1.30580078125 
1.10306640625 
1.29876953125 
1.28998046875 
1.29408203125 
1.1417382812499999 
1.2800195312500002 
1.30169921875 
1.22611328125 
1.20970703125 
1.24603515625 
1.3251367187500003 
0.97884765625 
1.3216210937500001 
1.2782617187500003 
1.20326171875 
1.2536523437500002 
1.24017578125 
1.2788476562500002 
1.2677148437500003 
1.2518945312500003 
1.20970703125 
1.16341796875 
1.29935546875 
1.31751953125 
1.2495507812500002 
1.2641992187500002 
1.2893945312500001 
1.2600976562500001 
1.22083984375 
1.2706445312500003 
1.2313867187500003 
1.30462890625 
1.2536523437500002 
1.20150390625 
1.2583398437500002 
1.3122460937500002 
1.3268945312500002 
1.22259765625 
1.22728515625 
1.2847070312500002 
1.3309960937500003 
1.3052148437500002 
1.25892578125 
1.24603515625 
1.31166015625 
1.2718164062500001 
1.1188867187500002 
1.22611328125 
1.08548828125 
1.31166015625 
1.20501953125 
1.28822265625 
1.31517578125 
1.3345117187500002 
1.2981835937500001 
1.20267578125 
1.31400390625 
1.33275390625 
1.20033203125 
1.2548242187500003 
1.2747460937500004 
1.3099023437500001 
1.2847070312500002 
1.2876367187500002 
1.2841210937500003 
1.2524804687500002 
1.2653710937500002 
1.32103515625 
1.2659570312500001 
1.30580078125 
1.28529296875 
1.24486328125 
1.0520898437500001 
1.31810546875 
1.2114648437500002 
1.16048828125 
1.2706445312500003 
1.29701171875 
1.2677148437500003 
1.2612695312500002 
1.30287109375 
1.31458984375 
1.31517578125 
1.30873046875 
1.20150390625 
1.2583398437500002 
