42 4 4 
1.2788476562500002 
1.28705078125 
1.3268945312500002 
1.29525390625 
1.2835351562500001 
1.29466796875 
1.13060546875 
1.3462304687500002 
1.21087890625 
1.21087890625 
1.2923242187500001 
1.2161523437500001 
1.2477929687500002 
1.2513085937500004 
0.7766992187499998 
1.23900390625 
1.2606835937500003 
1.31869140625 
1.2641992187500002 
0.98177734375 
1.29583984375 
1.2466210937500002 
1.3052148437500002 
1.2313867187500003 
1.32044921875 
1.20912109375 
1.24427734375 
1.26185546875 
1.22962890625 
1.29115234375 
1.2302148437500002 
1.3122460937500002 
1.23431640625 
1.28119140625 
1.37845703125 
1.2407617187500002 
1.08666015625 
0.98236328125 
1.22083984375 
1.25775390625 
1.3298242187500002 
1.20560546875 
1.24017578125 
1.22259765625 
1.20326171875 
1.18685546875 
1.2665429687500003 
1.30345703125 
1.2688867187500004 
1.22962890625 
1.2934960937500002 
1.2677148437500003 
1.2794335937500003 
1.2700585937500004 
1.2753320312500003 
1.2923242187500001 
1.32103515625 
1.2712304687500002 
1.29173828125 
1.2981835937500001 
1.03978515625 
1.1294335937500002 
1.2612695312500002 
1.2143945312500002 
1.19740234375 
1.22728515625 
1.2641992187500002 
1.26185546875 
1.29056640625 
1.26478515625 
1.38197265625 
1.2665429687500003 
1.29056640625 
1.20560546875 
1.2571679687500001 
1.28236328125 
1.20208984375 
1.2231835937500002 
1.2583398437500002 
1.30580078125 
1.26185546875 
1.2888085937500002 
1.33216796875 
1.18333984375 
1.2817773437500002 
1.22376953125 
1.1698632812499998 
1.2518945312500003 
1.2800195312500002 
1.1956445312500001 
1.29056640625 
1.2571679687500001 
1.31810546875 
1.27650390625 
1.2659570312500001 
1.35150390625 
1.09662109375 
1.3128320312500001 
1.32220703125 
1.28529296875 
1.2759179687500002 
1.2665429687500003 
1.2806054687500001 
1.26361328125 
1.2665429687500003 
1.25775390625 
1.2718164062500001 
1.2466210937500002 
1.2630273437500001 
1.1048242187500001 
1.22669921875 
0.7731835937499999 
0.95892578125 
1.2565820312500002 
1.2934960937500002 
1.18451171875 
1.2395898437500001 
1.2788476562500002 
1.12298828125 
1.2161523437500001 
1.2923242187500001 
1.1194726562500001 
1.2800195312500002 
1.31634765625 
1.28705078125 
1.31341796875 
1.21498046875 
0.93666015625 
1.21556640625 
1.28119140625 
1.04095703125 
1.2923242187500001 
1.1886132812499999 
1.2600976562500001 
1.03685546875 
1.31166015625 
1.23548828125 
1.3268945312500002 
1.3081445312500002 
1.2612695312500002 
1.3157617187500001 
1.2665429687500003 
1.20560546875 
1.22962890625 
1.2378320312500002 
1.2847070312500002 
1.2220117187500001 
1.29056640625 
1.27650390625 
1.23841796875 
1.2542382812500001 
1.2981835937500001 
1.12591796875 
1.15287109375 
1.2712304687500002 
1.22025390625 
1.2466210937500002 
1.1188867187500002 
1.3479882812500001 
1.26361328125 
1.20150390625 
1.29173828125 
1.3268945312500002 
1.06498046875 
1.3403710937500002 
1.2776757812500001 
1.1475976562499999 
1.29115234375 
1.27650390625 
1.21556640625 
1.16458984375 
1.22025390625 
1.2776757812500001 
1.26361328125 
1.31517578125 
1.3427148437500003 
1.29759765625 
1.21087890625 
1.29173828125 
1.35619140625 
1.31634765625 
1.2735742187500003 
1.0948632812499999 
1.2513085937500004 
1.1751367187500001 
1.2565820312500002 
1.2683007812500002 
1.30580078125 
1.22435546875 
0.9882226562499998 
1.1950585937500002 
1.3169335937500002 
1.2659570312500001 
1.2671289062500002 
1.2061914062499999 
1.20326171875 
1.22845703125 
1.34095703125 
1.22376953125 
1.2747460937500004 
1.2372460937500003 
1.30169921875 
1.2806054687500001 
1.32220703125 
1.2571679687500001 
1.2454492187500001 
1.2800195312500002 
1.23841796875 
1.25306640625 
1.30345703125 
1.29408203125 
1.35267578125 
1.24720703125 
1.2583398437500002 
1.2612695312500002 
1.22611328125 
1.3040429687500001 
1.3315820312500002 
1.1927148437500001 
1.2554101562500002 
0.97826171875 
1.20501953125 
1.11361328125 
1.2595117187500002 
1.2741601562500002 
1.2659570312500001 
1.0427148437500002 
1.29759765625 
1.22845703125 
1.3063867187500002 
1.31048828125 
1.30462890625 
1.2466210937500002 
1.14818359375 
1.2829492187500002 
1.2407617187500002 
1.22376953125 
1.30287109375 
1.2747460937500004 
1.24310546875 
0.94720703125 
1.3274804687500001 
1.2794335937500003 
1.22845703125 
1.2677148437500003 
1.3245507812500001 
1.36732421875 
1.29525390625 
1.2612695312500002 
1.0433007812500001 
1.3345117187500002 
1.2806054687500001 
1.2864648437500001 
1.22611328125 
1.2829492187500002 
1.2688867187500004 
1.3157617187500001 
1.3128320312500001 
1.2788476562500002 
1.22962890625 
1.18509765625 
1.29876953125 
1.31869140625 
1.2395898437500001 
1.2724023437500003 
1.22552734375 
1.13763671875 
1.21966796875 
1.17572265625 
1.31166015625 
1.30111328125 
1.13294921875 
1.32337890625 
1.21205078125 
1.2565820312500002 
1.1938867187500002 
1.28587890625 
1.2630273437500001 
1.2835351562500001 
1.30228515625 
1.29525390625 
1.20384765625 
0.96009765625 
1.24369140625 
1.0462304687500001 
1.30287109375 
1.2847070312500002 
1.29466796875 
1.29466796875 
1.2694726562500003 
1.41244140625 
1.22552734375 
1.21791015625 
1.0075585937500002 
1.3052148437500002 
1.2712304687500002 
1.21498046875 
1.2694726562500003 
1.2864648437500001 
1.3157617187500001 
