45 4 1 
1.01927734375 
1.22142578125 
1.2770898437500002 
1.2524804687500002 
1.31048828125 
1.28119140625 
1.09251953125 
1.06849609375 
1.22962890625 
1.2806054687500001 
1.2753320312500003 
1.31517578125 
1.22259765625 
1.2706445312500003 
1.20501953125 
1.20794921875 
1.0989648437500001 
1.29876953125 
1.31400390625 
1.3081445312500002 
1.29291015625 
1.20736328125 
1.2700585937500004 
1.2378320312500002 
1.29466796875 
1.22728515625 
1.2331445312500002 
1.26361328125 
1.14232421875 
1.14408203125 
1.02103515625 
1.17982421875 
1.21791015625 
1.17748046875 
1.2694726562500003 
1.2800195312500002 
1.2817773437500002 
1.2513085937500004 
1.24720703125 
1.21556640625 
1.2835351562500001 
1.30287109375 
1.2132226562500001 
1.28529296875 
1.31341796875 
1.38373046875 
1.2934960937500002 
1.2606835937500003 
1.2143945312500002 
1.2483789062500001 
1.20970703125 
1.30111328125 
1.20970703125 
1.29642578125 
1.29525390625 
1.09955078125 
1.2876367187500002 
1.2143945312500002 
1.16634765625 
1.2847070312500002 
1.24603515625 
1.2190820312500001 
1.16576171875 
1.28587890625 
1.2893945312500001 
1.28705078125 
1.30287109375 
1.22435546875 
1.3040429687500001 
1.3110742187500002 
1.28822265625 
1.2600976562500001 
1.06732421875 
1.38431640625 
1.32103515625 
1.07845703125 
1.2659570312500001 
1.2308007812500001 
1.31634765625 
1.2507226562500002 
1.3263085937500003 
1.0544335937500002 
1.20501953125 
1.22728515625 
1.3251367187500003 
1.29408203125 
1.31458984375 
1.2630273437500001 
1.2700585937500004 
1.29701171875 
1.26244140625 
1.2888085937500002 
1.3081445312500002 
1.30580078125 
1.24369140625 
1.3157617187500001 
1.2554101562500002 
1.28998046875 
1.2466210937500002 
0.9876367187499998 
1.30580078125 
1.31927734375 
1.20501953125 
1.13763671875 
1.21791015625 
1.29701171875 
1.3099023437500001 
1.11361328125 
1.3128320312500001 
1.19447265625 
1.26361328125 
1.2788476562500002 
1.2612695312500002 
1.2600976562500001 
1.20150390625 
1.28529296875 
1.2518945312500003 
1.2706445312500003 
1.0638085937500001 
1.3227929687500002 
1.31986328125 
1.2331445312500002 
1.2729882812500002 
1.1681054687499999 
1.2302148437500002 
1.2700585937500004 
1.20736328125 
1.3128320312500001 
1.21498046875 
1.2536523437500002 
0.9073632812499999 
1.31986328125 
1.29701171875 
1.2173242187500002 
1.2794335937500003 
1.30580078125 
1.2477929687500002 
1.2665429687500003 
1.09955078125 
1.30111328125 
1.2641992187500002 
1.2313867187500003 
1.10951171875 
1.28587890625 
1.2044335937500001 
1.2173242187500002 
1.2524804687500002 
1.2688867187500004 
1.2770898437500002 
1.2308007812500001 
1.29408203125 
1.2331445312500002 
1.2782617187500003 
1.45287109375 
1.19916015625 
1.32044921875 
1.29173828125 
1.09017578125 
1.2378320312500002 
1.3245507812500001 
1.2671289062500002 
1.26478515625 
1.2888085937500002 
1.2729882812500002 
1.28998046875 
1.2407617187500002 
1.29466796875 
1.06146484375 
1.2794335937500003 
1.2600976562500001 
1.2489648437500003 
1.22494140625 
1.22611328125 
1.29642578125 
1.30931640625 
1.30873046875 
1.31166015625 
1.2841210937500003 
1.2366601562500001 
1.12767578125 
1.2706445312500003 
1.11185546875 
1.2876367187500002 
1.31986328125 
1.07904296875 
1.2770898437500002 
1.2847070312500002 
1.2706445312500003 
1.2571679687500001 
1.2671289062500002 
1.3075585937500003 
1.10658203125 
1.14408203125 
1.3304101562500001 
1.31927734375 
1.32044921875 
1.32220703125 
1.2694726562500003 
1.2173242187500002 
1.22552734375 
1.19447265625 
1.2817773437500002 
1.3040429687500001 
1.2518945312500003 
1.2454492187500001 
1.13998046875 
1.2893945312500001 
1.20267578125 
1.2600976562500001 
1.2782617187500003 
1.2325585937500003 
1.2735742187500003 
1.2888085937500002 
1.31341796875 
1.29525390625 
1.3040429687500001 
1.14408203125 
1.18626953125 
1.2934960937500002 
1.2231835937500002 
1.28998046875 
1.22728515625 
1.2876367187500002 
1.12123046875 
1.2847070312500002 
1.30287109375 
1.3099023437500001 
0.8206445312499999 
1.22025390625 
1.11009765625 
1.24017578125 
1.23900390625 
1.2864648437500001 
1.29173828125 
0.96068359375 
1.3157617187500001 
1.25306640625 
1.3040429687500001 
1.17572265625 
1.3169335937500002 
1.12884765625 
1.2888085937500002 
1.2741601562500002 
1.31048828125 
1.2683007812500002 
1.2313867187500003 
1.24369140625 
1.10365234375 
1.3110742187500002 
1.2700585937500004 
1.2829492187500002 
1.2483789062500001 
1.2706445312500003 
1.30580078125 
1.3474023437500002 
1.31810546875 
1.15521484375 
1.2641992187500002 
1.2847070312500002 
1.20033203125 
1.28822265625 
1.3122460937500002 
1.22435546875 
1.29291015625 
1.28998046875 
1.2536523437500002 
1.2683007812500002 
1.33275390625 
1.30052734375 
1.2184960937500002 
1.2600976562500001 
1.24720703125 
1.33509765625 
1.2641992187500002 
1.2683007812500002 
1.14115234375 
1.20267578125 
1.30580078125 
1.21498046875 
1.29115234375 
1.2337304687500001 
1.18509765625 
1.3128320312500001 
1.20501953125 
1.3075585937500003 
1.30111328125 
1.24427734375 
1.31400390625 
1.06615234375 
1.30580078125 
1.21673828125 
0.9917382812499999 
1.29466796875 
1.3274804687500001 
1.2841210937500003 
1.19095703125 
1.18568359375 
1.3052148437500002 
1.18333984375 
1.1165429687500001 
