3 5 42 
1.5231835937500002 
1.17279296875 
1.24310546875 
1.50736328125 
1.2554101562500002 
1.17748046875 
1.2776757812500001 
1.2718164062500001 
1.2735742187500003 
1.2800195312500002 
1.1475976562499999 
1.43705078125 
1.2788476562500002 
1.2407617187500002 
1.3040429687500001 
1.3485742187500003 
1.2331445312500002 
1.1200585937500003 
1.38783203125 
1.45873046875 
1.2419335937500002 
1.3081445312500002 
1.15521484375 
1.37376953125 
1.15697265625 
1.3075585937500003 
1.16458984375 
1.26244140625 
1.2817773437500002 
1.26478515625 
1.2126367187500002 
1.29466796875 
1.3684960937500001 
1.23841796875 
1.30052734375 
1.20677734375 
1.2331445312500002 
1.2770898437500002 
1.2044335937500001 
1.32103515625 
1.47865234375 
1.10658203125 
1.2513085937500004 
1.15697265625 
1.2114648437500002 
1.2425195312500001 
1.2841210937500003 
1.4206445312500002 
1.2806054687500001 
1.17396484375 
1.1681054687499999 
1.17748046875 
1.2302148437500002 
1.2325585937500003 
1.45697265625 
1.22845703125 
1.2612695312500002 
1.2542382812500001 
1.3403710937500002 
1.5337304687500002 
1.35150390625 
1.40423828125 
1.5413476562500001 
0.8546289062499999 
1.3099023437500001 
1.10072265625 
1.01986328125 
1.2325585937500003 
1.1001367187500002 
1.3567773437500001 
1.1950585937500002 
1.13880859375 
1.04212890625 
1.2548242187500003 
1.12884765625 
1.16048828125 
1.2606835937500003 
1.4405664062499999 
0.9981835937499999 
1.2143945312500002 
1.2501367187500003 
1.29115234375 
1.5044335937500002 
1.1575585937500001 
1.2724023437500003 
1.1950585937500002 
1.31166015625 
1.2542382812500001 
1.2231835937500002 
1.2132226562500001 
1.20853515625 
1.30345703125 
1.22845703125 
1.2817773437500002 
1.43119140625 
1.26185546875 
1.30228515625 
1.15697265625 
1.2800195312500002 
1.28998046875 
1.22962890625 
1.19447265625 
1.2313867187500003 
1.3444726562500002 
1.2331445312500002 
1.20560546875 
1.2841210937500003 
1.3491601562500002 
1.2864648437500001 
1.2319726562500002 
1.2817773437500002 
1.2735742187500003 
1.11009765625 
1.31869140625 
1.2571679687500001 
1.20384765625 
1.28529296875 
1.1751367187500001 
1.29701171875 
0.7251367187499997 
1.22142578125 
1.2513085937500004 
1.29056640625 
1.24486328125 
1.2366601562500001 
1.18802734375 
1.2641992187500002 
1.12298828125 
1.2794335937500003 
1.20853515625 
1.53900390625 
1.15873046875 
1.24017578125 
1.24427734375 
1.30169921875 
1.29701171875 
1.24720703125 
1.2518945312500003 
1.1446679687499999 
1.22142578125 
1.09427734375 
1.0427148437500002 
1.1710351562499999 
1.0655664062499999 
1.33685546875 
1.19095703125 
1.22376953125 
0.7813867187499999 
1.1294335937500002 
1.29759765625 
1.15580078125 
0.6366601562499998 
1.24134765625 
1.1950585937500002 
1.17337890625 
1.3257226562500002 
1.52142578125 
1.2641992187500002 
1.05736328125 
1.16166015625 
1.27650390625 
1.11712890625 
1.5360742187500003 
1.1493554687499998 
1.3286523437500002 
1.29759765625 
1.2688867187500004 
1.14818359375 
1.1593164062499999 
1.2220117187500001 
0.8487695312499999 
1.1686914062499998 
1.3444726562500002 
1.19095703125 
1.28998046875 
1.2893945312500001 
1.2688867187500004 
1.11419921875 
1.24603515625 
1.2349023437500002 
1.0011132812499999 
1.2501367187500003 
1.1522851562499998 
1.21087890625 
1.2641992187500002 
1.03744140625 
0.8675195312499999 
1.24720703125 
1.1106835937500001 
1.30873046875 
1.2841210937500003 
1.2290429687500002 
1.2835351562500001 
1.5513085937500004 
1.22552734375 
1.2934960937500002 
1.3257226562500002 
1.2524804687500002 
1.23548828125 
1.17337890625 
1.17748046875 
1.24017578125 
1.38841796875 
1.2536523437500002 
1.2759179687500002 
1.26361328125 
1.20091796875 
0.9179101562499999 
1.29935546875 
1.3245507812500001 
1.18919921875 
1.2583398437500002 
1.11361328125 
0.5891992187499998 
1.3063867187500002 
1.07318359375 
1.44349609375 
1.20150390625 
1.25892578125 
1.31869140625 
1.18685546875 
0.91146484375 
1.2495507812500002 
1.4874414062499999 
1.2741601562500002 
1.2630273437500001 
1.2278710937500001 
1.6052148437500002 
1.3274804687500001 
1.2847070312500002 
1.01400390625 
1.2864648437500001 
1.07845703125 
1.24017578125 
1.1106835937500001 
1.28705078125 
1.49037109375 
1.2548242187500003 
1.5747460937500004 
1.42884765625 
1.2548242187500003 
1.2571679687500001 
1.13880859375 
1.5366601562500002 
1.2466210937500002 
1.3274804687500001 
1.2372460937500003 
1.1927148437500001 
1.23900390625 
1.1593164062499999 
1.2876367187500002 
1.16341796875 
1.2829492187500002 
1.2770898437500002 
1.49037109375 
1.31048828125 
1.27650390625 
1.1886132812499999 
1.28822265625 
1.20853515625 
1.2513085937500004 
1.24310546875 
1.23548828125 
1.31751953125 
1.46341796875 
0.94076171875 
1.2718164062500001 
1.2770898437500002 
1.37201171875 
1.2308007812500001 
1.16341796875 
1.5765039062500001 
1.30052734375 
1.2331445312500002 
1.26478515625 
1.2794335937500003 
1.1938867187500002 
1.2999414062499999 
1.26361328125 
1.2641992187500002 
1.3872460937500002 
1.2817773437500002 
1.0872460937500001 
1.39076171875 
1.2665429687500003 
1.3268945312500002 
1.2770898437500002 
1.25306640625 
1.39076171875 
1.3415429687500002 
1.2741601562500002 
1.22025390625 
1.3421289062500001 
1.2876367187500002 
1.16166015625 
1.15287109375 
1.32337890625 
1.54486328125 
1.20033203125 
1.2220117187500001 
