8 5 37 
1.24603515625 
1.1188867187500002 
1.09955078125 
1.2132226562500001 
1.1124414062499999 
1.05677734375 
1.2184960937500002 
1.1206445312500002 
1.1446679687499999 
1.06087890625 
1.2184960937500002 
0.8850976562499998 
1.14232421875 
1.2782617187500003 
0.5522851562499999 
1.1534570312499999 
1.2489648437500003 
1.0415429687500002 
1.30931640625 
1.2319726562500002 
1.2220117187500001 
1.42591796875 
1.3597070312500001 
0.7550195312499999 
1.23431640625 
1.2220117187500001 
1.2489648437500003 
1.22728515625 
1.29408203125 
1.20794921875 
1.21791015625 
1.1464257812499998 
1.1505273437499999 
1.08314453125 
1.1950585937500002 
1.22025390625 
1.2132226562500001 
1.13646484375 
0.9800195312500001 
1.2659570312500001 
1.2583398437500002 
1.2395898437500001 
1.22611328125 
1.3263085937500003 
1.14291015625 
1.2606835937500003 
0.8077539062499999 
1.07259765625 
1.16576171875 
1.1124414062499999 
1.3040429687500001 
1.2835351562500001 
1.30580078125 
1.19623046875 
1.25775390625 
0.94779296875 
1.38197265625 
1.0450585937500003 
1.31517578125 
1.0813867187500001 
0.7515039062499999 
1.1522851562499998 
1.1505273437499999 
1.0450585937500003 
1.1874414062499998 
1.24427734375 
0.5903710937499999 
1.2483789062500001 
1.2126367187500002 
1.2806054687500001 
0.8827539062499998 
0.8411523437499998 
1.30873046875 
1.2536523437500002 
1.3081445312500002 
0.93607421875 
1.17572265625 
1.2161523437500001 
0.6852929687499998 
1.21556640625 
1.17748046875 
1.13236328125 
1.2173242187500002 
1.2102929687500001 
1.41419921875 
1.10892578125 
1.14291015625 
0.9044335937499999 
0.9987695312499999 
1.2706445312500003 
1.1575585937500001 
0.8634179687499999 
1.31341796875 
1.3415429687500002 
1.2454492187500001 
1.2806054687500001 
1.1464257812499998 
0.8294335937499999 
1.25892578125 
1.24017578125 
1.15990234375 
1.2220117187500001 
1.3315820312500002 
1.17220703125 
1.31517578125 
1.13939453125 
1.3110742187500002 
0.7409570312499998 
0.96771484375 
0.8311914062499999 
1.3081445312500002 
1.2507226562500002 
0.97123046875 
1.2595117187500002 
0.97298828125 
1.2513085937500004 
1.2864648437500001 
1.13998046875 
1.31458984375 
1.14701171875 
0.8739648437499998 
0.9870507812499999 
1.4177148437500002 
1.23431640625 
0.91849609375 
1.31634765625 
1.2378320312500002 
1.3544335937500003 
1.09427734375 
1.25775390625 
1.17572265625 
1.3702539062499999 
1.18041015625 
1.15814453125 
1.15521484375 
1.16576171875 
1.2325585937500003 
0.9085351562499998 
0.8411523437499998 
1.18568359375 
1.3052148437500002 
1.05677734375 
1.20736328125 
0.98236328125 
1.2641992187500002 
1.14408203125 
1.1446679687499999 
1.22611328125 
1.2888085937500002 
1.22669921875 
1.2360742187500002 
1.24017578125 
1.36791015625 
1.02103515625 
1.1405664062499998 
1.16458984375 
1.2466210937500002 
0.8915429687499998 
1.20853515625 
1.18041015625 
1.15521484375 
1.17923828125 
1.2425195312500001 
0.95130859375 
1.11302734375 
0.92201171875 
1.2548242187500003 
1.2231835937500002 
0.8054101562499998 
1.31341796875 
1.11302734375 
1.02162109375 
1.16107421875 
0.91263671875 
1.18626953125 
0.91908203125 
1.1405664062499998 
1.13294921875 
1.13119140625 
1.40541015625 
1.2893945312500001 
1.13822265625 
1.10365234375 
1.1464257812499998 
1.07787109375 
1.32044921875 
1.2366601562500001 
0.6577539062499999 
0.8809960937499998 
1.15169921875 
0.8440820312499998 
1.26361328125 
1.4511132812499998 
0.9559960937499999 
1.12650390625 
0.8856835937499998 
1.2923242187500001 
1.15990234375 
1.16283203125 
0.8505273437499998 
1.30931640625 
1.41302734375 
1.2489648437500003 
1.27650390625 
1.17044921875 
1.39544921875 
1.20912109375 
1.28998046875 
1.20208984375 
1.24603515625 
1.2044335937500001 
0.9888085937499999 
1.2571679687500001 
1.13646484375 
0.9524804687499999 
1.2735742187500003 
0.8792382812499998 
1.19740234375 
1.20560546875 
1.41302734375 
0.7872460937499999 
1.2184960937500002 
0.7081445312499999 
0.8089257812499999 
1.25892578125 
1.1505273437499999 
1.2934960937500002 
1.52494140625 
0.7356835937499998 
0.8868554687499998 
0.9050195312499999 
1.2794335937500003 
1.22025390625 
1.22552734375 
1.30580078125 
1.16166015625 
1.2571679687500001 
1.0638085937500001 
1.2659570312500001 
1.40306640625 
1.11302734375 
1.05619140625 
1.39662109375 
1.43705078125 
1.2102929687500001 
1.22083984375 
1.01458984375 
1.16341796875 
1.13998046875 
1.41712890625 
1.13060546875 
1.18919921875 
0.7433007812499999 
1.14232421875 
1.1200585937500003 
1.27650390625 
1.2829492187500002 
1.15287109375 
0.9179101562499999 
1.17689453125 
1.1018945312500001 
1.2325585937500003 
1.14115234375 
1.2841210937500003 
0.7444726562499998 
1.19330078125 
1.22552734375 
0.8106835937499999 
1.2559960937500003 
0.8974023437499998 
1.37669921875 
1.2600976562500001 
1.2477929687500002 
1.08314453125 
1.10892578125 
1.2724023437500003 
1.1505273437499999 
1.15873046875 
0.9308007812500001 
1.12650390625 
1.39076171875 
1.34095703125 
1.10892578125 
0.6852929687499998 
1.21556640625 
0.8335351562499999 
1.5589257812500001 
1.18392578125 
1.12884765625 
1.22259765625 
0.92611328125 
1.1124414062499999 
1.5331445312500003 
1.1206445312500002 
1.24486328125 
1.2313867187500003 
1.1475976562499999 
0.91908203125 
1.2425195312500001 
1.22728515625 
