27 5 18 
1.31927734375 
1.12416015625 
1.20794921875 
1.37728515625 
1.31048828125 
1.3216210937500001 
1.23548828125 
1.3122460937500002 
1.2864648437500001 
1.16166015625 
1.21673828125 
0.7983789062499999 
1.20384765625 
1.2044335937500001 
1.20501953125 
0.92845703125 
1.21205078125 
1.01810546875 
1.26361328125 
1.03216796875 
1.03861328125 
1.2835351562500001 
1.2712304687500002 
1.2888085937500002 
1.30052734375 
1.2495507812500002 
1.24369140625 
0.8382226562499998 
1.0263085937500003 
1.3157617187500001 
1.21791015625 
1.31869140625 
1.24310546875 
1.09193359375 
0.7755273437499999 
1.2782617187500003 
0.9975976562499999 
1.2454492187500001 
1.2395898437500001 
1.2518945312500003 
0.9097070312499999 
1.17923828125 
1.2231835937500002 
1.31048828125 
1.2313867187500003 
1.16341796875 
1.2671289062500002 
1.2190820312500001 
1.2653710937500002 
1.2981835937500001 
0.96888671875 
1.20091796875 
1.15404296875 
1.20736328125 
1.32220703125 
1.23548828125 
1.3544335937500003 
1.2524804687500002 
1.30228515625 
1.20384765625 
0.8452539062499999 
1.03392578125 
1.11419921875 
1.08548828125 
1.1985742187500001 
0.6448632812499999 
1.3052148437500002 
1.3040429687500001 
1.1294335937500002 
1.1224023437500001 
1.26185546875 
1.18158203125 
1.01517578125 
1.32806640625 
0.8757226562499998 
1.2770898437500002 
0.93548828125 
0.6770898437499999 
1.24310546875 
1.20560546875 
1.2308007812500001 
1.28529296875 
0.6712304687499998 
1.0948632812499999 
1.15990234375 
1.2724023437500003 
1.3485742187500003 
1.2554101562500002 
1.23841796875 
1.3251367187500003 
1.19447265625 
1.22552734375 
1.28236328125 
1.21498046875 
1.3298242187500002 
1.23841796875 
1.35560546875 
1.31341796875 
1.36908203125 
1.2665429687500003 
1.2507226562500002 
1.20970703125 
1.20384765625 
1.3479882812500001 
1.2061914062499999 
1.21673828125 
1.3239648437500002 
1.00228515625 
1.2184960937500002 
1.2806054687500001 
0.8446679687499998 
1.2184960937500002 
1.20208984375 
1.20384765625 
1.2044335937500001 
1.20501953125 
1.2536523437500002 
1.2378320312500002 
1.23841796875 
1.3544335937500003 
1.15814453125 
1.2741601562500002 
1.2606835937500003 
1.31048828125 
1.31048828125 
1.2600976562500001 
1.20208984375 
1.2934960937500002 
1.25775390625 
1.20267578125 
1.08431640625 
1.2454492187500001 
1.2114648437500002 
1.38080078125 
1.2741601562500002 
1.22259765625 
1.19681640625 
1.0579492187500001 
1.1985742187500001 
1.29935546875 
1.2630273437500001 
1.1247460937500002 
1.28705078125 
1.29408203125 
1.29701171875 
0.8511132812499999 
1.2290429687500002 
1.33216796875 
1.31458984375 
1.20208984375 
0.93138671875 
1.2835351562500001 
0.8417382812499998 
1.0485742187500002 
1.05560546875 
1.09720703125 
1.2671289062500002 
0.9882226562499998 
0.6044335937499999 
0.6056054687499999 
1.26361328125 
1.2606835937500003 
1.3063867187500002 
1.2325585937500003 
1.22669921875 
1.19330078125 
1.31400390625 
1.13236328125 
1.24134765625 
1.17748046875 
1.32103515625 
1.2835351562500001 
1.32923828125 
1.2554101562500002 
1.29876953125 
1.28529296875 
1.2694726562500003 
1.26185546875 
0.8458398437499999 
1.2325585937500003 
1.13646484375 
1.0520898437500001 
1.29466796875 
1.35619140625 
0.8868554687499998 
1.2677148437500003 
1.2565820312500002 
1.13294921875 
1.08607421875 
1.1253320312500001 
0.97474609375 
1.18509765625 
0.8850976562499998 
1.3157617187500001 
1.08783203125 
1.24017578125 
1.2366601562500001 
1.06966796875 
1.3421289062500001 
1.2044335937500001 
1.3069726562500001 
1.2173242187500002 
1.14291015625 
1.2407617187500002 
1.17162109375 
1.30287109375 
1.19681640625 
1.20267578125 
1.10306640625 
0.7227929687499998 
1.29759765625 
0.8692773437499999 
1.28822265625 
1.3456445312500003 
0.7257226562499998 
1.20208984375 
1.3157617187500001 
1.21087890625 
1.22142578125 
1.20736328125 
1.2554101562500002 
0.95892578125 
1.12708984375 
1.2161523437500001 
1.2044335937500001 
1.2782617187500003 
1.0298242187500002 
1.2518945312500003 
1.24486328125 
0.92494140625 
0.91205078125 
1.3450585937500004 
1.2548242187500003 
1.3286523437500002 
1.20677734375 
1.13822265625 
1.2981835937500001 
0.94955078125 
1.1059960937500002 
1.2477929687500002 
1.2536523437500002 
1.0450585937500003 
1.2325585937500003 
1.1106835937500001 
1.2835351562500001 
1.2325585937500003 
1.24369140625 
1.26244140625 
1.2138085937500003 
1.28822265625 
0.9858789062499999 
1.2483789062500001 
1.2630273437500001 
1.20736328125 
1.37552734375 
1.2548242187500003 
1.2606835937500003 
1.36087890625 
0.8136132812499999 
1.2659570312500001 
0.8417382812499998 
1.2173242187500002 
1.2407617187500002 
1.28705078125 
1.17337890625 
1.12884765625 
1.14232421875 
1.2694726562500003 
1.2612695312500002 
1.2126367187500002 
1.3579492187500002 
1.2190820312500001 
1.23548828125 
1.2132226562500001 
1.2806054687500001 
1.21498046875 
1.2683007812500002 
1.2794335937500003 
1.32806640625 
1.31986328125 
1.10541015625 
1.11302734375 
1.2600976562500001 
1.29701171875 
1.16693359375 
1.06029296875 
1.18919921875 
1.3274804687500001 
1.06029296875 
1.1165429687500001 
1.33978515625 
0.9425195312500001 
0.96361328125 
1.3268945312500002 
1.1681054687499999 
1.1698632812499998 
1.20091796875 
1.2366601562500001 
1.25775390625 
1.29642578125 
