29 5 16 
1.3169335937500002 
1.29525390625 
1.2489648437500003 
1.2138085937500003 
1.29408203125 
1.29876953125 
1.2542382812500001 
1.11419921875 
1.2302148437500002 
1.2595117187500002 
1.20794921875 
1.32923828125 
1.12884765625 
1.2565820312500002 
1.20501953125 
1.36732421875 
1.15404296875 
1.00404296875 
1.2501367187500003 
1.2700585937500004 
1.01166015625 
1.16458984375 
0.7397851562499997 
1.1200585937500003 
1.2278710937500001 
1.2372460937500003 
1.22435546875 
1.20208984375 
1.2893945312500001 
1.2518945312500003 
1.22142578125 
1.2876367187500002 
1.11126953125 
1.2817773437500002 
1.2888085937500002 
1.24017578125 
1.22376953125 
1.00580078125 
1.29583984375 
1.2536523437500002 
1.20912109375 
1.20091796875 
1.2677148437500003 
1.1640039062499998 
1.21498046875 
1.1294335937500002 
1.2864648437500001 
1.0186914062499999 
1.08080078125 
1.11830078125 
1.2360742187500002 
1.2143945312500002 
1.19447265625 
1.2595117187500002 
1.2536523437500002 
1.20501953125 
1.1985742187500001 
1.23548828125 
1.25306640625 
1.2829492187500002 
1.08666015625 
1.2782617187500003 
1.28529296875 
1.09427734375 
1.1938867187500002 
0.8663476562499999 
1.36966796875 
1.11419921875 
0.8036523437499998 
1.2759179687500002 
1.2173242187500002 
1.2507226562500002 
1.2847070312500002 
1.2782617187500003 
1.3157617187500001 
1.2308007812500001 
1.2817773437500002 
1.2981835937500001 
1.2143945312500002 
1.2061914062499999 
1.2407617187500002 
1.2231835937500002 
1.3040429687500001 
1.34095703125 
1.30873046875 
1.23841796875 
1.22845703125 
1.2337304687500001 
1.14408203125 
1.07318359375 
1.2934960937500002 
1.22494140625 
0.9999414062499997 
1.2419335937500002 
1.2419335937500002 
1.2278710937500001 
1.31986328125 
1.22259765625 
1.36673828125 
0.6952539062499998 
1.13177734375 
1.0257226562500001 
1.2606835937500003 
0.91146484375 
1.2806054687500001 
1.28587890625 
1.1686914062499998 
1.2835351562500001 
1.21966796875 
1.14115234375 
1.3099023437500001 
1.2425195312500001 
1.20853515625 
1.1522851562499998 
1.14349609375 
0.6964257812499999 
0.8891992187499997 
0.8886132812499998 
1.15873046875 
1.05970703125 
1.22025390625 
1.22259765625 
1.16107421875 
1.02748046875 
1.21556640625 
1.1493554687499998 
1.10423828125 
1.03275390625 
1.3227929687500002 
1.2454492187500001 
1.14583984375 
1.30287109375 
1.32103515625 
1.2477929687500002 
1.2126367187500002 
1.30169921875 
0.96712890625 
1.2788476562500002 
1.2495507812500002 
1.2308007812500001 
0.8317773437499999 
1.21205078125 
1.03041015625 
1.22728515625 
1.2776757812500001 
1.2161523437500001 
1.37142578125 
1.2600976562500001 
1.2132226562500001 
1.26185546875 
1.2132226562500001 
1.34095703125 
1.2841210937500003 
1.19330078125 
1.2724023437500003 
0.96009765625 
1.24720703125 
1.19095703125 
1.2595117187500002 
1.32044921875 
1.2495507812500002 
1.28119140625 
1.0702539062499998 
1.2536523437500002 
1.22259765625 
1.10072265625 
0.8745507812499999 
1.42767578125 
1.2102929687500001 
1.01458984375 
0.9964257812499999 
1.26185546875 
1.3438867187500003 
1.3391992187500001 
1.0239648437500002 
1.21087890625 
1.22611328125 
1.20150390625 
1.1698632812499998 
1.22435546875 
1.16576171875 
0.8944726562499998 
1.2477929687500002 
1.1686914062499998 
1.3520898437500002 
1.2688867187500004 
1.2934960937500002 
1.31751953125 
1.1165429687500001 
1.3052148437500002 
1.3309960937500003 
1.2700585937500004 
1.41302734375 
0.95833984375 
1.31458984375 
1.29701171875 
1.20267578125 
1.09134765625 
1.05853515625 
1.3227929687500002 
1.29115234375 
1.3403710937500002 
1.2665429687500003 
1.3761132812499999 
1.22845703125 
1.2349023437500002 
1.2735742187500003 
1.22552734375 
1.3520898437500002 
1.29935546875 
1.14291015625 
1.2753320312500003 
1.2495507812500002 
1.20853515625 
1.2419335937500002 
1.2806054687500001 
1.34681640625 
1.2366601562500001 
1.26361328125 
1.28119140625 
1.2395898437500001 
0.7731835937499999 
1.1405664062499998 
1.21966796875 
1.16927734375 
1.14115234375 
1.2132226562500001 
1.20033203125 
1.07669921875 
1.20326171875 
1.36908203125 
1.22083984375 
1.3479882812500001 
1.2138085937500003 
0.6501367187499998 
1.2366601562500001 
0.92904296875 
1.29876953125 
1.17455078125 
1.3438867187500003 
0.96654296875 
0.8288476562499999 
1.20267578125 
1.22025390625 
1.28587890625 
1.1950585937500002 
1.2729882812500002 
1.3274804687500001 
0.8938867187499998 
1.2753320312500003 
1.18158203125 
1.22435546875 
1.29525390625 
0.7643945312499999 
1.2888085937500002 
1.18392578125 
0.9952539062499999 
1.10775390625 
0.8247460937499999 
1.09134765625 
1.3128320312500001 
1.21498046875 
1.32220703125 
0.8253320312499999 
1.1956445312500001 
1.29642578125 
1.20736328125 
1.05384765625 
1.0450585937500003 
0.8774804687499997 
1.1985742187500001 
1.2102929687500001 
1.31400390625 
1.2495507812500002 
1.34681640625 
1.2489648437500003 
1.22494140625 
1.3216210937500001 
0.8569726562499999 
1.2378320312500002 
1.3503320312500002 
1.0110742187500001 
1.2425195312500001 
1.12767578125 
1.2542382812500001 
1.24720703125 
1.20326171875 
1.2671289062500002 
1.0591210937500002 
1.20912109375 
1.16048828125 
1.19916015625 
1.25775390625 
1.2724023437500003 
1.10365234375 
1.2817773437500002 
1.00052734375 
1.22845703125 
0.8681054687499998 
1.1534570312499999 
