30 5 15 
0.8475976562499998 
1.30931640625 
1.31048828125 
1.19154296875 
1.29525390625 
1.06029296875 
1.2454492187500001 
1.2308007812500001 
0.7790429687499999 
1.31166015625 
1.20033203125 
1.2583398437500002 
1.21556640625 
1.2173242187500002 
1.20853515625 
1.21087890625 
1.08548828125 
0.8288476562499999 
1.1235742187500002 
1.20736328125 
1.2184960937500002 
1.22376953125 
1.2302148437500002 
1.2724023437500003 
1.22083984375 
1.2518945312500003 
1.0749414062499998 
1.2548242187500003 
0.6108789062499999 
1.3433007812500002 
1.2923242187500001 
1.20091796875 
1.1927148437500001 
1.2161523437500001 
1.2220117187500001 
1.22435546875 
1.2337304687500001 
1.2378320312500002 
1.1200585937500003 
1.2559960937500003 
1.18685546875 
1.0186914062499999 
1.29935546875 
1.31869140625 
1.2718164062500001 
1.29115234375 
1.32337890625 
1.2489648437500003 
0.8856835937499998 
1.14349609375 
1.21205078125 
1.2542382812500001 
0.9302148437500001 
1.1640039062499998 
1.17337890625 
1.2143945312500002 
1.19916015625 
1.25775390625 
1.37845703125 
0.8985742187499998 
1.11712890625 
0.94779296875 
1.01166015625 
1.0989648437500001 
0.91029296875 
1.24369140625 
1.2126367187500002 
1.20794921875 
1.3474023437500002 
1.08373046875 
1.2800195312500002 
1.2741601562500002 
1.1950585937500002 
1.07201171875 
0.9946679687499999 
1.2360742187500002 
1.31166015625 
1.09720703125 
1.2190820312500001 
1.2864648437500001 
0.6952539062499998 
1.2835351562500001 
0.96888671875 
1.2782617187500003 
1.2313867187500003 
1.1985742187500001 
1.2671289062500002 
1.29291015625 
1.2893945312500001 
1.3315820312500002 
1.2688867187500004 
1.20150390625 
1.3474023437500002 
1.1681054687499999 
0.8265039062499999 
1.0520898437500001 
1.3274804687500001 
1.01283203125 
1.2782617187500003 
1.2372460937500003 
0.97591796875 
1.22962890625 
1.19154296875 
1.1710351562499999 
1.19212890625 
1.22494140625 
1.2864648437500001 
0.8505273437499998 
1.0450585937500003 
1.2419335937500002 
1.18626953125 
1.28705078125 
1.2190820312500001 
1.16927734375 
1.38841796875 
1.21791015625 
1.27650390625 
1.2782617187500003 
1.07552734375 
1.2061914062499999 
1.20677734375 
0.6032617187499999 
1.02806640625 
1.22962890625 
1.25306640625 
1.29056640625 
0.9929101562499998 
1.2331445312500002 
1.29115234375 
1.26244140625 
1.28822265625 
1.2747460937500004 
1.2677148437500003 
1.13529296875 
1.20677734375 
1.18978515625 
1.2483789062500001 
1.2126367187500002 
0.7556054687499998 
1.29466796875 
0.7761132812499999 
1.26478515625 
1.2126367187500002 
1.2718164062500001 
1.2612695312500002 
1.2888085937500002 
1.1206445312500002 
1.2044335937500001 
1.21556640625 
1.29759765625 
1.3309960937500003 
1.20091796875 
1.16693359375 
1.30345703125 
1.20912109375 
1.22376953125 
1.2776757812500001 
1.31166015625 
1.2759179687500002 
1.2595117187500002 
1.2126367187500002 
1.26361328125 
1.29056640625 
1.0110742187500001 
1.26361328125 
1.2554101562500002 
1.3063867187500002 
0.7140039062499999 
1.2735742187500003 
0.8587304687499998 
1.1464257812499998 
1.2735742187500003 
1.3421289062500001 
1.2665429687500003 
1.05677734375 
0.9993554687499997 
0.6466210937499999 
1.2817773437500002 
1.3081445312500002 
1.17396484375 
1.3315820312500002 
1.2776757812500001 
1.2800195312500002 
1.2542382812500001 
1.08666015625 
1.2366601562500001 
1.16576171875 
1.17748046875 
1.3263085937500003 
1.2518945312500003 
1.13177734375 
1.2653710937500002 
1.10306640625 
1.23548828125 
1.2565820312500002 
1.29408203125 
1.2536523437500002 
1.23548828125 
1.30228515625 
0.6934960937499998 
1.19330078125 
1.17396484375 
0.9981835937499999 
1.27650390625 
1.24427734375 
1.17689453125 
1.13001953125 
1.17689453125 
1.19798828125 
1.08548828125 
0.8546289062499999 
0.9929101562499998 
1.28587890625 
1.1206445312500002 
1.22376953125 
1.3509179687500001 
1.2753320312500003 
1.2138085937500003 
1.2308007812500001 
1.20794921875 
1.2337304687500001 
1.33216796875 
1.0989648437500001 
1.1985742187500001 
1.05091796875 
1.20208984375 
1.2934960937500002 
0.7989648437499999 
1.31927734375 
0.8891992187499997 
1.1950585937500002 
1.16927734375 
1.2770898437500002 
1.2671289062500002 
1.1681054687499999 
1.3081445312500002 
1.2641992187500002 
1.2794335937500003 
1.3169335937500002 
1.2548242187500003 
1.2536523437500002 
0.98470703125 
1.2847070312500002 
1.2542382812500001 
1.20384765625 
1.3550195312500002 
1.22259765625 
1.3567773437500001 
1.3362695312500001 
1.31400390625 
1.0743554687499999 
1.1686914062499998 
1.2349023437500002 
1.22494140625 
1.1927148437500001 
1.10541015625 
1.21556640625 
1.10951171875 
1.2501367187500003 
1.40716796875 
0.9999414062499997 
1.2700585937500004 
1.2407617187500002 
1.25892578125 
1.29935546875 
0.7655664062499998 
1.28998046875 
1.3438867187500003 
0.9858789062499999 
1.3216210937500001 
1.2612695312500002 
1.30580078125 
1.3450585937500004 
1.2349023437500002 
1.2612695312500002 
1.2507226562500002 
1.2143945312500002 
1.22845703125 
0.6823632812499999 
1.1956445312500001 
1.15462890625 
1.2138085937500003 
1.30873046875 
1.0550195312500001 
0.8311914062499999 
0.8077539062499999 
1.3110742187500002 
1.15580078125 
1.31751953125 
1.1405664062499998 
1.21498046875 
1.20912109375 
0.91673828125 
1.2847070312500002 
1.2559960937500003 
1.2735742187500003 
1.2395898437500001 
1.1511132812499998 
1.18392578125 
1.31810546875 
