31 5 14 
1.2641992187500002 
1.2612695312500002 
1.35560546875 
1.2806054687500001 
0.7708398437499999 
1.2683007812500002 
1.20853515625 
1.2302148437500002 
1.29876953125 
1.19798828125 
1.07904296875 
1.2653710937500002 
1.29408203125 
1.3239648437500002 
0.7368554687499997 
1.01634765625 
1.2706445312500003 
1.2325585937500003 
1.2788476562500002 
1.2454492187500001 
1.20794921875 
1.2741601562500002 
1.13646484375 
1.16634765625 
1.2735742187500003 
1.15462890625 
1.2220117187500001 
0.8306054687499999 
1.07669921875 
1.33685546875 
1.24134765625 
0.8651757812499999 
1.0433007812500001 
1.27650390625 
1.2829492187500002 
1.22669921875 
1.2190820312500001 
1.03333984375 
1.2114648437500002 
1.27650390625 
1.39310546875 
1.2782617187500003 
0.9917382812499999 
1.20208984375 
1.2688867187500004 
1.26244140625 
1.29056640625 
1.2600976562500001 
1.2612695312500002 
0.92083984375 
1.3638085937500002 
1.2706445312500003 
1.22376953125 
0.7333398437499998 
1.02455078125 
1.18919921875 
1.28587890625 
1.15404296875 
1.2395898437500001 
1.2688867187500004 
1.20794921875 
1.24486328125 
1.2536523437500002 
1.1874414062499998 
1.29291015625 
1.22025390625 
1.2513085937500004 
1.00931640625 
1.1686914062499998 
1.21498046875 
1.20853515625 
1.2600976562500001 
1.24310546875 
1.12181640625 
1.18685546875 
1.2665429687500003 
1.11126953125 
1.3345117187500002 
1.2501367187500003 
1.22962890625 
1.0890039062499999 
1.19212890625 
1.3274804687500001 
1.08021484375 
1.2776757812500001 
1.2378320312500002 
1.05560546875 
1.17689453125 
1.2841210937500003 
1.2893945312500001 
1.1956445312500001 
1.2349023437500002 
1.07787109375 
0.9501367187499999 
1.16048828125 
1.0702539062499998 
0.98412109375 
1.27650390625 
1.2683007812500002 
1.30462890625 
1.24486328125 
1.11361328125 
1.2231835937500002 
1.2518945312500003 
1.2395898437500001 
1.2313867187500003 
1.21966796875 
1.0532617187500002 
1.22376953125 
1.3251367187500003 
1.2302148437500002 
1.3251367187500003 
1.2554101562500002 
1.2888085937500002 
0.8347070312499999 
1.1499414062499997 
1.24486328125 
1.2565820312500002 
1.3509179687500001 
0.8446679687499998 
0.8347070312499999 
1.35736328125 
1.2888085937500002 
1.2061914062499999 
1.2319726562500002 
1.14583984375 
1.1809960937500001 
1.2378320312500002 
1.2600976562500001 
1.2524804687500002 
1.2313867187500003 
1.22259765625 
1.0239648437500002 
0.7708398437499999 
1.22435546875 
1.3075585937500003 
1.2829492187500002 
1.18509765625 
1.0462304687500001 
1.1763085937500002 
1.2466210937500002 
1.2583398437500002 
0.9893945312499999 
1.2706445312500003 
1.20384765625 
1.2337304687500001 
1.21966796875 
1.2372460937500003 
1.1165429687500001 
1.29115234375 
1.14291015625 
1.22025390625 
1.2548242187500003 
0.7948632812499999 
1.2548242187500003 
1.28529296875 
1.2653710937500002 
0.8944726562499998 
1.2489648437500003 
1.33861328125 
1.18216796875 
1.17044921875 
1.22728515625 
1.2524804687500002 
1.06146484375 
1.2360742187500002 
1.32220703125 
1.2138085937500003 
1.3550195312500002 
1.2518945312500003 
1.26478515625 
1.2829492187500002 
1.2770898437500002 
1.29583984375 
1.2653710937500002 
1.30580078125 
1.2571679687500001 
1.21791015625 
0.9864648437499999 
1.29876953125 
0.79017578125 
1.1282617187500001 
1.26478515625 
1.22552734375 
1.11419921875 
1.25892578125 
1.00404296875 
1.3110742187500002 
1.22669921875 
1.2571679687500001 
1.1956445312500001 
1.14408203125 
1.29759765625 
1.16224609375 
1.3110742187500002 
1.11419921875 
1.29583984375 
1.2565820312500002 
1.20267578125 
1.2290429687500002 
1.2524804687500002 
1.2606835937500003 
1.2161523437500001 
1.23841796875 
0.8106835937499999 
1.1956445312500001 
1.31341796875 
1.22376953125 
1.3040429687500001 
1.2173242187500002 
1.30873046875 
1.29466796875 
1.20560546875 
1.14349609375 
1.2290429687500002 
1.22845703125 
1.31869140625 
1.23841796875 
0.8663476562499999 
1.2829492187500002 
0.9026757812499999 
1.08548828125 
0.8136132812499999 
1.1874414062499998 
1.30287109375 
1.2278710937500001 
1.29291015625 
1.02455078125 
1.28119140625 
0.9911523437499998 
1.2489648437500003 
1.22552734375 
1.2308007812500001 
1.24603515625 
1.29525390625 
1.2483789062500001 
1.36439453125 
0.6390039062499999 
1.08607421875 
0.9038476562499999 
1.24603515625 
1.2747460937500004 
1.3520898437500002 
1.22552734375 
0.9952539062499999 
1.33978515625 
1.3391992187500001 
1.2507226562500002 
1.22142578125 
1.20677734375 
1.4018945312500002 
1.2102929687500001 
1.2841210937500003 
1.20384765625 
1.2495507812500002 
0.7585351562499998 
1.31634765625 
1.16107421875 
1.24017578125 
1.1247460937500002 
1.1235742187500002 
1.2542382812500001 
1.2507226562500002 
1.2425195312500001 
1.2847070312500002 
0.8815820312499998 
1.28998046875 
1.19154296875 
1.2671289062500002 
0.9073632812499999 
1.19916015625 
1.2735742187500003 
0.8417382812499998 
1.2190820312500001 
1.1124414062499999 
1.1686914062499998 
1.2724023437500003 
1.2747460937500004 
1.1013085937500002 
1.24310546875 
1.30931640625 
1.26244140625 
1.26361328125 
1.31986328125 
1.23431640625 
1.29115234375 
1.28529296875 
0.6993554687499998 
1.2876367187500002 
1.2308007812500001 
1.20091796875 
1.08373046875 
0.9173242187499999 
1.2677148437500003 
1.01810546875 
1.2126367187500002 
1.29056640625 
1.35619140625 
1.20208984375 
1.30931640625 
