37 5 8 
1.3099023437500001 
1.22376953125 
1.1751367187500001 
1.2706445312500003 
1.14818359375 
1.2507226562500002 
1.0433007812500001 
1.2325585937500003 
1.2325585937500003 
1.21556640625 
1.2524804687500002 
1.21966796875 
1.10541015625 
1.22552734375 
1.13822265625 
1.2683007812500002 
1.12650390625 
1.31634765625 
1.28587890625 
1.3485742187500003 
1.20794921875 
1.2542382812500001 
1.32923828125 
1.28529296875 
1.22259765625 
1.13646484375 
1.35560546875 
1.2565820312500002 
1.2542382812500001 
1.05853515625 
1.20384765625 
1.2395898437500001 
1.29642578125 
1.22376953125 
1.2143945312500002 
1.2999414062499999 
0.7204492187499998 
0.96126953125 
1.22376953125 
1.29876953125 
1.30287109375 
1.0936914062499998 
1.2753320312500003 
1.2231835937500002 
1.2325585937500003 
1.31927734375 
0.97591796875 
1.13470703125 
1.29173828125 
1.2923242187500001 
1.30052734375 
1.16458984375 
1.06029296875 
1.30052734375 
1.2542382812500001 
1.22669921875 
1.1956445312500001 
1.24310546875 
1.16283203125 
1.2864648437500001 
1.35619140625 
1.2161523437500001 
1.33978515625 
1.20794921875 
1.13998046875 
1.26478515625 
1.17982421875 
1.15873046875 
1.2817773437500002 
1.2770898437500002 
1.2747460937500004 
1.2349023437500002 
0.59330078125 
0.8077539062499999 
0.8599023437499999 
1.03275390625 
1.2290429687500002 
1.2495507812500002 
0.91205078125 
1.2800195312500002 
1.2864648437500001 
1.2759179687500002 
1.2806054687500001 
1.2718164062500001 
1.15990234375 
1.09427734375 
1.1686914062499998 
1.28822265625 
1.08373046875 
1.23431640625 
1.2999414062499999 
1.2360742187500002 
1.3356835937500002 
1.2659570312500001 
1.2489648437500003 
1.09544921875 
0.9987695312499999 
1.04095703125 
1.2923242187500001 
1.24603515625 
1.15697265625 
1.33216796875 
1.2706445312500003 
1.2454492187500001 
1.32923828125 
1.2184960937500002 
1.2407617187500002 
1.1235742187500002 
1.06205078125 
1.2583398437500002 
1.1938867187500002 
1.28998046875 
1.24369140625 
1.21205078125 
1.2349023437500002 
1.20091796875 
1.2688867187500004 
1.22845703125 
0.91556640625 
1.2829492187500002 
1.15814453125 
1.0749414062499998 
1.05267578125 
1.09251953125 
1.31869140625 
1.2923242187500001 
1.2278710937500001 
1.2419335937500002 
1.29876953125 
1.1200585937500003 
1.10892578125 
1.3298242187500002 
1.23431640625 
1.19681640625 
1.10892578125 
1.20033203125 
0.8569726562499999 
1.23900390625 
1.2606835937500003 
1.30228515625 
1.29876953125 
1.2659570312500001 
1.03919921875 
1.28998046875 
1.2513085937500004 
1.21087890625 
1.08783203125 
1.22142578125 
0.8329492187499998 
1.2759179687500002 
1.15814453125 
1.30287109375 
1.2126367187500002 
1.3345117187500002 
1.2999414062499999 
1.18041015625 
1.2612695312500002 
1.18626953125 
1.18568359375 
1.22376953125 
1.2395898437500001 
1.2173242187500002 
1.2501367187500003 
1.3438867187500003 
1.32044921875 
1.2641992187500002 
0.9929101562499998 
1.0052148437500001 
0.8886132812499998 
0.8616601562499998 
1.2559960937500003 
1.20912109375 
1.05853515625 
1.1827539062499999 
0.92728515625 
1.10248046875 
1.0497460937500003 
1.08958984375 
1.3081445312500002 
1.13939453125 
1.1997460937500002 
1.18802734375 
1.2501367187500003 
1.2835351562500001 
1.2981835937500001 
1.1446679687499999 
0.95130859375 
1.2313867187500003 
1.1874414062499998 
1.11712890625 
0.7468164062499998 
1.13880859375 
1.20150390625 
1.20150390625 
1.21498046875 
1.2630273437500001 
0.8675195312499999 
1.2507226562500002 
1.2671289062500002 
1.18041015625 
1.2794335937500003 
1.16634765625 
1.21087890625 
1.33216796875 
0.9091210937499998 
0.8745507812499999 
1.30287109375 
1.24017578125 
1.1985742187500001 
1.25306640625 
1.20677734375 
1.2659570312500001 
1.2161523437500001 
1.2419335937500002 
1.42298828125 
1.00462890625 
1.02103515625 
1.27650390625 
1.2759179687500002 
1.22494140625 
1.2671289062500002 
1.06791015625 
1.29408203125 
1.1522851562499998 
0.96654296875 
1.2190820312500001 
1.2132226562500001 
1.1751367187500001 
1.2893945312500001 
1.08548828125 
1.2489648437500003 
0.94837890625 
1.18802734375 
0.94720703125 
1.2477929687500002 
1.10951171875 
0.9395898437500001 
1.27650390625 
1.2782617187500003 
1.3520898437500002 
1.22142578125 
1.3040429687500001 
1.2454492187500001 
1.0749414062499998 
1.28587890625 
1.3099023437500001 
1.31048828125 
1.29759765625 
1.31341796875 
1.2653710937500002 
1.2143945312500002 
1.20326171875 
1.2653710937500002 
1.13880859375 
1.29115234375 
1.2817773437500002 
1.29056640625 
1.32044921875 
1.05384765625 
1.22435546875 
1.2360742187500002 
1.3257226562500002 
1.2536523437500002 
0.98119140625 
1.0948632812499999 
1.36322265625 
1.2788476562500002 
1.13705078125 
1.11009765625 
1.07845703125 
1.2688867187500004 
0.7913476562499999 
1.3169335937500002 
1.2425195312500001 
0.92962890625 
1.02748046875 
1.26185546875 
1.2313867187500003 
1.18041015625 
1.33216796875 
1.2513085937500004 
1.20912109375 
1.2395898437500001 
1.20677734375 
1.32923828125 
1.08841796875 
1.2753320312500003 
1.2061914062499999 
0.9085351562499998 
1.2425195312500001 
1.2559960937500003 
1.2477929687500002 
1.19740234375 
1.24134765625 
1.3356835937500002 
1.2554101562500002 
1.28822265625 
1.20384765625 
1.2132226562500001 
1.1493554687499998 
