2 6 42 
1.5425195312500002 
1.2847070312500002 
1.3403710937500002 
1.3497460937500003 
1.2718164062500001 
1.2337304687500001 
1.2665429687500003 
1.24427734375 
1.2718164062500001 
1.28998046875 
1.2231835937500002 
1.4235742187500002 
1.2712304687500002 
1.28529296875 
1.46634765625 
1.3063867187500002 
1.22962890625 
1.31517578125 
1.2724023437500003 
1.22494140625 
1.3157617187500001 
1.46810546875 
1.33802734375 
1.3391992187500001 
1.2864648437500001 
1.3462304687500002 
1.3497460937500003 
1.2606835937500003 
1.4341210937500002 
1.51673828125 
1.30580078125 
1.2138085937500003 
1.37142578125 
1.21791015625 
1.2630273437500001 
1.49212890625 
1.37376953125 
1.3257226562500002 
1.3251367187500003 
1.26478515625 
1.41009765625 
1.1640039062499998 
1.43822265625 
1.47865234375 
1.2677148437500003 
1.21791015625 
1.24369140625 
1.39603515625 
1.2759179687500002 
1.3263085937500003 
1.4950585937500003 
1.29525390625 
1.2571679687500001 
1.29642578125 
1.2308007812500001 
1.2489648437500003 
1.4065820312500001 
1.36498046875 
1.48216796875 
1.28705078125 
1.3075585937500003 
1.37142578125 
1.2571679687500001 
1.2829492187500002 
1.3362695312500001 
1.2477929687500002 
1.2923242187500001 
1.44115234375 
1.3919335937500001 
1.29876953125 
1.3286523437500002 
1.3479882812500001 
1.39662109375 
1.3550195312500002 
1.3591210937500002 
1.2835351562500001 
1.24310546875 
1.2319726562500002 
1.41419921875 
1.2835351562500001 
1.48216796875 
1.2712304687500002 
1.38431640625 
1.3069726562500001 
1.29056640625 
1.2794335937500003 
1.31751953125 
1.36146484375 
1.2712304687500002 
1.2694726562500003 
1.2501367187500003 
1.35736328125 
1.3169335937500002 
1.2770898437500002 
1.3081445312500002 
1.21791015625 
1.2729882812500002 
1.22611328125 
1.38841796875 
1.21556640625 
1.3122460937500002 
1.3110742187500002 
1.2788476562500002 
1.4095117187500001 
1.26478515625 
1.2612695312500002 
1.26478515625 
1.22259765625 
1.2770898437500002 
1.3444726562500002 
1.2513085937500004 
1.2220117187500001 
1.4499414062499998 
1.2718164062500001 
1.2231835937500002 
1.29173828125 
1.2981835937500001 
1.30931640625 
1.3544335937500003 
1.5126367187500003 
1.13001953125 
1.20091796875 
1.3099023437500001 
1.2161523437500001 
1.22083984375 
1.3345117187500002 
1.38783203125 
1.47572265625 
1.39955078125 
1.2753320312500003 
1.31458984375 
1.2776757812500001 
1.3479882812500001 
1.2999414062499999 
1.3919335937500001 
1.47806640625 
1.2138085937500003 
1.22728515625 
1.3684960937500001 
1.2934960937500002 
1.2981835937500001 
1.2606835937500003 
1.50267578125 
1.52845703125 
1.2888085937500002 
1.4036523437500001 
1.2290429687500002 
1.39251953125 
1.4013085937500003 
1.38548828125 
1.21205078125 
1.21556640625 
1.52259765625 
1.31927734375 
1.2331445312500002 
1.2583398437500002 
1.3274804687500001 
1.4511132812499998 
1.29935546875 
1.3169335937500002 
1.2425195312500001 
1.2706445312500003 
1.3274804687500001 
1.2700585937500004 
1.26478515625 
1.4206445312500002 
1.30111328125 
1.3391992187500001 
1.4235742187500002 
1.29642578125 
1.24017578125 
1.2671289062500002 
1.31048828125 
1.37904296875 
1.31869140625 
1.2817773437500002 
1.36732421875 
1.2231835937500002 
1.42298828125 
1.3075585937500003 
1.3532617187500002 
1.51087890625 
1.1997460937500002 
1.20384765625 
1.23431640625 
1.29466796875 
1.39603515625 
1.2741601562500002 
1.36732421875 
1.40248046875 
1.2735742187500003 
1.24603515625 
1.43236328125 
1.2606835937500003 
1.3509179687500001 
1.27650390625 
1.45814453125 
1.1640039062499998 
1.21791015625 
1.3257226562500002 
1.22669921875 
1.3216210937500001 
1.3813867187500002 
1.3831445312500001 
1.15580078125 
1.29876953125 
1.29408203125 
1.3597070312500001 
1.30462890625 
1.2794335937500003 
1.2706445312500003 
1.52435546875 
1.28119140625 
1.18451171875 
1.1493554687499998 
1.4153710937500001 
1.14583984375 
1.35736328125 
1.16341796875 
1.2548242187500003 
1.3063867187500002 
1.3274804687500001 
1.52494140625 
1.2794335937500003 
1.3497460937500003 
1.3989648437500002 
1.28705078125 
1.31634765625 
1.30052734375 
1.44115234375 
1.26361328125 
1.45169921875 
1.3509179687500001 
1.3532617187500002 
1.22611328125 
1.28998046875 
1.4048242187500002 
1.29056640625 
1.2308007812500001 
1.33216796875 
1.38841796875 
1.15697265625 
1.2847070312500002 
1.31048828125 
1.36556640625 
1.28998046875 
1.2495507812500002 
1.3450585937500004 
1.22376953125 
1.2102929687500001 
1.3245507812500001 
1.2548242187500003 
1.2806054687500001 
1.2606835937500003 
1.39955078125 
1.2659570312500001 
1.2466210937500002 
1.3538476562500001 
1.2934960937500002 
1.3427148437500003 
1.22845703125 
1.29115234375 
1.4640039062499999 
1.5044335937500002 
1.38841796875 
1.35619140625 
1.36556640625 
1.2741601562500002 
1.2308007812500001 
1.2513085937500004 
1.2290429687500002 
1.21556640625 
1.2606835937500003 
1.31341796875 
1.2173242187500002 
1.2753320312500003 
1.36556640625 
1.2712304687500002 
1.2735742187500003 
1.3532617187500002 
1.3069726562500001 
1.3274804687500001 
1.29583984375 
1.3081445312500002 
1.2220117187500001 
1.3309960937500003 
1.48626953125 
1.2718164062500001 
1.5296289062500001 
1.29583984375 
1.28822265625 
1.2513085937500004 
1.3128320312500001 
1.37904296875 
1.3444726562500002 
1.30169921875 
1.3485742187500003 
1.21087890625 
1.3509179687500001 
1.36673828125 
