24 6 20 
0.9899804687499998 
0.9618554687499999 
1.19212890625 
0.91966796875 
1.41244140625 
0.9032617187499998 
0.7878320312499999 
1.22376953125 
1.1593164062499999 
1.1763085937500002 
1.1341210937500001 
1.1698632812499998 
1.2319726562500002 
1.39251953125 
1.0936914062499998 
1.09310546875 
1.3597070312500001 
1.24603515625 
1.32044921875 
1.2507226562500002 
0.8856835937499998 
0.97533203125 
1.19154296875 
1.2659570312500001 
1.24369140625 
1.22669921875 
1.2876367187500002 
1.2747460937500004 
0.91908203125 
1.2278710937500001 
1.02103515625 
0.97181640625 
1.2735742187500003 
1.29056640625 
1.19740234375 
1.0356835937500002 
1.06498046875 
1.1950585937500002 
1.21966796875 
0.8089257812499999 
1.2677148437500003 
0.8874414062499998 
0.9097070312499999 
1.1698632812499998 
1.3286523437500002 
0.9038476562499999 
1.2319726562500002 
1.38373046875 
1.26361328125 
1.1018945312500001 
1.0989648437500001 
1.3403710937500002 
1.2518945312500003 
1.0890039062499999 
1.21498046875 
1.21791015625 
1.22494140625 
0.9934960937499998 
1.02748046875 
0.97591796875 
0.97181640625 
1.0227929687500001 
1.16166015625 
1.2641992187500002 
0.6284570312499999 
1.24134765625 
1.2559960937500003 
1.2366601562500001 
1.36615234375 
1.2542382812500001 
0.94369140625 
1.21087890625 
1.1505273437499999 
1.25892578125 
1.2278710937500001 
1.2753320312500003 
1.3802148437500001 
0.7731835937499999 
1.20091796875 
1.20736328125 
1.2319726562500002 
1.2583398437500002 
1.20150390625 
1.13236328125 
1.22962890625 
1.28529296875 
1.2313867187500003 
0.9882226562499998 
1.05736328125 
1.07318359375 
1.2841210937500003 
1.22669921875 
1.35267578125 
1.18216796875 
1.2302148437500002 
1.09779296875 
1.2489648437500003 
1.3550195312500002 
1.2349023437500002 
1.2501367187500003 
0.7649804687499998 
1.18685546875 
0.9214257812500001 
0.92376953125 
1.2061914062499999 
1.15814453125 
1.24486328125 
1.23900390625 
1.2518945312500003 
0.9173242187499999 
1.30111328125 
1.23548828125 
0.8692773437499999 
1.28822265625 
1.2501367187500003 
1.06849609375 
0.9876367187499998 
1.2794335937500003 
1.3503320312500002 
1.12298828125 
1.0122460937500002 
1.2513085937500004 
1.2466210937500002 
0.96068359375 
0.97123046875 
0.7263085937499998 
1.1593164062499999 
1.15521484375 
1.2659570312500001 
1.2724023437500003 
1.3274804687500001 
0.96771484375 
0.8868554687499998 
1.2554101562500002 
1.2308007812500001 
1.18333984375 
1.19798828125 
1.21556640625 
1.44408203125 
1.2788476562500002 
1.17748046875 
1.09603515625 
0.8798242187499997 
1.23548828125 
1.16458984375 
1.0503320312500002 
1.20794921875 
1.21966796875 
1.29759765625 
1.29056640625 
0.8399804687499998 
1.28529296875 
1.11419921875 
1.19681640625 
1.2559960937500003 
1.2536523437500002 
1.2700585937500004 
1.22845703125 
0.7977929687499998 
1.0550195312500001 
1.21966796875 
0.6536523437499998 
0.8200585937499999 
1.2126367187500002 
1.1640039062499998 
0.8891992187499997 
1.24427734375 
0.8927148437499999 
1.02103515625 
1.2278710937500001 
0.8962304687499998 
1.2102929687500001 
1.1927148437500001 
1.2835351562500001 
0.9958398437499999 
1.0263085937500003 
1.22494140625 
1.12416015625 
1.23841796875 
0.9015039062499999 
1.17162109375 
1.2934960937500002 
1.1686914062499998 
1.2788476562500002 
1.2800195312500002 
1.2366601562500001 
1.2477929687500002 
1.1013085937500002 
1.0890039062499999 
1.22259765625 
1.29056640625 
1.2888085937500002 
1.0433007812500001 
1.22552734375 
1.12416015625 
0.8974023437499998 
1.14583984375 
1.2677148437500003 
1.2349023437500002 
1.1985742187500001 
1.1206445312500002 
1.2893945312500001 
1.26244140625 
1.31341796875 
1.2712304687500002 
1.02162109375 
1.40541015625 
0.98470703125 
1.21205078125 
1.0702539062499998 
1.2694726562500003 
1.31986328125 
1.2395898437500001 
1.2729882812500002 
1.15462890625 
1.3403710937500002 
1.27650390625 
1.16224609375 
1.2800195312500002 
1.0438867187500003 
1.2419335937500002 
1.20736328125 
1.19916015625 
1.18509765625 
0.7854882812499999 
1.3040429687500001 
0.6296289062499999 
0.8282617187499999 
1.2319726562500002 
1.2231835937500002 
1.3298242187500002 
1.2864648437500001 
1.33861328125 
1.2829492187500002 
0.7972070312499999 
1.36029296875 
1.20033203125 
1.1827539062499999 
1.2747460937500004 
1.19212890625 
1.2542382812500001 
1.0714257812499999 
0.91029296875 
1.35736328125 
1.1927148437500001 
1.16166015625 
1.2999414062499999 
1.4001367187500002 
1.2688867187500004 
0.9934960937499998 
1.2542382812500001 
1.2683007812500002 
1.2583398437500002 
1.30873046875 
0.7286523437499998 
1.28998046875 
1.20267578125 
1.2888085937500002 
1.31400390625 
0.9917382812499999 
0.97826171875 
1.2466210937500002 
1.2220117187500001 
0.8569726562499999 
1.06498046875 
1.22259765625 
1.18626953125 
0.96244140625 
1.0503320312500002 
1.33978515625 
1.32806640625 
1.1194726562500001 
1.2366601562500001 
1.2788476562500002 
1.1956445312500001 
1.2513085937500004 
0.91263671875 
0.8839257812499999 
1.24134765625 
1.2395898437500001 
1.18041015625 
1.28529296875 
1.0438867187500003 
1.23548828125 
1.2653710937500002 
1.0989648437500001 
1.21966796875 
1.2712304687500002 
1.25306640625 
1.1827539062499999 
1.2231835937500002 
1.14701171875 
1.13470703125 
1.13294921875 
1.16107421875 
0.8399804687499998 
1.18041015625 
1.2518945312500003 
0.9448632812500001 
0.8558007812499999 
