14 7 29 
1.21498046875 
1.2630273437500001 
0.8376367187499998 
0.9390039062500001 
1.2319726562500002 
1.0474023437500002 
1.01341796875 
1.15404296875 
1.29876953125 
1.2466210937500002 
1.1997460937500002 
0.6589257812499999 
1.16458984375 
0.9940820312499998 
0.8839257812499999 
1.2583398437500002 
1.33216796875 
0.8183007812499999 
1.30111328125 
0.9331445312500001 
1.19681640625 
1.00404296875 
1.1710351562499999 
1.44232421875 
1.14232421875 
1.12416015625 
1.33744140625 
0.9987695312499999 
1.16283203125 
1.18158203125 
1.12298828125 
0.92259765625 
1.1247460937500002 
1.0433007812500001 
0.9448632812500001 
0.8962304687499998 
1.0474023437500002 
0.8727929687499998 
0.8950585937499999 
0.8382226562499998 
1.2788476562500002 
1.2308007812500001 
0.8089257812499999 
1.28236328125 
1.17748046875 
1.2501367187500003 
0.8833398437499999 
1.18685546875 
0.7972070312499999 
1.19681640625 
0.8294335937499999 
1.0532617187500002 
1.17982421875 
1.18392578125 
1.2981835937500001 
1.19037109375 
0.8921289062499999 
0.8071679687499999 
1.2694726562500003 
1.2102929687500001 
0.7995507812499999 
1.1059960937500002 
1.2665429687500003 
1.10423828125 
0.95833984375 
1.17220703125 
1.1763085937500002 
1.07259765625 
0.8300195312499999 
1.0169335937500001 
1.2794335937500003 
1.24720703125 
0.8880273437499998 
1.2231835937500002 
1.10951171875 
1.0239648437500002 
1.2425195312500001 
0.6056054687499999 
1.0638085937500001 
1.1452539062499998 
0.7462304687499998 
0.6360742187499998 
1.18685546875 
0.9970117187499998 
1.2893945312500001 
1.2126367187500002 
0.7690820312499999 
1.31810546875 
1.1200585937500003 
0.91380859375 
1.18451171875 
1.2554101562500002 
0.8212304687499998 
1.08958984375 
0.9683007812500001 
0.9015039062499999 
0.8827539062499998 
1.15814453125 
1.30873046875 
1.22435546875 
1.2395898437500001 
1.2923242187500001 
0.6407617187499999 
0.96126953125 
1.00580078125 
1.13001953125 
0.8874414062499998 
1.14232421875 
1.14583984375 
1.22728515625 
1.3415429687500002 
1.11478515625 
1.2595117187500002 
0.8042382812499999 
1.1985742187500001 
0.7591210937499998 
1.1763085937500002 
1.2841210937500003 
1.0444726562500002 
1.2659570312500001 
1.2501367187500003 
0.8470117187499998 
1.3216210937500001 
1.13470703125 
0.95072265625 
1.17455078125 
1.18626953125 
1.1282617187500001 
1.18333984375 
0.6970117187499998 
1.18392578125 
0.6923242187499997 
0.94134765625 
0.8809960937499998 
1.03392578125 
1.07904296875 
1.2770898437500002 
1.2817773437500002 
1.13939453125 
1.20326171875 
1.18392578125 
1.19095703125 
0.6765039062499999 
1.3245507812500001 
1.3544335937500003 
1.13353515625 
1.1358789062499999 
0.9530664062499999 
1.15990234375 
1.2378320312500002 
1.26244140625 
1.11361328125 
0.9425195312500001 
0.7966210937499999 
1.1505273437499999 
1.01283203125 
1.1956445312500001 
0.8100976562499999 
1.00990234375 
0.7942773437499999 
1.05677734375 
0.7251367187499997 
1.18626953125 
1.17279296875 
1.07201171875 
0.9032617187499998 
0.92318359375 
1.2184960937500002 
1.18216796875 
0.6624414062499998 
1.22142578125 
0.7872460937499999 
0.8393945312499999 
1.09251953125 
0.7087304687499998 
1.16576171875 
1.18158203125 
0.7245507812499998 
1.04095703125 
0.9548242187499999 
0.6536523437499998 
1.01751953125 
1.37083984375 
1.1686914062499998 
1.19330078125 
1.1341210937500001 
0.9618554687499999 
1.05267578125 
1.19740234375 
0.8915429687499998 
0.9852929687499998 
1.2683007812500002 
1.30345703125 
1.15521484375 
1.1651757812499999 
1.18568359375 
1.16224609375 
1.1282617187500001 
1.2366601562500001 
1.0497460937500003 
1.29525390625 
1.16341796875 
1.31166015625 
1.36322265625 
0.8681054687499998 
1.1686914062499998 
1.1522851562499998 
1.3257226562500002 
1.15697265625 
1.16166015625 
1.2806054687500001 
1.14818359375 
1.36908203125 
1.25306640625 
1.2061914062499999 
1.15521484375 
1.0579492187500001 
0.8300195312499999 
1.20912109375 
1.22845703125 
0.8253320312499999 
1.22259765625 
1.21556640625 
1.06146484375 
1.21205078125 
1.17220703125 
1.15287109375 
1.10892578125 
1.28998046875 
1.06498046875 
0.8171289062499999 
1.05150390625 
1.31751953125 
1.3591210937500002 
1.2395898437500001 
0.6899804687499997 
0.9929101562499998 
0.6870507812499999 
0.8106835937499999 
1.17044921875 
1.2847070312500002 
0.8569726562499999 
1.08666015625 
1.22962890625 
1.2331445312500002 
0.93138671875 
1.29408203125 
0.9958398437499999 
1.2612695312500002 
1.2290429687500002 
1.03041015625 
1.2595117187500002 
0.91615234375 
1.36498046875 
0.8716210937499999 
1.07845703125 
1.30931640625 
1.29408203125 
0.8300195312499999 
1.12767578125 
1.08490234375 
1.33275390625 
0.9888085937499999 
1.2753320312500003 
1.41244140625 
0.7755273437499999 
1.16693359375 
0.8458398437499999 
1.24427734375 
0.8153710937499998 
1.2683007812500002 
0.94603515625 
0.6934960937499998 
0.96654296875 
1.2888085937500002 
1.09955078125 
1.35267578125 
1.19681640625 
1.1710351562499999 
0.91146484375 
1.1686914062499998 
1.1593164062499999 
1.13294921875 
1.0544335937500002 
1.2102929687500001 
0.94955078125 
1.06205078125 
1.16341796875 
1.21087890625 
1.12298828125 
1.13236328125 
0.7860742187499998 
1.03216796875 
0.8341210937499999 
0.6319726562499999 
1.18919921875 
1.09251953125 
1.3438867187500003 
0.9067773437499999 
0.7251367187499997 
