21 7 22 
1.22845703125 
1.35619140625 
0.9683007812500001 
1.4036523437500001 
1.2308007812500001 
0.94779296875 
1.0186914062499999 
1.3919335937500001 
1.21087890625 
1.0532617187500002 
0.7515039062499999 
1.31048828125 
0.9073632812499999 
0.8458398437499999 
0.8745507812499999 
1.3063867187500002 
1.19330078125 
1.0315820312500001 
0.8083398437499999 
0.7474023437499998 
1.0356835937500002 
1.04212890625 
0.97064453125 
1.21087890625 
0.7567773437499998 
0.8645898437499999 
1.3128320312500001 
1.17162109375 
1.06322265625 
1.2366601562500001 
1.2407617187500002 
1.20384765625 
1.2407617187500002 
0.94720703125 
0.8933007812499999 
0.94427734375 
1.22669921875 
1.01576171875 
0.9876367187499998 
1.22962890625 
1.29759765625 
1.22962890625 
1.3626367187500001 
1.2712304687500002 
1.24603515625 
1.2677148437500003 
1.1341210937500001 
1.13177734375 
1.2677148437500003 
0.8306054687499999 
1.16224609375 
1.18509765625 
1.06205078125 
1.1927148437500001 
0.8968164062499998 
0.9923242187499998 
1.1710351562499999 
1.23431640625 
1.02748046875 
1.2466210937500002 
1.1827539062499999 
1.35853515625 
1.00169921875 
1.19916015625 
0.8757226562499998 
1.19037109375 
1.2308007812500001 
0.7520898437499999 
1.2507226562500002 
1.19037109375 
0.7028710937499998 
1.16107421875 
1.07259765625 
1.0813867187500001 
0.8751367187499998 
1.30169921875 
0.7766992187499998 
1.20853515625 
1.18216796875 
0.8569726562499999 
1.1059960937500002 
1.3081445312500002 
1.25306640625 
1.18158203125 
1.3503320312500002 
1.2507226562500002 
1.1522851562499998 
1.17748046875 
1.3063867187500002 
0.9975976562499999 
1.14876953125 
1.30228515625 
1.24427734375 
0.8991601562499998 
1.03509765625 
1.2126367187500002 
1.0298242187500002 
1.16283203125 
1.15287109375 
1.24017578125 
1.29115234375 
1.12767578125 
0.8300195312499999 
1.15462890625 
0.7075585937499999 
1.13763671875 
1.20912109375 
0.8458398437499999 
0.7227929687499998 
0.91146484375 
1.20501953125 
1.20736328125 
1.20150390625 
1.07201171875 
1.0427148437500002 
1.2835351562500001 
0.7462304687499998 
1.2724023437500003 
1.21673828125 
1.06263671875 
1.0462304687500001 
1.3345117187500002 
0.6530664062499998 
1.3304101562500001 
1.1809960937500001 
1.07552734375 
1.12884765625 
1.0474023437500002 
1.2571679687500001 
1.10892578125 
0.6882226562499998 
1.18333984375 
1.36146484375 
1.18978515625 
1.17044921875 
1.20267578125 
1.0497460937500003 
0.6079492187499999 
1.28587890625 
1.3333398437500001 
1.09251953125 
0.8727929687499998 
1.22376953125 
1.09662109375 
1.0591210937500002 
0.9266992187499999 
1.2612695312500002 
1.2184960937500002 
1.32044921875 
1.17572265625 
0.8927148437499999 
0.8604882812499999 
0.6782617187499999 
1.2102929687500001 
1.19798828125 
1.2718164062500001 
1.2841210937500003 
0.7058007812499999 
1.23900390625 
0.6677148437499999 
1.24720703125 
1.1927148437500001 
0.6788476562499999 
0.8634179687499999 
1.2729882812500002 
1.17982421875 
0.8493554687499998 
1.2770898437500002 
0.93373046875 
1.26185546875 
0.6606835937499999 
1.22669921875 
1.17923828125 
0.7966210937499999 
1.0544335937500002 
1.2349023437500002 
1.13939453125 
1.29583984375 
0.9009179687499999 
1.2753320312500003 
0.7714257812499999 
1.0989648437500001 
1.06498046875 
1.14701171875 
1.01517578125 
1.3069726562500001 
1.17689453125 
1.11185546875 
1.1341210937500001 
1.20384765625 
0.91556640625 
0.8792382812499998 
1.2724023437500003 
1.2548242187500003 
1.09251953125 
1.29642578125 
1.2688867187500004 
1.01341796875 
0.91322265625 
1.1358789062499999 
0.8979882812499999 
1.28529296875 
1.2466210937500002 
0.7104882812499999 
0.8657617187499999 
1.2337304687500001 
1.19095703125 
1.33685546875 
0.6366601562499998 
1.2360742187500002 
1.22845703125 
0.8522851562499998 
1.44291015625 
1.05970703125 
1.09720703125 
0.8446679687499998 
1.20091796875 
0.8505273437499998 
1.13236328125 
0.9618554687499999 
1.2548242187500003 
1.0122460937500002 
0.9923242187499998 
0.8768945312499998 
0.9009179687499999 
0.9091210937499998 
1.20501953125 
0.6952539062499998 
0.7954492187499999 
0.7058007812499999 
1.3702539062499999 
1.3503320312500002 
1.31458984375 
1.2349023437500002 
0.8106835937499999 
1.05560546875 
0.7643945312499999 
1.05970703125 
0.8423242187499997 
1.19623046875 
1.2729882812500002 
1.20091796875 
1.2184960937500002 
1.1511132812499998 
1.19212890625 
0.5868554687499998 
0.94896484375 
1.29759765625 
1.2600976562500001 
1.3456445312500003 
1.16576171875 
1.24603515625 
1.04798828125 
0.7040429687499998 
1.2829492187500002 
0.9964257812499999 
1.1224023437500001 
0.7714257812499999 
1.2542382812500001 
1.00990234375 
1.02044921875 
1.2671289062500002 
1.10365234375 
0.8669335937499999 
1.2061914062499999 
1.17220703125 
0.96771484375 
1.22962890625 
0.9530664062499999 
1.08021484375 
0.9097070312499999 
0.94544921875 
0.97123046875 
0.8259179687499999 
1.1165429687500001 
0.7890039062499999 
1.1985742187500001 
1.1341210937500001 
0.93666015625 
1.18041015625 
1.2864648437500001 
0.94779296875 
1.17689453125 
1.2776757812500001 
1.17689453125 
0.96595703125 
0.8891992187499997 
1.23548828125 
1.1710351562499999 
1.20208984375 
1.20912109375 
1.17923828125 
0.8317773437499999 
0.9940820312499998 
1.26185546875 
1.1417382812499999 
1.03333984375 
1.3263085937500003 
1.18685546875 
1.00990234375 
