31 7 12 
1.25306640625 
1.23841796875 
1.07845703125 
0.8897851562499998 
0.92318359375 
1.2126367187500002 
1.08666015625 
1.0743554687499999 
0.9015039062499999 
1.1013085937500002 
1.19154296875 
1.05853515625 
1.24603515625 
0.7620507812499999 
1.18392578125 
0.7936914062499999 
0.8259179687499999 
1.06322265625 
1.2759179687500002 
1.23548828125 
1.29115234375 
1.3157617187500001 
1.2542382812500001 
1.1710351562499999 
1.2981835937500001 
1.0315820312500001 
0.94955078125 
1.2190820312500001 
1.15287109375 
1.00052734375 
0.92845703125 
1.18685546875 
0.94837890625 
1.08431640625 
0.97943359375 
1.2231835937500002 
1.1927148437500001 
1.2319726562500002 
1.2595117187500002 
1.2559960937500003 
1.00697265625 
0.8265039062499999 
1.24720703125 
1.1593164062499999 
1.2817773437500002 
0.6595117187499998 
1.2794335937500003 
0.7819726562499999 
1.00404296875 
0.8440820312499998 
0.6097070312499999 
1.22494140625 
1.18978515625 
1.21966796875 
1.2524804687500002 
1.17865234375 
1.13880859375 
1.2536523437500002 
1.1950585937500002 
1.12591796875 
0.9085351562499998 
1.06087890625 
1.22845703125 
1.2788476562500002 
1.16751953125 
0.8774804687499997 
1.2308007812500001 
1.01283203125 
0.94134765625 
1.29056640625 
0.98294921875 
1.2542382812500001 
0.94427734375 
1.2278710937500001 
1.15462890625 
1.19740234375 
1.37259765625 
1.31869140625 
0.96361328125 
1.2542382812500001 
1.2847070312500002 
1.22962890625 
0.6489648437499999 
1.00169921875 
1.17220703125 
0.8921289062499999 
1.32923828125 
1.2518945312500003 
1.2554101562500002 
1.17337890625 
0.9923242187499998 
1.2794335937500003 
1.24310546875 
1.1938867187500002 
0.98470703125 
1.2372460937500003 
1.22611328125 
1.2864648437500001 
1.2683007812500002 
1.2806054687500001 
1.0011132812499999 
1.21966796875 
1.2653710937500002 
1.23431640625 
0.8991601562499998 
1.35736328125 
1.3099023437500001 
1.2325585937500003 
0.94955078125 
1.1048242187500001 
1.13119140625 
1.16751953125 
0.6718164062499998 
0.94310546875 
0.9091210937499998 
0.96888671875 
1.2143945312500002 
0.95892578125 
1.18802734375 
0.7860742187499998 
1.09779296875 
1.17865234375 
1.1405664062499998 
1.2841210937500003 
1.0544335937500002 
1.1956445312500001 
0.6032617187499999 
1.22845703125 
1.28705078125 
1.2507226562500002 
0.7702539062499999 
1.20853515625 
0.9899804687499998 
0.9975976562499999 
1.2507226562500002 
1.22259765625 
1.20091796875 
1.2513085937500004 
1.17982421875 
1.2220117187500001 
1.20208984375 
1.12884765625 
1.2659570312500001 
1.15697265625 
1.05150390625 
1.2659570312500001 
0.92845703125 
1.06615234375 
0.8850976562499998 
1.11478515625 
0.9641992187499999 
1.09779296875 
1.1874414062499998 
1.2126367187500002 
0.9864648437499999 
0.8604882812499999 
0.8610742187499998 
1.3456445312500003 
1.0251367187500002 
0.8692773437499999 
1.25892578125 
0.9683007812500001 
1.2776757812500001 
1.22669921875 
1.22083984375 
1.0263085937500003 
0.7573632812499999 
1.2934960937500002 
1.2559960937500003 
0.97650390625 
1.2102929687500001 
1.22025390625 
1.2788476562500002 
1.33802734375 
0.96068359375 
1.29759765625 
1.01810546875 
0.92611328125 
1.12591796875 
1.11185546875 
0.8739648437499998 
1.30462890625 
1.1475976562499999 
1.3274804687500001 
1.2600976562500001 
1.24017578125 
0.92435546875 
1.29291015625 
1.01751953125 
0.7444726562499998 
1.21498046875 
0.9735742187499999 
1.3520898437500002 
1.06732421875 
1.2729882812500002 
0.9448632812500001 
1.32337890625 
1.20677734375 
1.2653710937500002 
1.29759765625 
1.20794921875 
1.23431640625 
1.2489648437500003 
1.1247460937500002 
0.8505273437499998 
1.02220703125 
1.3052148437500002 
0.8370507812499999 
0.9044335937499999 
1.2600976562500001 
1.2349023437500002 
1.22025390625 
0.93490234375 
1.3257226562500002 
1.0263085937500003 
0.96009765625 
1.28119140625 
1.19095703125 
0.97884765625 
0.9964257812499999 
1.20326171875 
0.8722070312499999 
0.8645898437499999 
0.91029296875 
1.2161523437500001 
1.2835351562500001 
1.2659570312500001 
1.2489648437500003 
0.92083984375 
0.95892578125 
0.7233789062499998 
1.20560546875 
0.8077539062499999 
0.9899804687499998 
1.21556640625 
1.07318359375 
0.7532617187499998 
1.29642578125 
1.0110742187500001 
1.22552734375 
1.11185546875 
1.2061914062499999 
1.23548828125 
0.97650390625 
0.9079492187499998 
1.24720703125 
0.8809960937499998 
1.09544921875 
1.0011132812499999 
1.2782617187500003 
1.21087890625 
1.2290429687500002 
0.8071679687499999 
0.96302734375 
1.2331445312500002 
1.2366601562500001 
0.97474609375 
0.8399804687499998 
1.28998046875 
1.15580078125 
0.9331445312500001 
1.2366601562500001 
1.2372460937500003 
1.2724023437500003 
1.2571679687500001 
0.97650390625 
1.26244140625 
1.19095703125 
0.94076171875 
1.29466796875 
1.2706445312500003 
1.1874414062499998 
1.13939453125 
0.8657617187499999 
1.22611328125 
1.16458984375 
1.2934960937500002 
1.0890039062499999 
0.8675195312499999 
1.03216796875 
0.94427734375 
0.8265039062499999 
0.8804101562499997 
0.9987695312499999 
1.00873046875 
0.8265039062499999 
0.8880273437499998 
1.33392578125 
1.0989648437500001 
1.13470703125 
0.97123046875 
1.22142578125 
1.22611328125 
1.21791015625 
1.30345703125 
0.8815820312499998 
1.02162109375 
0.8997460937499998 
1.03802734375 
1.04212890625 
