32 7 11 
1.18451171875 
1.2800195312500002 
1.31810546875 
1.00990234375 
1.29935546875 
1.21205078125 
1.04095703125 
1.2466210937500002 
1.2718164062500001 
1.00052734375 
0.92435546875 
1.1886132812499999 
1.2184960937500002 
1.11595703125 
0.8909570312499998 
1.16341796875 
0.92025390625 
1.02455078125 
1.3227929687500002 
1.2231835937500002 
1.1177148437500002 
0.8013085937499999 
1.2407617187500002 
1.1956445312500001 
1.20853515625 
1.2372460937500003 
0.8968164062499998 
1.07259765625 
0.7813867187499999 
1.22611328125 
0.78958984375 
1.19916015625 
1.3075585937500003 
1.2190820312500001 
0.9214257812500001 
1.0315820312500001 
1.20033203125 
1.2126367187500002 
1.20501953125 
1.3052148437500002 
0.8575585937499999 
1.30345703125 
0.9929101562499998 
1.0772851562499999 
1.04798828125 
1.00404296875 
0.8218164062499999 
1.20384765625 
1.2313867187500003 
0.8897851562499998 
1.2770898437500002 
1.2665429687500003 
0.8141992187499998 
1.2349023437500002 
1.2419335937500002 
1.00169921875 
1.2378320312500002 
0.8188867187499999 
0.7474023437499998 
1.00404296875 
1.32103515625 
1.15169921875 
1.2507226562500002 
0.9067773437499999 
0.9530664062499999 
1.2454492187500001 
0.96947265625 
1.20033203125 
1.06849609375 
1.11361328125 
1.00228515625 
1.0268945312500002 
0.98119140625 
1.2606835937500003 
1.01400390625 
1.2061914062499999 
1.1294335937500002 
1.13705078125 
1.2741601562500002 
1.2735742187500003 
1.06615234375 
0.9618554687499999 
1.24720703125 
1.13763671875 
1.0503320312500002 
1.1686914062499998 
1.2923242187500001 
1.1874414062499998 
1.27650390625 
0.9923242187499998 
1.19447265625 
1.0263085937500003 
1.2864648437500001 
1.13646484375 
1.18333984375 
1.3239648437500002 
1.00169921875 
1.25306640625 
1.2489648437500003 
0.94134765625 
1.09720703125 
1.26185546875 
0.94896484375 
1.0263085937500003 
1.0257226562500001 
0.8968164062499998 
1.2378320312500002 
0.97650390625 
1.15521484375 
1.05091796875 
0.93255859375 
1.17279296875 
1.03802734375 
1.1827539062499999 
1.28587890625 
1.2308007812500001 
0.9864648437499999 
1.2653710937500002 
1.02044921875 
1.28236328125 
1.30228515625 
1.22142578125 
1.2612695312500002 
1.2501367187500003 
0.7761132812499999 
1.2595117187500002 
0.9390039062500001 
0.9401757812500001 
1.13236328125 
1.2308007812500001 
1.2583398437500002 
0.6343164062499999 
1.18041015625 
1.2876367187500002 
1.20794921875 
1.1048242187500001 
1.22669921875 
1.25892578125 
0.8880273437499998 
0.8938867187499998 
1.2395898437500001 
1.29759765625 
1.05677734375 
1.13001953125 
1.2477929687500002 
1.24017578125 
1.2319726562500002 
0.9683007812500001 
1.0403710937500001 
0.94896484375 
0.9864648437499999 
0.91205078125 
1.0532617187500002 
1.29466796875 
0.9882226562499998 
0.9091210937499998 
0.8288476562499999 
1.0591210937500002 
1.21791015625 
0.98353515625 
1.08314453125 
1.31927734375 
0.96947265625 
0.7679101562499998 
0.9548242187499999 
0.79251953125 
1.1575585937500001 
0.7737695312499999 
0.8423242187499997 
1.1640039062499998 
1.15814453125 
1.20970703125 
1.24720703125 
1.10716796875 
1.21087890625 
0.92962890625 
1.2138085937500003 
1.2671289062500002 
1.22142578125 
1.0714257812499999 
1.2161523437500001 
1.02337890625 
1.2161523437500001 
1.1200585937500003 
1.1493554687499998 
0.9302148437500001 
1.05853515625 
1.3520898437500002 
1.16048828125 
1.2612695312500002 
1.2999414062499999 
1.24603515625 
1.21791015625 
1.00697265625 
0.98412109375 
0.9530664062499999 
1.3157617187500001 
1.1013085937500002 
0.9308007812500001 
1.33802734375 
1.2138085937500003 
0.8991601562499998 
0.8470117187499998 
1.1464257812499998 
1.19740234375 
1.2483789062500001 
1.07259765625 
1.0227929687500001 
1.21556640625 
1.23431640625 
0.7772851562499998 
0.8628320312499999 
1.2694726562500003 
0.9061914062499998 
1.29583984375 
0.91146484375 
1.00345703125 
1.16048828125 
1.22494140625 
1.10658203125 
1.1446679687499999 
0.9559960937499999 
0.8850976562499998 
1.2325585937500003 
1.29291015625 
1.2876367187500002 
0.6847070312499999 
1.2606835937500003 
0.91205078125 
0.94779296875 
0.9331445312500001 
1.12767578125 
1.06908203125 
0.7761132812499999 
1.2419335937500002 
1.2565820312500002 
1.2102929687500001 
0.7186914062499998 
1.23548828125 
0.98119140625 
0.8347070312499999 
1.29701171875 
1.16283203125 
1.2466210937500002 
1.29466796875 
1.2653710937500002 
1.07201171875 
0.9970117187499998 
1.1464257812499998 
1.23841796875 
1.08080078125 
1.22435546875 
1.3550195312500002 
1.2536523437500002 
1.06498046875 
1.22083984375 
1.21498046875 
1.04798828125 
0.94896484375 
0.7526757812499999 
1.2337304687500001 
1.0890039062499999 
1.2782617187500003 
1.27650390625 
0.92611328125 
1.11419921875 
0.8903710937499998 
1.2712304687500002 
1.0579492187500001 
1.25775390625 
1.06087890625 
0.8610742187499998 
1.13294921875 
1.24134765625 
0.8710351562499998 
0.8974023437499998 
1.20501953125 
1.2893945312500001 
1.2061914062499999 
1.3333398437500001 
1.05560546875 
1.3052148437500002 
1.1106835937500001 
1.3345117187500002 
0.91029296875 
0.9554101562499999 
1.22025390625 
1.1534570312499999 
1.2489648437500003 
1.1493554687499998 
1.04798828125 
0.7626367187499998 
0.8815820312499998 
1.30287109375 
1.19916015625 
0.7222070312499999 
1.31341796875 
0.8487695312499999 
1.07201171875 
1.22376953125 
