12 8 30 
0.96302734375 
0.8886132812499998 
1.15814453125 
0.8727929687499998 
0.7339257812499999 
0.91615234375 
1.03744140625 
0.94134765625 
1.18509765625 
0.8821679687499998 
1.06498046875 
1.46517578125 
1.12123046875 
0.91849609375 
1.1013085937500002 
1.1341210937500001 
0.5569726562499999 
1.05150390625 
1.11478515625 
0.8171289062499999 
1.04095703125 
1.2770898437500002 
1.17806640625 
1.2706445312500003 
1.0872460937500001 
0.7034570312499998 
1.15873046875 
1.17162109375 
1.3257226562500002 
0.6934960937499998 
1.1475976562499999 
1.1235742187500002 
1.31166015625 
1.10951171875 
0.8282617187499999 
1.28705078125 
1.28119140625 
1.03509765625 
0.7239648437499998 
1.2653710937500002 
0.7720117187499999 
0.8528710937499998 
0.6530664062499998 
1.19212890625 
1.3227929687500002 
1.04212890625 
0.9940820312499998 
1.36556640625 
1.05267578125 
0.4831445312499999 
0.9079492187499998 
0.7362695312499998 
1.21087890625 
1.0497460937500003 
0.8376367187499998 
0.97591796875 
0.7380273437499998 
1.3286523437500002 
0.97533203125 
1.0948632812499999 
1.2102929687500001 
1.13119140625 
1.2659570312500001 
0.97591796875 
1.25892578125 
0.8522851562499998 
1.22845703125 
1.02220703125 
1.11830078125 
0.5452539062499999 
1.21791015625 
1.13646484375 
0.94076171875 
1.17220703125 
1.17337890625 
1.01517578125 
1.2923242187500001 
1.18451171875 
1.18333984375 
1.17572265625 
1.09662109375 
0.92259765625 
1.33685546875 
1.2466210937500002 
1.2161523437500001 
1.0263085937500003 
1.18626953125 
0.9899804687499998 
1.21673828125 
1.09662109375 
1.32220703125 
1.29115234375 
1.2337304687500001 
0.9149804687499999 
1.3345117187500002 
0.8991601562499998 
1.2044335937500001 
1.22376953125 
0.97005859375 
0.7913476562499999 
0.8891992187499997 
1.13705078125 
1.17923828125 
0.7960351562499999 
0.92904296875 
1.04681640625 
0.7720117187499999 
0.8821679687499998 
1.1282617187500001 
1.14701171875 
1.0655664062499999 
1.1686914062499998 
1.0309960937500002 
0.9970117187499998 
1.01576171875 
1.2378320312500002 
1.06732421875 
0.92787109375 
0.8569726562499999 
0.8798242187499997 
1.17923828125 
0.91673828125 
1.15697265625 
1.02044921875 
1.08841796875 
1.04212890625 
1.3075585937500003 
1.19037109375 
1.1059960937500002 
1.13705078125 
1.13470703125 
1.06322265625 
1.29583984375 
1.29759765625 
0.6255273437499999 
0.8493554687499998 
0.8921289062499999 
1.06439453125 
1.58705078125 
1.2477929687500002 
1.13939453125 
0.92435546875 
1.16166015625 
1.1475976562499999 
1.1763085937500002 
1.17396484375 
1.18626953125 
1.19623046875 
1.3081445312500002 
0.6044335937499999 
0.9647851562499999 
0.98412109375 
0.94837890625 
1.12650390625 
1.1809960937500001 
1.46576171875 
1.30580078125 
0.9149804687499999 
1.0591210937500002 
0.94544921875 
1.00228515625 
1.36029296875 
1.31048828125 
0.9876367187499998 
1.16224609375 
0.7016992187499997 
1.0872460937500001 
0.6407617187499999 
0.6372460937499999 
0.6571679687499998 
0.7110742187499998 
0.7391992187499997 
0.9981835937499999 
0.8177148437499999 
1.2325585937500003 
0.97123046875 
1.1809960937500001 
1.2319726562500002 
1.30580078125 
1.36439453125 
0.96009765625 
1.15521484375 
1.15990234375 
1.04681640625 
1.16576171875 
1.21556640625 
1.16283203125 
0.94603515625 
0.7679101562499998 
1.3403710937500002 
1.28529296875 
0.9214257812500001 
1.2143945312500002 
0.9073632812499999 
1.22728515625 
1.16107421875 
0.97533203125 
1.26478515625 
1.3128320312500001 
0.7755273437499999 
0.91146484375 
0.7491601562499998 
0.6759179687499999 
1.10775390625 
1.1200585937500003 
1.30931640625 
0.8757226562499998 
1.27650390625 
1.2864648437500001 
1.29115234375 
1.09955078125 
1.3415429687500002 
1.0403710937500001 
0.8616601562499998 
0.94662109375 
1.00287109375 
0.8751367187499998 
0.92494140625 
1.05150390625 
1.1106835937500001 
1.3391992187500001 
0.8645898437499999 
0.8968164062499998 
1.2419335937500002 
1.1681054687499999 
0.7825585937499999 
0.93607421875 
1.20853515625 
1.1446679687499999 
1.28998046875 
1.13763671875 
1.07669921875 
1.13880859375 
0.8815820312499998 
1.15169921875 
1.2173242187500002 
1.0286523437500001 
0.7515039062499999 
1.1206445312500002 
0.8247460937499999 
1.1698632812499998 
1.1464257812499998 
1.00052734375 
1.19623046875 
1.13060546875 
0.98177734375 
0.95716796875 
1.31341796875 
1.13119140625 
0.97533203125 
1.2665429687500003 
1.30462890625 
1.1194726562500001 
1.20853515625 
1.1124414062499999 
0.7345117187499998 
1.15697265625 
0.96654296875 
1.13646484375 
1.22552734375 
0.7145898437499999 
1.13294921875 
1.31986328125 
0.5663476562499999 
1.13236328125 
0.92025390625 
1.2349023437500002 
1.0268945312500002 
1.09017578125 
1.15287109375 
1.36439453125 
0.8815820312499998 
1.3157617187500001 
1.17220703125 
1.02103515625 
1.14349609375 
0.8382226562499998 
1.05970703125 
0.9530664062499999 
1.2788476562500002 
0.8224023437499999 
0.7813867187499999 
1.2718164062500001 
1.2788476562500002 
1.3251367187500003 
1.24720703125 
0.95072265625 
0.9999414062499997 
1.10951171875 
1.02337890625 
1.20853515625 
1.2495507812500002 
1.16927734375 
1.3315820312500002 
1.1575585937500001 
1.1575585937500001 
0.8089257812499999 
1.24017578125 
1.1446679687499999 
0.8704492187499998 
