15 8 27 
1.17689453125 
0.7972070312499999 
1.5630273437500002 
0.9091210937499998 
1.13763671875 
1.1534570312499999 
1.2788476562500002 
1.25775390625 
1.02103515625 
1.22025390625 
1.24486328125 
0.95130859375 
0.9073632812499999 
1.15521484375 
0.8388085937499998 
0.98119140625 
0.8481835937499999 
0.94662109375 
1.1698632812499998 
0.8522851562499998 
1.16927734375 
1.2893945312500001 
1.06087890625 
1.18509765625 
0.8780664062499998 
1.17865234375 
0.5938867187499999 
1.0520898437500001 
0.94134765625 
1.2981835937500001 
1.17162109375 
1.15462890625 
0.6923242187499997 
1.2565820312500002 
1.07845703125 
0.9149804687499999 
1.16048828125 
0.6964257812499999 
1.1294335937500002 
0.8352929687499998 
1.11830078125 
0.8177148437499999 
1.2653710937500002 
1.21673828125 
1.10365234375 
1.28998046875 
1.1522851562499998 
1.31810546875 
1.1710351562499999 
1.3462304687500002 
0.9079492187499998 
0.91263671875 
1.14115234375 
0.7890039062499999 
0.8106835937499999 
1.17220703125 
0.8856835937499998 
0.91439453125 
1.1534570312499999 
1.2483789062500001 
0.7614648437499999 
1.02220703125 
1.1417382812499999 
0.95365234375 
0.97181640625 
1.14115234375 
1.17806640625 
1.0110742187500001 
1.0743554687499999 
1.16166015625 
0.9876367187499998 
1.1827539062499999 
1.31986328125 
1.1593164062499999 
0.8962304687499998 
1.02220703125 
1.1522851562499998 
1.1505273437499999 
1.0110742187500001 
0.98470703125 
1.34681640625 
0.98236328125 
0.7134179687499999 
0.6565820312499998 
0.8751367187499998 
0.9958398437499999 
1.10072265625 
1.29525390625 
0.8218164062499999 
1.20208984375 
1.1247460937500002 
0.97005859375 
0.92611328125 
1.2565820312500002 
0.6284570312499999 
1.2571679687500001 
1.11595703125 
0.92083984375 
0.9964257812499999 
0.7081445312499999 
1.0989648437500001 
0.8745507812499999 
1.19154296875 
0.8903710937499998 
1.2688867187500004 
1.1235742187500002 
0.8054101562499998 
1.3040429687500001 
1.2876367187500002 
0.8985742187499998 
1.29173828125 
1.2466210937500002 
1.1405664062499998 
1.2759179687500002 
1.2407617187500002 
1.16458984375 
0.7257226562499998 
0.8663476562499999 
1.2700585937500004 
1.3315820312500002 
1.2688867187500004 
1.39720703125 
1.30580078125 
1.1827539062499999 
0.8774804687499997 
1.2319726562500002 
0.8874414062499998 
1.20736328125 
0.8130273437499999 
0.7661523437499999 
1.22259765625 
0.93490234375 
1.31869140625 
1.1493554687499998 
1.23431640625 
1.2184960937500002 
0.9067773437499999 
1.07552734375 
1.3403710937500002 
1.22494140625 
1.3684960937500001 
1.2829492187500002 
1.22962890625 
0.9020898437499999 
1.22142578125 
1.3638085937500002 
0.9911523437499998 
1.3081445312500002 
0.8317773437499999 
0.8001367187499998 
1.04212890625 
1.05091796875 
1.2864648437500001 
1.2518945312500003 
1.2847070312500002 
0.8581445312499999 
1.12708984375 
1.22083984375 
1.4059960937500002 
0.8499414062499998 
0.9073632812499999 
1.28998046875 
1.45697265625 
0.92376953125 
1.10365234375 
1.2407617187500002 
1.22083984375 
0.8733789062499998 
1.1405664062499998 
1.01810546875 
0.7643945312499999 
1.43177734375 
0.92259765625 
1.22845703125 
1.2542382812500001 
1.22025390625 
1.16048828125 
0.8669335937499999 
1.14232421875 
0.92318359375 
0.9331445312500001 
1.18978515625 
1.10892578125 
0.7052148437499999 
0.8751367187499998 
0.9735742187499999 
1.3444726562500002 
1.2706445312500003 
1.13880859375 
0.9683007812500001 
1.15521484375 
1.36205078125 
0.7339257812499999 
1.0702539062499998 
0.7263085937499998 
1.29876953125 
1.23548828125 
1.27650390625 
1.1247460937500002 
1.16751953125 
1.07552734375 
1.1106835937500001 
0.6501367187499998 
1.16166015625 
0.7690820312499999 
1.3069726562500001 
0.9395898437500001 
1.23431640625 
0.7936914062499999 
1.3444726562500002 
0.7878320312499999 
0.93724609375 
1.1446679687499999 
1.16166015625 
1.1886132812499999 
1.24017578125 
1.1511132812499998 
1.24720703125 
1.3040429687500001 
1.0227929687500001 
1.0714257812499999 
1.0298242187500002 
1.37083984375 
0.6782617187499999 
1.24603515625 
0.8804101562499997 
1.16458984375 
0.98177734375 
1.13880859375 
1.2718164062500001 
1.28529296875 
0.9097070312499999 
0.8106835937499999 
1.3919335937500001 
1.14232421875 
0.6073632812499999 
1.02162109375 
1.2372460937500003 
1.10072265625 
1.11419921875 
0.98412109375 
0.9899804687499998 
0.7433007812499999 
1.22083984375 
1.01341796875 
1.03041015625 
1.3362695312500001 
1.0263085937500003 
0.9776757812500001 
0.8552148437499999 
1.1938867187500002 
0.8974023437499998 
0.9858789062499999 
0.7391992187499997 
1.02806640625 
0.5739648437499999 
0.8493554687499998 
0.91029296875 
1.16283203125 
1.0415429687500002 
0.8405664062499998 
0.9390039062500001 
1.23431640625 
0.93373046875 
1.08490234375 
1.30052734375 
0.78080078125 
0.7327539062499998 
1.2501367187500003 
1.00462890625 
1.17396484375 
1.13880859375 
0.5405664062499999 
1.13880859375 
1.45404296875 
1.00580078125 
1.06439453125 
1.13705078125 
0.8194726562499999 
0.6431054687499999 
1.07552734375 
1.22611328125 
1.16283203125 
1.08490234375 
0.9905664062499998 
1.1475976562499999 
1.3298242187500002 
0.8768945312499998 
0.9554101562499999 
0.93431640625 
0.7052148437499999 
1.13705078125 
1.2308007812500001 
0.9020898437499999 
0.6858789062499998 
1.2677148437500003 
1.0169335937500001 
0.7356835937499998 
1.2483789062500001 
1.15169921875 
