24 8 18 
0.9530664062499999 
0.7280664062499997 
0.8118554687499998 
1.14232421875 
1.22845703125 
0.8464257812499999 
0.7391992187499997 
0.8880273437499998 
0.7702539062499999 
1.22435546875 
1.4106835937500002 
1.0075585937500002 
1.2190820312500001 
1.2308007812500001 
0.91556640625 
0.7854882812499999 
1.15521484375 
1.2806054687500001 
1.2694726562500003 
1.2454492187500001 
1.28587890625 
1.3063867187500002 
0.7579492187499998 
1.16693359375 
1.09837890625 
1.1059960937500002 
1.2407617187500002 
1.09779296875 
0.97650390625 
0.6542382812499998 
1.2308007812500001 
1.1763085937500002 
0.5944726562499999 
1.2349023437500002 
0.7802148437499999 
1.22494140625 
1.2372460937500003 
0.7362695312499998 
1.09720703125 
0.8962304687499998 
0.94662109375 
1.18451171875 
0.9975976562499999 
0.9647851562499999 
1.2360742187500002 
1.2395898437500001 
1.14349609375 
1.29876953125 
1.12298828125 
1.2114648437500002 
1.09134765625 
0.7890039062499999 
1.20853515625 
0.94779296875 
1.20677734375 
1.15580078125 
1.0456445312500002 
1.08197265625 
1.05150390625 
1.19681640625 
1.38080078125 
1.29408203125 
1.2044335937500001 
1.4007226562500001 
1.2190820312500001 
1.0491601562500001 
1.2495507812500002 
0.8341210937499999 
1.19212890625 
0.8727929687499998 
0.96361328125 
1.2161523437500001 
1.28236328125 
0.8036523437499998 
0.91615234375 
1.2349023437500002 
1.05619140625 
1.2395898437500001 
0.8745507812499999 
1.1956445312500001 
0.7825585937499999 
1.0989648437500001 
0.7749414062499999 
1.2934960937500002 
1.29056640625 
1.13060546875 
1.1446679687499999 
1.1522851562499998 
1.2641992187500002 
1.3081445312500002 
0.6975976562499998 
0.7110742187499998 
1.2753320312500003 
1.17162109375 
1.19447265625 
1.06439453125 
1.00873046875 
0.94369140625 
1.2706445312500003 
1.01517578125 
0.9038476562499999 
0.7960351562499999 
0.8042382812499999 
0.9038476562499999 
1.0444726562500002 
0.94427734375 
0.96009765625 
1.2331445312500002 
0.96068359375 
1.19447265625 
1.3485742187500003 
1.2184960937500002 
1.20794921875 
1.0433007812500001 
0.92552734375 
1.03626953125 
1.29525390625 
1.0462304687500001 
1.20267578125 
1.22845703125 
1.2753320312500003 
1.0063867187500002 
1.0427148437500002 
1.28119140625 
0.8698632812499999 
1.00228515625 
0.9870507812499999 
0.9032617187499998 
0.97123046875 
1.21205078125 
1.2190820312500001 
1.0251367187500002 
0.9923242187499998 
0.8376367187499998 
0.6659570312499998 
1.18333984375 
1.08607421875 
1.0749414062499998 
1.29291015625 
1.11361328125 
1.18978515625 
1.07845703125 
1.11830078125 
1.0444726562500002 
0.9331445312500001 
1.1710351562499999 
0.7649804687499998 
0.8522851562499998 
0.8018945312499999 
1.2495507812500002 
1.31458984375 
0.96009765625 
1.0286523437500001 
1.3263085937500003 
0.8024804687499998 
1.21673828125 
0.8358789062499998 
0.8059960937499998 
0.82767578125 
1.26185546875 
1.01400390625 
1.2483789062500001 
0.8956445312499999 
1.06732421875 
1.25892578125 
1.2425195312500001 
0.79017578125 
0.6190820312499998 
1.1698632812499998 
1.16751953125 
1.2554101562500002 
0.7784570312499999 
1.24486328125 
0.8511132812499999 
0.8809960937499998 
0.7655664062499998 
1.31048828125 
0.7907617187499999 
1.2407617187500002 
1.30931640625 
1.0761132812499998 
1.31810546875 
1.23548828125 
1.19095703125 
0.98236328125 
0.7977929687499998 
0.91205078125 
1.09720703125 
1.2888085937500002 
1.2044335937500001 
1.20033203125 
1.00990234375 
1.05970703125 
1.10658203125 
1.16224609375 
1.25775390625 
1.2641992187500002 
0.9149804687499999 
1.16458984375 
0.94369140625 
1.1886132812499999 
0.8429101562499998 
0.6606835937499999 
0.9524804687499999 
1.17982421875 
0.7784570312499999 
1.23841796875 
0.8177148437499999 
0.8405664062499998 
1.0122460937500002 
0.7995507812499999 
0.9026757812499999 
0.97826171875 
0.7591210937499998 
0.97591796875 
1.2290429687500002 
1.07787109375 
1.0315820312500001 
0.8722070312499999 
1.13880859375 
0.8716210937499999 
1.2788476562500002 
1.33392578125 
0.8839257812499999 
0.9882226562499998 
0.9009179687499999 
1.3075585937500003 
0.5897851562499998 
1.31927734375 
1.2501367187500003 
1.33275390625 
1.2466210937500002 
0.8722070312499999 
1.06849609375 
1.08490234375 
1.2477929687500002 
0.8300195312499999 
0.7438867187499998 
0.8921289062499999 
0.8505273437499998 
0.8768945312499998 
1.33216796875 
0.94955078125 
0.9501367187499999 
0.94720703125 
1.17923828125 
0.8059960937499998 
1.31400390625 
0.7755273437499999 
0.7983789062499999 
1.2489648437500003 
1.30111328125 
1.30931640625 
1.08490234375 
1.03744140625 
1.3216210937500001 
1.1681054687499999 
1.23900390625 
1.22083984375 
1.22728515625 
1.2759179687500002 
0.8651757812499999 
1.2126367187500002 
1.35267578125 
0.8341210937499999 
1.29173828125 
0.95072265625 
1.05267578125 
1.28822265625 
0.9735742187499999 
0.9852929687499998 
1.06673828125 
1.18041015625 
1.31869140625 
1.0415429687500002 
1.29701171875 
1.22611328125 
1.12884765625 
1.31341796875 
1.20208984375 
1.21556640625 
1.24603515625 
1.10423828125 
1.2319726562500002 
1.2659570312500001 
1.3069726562500001 
1.0591210937500002 
1.17220703125 
1.2483789062500001 
1.2671289062500002 
1.18451171875 
1.2688867187500004 
1.2800195312500002 
1.2143945312500002 
1.1177148437500002 
1.14818359375 
1.15462890625 
1.2337304687500001 
1.2360742187500002 
1.18802734375 
