6 9 35 
1.1593164062499999 
1.28705078125 
1.01458984375 
1.13763671875 
0.7755273437499999 
1.28587890625 
1.2044335937500001 
1.00287109375 
1.31341796875 
1.39017578125 
0.9800195312500001 
1.44291015625 
0.9770898437500001 
0.9946679687499999 
0.97064453125 
0.95775390625 
0.7210351562499998 
0.8347070312499999 
1.2583398437500002 
1.2536523437500002 
1.14349609375 
1.2583398437500002 
1.44818359375 
0.8640039062499999 
0.9946679687499999 
0.94662109375 
0.8634179687499999 
1.21498046875 
0.8962304687499998 
1.1194726562500001 
1.01810546875 
1.0456445312500002 
1.25306640625 
0.9448632812500001 
0.94720703125 
0.8581445312499999 
1.22611328125 
1.1681054687499999 
1.2489648437500003 
1.36673828125 
0.92201171875 
0.8259179687499999 
0.79251953125 
0.97064453125 
1.1985742187500001 
1.00990234375 
1.1763085937500002 
0.8183007812499999 
1.15873046875 
1.0474023437500002 
0.9917382812499999 
1.21791015625 
1.2407617187500002 
1.15462890625 
0.60267578125 
1.2835351562500001 
1.2806054687500001 
1.16048828125 
1.35560546875 
1.20853515625 
0.7591210937499998 
1.17279296875 
1.2712304687500002 
1.33392578125 
1.13294921875 
1.46576171875 
1.33685546875 
1.1493554687499998 
1.07318359375 
0.94544921875 
0.7016992187499997 
0.8985742187499998 
1.49095703125 
1.00228515625 
0.8358789062499998 
0.4895898437499999 
1.13998046875 
1.31986328125 
0.9952539062499999 
1.13177734375 
0.93841796875 
0.7485742187499997 
1.0989648437500001 
1.29935546875 
1.2132226562500001 
1.09544921875 
1.11126953125 
0.97181640625 
1.21087890625 
1.29935546875 
1.1194726562500001 
1.24427734375 
1.2694726562500003 
1.3936914062499999 
1.08607421875 
1.10658203125 
1.4059960937500002 
1.0532617187500002 
0.8575585937499999 
0.9905664062499998 
1.2513085937500004 
1.2659570312500001 
1.21791015625 
1.31400390625 
0.96947265625 
1.11361328125 
1.03802734375 
1.36146484375 
1.0169335937500001 
1.21498046875 
1.33861328125 
1.2395898437500001 
1.3251367187500003 
0.8118554687499998 
1.12708984375 
0.94076171875 
0.95951171875 
0.8950585937499999 
0.9852929687499998 
1.00931640625 
1.22376953125 
0.8224023437499999 
1.24310546875 
1.0497460937500003 
1.1452539062499998 
1.03275390625 
1.12767578125 
1.1358789062499999 
0.5686914062499999 
1.32103515625 
1.29173828125 
1.14583984375 
1.2138085937500003 
1.2571679687500001 
1.3315820312500002 
1.06439453125 
1.00052734375 
1.29525390625 
1.19330078125 
0.94427734375 
1.1405664062499998 
1.3052148437500002 
0.7374414062499998 
1.1493554687499998 
1.28998046875 
0.8622460937499998 
1.15287109375 
1.0263085937500003 
0.92611328125 
0.95658203125 
0.7972070312499999 
0.92845703125 
1.1874414062499998 
1.17982421875 
0.8827539062499998 
1.05091796875 
0.7186914062499998 
1.11361328125 
1.3433007812500002 
1.4927148437500002 
1.24486328125 
1.1194726562500001 
0.6893945312499998 
1.33802734375 
1.30228515625 
1.07318359375 
1.25306640625 
0.8393945312499999 
1.4950585937500003 
1.2747460937500004 
1.22845703125 
1.08197265625 
0.8347070312499999 
0.9401757812500001 
0.9050195312499999 
0.94662109375 
0.7497460937499998 
1.1200585937500003 
1.2278710937500001 
0.7849023437499999 
1.15521484375 
0.6624414062499998 
1.2542382812500001 
1.33978515625 
1.3063867187500002 
0.92201171875 
1.11712890625 
1.38373046875 
1.0251367187500002 
1.01517578125 
1.2841210937500003 
1.0081445312500001 
0.96361328125 
1.06673828125 
1.2454492187500001 
0.7520898437499999 
1.3110742187500002 
1.22083984375 
0.8575585937499999 
1.11712890625 
1.24369140625 
1.22845703125 
1.2554101562500002 
0.7942773437499999 
0.8423242187499997 
1.24427734375 
0.98060546875 
1.2372460937500003 
0.8124414062499998 
0.8388085937499998 
1.18626953125 
1.22376953125 
1.23431640625 
1.21673828125 
0.91966796875 
0.82767578125 
0.96712890625 
0.97533203125 
1.29701171875 
0.8095117187499998 
1.16341796875 
1.22494140625 
1.06732421875 
1.3081445312500002 
1.37259765625 
1.14115234375 
1.2782617187500003 
1.3257226562500002 
1.3761132812499999 
0.8352929687499998 
1.17572265625 
1.35736328125 
1.11537109375 
0.8036523437499998 
1.13119140625 
1.2876367187500002 
0.7374414062499998 
0.8458398437499999 
1.2934960937500002 
1.15697265625 
0.8704492187499998 
1.2806054687500001 
0.96537109375 
1.34095703125 
1.2542382812500001 
0.7263085937499998 
1.0544335937500002 
1.21966796875 
1.14291015625 
0.9882226562499998 
1.15873046875 
1.31810546875 
1.3169335937500002 
1.05560546875 
1.2360742187500002 
1.31048828125 
0.7509179687499998 
0.8575585937499999 
0.8733789062499998 
1.52494140625 
0.93607421875 
1.16634765625 
0.7919335937499999 
0.7251367187499997 
1.15169921875 
1.1493554687499998 
0.8352929687499998 
1.2776757812500001 
1.33685546875 
1.14701171875 
1.3052148437500002 
1.13705078125 
1.20560546875 
1.01283203125 
1.2360742187500002 
0.7485742187499997 
1.49798828125 
1.0268945312500002 
1.1247460937500002 
1.03275390625 
1.04798828125 
0.98470703125 
1.44173828125 
0.8505273437499998 
1.1048242187500001 
0.8358789062499998 
0.9079492187499998 
1.13470703125 
1.24310546875 
1.35560546875 
1.33392578125 
1.0186914062499999 
0.92845703125 
1.28587890625 
1.2741601562500002 
1.18041015625 
1.16751953125 
1.1686914062499998 
1.14818359375 
1.30931640625 
