16 9 25 
0.7339257812499999 
0.8528710937499998 
1.06439453125 
1.14583984375 
0.9641992187499999 
0.6067773437499999 
0.9888085937499999 
1.2747460937500004 
0.91322265625 
0.8347070312499999 
0.96537109375 
1.07904296875 
0.91322265625 
1.1464257812499998 
1.3579492187500002 
1.28529296875 
1.47220703125 
1.0286523437500001 
1.24369140625 
0.7450585937499998 
1.3403710937500002 
1.23548828125 
0.92552734375 
1.15873046875 
0.8440820312499998 
1.12298828125 
0.97884765625 
1.25892578125 
1.21556640625 
0.94662109375 
0.7145898437499999 
0.8938867187499998 
0.8839257812499999 
1.19330078125 
0.92318359375 
0.8001367187499998 
0.6958398437499999 
1.0415429687500002 
1.20560546875 
0.9061914062499998 
0.8704492187499998 
0.93431640625 
1.0491601562500001 
1.14408203125 
0.8903710937499998 
1.13470703125 
1.31341796875 
0.8511132812499999 
1.0491601562500001 
0.8950585937499999 
0.91439453125 
0.7913476562499999 
0.7919335937499999 
0.92845703125 
0.8317773437499999 
1.0491601562500001 
1.3544335937500003 
1.31341796875 
0.9911523437499998 
1.3813867187500002 
0.98060546875 
1.15404296875 
0.7427148437499999 
1.1417382812499999 
1.32923828125 
0.8733789062499998 
1.1985742187500001 
0.9864648437499999 
1.3444726562500002 
1.14408203125 
1.09779296875 
1.17337890625 
1.0761132812499998 
1.37728515625 
1.14876953125 
0.8991601562499998 
0.9085351562499998 
0.93490234375 
0.8886132812499998 
1.2366601562500001 
0.94544921875 
1.24720703125 
0.8235742187499998 
1.15873046875 
1.3462304687500002 
1.15169921875 
1.0356835937500002 
0.7684960937499998 
1.1018945312500001 
0.8194726562499999 
0.91615234375 
0.7878320312499999 
0.8956445312499999 
1.20326171875 
0.96712890625 
0.6753320312499999 
1.3169335937500002 
0.8997460937499998 
1.17982421875 
1.22435546875 
0.7948632812499999 
1.14232421875 
0.6296289062499999 
0.93783203125 
0.92025390625 
1.10072265625 
1.0075585937500002 
1.0075585937500002 
0.6132226562499998 
1.0309960937500002 
0.9899804687499998 
0.7819726562499999 
1.1106835937500001 
1.13060546875 
1.2788476562500002 
1.2653710937500002 
1.2606835937500003 
1.18802734375 
0.9015039062499999 
0.8698632812499999 
0.7720117187499999 
0.95951171875 
0.9923242187499998 
0.7825585937499999 
1.2337304687500001 
0.8581445312499999 
1.0544335937500002 
0.9905664062499998 
0.8927148437499999 
1.2788476562500002 
0.8323632812499999 
0.6442773437499999 
1.20326171875 
1.00873046875 
1.31458984375 
1.24369140625 
1.22552734375 
1.03802734375 
1.0702539062499998 
1.22259765625 
1.3274804687500001 
0.8845117187499998 
0.8833398437499999 
1.1956445312500001 
1.05853515625 
1.00052734375 
1.23548828125 
0.97123046875 
0.7520898437499999 
1.17689453125 
1.05970703125 
1.2718164062500001 
0.9395898437500001 
1.3749414062499998 
1.08080078125 
1.0263085937500003 
0.98470703125 
0.7474023437499998 
0.8815820312499998 
0.92728515625 
1.13060546875 
0.78958984375 
1.22376953125 
1.2630273437500001 
1.0052148437500001 
1.20326171875 
0.8241601562499998 
0.7626367187499998 
1.09779296875 
1.2407617187500002 
1.31400390625 
0.8815820312499998 
0.9003320312499998 
0.8458398437499999 
1.1059960937500002 
1.1651757812499999 
0.95658203125 
1.13470703125 
1.1177148437500002 
0.8247460937499999 
0.7386132812499998 
0.8839257812499999 
0.8335351562499999 
1.16576171875 
0.97533203125 
1.08841796875 
1.0485742187500002 
0.7813867187499999 
0.8095117187499998 
1.28529296875 
0.8944726562499998 
0.8259179687499999 
1.10892578125 
0.91673828125 
1.02923828125 
0.7766992187499998 
1.1534570312499999 
0.9149804687499999 
1.33275390625 
0.8886132812499998 
0.96244140625 
1.15169921875 
1.20560546875 
1.1417382812499999 
0.5827539062499999 
1.1809960937500001 
1.29759765625 
1.0298242187500002 
1.13763671875 
0.7989648437499999 
1.1417382812499999 
1.3099023437500001 
0.7169335937499999 
1.07787109375 
1.07318359375 
1.16283203125 
1.18333984375 
1.16634765625 
1.09544921875 
1.1206445312500002 
0.9214257812500001 
1.01458984375 
0.8317773437499999 
1.24017578125 
1.2981835937500001 
0.9647851562499999 
1.1710351562499999 
0.8868554687499998 
1.52611328125 
0.7450585937499998 
0.9888085937499999 
1.18451171875 
0.7819726562499999 
0.8464257812499999 
1.20970703125 
0.7743554687499998 
0.7433007812499999 
1.30052734375 
0.8259179687499999 
1.14349609375 
0.6472070312499999 
1.13822265625 
0.9548242187499999 
1.22611328125 
1.2044335937500001 
1.15990234375 
1.1950585937500002 
1.10423828125 
0.8997460937499998 
1.1827539062499999 
1.03802734375 
0.7761132812499999 
1.13646484375 
1.19095703125 
1.3391992187500001 
0.8733789062499998 
1.16576171875 
0.8001367187499998 
0.9882226562499998 
1.12708984375 
1.19095703125 
1.26478515625 
0.9448632812500001 
0.8862695312499999 
0.92083984375 
1.2712304687500002 
1.07376953125 
1.29056640625 
1.01810546875 
1.3099023437500001 
0.78080078125 
0.93666015625 
1.15462890625 
1.15462890625 
1.02337890625 
0.93431640625 
1.01576171875 
1.0263085937500003 
0.6647851562499998 
1.3315820312500002 
1.2132226562500001 
0.94896484375 
1.2612695312500002 
1.2612695312500002 
0.97943359375 
0.8399804687499998 
1.1640039062499998 
1.12767578125 
0.97240234375 
0.94369140625 
0.8862695312499999 
0.97826171875 
1.29642578125 
0.8722070312499999 
1.22142578125 
0.9056054687499998 
0.8089257812499999 
1.09017578125 
0.91205078125 
0.8745507812499999 
