17 9 24 
0.8903710937499998 
0.8270898437499999 
1.02044921875 
1.1282617187500001 
0.6413476562499999 
0.8083398437499999 
1.1059960937500002 
1.17806640625 
1.2606835937500003 
1.41595703125 
0.5018945312499999 
1.06029296875 
1.2466210937500002 
1.18568359375 
1.15580078125 
0.97240234375 
1.28998046875 
1.20326171875 
1.13470703125 
1.05853515625 
0.8704492187499998 
0.60208984375 
0.91380859375 
1.30169921875 
1.0227929687500001 
0.6934960937499998 
1.2595117187500002 
0.94896484375 
1.3040429687500001 
0.8686914062499999 
1.08841796875 
1.24427734375 
1.1809960937500001 
1.22083984375 
0.9097070312499999 
0.93197265625 
1.21673828125 
0.91673828125 
1.09193359375 
0.8968164062499998 
0.9993554687499997 
1.22376953125 
1.37904296875 
1.20150390625 
1.15873046875 
1.2688867187500004 
1.11185546875 
1.03685546875 
0.8306054687499999 
0.9981835937499999 
1.07904296875 
0.94427734375 
1.03275390625 
0.7450585937499998 
0.8417382812499998 
1.30462890625 
0.7356835937499998 
0.94310546875 
0.97240234375 
1.0052148437500001 
1.10716796875 
1.2425195312500001 
1.15873046875 
0.8212304687499998 
1.21087890625 
1.16927734375 
0.8077539062499999 
0.9044335937499999 
0.9044335937499999 
1.26244140625 
1.39017578125 
1.2495507812500002 
0.9003320312499998 
1.1499414062499997 
0.8640039062499999 
0.96361328125 
0.7052148437499999 
1.14701171875 
1.1446679687499999 
0.7649804687499998 
0.91263671875 
1.38958984375 
1.18568359375 
1.11712890625 
1.22845703125 
1.04212890625 
1.17279296875 
0.7544335937499999 
1.2313867187500003 
1.05091796875 
1.2325585937500003 
0.8991601562499998 
0.7479882812499998 
1.20033203125 
0.8341210937499999 
0.8891992187499997 
1.13822265625 
0.91322265625 
0.7122460937499998 
1.13646484375 
1.3427148437500003 
1.32103515625 
0.9056054687499998 
1.0315820312500001 
1.16751953125 
0.95423828125 
1.2138085937500003 
1.31927734375 
0.8546289062499999 
1.11830078125 
1.23900390625 
1.2061914062499999 
1.00228515625 
0.9056054687499998 
1.1165429687500001 
0.7515039062499999 
1.3216210937500001 
0.7274804687499997 
1.2788476562500002 
1.22376953125 
1.1950585937500002 
0.7257226562499998 
0.8991601562499998 
0.7145898437499999 
0.8856835937499998 
1.2554101562500002 
0.7954492187499999 
1.13060546875 
0.8956445312499999 
1.1124414062499999 
0.9735742187499999 
1.3157617187500001 
1.3315820312500002 
1.2788476562500002 
1.1927148437500001 
1.25306640625 
1.13646484375 
1.31986328125 
1.16341796875 
1.2372460937500003 
0.8716210937499999 
1.13763671875 
1.1763085937500002 
0.92025390625 
1.00228515625 
0.5528710937499999 
1.2759179687500002 
0.8177148437499999 
0.5891992187499998 
1.3298242187500002 
0.8950585937499999 
1.29173828125 
0.96009765625 
1.3638085937500002 
0.6636132812499999 
0.8634179687499999 
1.3391992187500001 
1.17162109375 
1.03216796875 
0.95892578125 
0.7608789062499999 
1.2513085937500004 
0.9524804687499999 
1.28822265625 
1.01634765625 
0.8558007812499999 
1.11595703125 
1.00169921875 
1.3450585937500004 
0.8247460937499999 
0.7995507812499999 
1.14349609375 
1.17748046875 
1.09544921875 
0.8388085937499998 
0.9683007812500001 
0.8956445312499999 
0.8839257812499999 
1.00990234375 
1.06673828125 
1.03392578125 
1.43353515625 
1.23900390625 
0.9020898437499999 
1.2542382812500001 
0.8950585937499999 
0.97591796875 
0.7333398437499998 
0.91673828125 
1.13353515625 
0.94310546875 
1.3128320312500001 
1.2190820312500001 
0.7573632812499999 
1.3263085937500003 
0.8106835937499999 
1.2518945312500003 
1.3591210937500002 
1.3227929687500002 
1.16166015625 
1.32103515625 
1.20091796875 
1.0251367187500002 
0.7456445312499999 
0.7163476562499999 
1.17689453125 
1.42884765625 
0.7679101562499998 
0.92025390625 
0.93724609375 
0.9946679687499999 
1.1452539062499998 
0.8575585937499999 
0.8493554687499998 
1.0825585937500002 
1.10775390625 
0.9179101562499999 
0.7268945312499998 
1.1018945312500001 
1.13529296875 
1.30287109375 
1.3391992187500001 
1.06498046875 
0.95716796875 
0.9641992187499999 
1.19681640625 
1.2489648437500003 
0.9964257812499999 
1.11712890625 
1.1956445312500001 
1.12591796875 
0.9917382812499999 
1.3421289062500001 
0.8991601562499998 
0.8059960937499998 
1.05560546875 
0.9864648437499999 
1.11126953125 
0.8265039062499999 
1.3081445312500002 
0.7972070312499999 
1.13294921875 
0.9149804687499999 
0.8651757812499999 
0.98470703125 
0.7169335937499999 
1.2132226562500001 
1.15873046875 
0.7579492187499998 
0.7884179687499999 
0.8065820312499998 
1.21791015625 
1.2308007812500001 
0.9091210937499998 
1.0714257812499999 
1.02748046875 
0.7204492187499998 
0.8821679687499998 
1.2782617187500003 
1.2173242187500002 
1.26478515625 
0.9852929687499998 
1.2735742187500003 
1.02220703125 
1.21673828125 
1.07552734375 
1.04212890625 
1.09427734375 
0.78958984375 
1.10306640625 
0.6061914062499999 
1.24134765625 
0.7550195312499999 
1.2700585937500004 
0.8997460937499998 
1.0257226562500001 
1.1475976562499999 
1.29935546875 
1.0520898437500001 
0.8481835937499999 
1.19798828125 
1.2688867187500004 
0.6659570312499998 
1.14876953125 
0.95072265625 
0.7983789062499999 
0.98353515625 
1.2606835937500003 
1.25775390625 
0.7977929687499998 
0.7421289062499998 
1.1446679687499999 
1.29291015625 
1.16224609375 
0.97064453125 
1.15697265625 
1.3239648437500002 
0.9015039062499999 
1.15697265625 
0.8306054687499999 
