18 9 23 
0.8604882812499999 
0.8253320312499999 
1.3216210937500001 
1.24134765625 
1.06498046875 
1.0427148437500002 
0.9993554687499997 
0.8071679687499999 
1.2138085937500003 
0.7509179687499998 
1.1106835937500001 
0.8118554687499998 
0.9618554687499999 
1.19798828125 
1.00462890625 
1.0655664062499999 
1.01048828125 
1.12181640625 
1.0315820312500001 
1.03626953125 
1.17806640625 
0.9419335937500001 
1.1341210937500001 
1.14876953125 
1.1874414062499998 
1.07376953125 
0.8569726562499999 
0.8804101562499997 
0.9524804687499999 
1.2143945312500002 
1.0345117187500001 
1.14876953125 
0.97943359375 
1.1511132812499998 
1.21205078125 
1.36029296875 
0.91205078125 
1.2612695312500002 
1.20970703125 
0.8681054687499998 
1.2425195312500001 
1.17572265625 
0.8933007812499999 
1.20677734375 
1.0872460937500001 
1.20912109375 
0.94779296875 
1.02337890625 
0.8528710937499998 
1.19447265625 
1.06908203125 
0.8558007812499999 
1.19740234375 
1.2677148437500003 
0.92318359375 
1.07318359375 
1.29583984375 
1.32220703125 
0.8411523437499998 
0.97416015625 
0.9003320312499998 
0.92611328125 
1.2372460937500003 
0.9395898437500001 
0.6934960937499998 
0.9940820312499998 
0.7860742187499998 
0.8628320312499999 
0.8481835937499999 
1.0485742187500002 
1.1224023437500001 
0.92201171875 
1.40892578125 
0.96595703125 
0.9999414062499997 
0.7655664062499998 
1.19681640625 
1.25306640625 
0.9888085937499999 
1.2138085937500003 
0.7966210937499999 
0.8616601562499998 
0.91673828125 
0.8974023437499998 
0.6220117187499998 
1.19447265625 
1.10248046875 
0.97826171875 
1.00931640625 
1.16224609375 
1.05560546875 
0.7128320312499998 
0.9940820312499998 
0.8962304687499998 
0.8809960937499998 
1.2864648437500001 
1.17162109375 
0.94662109375 
1.22962890625 
0.8745507812499999 
1.05736328125 
0.98294921875 
1.2671289062500002 
1.11712890625 
1.29701171875 
1.14876953125 
1.2776757812500001 
1.2841210937500003 
1.3872460937500002 
0.7860742187499998 
1.20560546875 
0.7720117187499999 
0.93841796875 
0.8991601562499998 
1.18626953125 
0.8716210937499999 
0.91673828125 
1.1505273437499999 
0.7661523437499999 
1.00462890625 
1.1018945312500001 
0.7485742187499997 
1.29642578125 
1.1001367187500002 
0.8868554687499998 
0.91322265625 
1.2278710937500001 
0.8423242187499997 
1.0169335937500001 
1.1452539062499998 
0.8159570312499999 
1.0186914062499999 
1.0438867187500003 
1.00169921875 
1.06615234375 
0.8845117187499998 
1.3227929687500002 
1.30052734375 
0.7731835937499999 
0.95189453125 
1.20794921875 
1.22611328125 
1.16341796875 
0.9770898437500001 
0.8868554687499998 
1.0702539062499998 
1.13119140625 
0.8757226562499998 
1.0591210937500002 
1.06029296875 
0.93490234375 
0.9214257812500001 
0.8604882812499999 
1.1710351562499999 
1.09544921875 
1.17572265625 
1.10716796875 
1.14349609375 
1.09017578125 
1.11126953125 
1.33392578125 
0.96595703125 
0.9032617187499998 
1.08548828125 
0.94662109375 
0.8522851562499998 
0.7790429687499999 
1.1446679687499999 
0.93607421875 
1.30169921875 
1.13529296875 
0.6665429687499999 
0.96009765625 
0.7468164062499998 
0.92611328125 
1.24134765625 
1.19623046875 
0.8622460937499998 
0.8763085937499998 
0.95833984375 
0.7649804687499998 
1.1446679687499999 
1.2302148437500002 
1.2102929687500001 
0.9331445312500001 
0.8018945312499999 
1.2132226562500001 
0.95072265625 
1.12767578125 
1.0503320312500002 
0.7233789062499998 
0.92845703125 
0.8540429687499999 
1.20501953125 
1.29173828125 
0.6448632812499999 
1.13822265625 
1.05970703125 
1.17279296875 
0.5979882812499999 
1.3239648437500002 
1.08314453125 
1.23900390625 
1.18802734375 
0.8095117187499998 
1.29525390625 
0.9331445312500001 
0.7538476562499998 
1.2138085937500003 
0.95892578125 
1.18978515625 
1.29583984375 
1.22611328125 
0.8434960937499998 
0.93255859375 
1.3936914062499999 
0.8464257812499999 
0.8886132812499998 
0.96009765625 
1.0433007812500001 
1.2770898437500002 
1.28705078125 
1.22025390625 
1.12650390625 
1.17396484375 
1.2741601562500002 
0.95365234375 
0.91205078125 
0.6876367187499998 
0.6243554687499998 
0.8950585937499999 
1.3040429687500001 
0.8130273437499999 
0.8938867187499998 
0.7222070312499999 
0.6536523437499998 
1.18216796875 
0.92552734375 
0.8499414062499998 
1.2220117187500001 
1.1358789062499999 
0.8364648437499999 
0.96302734375 
0.8417382812499998 
0.97650390625 
0.8903710937499998 
1.18626953125 
0.8405664062499998 
1.11830078125 
1.05853515625 
1.2641992187500002 
1.19623046875 
1.16283203125 
0.8376367187499998 
1.06732421875 
1.1001367187500002 
0.8118554687499998 
0.7989648437499999 
1.18041015625 
0.9302148437500001 
1.2507226562500002 
1.13294921875 
1.0503320312500002 
1.2542382812500001 
1.09544921875 
1.18333984375 
0.93490234375 
0.91380859375 
1.17162109375 
1.29056640625 
0.8247460937499999 
0.7972070312499999 
0.7819726562499999 
0.93607421875 
1.02923828125 
1.2817773437500002 
0.93841796875 
0.97591796875 
1.17455078125 
0.95951171875 
1.2231835937500002 
1.22552734375 
1.1710351562499999 
0.8634179687499999 
1.2061914062499999 
1.09193359375 
0.8985742187499998 
1.1165429687500001 
1.03275390625 
1.1358789062499999 
1.06615234375 
1.1341210937500001 
1.21673828125 
1.2483789062500001 
0.7989648437499999 
1.19330078125 
1.2688867187500004 
0.8909570312499998 
1.1188867187500002 
0.8546289062499999 
