20 9 21 
1.09251953125 
1.2770898437500002 
1.3936914062499999 
1.11712890625 
1.36146484375 
1.1950585937500002 
1.2864648437500001 
1.11361328125 
1.17162109375 
0.8839257812499999 
0.9331445312500001 
1.2126367187500002 
1.1253320312500001 
0.91087890625 
0.7438867187499998 
0.8616601562499998 
0.9091210937499998 
1.10716796875 
0.7286523437499998 
1.07904296875 
1.2102929687500001 
0.9266992187499999 
0.9091210937499998 
0.7643945312499999 
1.06322265625 
1.2724023437500003 
1.08783203125 
1.2788476562500002 
1.2841210937500003 
1.1522851562499998 
0.98353515625 
0.96537109375 
0.9618554687499999 
1.20267578125 
0.7936914062499999 
1.08197265625 
1.3040429687500001 
1.08080078125 
0.8218164062499999 
1.18626953125 
1.16283203125 
0.9987695312499999 
1.0532617187500002 
0.92845703125 
0.7802148437499999 
1.01986328125 
0.9952539062499999 
1.1106835937500001 
0.8733789062499998 
1.22494140625 
1.1511132812499998 
1.1165429687500001 
1.1927148437500001 
0.97884765625 
1.10775390625 
0.9946679687499999 
0.9641992187499999 
0.97005859375 
1.2278710937500001 
0.5253320312499999 
0.97884765625 
1.1177148437500002 
0.8868554687499998 
1.17982421875 
1.2483789062500001 
1.16107421875 
0.8862695312499999 
1.05677734375 
1.0655664062499999 
0.7509179687499998 
1.03275390625 
0.9530664062499999 
1.01166015625 
1.3485742187500003 
0.9214257812500001 
1.2788476562500002 
0.7397851562499997 
0.9993554687499997 
0.8968164062499998 
1.06029296875 
1.2595117187500002 
0.7661523437499999 
1.17572265625 
0.91029296875 
1.19212890625 
0.8388085937499998 
0.6770898437499999 
1.22435546875 
0.8534570312499998 
1.16166015625 
1.20560546875 
0.92025390625 
1.3099023437500001 
0.7397851562499997 
1.11009765625 
1.14408203125 
1.07845703125 
0.8827539062499998 
1.2501367187500003 
1.2694726562500003 
1.17806640625 
1.00052734375 
0.8124414062499998 
0.6208398437499999 
0.7749414062499999 
0.93783203125 
0.5786523437499999 
0.8757226562499998 
0.91439453125 
1.1710351562499999 
1.1505273437499999 
1.08431640625 
1.25892578125 
0.7339257812499999 
0.95775390625 
0.9946679687499999 
1.0702539062499998 
1.1405664062499998 
0.9395898437500001 
0.6425195312499999 
1.23900390625 
0.8446679687499998 
1.24720703125 
1.0263085937500003 
1.3415429687500002 
0.9085351562499998 
1.13822265625 
1.26361328125 
0.7356835937499998 
1.09837890625 
0.9009179687499999 
0.93724609375 
0.8927148437499999 
0.93255859375 
0.9214257812500001 
0.9050195312499999 
1.09603515625 
0.8587304687499998 
1.00873046875 
0.8288476562499999 
0.93548828125 
1.06615234375 
0.7579492187499998 
0.92318359375 
1.30287109375 
0.94720703125 
1.07552734375 
0.8200585937499999 
0.9524804687499999 
1.01283203125 
0.8692773437499999 
0.9952539062499999 
1.16927734375 
0.7960351562499999 
0.9559960937499999 
0.8294335937499999 
0.8323632812499999 
0.8698632812499999 
1.03333984375 
0.5944726562499999 
1.19447265625 
0.9981835937499999 
1.1013085937500002 
1.22259765625 
0.8792382812499998 
1.11419921875 
1.31048828125 
1.2138085937500003 
0.8030664062499998 
1.11419921875 
0.8569726562499999 
0.6806054687499998 
1.00697265625 
0.9425195312500001 
1.01341796875 
0.9888085937499999 
0.97533203125 
0.7585351562499998 
1.02044921875 
0.96244140625 
0.7567773437499998 
1.2876367187500002 
1.23548828125 
1.2806054687500001 
0.8370507812499999 
0.6319726562499999 
1.3304101562500001 
0.7479882812499998 
1.09193359375 
0.9173242187499999 
0.6313867187499999 
0.64017578125 
0.98353515625 
0.91205078125 
0.6987695312499999 
1.0298242187500002 
1.18802734375 
0.7292382812499998 
0.7597070312499998 
1.03216796875 
1.2782617187500003 
1.03041015625 
0.8763085937499998 
1.1575585937500001 
1.09603515625 
1.00287109375 
0.93490234375 
1.1188867187500002 
1.2132226562500001 
1.11830078125 
1.2753320312500003 
0.7854882812499999 
0.6448632812499999 
1.3936914062499999 
0.8206445312499999 
1.22962890625 
1.28119140625 
0.97826171875 
0.94310546875 
1.3268945312500002 
1.17220703125 
1.08841796875 
1.2999414062499999 
1.04095703125 
0.8393945312499999 
0.6870507812499999 
0.7714257812499999 
1.24017578125 
0.8323632812499999 
1.0872460937500001 
1.22845703125 
0.9917382812499999 
1.18626953125 
1.3415429687500002 
1.21673828125 
1.2366601562500001 
0.8921289062499999 
1.1751367187500001 
0.79251953125 
1.17279296875 
1.15521484375 
1.22611328125 
1.18802734375 
0.9864648437499999 
1.00931640625 
0.94369140625 
0.92787109375 
1.18568359375 
1.2729882812500002 
1.08431640625 
0.93373046875 
1.22376953125 
1.2184960937500002 
0.8774804687499997 
1.20208984375 
1.0444726562500002 
1.2712304687500002 
0.97298828125 
1.32103515625 
1.2806054687500001 
0.8511132812499999 
1.13236328125 
1.0772851562499999 
0.9003320312499998 
1.29525390625 
1.23548828125 
0.9524804687499999 
1.01517578125 
1.16107421875 
1.03626953125 
1.3567773437500001 
0.9970117187499998 
0.94662109375 
0.6641992187499998 
0.7532617187499998 
0.95833984375 
0.7567773437499998 
0.7122460937499998 
1.2425195312500001 
1.0638085937500001 
1.3391992187500001 
1.0298242187500002 
1.28529296875 
0.98177734375 
0.8534570312499998 
1.2184960937500002 
1.2184960937500002 
0.92376953125 
0.93666015625 
1.09193359375 
1.1282617187500001 
1.0011132812499999 
1.31927734375 
0.6794335937499999 
1.0591210937500002 
1.24310546875 
1.2132226562500001 
0.9893945312499999 
0.6817773437499999 
0.8757226562499998 
