21 9 20 
1.2454492187500001 
1.09720703125 
0.91908203125 
0.93724609375 
1.1505273437499999 
1.2061914062499999 
1.2659570312500001 
1.31048828125 
1.20794921875 
1.00931640625 
1.4522851562499999 
1.2102929687500001 
1.2706445312500003 
0.8845117187499998 
1.2319726562500002 
1.09955078125 
1.2677148437500003 
1.17396484375 
0.98060546875 
0.9079492187499998 
0.7058007812499999 
1.18919921875 
0.8938867187499998 
1.1177148437500002 
1.03802734375 
0.8710351562499998 
0.8821679687499998 
1.2114648437500002 
1.2981835937500001 
0.6929101562499997 
0.7702539062499999 
1.28529296875 
0.8804101562499997 
1.2395898437500001 
1.01751953125 
0.91263671875 
1.1886132812499999 
1.08841796875 
0.9073632812499999 
1.3567773437500001 
0.9964257812499999 
1.10248046875 
0.7772851562499998 
0.91029296875 
1.06498046875 
1.1698632812499998 
1.0936914062499998 
1.2706445312500003 
0.7350976562499998 
0.9308007812500001 
1.0772851562499999 
1.36556640625 
1.01517578125 
0.8599023437499999 
1.20736328125 
1.14701171875 
1.20560546875 
1.28998046875 
1.0227929687500001 
1.2659570312500001 
0.7614648437499999 
0.9870507812499999 
0.8739648437499998 
0.7860742187499998 
1.0298242187500002 
1.08607421875 
1.2524804687500002 
1.3227929687500002 
1.10775390625 
1.2220117187500001 
0.53001953125 
0.8891992187499997 
1.0462304687500001 
1.18158203125 
0.91029296875 
1.26361328125 
1.0544335937500002 
0.7802148437499999 
1.17279296875 
1.2835351562500001 
0.9097070312499999 
1.1059960937500002 
1.13822265625 
0.93724609375 
0.8739648437499998 
0.7274804687499997 
0.96595703125 
0.6647851562499998 
0.94837890625 
1.18978515625 
1.03041015625 
1.03275390625 
1.17923828125 
1.08841796875 
0.96302734375 
1.2712304687500002 
1.17923828125 
0.8733789062499998 
1.37142578125 
1.03861328125 
1.0169335937500001 
1.3157617187500001 
1.15873046875 
0.98353515625 
0.8991601562499998 
1.14818359375 
1.19037109375 
0.7286523437499998 
1.24720703125 
0.6946679687499998 
0.91380859375 
1.28529296875 
1.03216796875 
1.16458984375 
1.1827539062499999 
1.0268945312500002 
1.2489648437500003 
1.1358789062499999 
0.8809960937499998 
1.2724023437500003 
1.1294335937500002 
1.0110742187500001 
1.2319726562500002 
1.30287109375 
0.7585351562499998 
1.2319726562500002 
1.0550195312500001 
1.15404296875 
0.78080078125 
0.9073632812499999 
1.05560546875 
0.8991601562499998 
1.13705078125 
0.8862695312499999 
1.2466210937500002 
0.91263671875 
1.10248046875 
1.29115234375 
0.5968164062499999 
0.9870507812499999 
0.8827539062499998 
1.13060546875 
1.22259765625 
0.8352929687499998 
1.15814453125 
0.7960351562499999 
0.8634179687499999 
0.9003320312499998 
1.0427148437500002 
0.97591796875 
1.12298828125 
0.6917382812499998 
1.2143945312500002 
0.7872460937499999 
1.2143945312500002 
0.8429101562499998 
1.35267578125 
1.18392578125 
1.12767578125 
0.97005859375 
1.3239648437500002 
0.8370507812499999 
1.2114648437500002 
1.32044921875 
1.03333984375 
1.1593164062499999 
0.94662109375 
1.26244140625 
0.8071679687499999 
1.2934960937500002 
0.95833984375 
1.1505273437499999 
0.7116601562499998 
1.18041015625 
1.3052148437500002 
1.20736328125 
0.79017578125 
1.01634765625 
0.96595703125 
0.8962304687499998 
0.93724609375 
1.2694726562500003 
1.15814453125 
1.11478515625 
0.94896484375 
0.7591210937499998 
1.08548828125 
1.3040429687500001 
0.7936914062499999 
1.3063867187500002 
1.2143945312500002 
1.24603515625 
1.2302148437500002 
1.1827539062499999 
1.16224609375 
1.3309960937500003 
0.7989648437499999 
0.91146484375 
0.9501367187499999 
0.9085351562499998 
0.6970117187499998 
1.0591210937500002 
1.3274804687500001 
1.29291015625 
1.33509765625 
1.1534570312499999 
0.7749414062499999 
0.9641992187499999 
0.8974023437499998 
1.2712304687500002 
0.96302734375 
1.2126367187500002 
0.8288476562499999 
1.12767578125 
1.3936914062499999 
1.19037109375 
0.97826171875 
1.3099023437500001 
1.1018945312500001 
1.0052148437500001 
1.07201171875 
1.3052148437500002 
0.97064453125 
1.1938867187500002 
1.12884765625 
1.03216796875 
1.09779296875 
0.7022851562499998 
0.7983789062499999 
1.17982421875 
1.2706445312500003 
0.8259179687499999 
1.06146484375 
1.2331445312500002 
1.0403710937500001 
0.6835351562499998 
0.8921289062499999 
0.7813867187499999 
1.19916015625 
1.17982421875 
1.03392578125 
1.09955078125 
0.9091210937499998 
0.6173242187499998 
0.8171289062499999 
1.29701171875 
1.1751367187500001 
1.06087890625 
1.1493554687499998 
1.24369140625 
1.02337890625 
0.9401757812500001 
1.2466210937500002 
0.98119140625 
0.8218164062499999 
1.2302148437500002 
1.15638671875 
1.32923828125 
1.2372460937500003 
0.9858789062499999 
1.26244140625 
1.12767578125 
0.93255859375 
0.9800195312500001 
1.30873046875 
1.21205078125 
0.9179101562499999 
1.13705078125 
0.7948632812499999 
1.36966796875 
1.2489648437500003 
1.16107421875 
1.17279296875 
1.0251367187500002 
1.06029296875 
0.8610742187499998 
1.15990234375 
1.12884765625 
0.8059960937499998 
0.8030664062499998 
1.16576171875 
0.7649804687499998 
1.04798828125 
0.7614648437499999 
1.2524804687500002 
0.8645898437499999 
0.8903710937499998 
1.26361328125 
0.7673242187499998 
1.2302148437500002 
0.7931054687499999 
1.2630273437500001 
1.01634765625 
0.9173242187499999 
0.93431640625 
1.11302734375 
0.8874414062499998 
1.2190820312500001 
0.8886132812499998 
1.26185546875 
