23 9 18 
1.24017578125 
1.20677734375 
0.7526757812499999 
1.0345117187500001 
1.20560546875 
1.24603515625 
0.92728515625 
0.9044335937499999 
0.98294921875 
1.1681054687499999 
1.16224609375 
1.25306640625 
1.18802734375 
0.8880273437499998 
1.33685546875 
1.1698632812499998 
1.03744140625 
1.29056640625 
1.14818359375 
0.9911523437499998 
0.8288476562499999 
0.8516992187499998 
1.2876367187500002 
0.9952539062499999 
1.3081445312500002 
0.93841796875 
1.0702539062499998 
1.0702539062499998 
0.97240234375 
0.94544921875 
0.8235742187499998 
0.95189453125 
0.9390039062500001 
1.3157617187500001 
0.94427734375 
0.8850976562499998 
1.12591796875 
1.06673828125 
1.2888085937500002 
1.25306640625 
0.8317773437499999 
1.0081445312500001 
1.3251367187500003 
1.3052148437500002 
0.6554101562499998 
0.96302734375 
1.02220703125 
1.07201171875 
1.26244140625 
0.5792382812499999 
1.33392578125 
1.17455078125 
1.2688867187500004 
1.17572265625 
0.93255859375 
1.2934960937500002 
0.8786523437499998 
1.2641992187500002 
0.7731835937499999 
1.0356835937500002 
0.82767578125 
1.15814453125 
0.7333398437499998 
1.13177734375 
1.2278710937500001 
0.96947265625 
1.11302734375 
1.2694726562500003 
0.8880273437499998 
0.98060546875 
1.19740234375 
1.2360742187500002 
0.7345117187499998 
1.24427734375 
1.2331445312500002 
0.9061914062499998 
1.1464257812499998 
0.8962304687499998 
1.17455078125 
1.10365234375 
0.9946679687499999 
0.8733789062499998 
0.8282617187499999 
0.8417382812499998 
1.32044921875 
1.3063867187500002 
1.00931640625 
1.31751953125 
1.3110742187500002 
1.10306640625 
1.25775390625 
1.09603515625 
0.7755273437499999 
1.13646484375 
0.5106835937499999 
1.00345703125 
0.7239648437499998 
0.8528710937499998 
1.10658203125 
1.28822265625 
1.2559960937500003 
1.3309960937500003 
1.31810546875 
1.03744140625 
0.9852929687499998 
0.7960351562499999 
1.03216796875 
0.94837890625 
0.9559960937499999 
0.7597070312499998 
1.0474023437500002 
1.21087890625 
1.1751367187500001 
1.2770898437500002 
0.9970117187499998 
1.3268945312500002 
0.7819726562499999 
0.9770898437500001 
1.0655664062499999 
0.94896484375 
0.8393945312499999 
0.8763085937499998 
0.9425195312500001 
0.91615234375 
1.31341796875 
1.2407617187500002 
1.03626953125 
1.09251953125 
0.8780664062499998 
1.19681640625 
1.03216796875 
1.09662109375 
1.2495507812500002 
0.7983789062499999 
1.09193359375 
0.7849023437499999 
0.8224023437499999 
0.7772851562499998 
0.8095117187499998 
0.8030664062499998 
1.1763085937500002 
0.8610742187499998 
0.91205078125 
1.3075585937500003 
1.28705078125 
0.9999414062499997 
0.7679101562499998 
0.8880273437499998 
0.9864648437499999 
1.01048828125 
1.24427734375 
1.18509765625 
1.1124414062499999 
0.7239648437499998 
0.96595703125 
1.1938867187500002 
1.36205078125 
0.96126953125 
0.7679101562499998 
1.2395898437500001 
0.8423242187499997 
0.92787109375 
1.07669921875 
0.8915429687499998 
1.2407617187500002 
0.9770898437500001 
1.2559960937500003 
1.29525390625 
1.05150390625 
1.0122460937500002 
1.09193359375 
1.4065820312500001 
1.33978515625 
0.8669335937499999 
0.6472070312499999 
0.8446679687499998 
0.9864648437499999 
0.9073632812499999 
1.09017578125 
1.00169921875 
0.8452539062499999 
1.17396484375 
1.13001953125 
1.20853515625 
1.21205078125 
0.94603515625 
1.30462890625 
1.22962890625 
0.8347070312499999 
0.98060546875 
0.7966210937499999 
1.0438867187500003 
1.18919921875 
1.1686914062499998 
0.94427734375 
0.7749414062499999 
1.2759179687500002 
1.22142578125 
0.7849023437499999 
1.0591210937500002 
0.8997460937499998 
1.0011132812499999 
1.0503320312500002 
1.29935546875 
0.95892578125 
1.00697265625 
1.2806054687500001 
1.01576171875 
0.6624414062499998 
1.22845703125 
1.1417382812499999 
1.26185546875 
1.1534570312499999 
0.8464257812499999 
0.8159570312499999 
1.2143945312500002 
0.91029296875 
1.08783203125 
0.9026757812499999 
1.19447265625 
0.8183007812499999 
1.3268945312500002 
0.97064453125 
0.91615234375 
1.27650390625 
1.3702539062499999 
1.28705078125 
1.2595117187500002 
1.00345703125 
0.7649804687499998 
1.2518945312500003 
0.8868554687499998 
0.6161523437499998 
1.31634765625 
1.2190820312500001 
1.20091796875 
0.9179101562499999 
1.07552734375 
1.2407617187500002 
0.7087304687499998 
0.8376367187499998 
0.7034570312499998 
1.2325585937500003 
1.00697265625 
0.7766992187499998 
0.8440820312499998 
1.0081445312500001 
0.8370507812499999 
0.8440820312499998 
0.92728515625 
0.7972070312499999 
0.8727929687499998 
0.98412109375 
0.95892578125 
1.10306640625 
1.37142578125 
0.9044335937499999 
1.1809960937500001 
1.08080078125 
1.26185546875 
0.9395898437500001 
1.09603515625 
0.7474023437499998 
1.2126367187500002 
1.0872460937500001 
1.13470703125 
1.1681054687499999 
1.20267578125 
0.7731835937499999 
1.0450585937500003 
1.2501367187500003 
0.8985742187499998 
1.18685546875 
1.20736328125 
1.22083984375 
1.1593164062499999 
1.06087890625 
1.17923828125 
0.98177734375 
1.17162109375 
1.18919921875 
1.12591796875 
0.7022851562499998 
1.0227929687500001 
1.17923828125 
0.97181640625 
1.29525390625 
0.8927148437499999 
0.8065820312499998 
1.36673828125 
1.29525390625 
0.7286523437499998 
0.7046289062499999 
0.7204492187499998 
0.6788476562499999 
1.2600976562500001 
1.1124414062499999 
1.2659570312500001 
1.14291015625 
0.6882226562499998 
