34 9 7 
0.8880273437499998 
0.9038476562499999 
0.7995507812499999 
1.11185546875 
0.8013085937499999 
0.8786523437499998 
0.8874414062499998 
1.2741601562500002 
1.2308007812500001 
0.94134765625 
1.33861328125 
1.23900390625 
0.95189453125 
0.91322265625 
0.8569726562499999 
0.9331445312500001 
0.95130859375 
0.9020898437499999 
1.0186914062499999 
1.26478515625 
0.8739648437499998 
1.3052148437500002 
1.09720703125 
1.30345703125 
1.10306640625 
1.11830078125 
1.11419921875 
0.8962304687499998 
0.9390039062500001 
1.0743554687499999 
1.31341796875 
0.8891992187499997 
1.15169921875 
1.21556640625 
1.06498046875 
1.25892578125 
0.6893945312499998 
0.8903710937499998 
1.3761132812499999 
1.0286523437500001 
1.18158203125 
1.2800195312500002 
0.8997460937499998 
1.01283203125 
1.24369140625 
0.8716210937499999 
0.8229882812499999 
1.0702539062499998 
1.29701171875 
0.8909570312499998 
0.7790429687499999 
0.8388085937499998 
0.8048242187499998 
1.24369140625 
1.31927734375 
0.8692773437499999 
1.21498046875 
1.3128320312500001 
0.8552148437499999 
0.9425195312500001 
1.29583984375 
0.8528710937499998 
0.8763085937499998 
0.95658203125 
1.26244140625 
0.8915429687499998 
0.8528710937499998 
0.8716210937499999 
0.8417382812499998 
1.2173242187500002 
0.9800195312500001 
1.16458984375 
0.8411523437499998 
1.1405664062499998 
1.38958984375 
1.16224609375 
1.2349023437500002 
1.24310546875 
1.24720703125 
0.8763085937499998 
1.17044921875 
1.17923828125 
0.7251367187499997 
0.9970117187499998 
1.2735742187500003 
0.8827539062499998 
0.8827539062499998 
1.2325585937500003 
0.8141992187499998 
1.1511132812499998 
0.8839257812499999 
1.29876953125 
0.8130273437499999 
0.8710351562499998 
0.8352929687499998 
0.91322265625 
0.9032617187499998 
0.9073632812499999 
1.2102929687500001 
1.2313867187500003 
0.8475976562499998 
0.8722070312499999 
1.1165429687500001 
0.9911523437499998 
0.9981835937499999 
0.55580078125 
1.2876367187500002 
1.1985742187500001 
1.20560546875 
1.21087890625 
0.8013085937499999 
1.01810546875 
1.2184960937500002 
1.26185546875 
1.01166015625 
1.1927148437500001 
1.01341796875 
1.2501367187500003 
1.2770898437500002 
1.16107421875 
0.93138671875 
1.26244140625 
1.23841796875 
1.0063867187500002 
0.8434960937499998 
1.05677734375 
0.7684960937499998 
1.22962890625 
1.21087890625 
0.91146484375 
1.2653710937500002 
1.36029296875 
0.9331445312500001 
0.7837304687499999 
0.8552148437499999 
0.7696679687499999 
1.1997460937500002 
1.22611328125 
1.3122460937500002 
0.9952539062499999 
1.2606835937500003 
1.2841210937500003 
0.93197265625 
1.21556640625 
0.9776757812500001 
1.2126367187500002 
0.97064453125 
0.7427148437499999 
0.8991601562499998 
0.9981835937499999 
0.9050195312499999 
0.7936914062499999 
0.9993554687499997 
1.36205078125 
0.9929101562499998 
1.20736328125 
0.7907617187499999 
1.2981835937500001 
0.9419335937500001 
0.6665429687499999 
0.9395898437500001 
1.1534570312499999 
0.98236328125 
0.9073632812499999 
1.0169335937500001 
1.16458984375 
1.04798828125 
0.7485742187499997 
1.0122460937500002 
0.92904296875 
1.2641992187500002 
0.6882226562499998 
1.0936914062499998 
0.8540429687499999 
0.6923242187499997 
1.18333984375 
1.0011132812499999 
0.8991601562499998 
1.15697265625 
1.2794335937500003 
1.2788476562500002 
1.26244140625 
1.2571679687500001 
0.96361328125 
1.2518945312500003 
1.12591796875 
1.22025390625 
1.2132226562500001 
1.2595117187500002 
1.1886132812499999 
1.2132226562500001 
0.9993554687499997 
1.23900390625 
0.8118554687499998 
1.0286523437500001 
0.8985742187499998 
1.2718164062500001 
1.15697265625 
0.9038476562499999 
0.94662109375 
1.12416015625 
1.09662109375 
1.2220117187500001 
1.0485742187500002 
1.2495507812500002 
1.06673828125 
1.13880859375 
0.8393945312499999 
0.8821679687499998 
0.7679101562499998 
0.8634179687499999 
0.8745507812499999 
0.98177734375 
1.2419335937500002 
1.21205078125 
1.22669921875 
0.9050195312499999 
0.97650390625 
1.22611328125 
0.7608789062499999 
0.9214257812500001 
1.07552734375 
0.6741601562499998 
1.2788476562500002 
0.6249414062499998 
1.2571679687500001 
0.95775390625 
1.22669921875 
1.10775390625 
0.8862695312499999 
1.14818359375 
1.2583398437500002 
1.22728515625 
1.22025390625 
0.9905664062499998 
1.2138085937500003 
1.25892578125 
0.8681054687499998 
1.32337890625 
1.16341796875 
0.9015039062499999 
1.2495507812500002 
0.94076171875 
1.2536523437500002 
0.7585351562499998 
0.92962890625 
0.8534570312499998 
0.7438867187499998 
1.06439453125 
1.23900390625 
0.92728515625 
1.31400390625 
0.97064453125 
1.26185546875 
1.2313867187500003 
0.8423242187499997 
1.24486328125 
1.32220703125 
1.05091796875 
1.1493554687499998 
1.17923828125 
1.09193359375 
0.94720703125 
0.9981835937499999 
1.2349023437500002 
1.19154296875 
1.20501953125 
0.8382226562499998 
0.94896484375 
1.2495507812500002 
0.9683007812500001 
1.06849609375 
0.7403710937499998 
1.2126367187500002 
0.7567773437499998 
1.25892578125 
0.92962890625 
1.2372460937500003 
1.21673828125 
1.20501953125 
1.2466210937500002 
0.93255859375 
1.2407617187500002 
0.9079492187499998 
0.91205078125 
0.92494140625 
1.03392578125 
0.8153710937499998 
1.2102929687500001 
0.8669335937499999 
1.2419335937500002 
1.01576171875 
1.2612695312500002 
1.2395898437500001 
0.8411523437499998 
1.2507226562500002 
1.16283203125 
1.26478515625 
1.1124414062499999 
1.03626953125 
