39 9 2 
0.95951171875 
0.92376953125 
0.96126953125 
1.2706445312500003 
1.10892578125 
1.2653710937500002 
0.8306054687499999 
1.22435546875 
1.0403710937500001 
0.7304101562499997 
0.8640039062499999 
0.8979882812499999 
1.05384765625 
1.00228515625 
0.8868554687499998 
1.16927734375 
1.28822265625 
1.26244140625 
1.2477929687500002 
1.2735742187500003 
1.01751953125 
1.03802734375 
1.2138085937500003 
1.1681054687499999 
1.17044921875 
0.8675195312499999 
0.7626367187499998 
1.05267578125 
0.8944726562499998 
1.2501367187500003 
1.17337890625 
0.7602929687499999 
0.8200585937499999 
0.96947265625 
1.17337890625 
0.8727929687499998 
1.22962890625 
1.31048828125 
0.92201171875 
0.9056054687499998 
1.0011132812499999 
1.20150390625 
1.1165429687500001 
0.6677148437499999 
0.9864648437499999 
0.8546289062499999 
1.08080078125 
1.2513085937500004 
1.2554101562500002 
1.07552734375 
1.2360742187500002 
1.2548242187500003 
0.91322265625 
1.12123046875 
0.8505273437499998 
1.11478515625 
1.2554101562500002 
1.23548828125 
1.07552734375 
1.09251953125 
1.2337304687500001 
1.10716796875 
1.22728515625 
1.2366601562500001 
0.8786523437499998 
0.8188867187499999 
1.2934960937500002 
1.22259765625 
0.7333398437499998 
1.00580078125 
1.02923828125 
1.29173828125 
0.9870507812499999 
1.22259765625 
1.02044921875 
0.7954492187499999 
0.8475976562499998 
0.8575585937499999 
1.2800195312500002 
0.9911523437499998 
1.2419335937500002 
1.19916015625 
1.2606835937500003 
1.2542382812500001 
0.6431054687499999 
0.97474609375 
1.2366601562500001 
1.2395898437500001 
0.8751367187499998 
1.3063867187500002 
0.7274804687499997 
1.2061914062499999 
0.79251953125 
0.8516992187499998 
1.2290429687500002 
0.8030664062499998 
0.9958398437499999 
0.9776757812500001 
1.07552734375 
0.8505273437499998 
1.29173828125 
0.8493554687499998 
1.08021484375 
0.94076171875 
1.03861328125 
1.3040429687500001 
0.8956445312499999 
1.09251953125 
1.20677734375 
1.2489648437500003 
1.3362695312500001 
1.2102929687500001 
1.06263671875 
0.8681054687499998 
1.3403710937500002 
0.8909570312499998 
1.18041015625 
1.2683007812500002 
1.2278710937500001 
1.2554101562500002 
0.7784570312499999 
1.3315820312500002 
0.7573632812499999 
1.2671289062500002 
0.96068359375 
0.96712890625 
1.2138085937500003 
0.92201171875 
1.2934960937500002 
0.8792382812499998 
0.9618554687499999 
0.82767578125 
1.0433007812500001 
0.8710351562499998 
0.8868554687499998 
0.8065820312499998 
1.24486328125 
1.2829492187500002 
1.2671289062500002 
1.04212890625 
1.0169335937500001 
1.21556640625 
0.6700585937499999 
0.8839257812499999 
1.25892578125 
0.8804101562499997 
0.8352929687499998 
0.92962890625 
1.1165429687500001 
1.17572265625 
1.16283203125 
1.22083984375 
0.8768945312499998 
1.25306640625 
1.2143945312500002 
1.2741601562500002 
0.97005859375 
1.09544921875 
1.0743554687499999 
0.8552148437499999 
1.08431640625 
1.22376953125 
1.0239648437500002 
0.8827539062499998 
0.8915429687499998 
1.1206445312500002 
0.91146484375 
1.2501367187500003 
1.2659570312500001 
1.2143945312500002 
1.05853515625 
0.97591796875 
0.9015039062499999 
0.9554101562499999 
1.03978515625 
1.2501367187500003 
0.8710351562499998 
1.30931640625 
0.8200585937499999 
1.2735742187500003 
1.2759179687500002 
0.8452539062499999 
1.29115234375 
1.30462890625 
0.92494140625 
1.26478515625 
1.23841796875 
1.21498046875 
1.2800195312500002 
1.23900390625 
1.36498046875 
1.0444726562500002 
1.09076171875 
0.9735742187499999 
1.07552734375 
1.02748046875 
1.2102929687500001 
0.8974023437499998 
1.15580078125 
0.9893945312499999 
0.7474023437499998 
0.9934960937499998 
1.2612695312500002 
1.19623046875 
0.8757226562499998 
1.3567773437500001 
0.7825585937499999 
0.9073632812499999 
1.1874414062499998 
1.2507226562500002 
1.04095703125 
1.18392578125 
1.0491601562500001 
1.2349023437500002 
1.00873046875 
1.22728515625 
0.96654296875 
0.8950585937499999 
1.2319726562500002 
1.22962890625 
0.8434960937499998 
1.26185546875 
0.8686914062499999 
1.31048828125 
0.9987695312499999 
1.2308007812500001 
0.97416015625 
0.9870507812499999 
0.91146484375 
1.2700585937500004 
1.2220117187500001 
1.04681640625 
0.8446679687499998 
1.13177734375 
0.8962304687499998 
1.22962890625 
0.9641992187499999 
1.2319726562500002 
1.00931640625 
0.96244140625 
1.24486328125 
0.7819726562499999 
0.9958398437499999 
1.2495507812500002 
0.97943359375 
1.22083984375 
1.2524804687500002 
0.98119140625 
0.8311914062499999 
0.9618554687499999 
0.97650390625 
1.1475976562499999 
0.93373046875 
1.32220703125 
1.06087890625 
1.3345117187500002 
1.29935546875 
1.0497460937500003 
1.13060546875 
1.2360742187500002 
1.02806640625 
1.2776757812500001 
1.19154296875 
1.14876953125 
1.28705078125 
1.3421289062500001 
1.2794335937500003 
1.2290429687500002 
1.10951171875 
1.2542382812500001 
1.13705078125 
1.2325585937500003 
1.06908203125 
1.2143945312500002 
1.23900390625 
0.9800195312500001 
1.22494140625 
0.8434960937499998 
0.92728515625 
1.30169921875 
1.09017578125 
1.00462890625 
1.18451171875 
0.8997460937499998 
1.2729882812500002 
0.94076171875 
1.22494140625 
0.93607421875 
0.92201171875 
0.8757226562499998 
0.7216210937499998 
1.05853515625 
0.8364648437499999 
1.2718164062500001 
0.8710351562499998 
1.2641992187500002 
1.2349023437500002 
1.10072265625 
0.8657617187499999 
1.2138085937500003 
