40 9 1 
1.2501367187500003 
1.22259765625 
1.2278710937500001 
1.0438867187500003 
0.7391992187499997 
1.10658203125 
1.1763085937500002 
0.97474609375 
0.97240234375 
1.2331445312500002 
1.01283203125 
1.2513085937500004 
0.9097070312499999 
0.95130859375 
1.03392578125 
1.15697265625 
0.8423242187499997 
1.23548828125 
1.2794335937500003 
0.8868554687499998 
1.1686914062499998 
1.2102929687500001 
0.7591210937499998 
0.8511132812499999 
0.8552148437499999 
0.9882226562499998 
1.03275390625 
0.8804101562499997 
0.7696679687499999 
0.94427734375 
1.2612695312500002 
0.9331445312500001 
1.20970703125 
1.09603515625 
1.13822265625 
1.22025390625 
0.7649804687499998 
0.9923242187499998 
1.0772851562499999 
1.17279296875 
1.16224609375 
0.9020898437499999 
0.7667382812499999 
0.93197265625 
1.2735742187500003 
0.9056054687499998 
1.00873046875 
1.07552734375 
0.7919335937499999 
0.7995507812499999 
0.8288476562499999 
1.31048828125 
1.2630273437500001 
0.6202539062499999 
0.8962304687499998 
1.1294335937500002 
1.2331445312500002 
0.8768945312499998 
0.8112695312499999 
1.02220703125 
1.19447265625 
0.97064453125 
1.20853515625 
1.17396484375 
1.2507226562500002 
1.25892578125 
0.8423242187499997 
1.22669921875 
1.24134765625 
1.3069726562500001 
0.91556640625 
0.8962304687499998 
1.0263085937500003 
1.2044335937500001 
1.01166015625 
1.14583984375 
1.2677148437500003 
0.7210351562499998 
0.8159570312499999 
1.16693359375 
1.01166015625 
0.9032617187499998 
0.9800195312500001 
1.26361328125 
1.2325585937500003 
1.2718164062500001 
1.2378320312500002 
1.18685546875 
1.08666015625 
1.00169921875 
1.09544921875 
1.11830078125 
0.91439453125 
1.24486328125 
1.20326171875 
0.92904296875 
1.22962890625 
1.2518945312500003 
1.24603515625 
1.2477929687500002 
1.04095703125 
0.8974023437499998 
1.22611328125 
0.94134765625 
0.9770898437500001 
0.7216210937499998 
1.2360742187500002 
1.2829492187500002 
1.22611328125 
0.6858789062499998 
1.00697265625 
1.09720703125 
0.7720117187499999 
1.00345703125 
0.7936914062499999 
0.6753320312499999 
0.8475976562499998 
0.82767578125 
1.19740234375 
1.22025390625 
1.11537109375 
1.31986328125 
0.7931054687499999 
0.96947265625 
1.2513085937500004 
1.2360742187500002 
0.94310546875 
0.91087890625 
1.20033203125 
0.9864648437499999 
1.0948632812499999 
1.2278710937500001 
1.19154296875 
0.8903710937499998 
1.1235742187500002 
1.23548828125 
0.97181640625 
0.9929101562499998 
1.1511132812499998 
1.3309960937500003 
1.00228515625 
1.0825585937500002 
0.8118554687499998 
0.9032617187499998 
1.2718164062500001 
0.8815820312499998 
0.7163476562499999 
1.2395898437500001 
0.8716210937499999 
0.8850976562499998 
1.1938867187500002 
1.2483789062500001 
1.01341796875 
1.32337890625 
1.23431640625 
1.2161523437500001 
1.2126367187500002 
0.9929101562499998 
1.32044921875 
1.2477929687500002 
1.2349023437500002 
1.32103515625 
0.9800195312500001 
0.98060546875 
0.92904296875 
1.2190820312500001 
1.00462890625 
1.30580078125 
1.29525390625 
0.8112695312499999 
0.9876367187499998 
1.0825585937500002 
1.0989648437500001 
0.97123046875 
0.8880273437499998 
1.2548242187500003 
0.7878320312499999 
1.07083984375 
0.8997460937499998 
1.07552734375 
1.2788476562500002 
1.10892578125 
1.25775390625 
1.0075585937500002 
1.00697265625 
0.8768945312499998 
1.3099023437500001 
1.18451171875 
1.0655664062499999 
1.10716796875 
1.2325585937500003 
0.9050195312499999 
1.2337304687500001 
1.20501953125 
1.22669921875 
0.8253320312499999 
0.91029296875 
1.20384765625 
0.7591210937499998 
0.8329492187499998 
1.33216796875 
0.7755273437499999 
0.6981835937499998 
1.22376953125 
1.29173828125 
1.11361328125 
1.1124414062499999 
0.8235742187499998 
0.6735742187499998 
1.2102929687500001 
0.8944726562499998 
1.2612695312500002 
1.0315820312500001 
1.09720703125 
1.2231835937500002 
0.9179101562499999 
0.8991601562499998 
0.6706445312499999 
1.05853515625 
1.2583398437500002 
1.21498046875 
0.7825585937499999 
1.2671289062500002 
0.9964257812499999 
0.8698632812499999 
0.9618554687499999 
1.0749414062499998 
1.1194726562500001 
1.24017578125 
1.2583398437500002 
1.20853515625 
1.22259765625 
0.7843164062499999 
0.7380273437499998 
1.3333398437500001 
0.9641992187499999 
1.24720703125 
0.9020898437499999 
1.29115234375 
0.8581445312499999 
1.2565820312500002 
1.2126367187500002 
1.2313867187500003 
0.97650390625 
1.0315820312500001 
1.17748046875 
1.0714257812499999 
1.2143945312500002 
1.05384765625 
1.1763085937500002 
1.0444726562500002 
0.9032617187499998 
1.2161523437500001 
0.9559960937499999 
1.24486328125 
1.0110742187500001 
1.1001367187500002 
0.8259179687499999 
1.32044921875 
1.24310546875 
1.20560546875 
1.22142578125 
1.23841796875 
1.28119140625 
0.92083984375 
0.8481835937499999 
1.18451171875 
1.2507226562500002 
1.2395898437500001 
1.29876953125 
1.0579492187500001 
0.96771484375 
1.24603515625 
1.00462890625 
1.26361328125 
1.33861328125 
1.28998046875 
1.11185546875 
1.2395898437500001 
1.2888085937500002 
1.10423828125 
1.2425195312500001 
1.18392578125 
1.07318359375 
0.6636132812499999 
1.0520898437500001 
1.3315820312500002 
0.91966796875 
1.2407617187500002 
1.24310546875 
1.23431640625 
0.8030664062499998 
1.2999414062499999 
1.23900390625 
0.7110742187499998 
1.2044335937500001 
0.6583398437499999 
1.23431640625 
0.8534570312499998 
0.96068359375 
