1 10 39 
1.3544335937500003 
1.34681640625 
1.3813867187500002 
1.4188867187500003 
1.40716796875 
1.3444726562500002 
1.36498046875 
1.48919921875 
1.4974023437500001 
1.3286523437500002 
1.3684960937500001 
1.33216796875 
1.42650390625 
1.49798828125 
1.39603515625 
1.41244140625 
1.37259765625 
1.40423828125 
1.4253320312500002 
1.45873046875 
1.35853515625 
1.41361328125 
1.38666015625 
1.4247460937500003 
1.4036523437500001 
1.40248046875 
1.40775390625 
1.4065820312500001 
1.40716796875 
1.41185546875 
1.3550195312500002 
1.38958984375 
1.3227929687500002 
1.41478515625 
1.5114648437500002 
1.35853515625 
1.39720703125 
1.3309960937500003 
1.3403710937500002 
1.38080078125 
1.36615234375 
1.49681640625 
1.39017578125 
1.3491601562500002 
1.39720703125 
1.36732421875 
1.39076171875 
1.3802148437500001 
1.37083984375 
1.38666015625 
1.4095117187500001 
1.4927148437500002 
1.4018945312500002 
1.42767578125 
1.36966796875 
1.41361328125 
1.37552734375 
1.36615234375 
1.41595703125 
1.4095117187500001 
1.44818359375 
1.41126953125 
1.52025390625 
1.43939453125 
1.4153710937500001 
1.4212304687500001 
1.4059960937500002 
1.39720703125 
1.3544335937500003 
1.4036523437500001 
1.3485742187500003 
1.4177148437500002 
1.39427734375 
1.40833984375 
1.3450585937500004 
1.41419921875 
1.5179101562500001 
1.40833984375 
1.4300195312500001 
1.4200585937500003 
1.39720703125 
1.4212304687500001 
1.41361328125 
1.38958984375 
1.3831445312500001 
1.43119140625 
1.43119140625 
1.45873046875 
1.47455078125 
1.3427148437500003 
1.3579492187500002 
1.37259765625 
1.38080078125 
1.48158203125 
1.39955078125 
1.40306640625 
1.4007226562500001 
1.49037109375 
1.4018945312500002 
1.4686914062499998 
1.37552734375 
1.4177148437500002 
1.4241601562500001 
1.5237695312500001 
1.4106835937500002 
1.3761132812499999 
1.3345117187500002 
1.3825585937500002 
1.4165429687500002 
1.4235742187500002 
1.38900390625 
1.46341796875 
1.40892578125 
1.39662109375 
1.39486328125 
1.4183007812500001 
1.36439453125 
1.39662109375 
1.36439453125 
1.39837890625 
1.37904296875 
1.40892578125 
1.40423828125 
1.36615234375 
1.3456445312500003 
1.42650390625 
1.3532617187500002 
1.40423828125 
1.38197265625 
1.37376953125 
1.48685546875 
1.3532617187500002 
1.4001367187500002 
1.37142578125 
1.40716796875 
1.40833984375 
1.39662109375 
1.39544921875 
1.4095117187500001 
1.37669921875 
1.3462304687500002 
1.44349609375 
1.4048242187500002 
1.43353515625 
1.4499414062499998 
1.4241601562500001 
1.31986328125 
1.4048242187500002 
1.37669921875 
1.39837890625 
1.44115234375 
1.39134765625 
1.3977929687500001 
1.39662109375 
1.3989648437500002 
1.3977929687500001 
1.50384765625 
1.3872460937500002 
1.50150390625 
1.3702539062499999 
1.5102929687500002 
1.4212304687500001 
1.3802148437500001 
1.39017578125 
1.32923828125 
1.38958984375 
1.42181640625 
1.39076171875 
1.39134765625 
1.3977929687500001 
1.39427734375 
1.3813867187500002 
1.39662109375 
1.41361328125 
1.3919335937500001 
1.37552734375 
1.38841796875 
1.4253320312500002 
1.40833984375 
1.4763085937500002 
1.36556640625 
1.39955078125 
1.48919921875 
1.3433007812500002 
1.3977929687500001 
1.37552734375 
1.45697265625 
1.3802148437500001 
1.41185546875 
1.3239648437500002 
1.43763671875 
1.39310546875 
1.37259765625 
1.4018945312500002 
1.37728515625 
1.3919335937500001 
1.42298828125 
1.4247460937500003 
1.4165429687500002 
1.40716796875 
1.37669921875 
1.46283203125 
1.4938867187500002 
1.39486328125 
1.38490234375 
1.3989648437500002 
1.38080078125 
1.44818359375 
1.4036523437500001 
1.4007226562500001 
1.3860742187500001 
1.45990234375 
1.39720703125 
1.44115234375 
1.4224023437500002 
1.38197265625 
1.3702539062499999 
1.39310546875 
1.35853515625 
1.3509179687500001 
1.35560546875 
1.4153710937500001 
1.41302734375 
1.37845703125 
1.3684960937500001 
1.46576171875 
1.4206445312500002 
1.3567773437500001 
1.3345117187500002 
1.4253320312500002 
1.4200585937500003 
1.49037109375 
1.39603515625 
1.3485742187500003 
1.3286523437500002 
1.42884765625 
1.39837890625 
1.3415429687500002 
1.3802148437500001 
1.39837890625 
1.41419921875 
1.39603515625 
1.41478515625 
1.48509765625 
1.4048242187500002 
1.3802148437500001 
1.34681640625 
1.4927148437500002 
1.48509765625 
1.41595703125 
1.37962890625 
1.4065820312500001 
1.39544921875 
1.39720703125 
1.33802734375 
1.33275390625 
1.38431640625 
1.35619140625 
1.44466796875 
1.37376953125 
1.39310546875 
1.38841796875 
1.3591210937500002 
1.4938867187500002 
1.41244140625 
1.41361328125 
1.38197265625 
1.48333984375 
1.3362695312500001 
1.4007226562500001 
1.43646484375 
1.4036523437500001 
1.38080078125 
1.4241601562500001 
1.47044921875 
1.3491601562500002 
1.37318359375 
1.3544335937500003 
1.4188867187500003 
1.4253320312500002 
1.4194726562500002 
1.38958984375 
1.42591796875 
1.5102929687500002 
1.41361328125 
1.4153710937500001 
1.3977929687500001 
1.42298828125 
1.38958984375 
1.48392578125 
1.3579492187500002 
1.3538476562500001 
1.3831445312500001 
1.53431640625 
1.48685546875 
1.3919335937500001 
1.38490234375 
1.42650390625 
1.49681640625 
1.49095703125 
