17 10 23 
1.13939453125 
0.93490234375 
1.00228515625 
1.0491601562500001 
1.0110742187500001 
0.9067773437499999 
0.8018945312499999 
0.7679101562499998 
0.8739648437499998 
1.10892578125 
1.3251367187500003 
0.97650390625 
0.7731835937499999 
1.16927734375 
0.7649804687499998 
0.8804101562499997 
0.8780664062499998 
1.0761132812499998 
0.9870507812499999 
0.8335351562499999 
1.06087890625 
1.19623046875 
1.1247460937500002 
1.29583984375 
1.20912109375 
0.9940820312499998 
1.06205078125 
1.06849609375 
1.1341210937500001 
0.9735742187499999 
1.0239648437500002 
1.29583984375 
1.33392578125 
1.0591210937500002 
1.1886132812499999 
0.9934960937499998 
1.12708984375 
1.15404296875 
1.14818359375 
1.05970703125 
1.2337304687500001 
0.9073632812499999 
1.1405664062499998 
1.06087890625 
1.3251367187500003 
1.20384765625 
1.17279296875 
1.17923828125 
1.11537109375 
0.93724609375 
1.24603515625 
1.00931640625 
1.1809960937500001 
1.11830078125 
1.32220703125 
1.3099023437500001 
0.97826171875 
1.31458984375 
1.2735742187500003 
0.9149804687499999 
0.92845703125 
1.06263671875 
1.1253320312500001 
1.07669921875 
0.96595703125 
1.07787109375 
0.8546289062499999 
0.7397851562499997 
0.8288476562499999 
0.9899804687499998 
1.11537109375 
1.25892578125 
1.01048828125 
1.2378320312500002 
1.1575585937500001 
0.8089257812499999 
1.07845703125 
0.8856835937499998 
1.09955078125 
0.8780664062499998 
1.0110742187500001 
0.7210351562499998 
0.93490234375 
1.3081445312500002 
1.18392578125 
1.10716796875 
1.03626953125 
0.9618554687499999 
0.7983789062499999 
1.00990234375 
1.22728515625 
1.24427734375 
0.7989648437499999 
0.9091210937499998 
1.03041015625 
0.94544921875 
0.9331445312500001 
0.98119140625 
1.3538476562500001 
0.94720703125 
0.8446679687499998 
0.91849609375 
0.94896484375 
0.6331445312499999 
0.8798242187499997 
1.2571679687500001 
0.8944726562499998 
1.14115234375 
1.18919921875 
1.1681054687499999 
1.2466210937500002 
0.8200585937499999 
0.7321679687499998 
0.79017578125 
1.19681640625 
1.30052734375 
1.33685546875 
1.06263671875 
1.00052734375 
1.17572265625 
0.8663476562499999 
0.8944726562499998 
0.7567773437499998 
0.96244140625 
1.21791015625 
1.24720703125 
0.91029296875 
1.14818359375 
1.33861328125 
1.10248046875 
1.1651757812499999 
0.8745507812499999 
0.8112695312499999 
0.91439453125 
0.8727929687499998 
0.9911523437499998 
1.04681640625 
1.0075585937500002 
1.27650390625 
1.3063867187500002 
1.36087890625 
0.9085351562499998 
1.05560546875 
0.97884765625 
1.31458984375 
0.8118554687499998 
1.06498046875 
1.15521484375 
1.29115234375 
1.0415429687500002 
1.29115234375 
1.30052734375 
1.31341796875 
0.7614648437499999 
0.9888085937499999 
0.7333398437499998 
0.94896484375 
1.2981835937500001 
0.8809960937499998 
0.98294921875 
0.96947265625 
0.9091210937499998 
1.20560546875 
1.30287109375 
0.8294335937499999 
0.9970117187499998 
0.7333398437499998 
1.06205078125 
1.0415429687500002 
1.06849609375 
1.1294335937500002 
1.09193359375 
1.29408203125 
0.7087304687499998 
0.97240234375 
0.8376367187499998 
0.93666015625 
0.8979882812499999 
1.03919921875 
0.8546289062499999 
0.9179101562499999 
0.8558007812499999 
1.2829492187500002 
1.2776757812500001 
1.2114648437500002 
0.7497460937499998 
1.26185546875 
0.8065820312499998 
0.8798242187499997 
1.4915429687500001 
1.2888085937500002 
0.93490234375 
1.12591796875 
1.15462890625 
1.0655664062499999 
1.06146484375 
1.29466796875 
0.91966796875 
0.8317773437499999 
0.96771484375 
0.6038476562499999 
0.9735742187499999 
1.22494140625 
0.94134765625 
1.08431640625 
1.0063867187500002 
0.9085351562499998 
0.8833398437499999 
1.17220703125 
0.9618554687499999 
1.2513085937500004 
1.15814453125 
0.97474609375 
0.7597070312499998 
1.03626953125 
0.8358789062499998 
0.91087890625 
0.8897851562499998 
0.8007226562499998 
1.07201171875 
0.9026757812499999 
1.21966796875 
1.1253320312500001 
0.7081445312499999 
0.97591796875 
1.09193359375 
0.8388085937499998 
1.00697265625 
1.06263671875 
1.0227929687500001 
1.06791015625 
1.0474023437500002 
1.00169921875 
0.8147851562499998 
0.8376367187499998 
1.08548828125 
0.7233789062499998 
1.20970703125 
0.8745507812499999 
1.0268945312500002 
0.8083398437499999 
1.0936914062499998 
0.93724609375 
0.7684960937499998 
0.8370507812499999 
0.8516992187499998 
1.18919921875 
1.23548828125 
1.02220703125 
0.91966796875 
1.2337304687500001 
0.9864648437499999 
0.8809960937499998 
1.1493554687499998 
0.92728515625 
1.3251367187500003 
1.2706445312500003 
1.16751953125 
0.96009765625 
1.20736328125 
1.07083984375 
1.20560546875 
1.11126953125 
0.8470117187499998 
1.12591796875 
0.7386132812499998 
1.00287109375 
0.8780664062499998 
1.01341796875 
1.07201171875 
0.7667382812499999 
1.05970703125 
1.1534570312499999 
0.92611328125 
0.8599023437499999 
1.18392578125 
0.5628320312499999 
0.6917382812499998 
1.22083984375 
1.2536523437500002 
0.7550195312499999 
1.13353515625 
1.15638671875 
0.8370507812499999 
1.05853515625 
1.16283203125 
0.7989648437499999 
1.06146484375 
0.92025390625 
1.1686914062499998 
1.0890039062499999 
1.17982421875 
1.2132226562500001 
0.8956445312499999 
1.2290429687500002 
1.14818359375 
1.24310546875 
1.17455078125 
1.0315820312500001 
1.1452539062499998 
