21 10 19 
0.8809960937499998 
1.07083984375 
0.9776757812500001 
1.2759179687500002 
0.8944726562499998 
0.93490234375 
0.7725976562499999 
0.7696679687499999 
1.00580078125 
1.0444726562500002 
0.9401757812500001 
1.17337890625 
0.8944726562499998 
1.11302734375 
0.94310546875 
1.07787109375 
0.7321679687499998 
0.8985742187499998 
1.13705078125 
1.2712304687500002 
0.91087890625 
1.16107421875 
0.8921289062499999 
0.6917382812499998 
1.23900390625 
1.14232421875 
1.22494140625 
0.8593164062499998 
1.1593164062499999 
0.7936914062499999 
0.8288476562499999 
1.1224023437500001 
0.6876367187499998 
1.25306640625 
0.7315820312499998 
0.98412109375 
0.94955078125 
0.7268945312499998 
0.94603515625 
1.15404296875 
0.91029296875 
1.18919921875 
1.3761132812499999 
0.91205078125 
0.92904296875 
1.15873046875 
1.11009765625 
1.2800195312500002 
1.1282617187500001 
0.92728515625 
0.8891992187499997 
0.7890039062499999 
0.6987695312499999 
1.1505273437499999 
1.1206445312500002 
1.30873046875 
0.6091210937499999 
0.7257226562499998 
1.05384765625 
0.8569726562499999 
0.95423828125 
0.93255859375 
1.20677734375 
1.31634765625 
0.9641992187499999 
0.97533203125 
1.09779296875 
1.01517578125 
1.11009765625 
1.1763085937500002 
1.24486328125 
1.31927734375 
1.31869140625 
1.08021484375 
1.24369140625 
0.9647851562499999 
1.07904296875 
1.31166015625 
0.94779296875 
0.9091210937499998 
0.93197265625 
0.8640039062499999 
1.1165429687500001 
0.78080078125 
0.9044335937499999 
0.7843164062499999 
1.23900390625 
0.9448632812500001 
1.33275390625 
0.7016992187499997 
1.2747460937500004 
0.8200585937499999 
0.8458398437499999 
1.06498046875 
1.2999414062499999 
1.22962890625 
1.1997460937500002 
1.16107421875 
1.33216796875 
0.97240234375 
1.13236328125 
1.2688867187500004 
0.8985742187499998 
1.2893945312500001 
0.9331445312500001 
0.96712890625 
0.7286523437499998 
0.8311914062499999 
0.95189453125 
1.14876953125 
0.6554101562499998 
1.05091796875 
1.03978515625 
0.7081445312499999 
1.31517578125 
1.11185546875 
1.2876367187500002 
1.1200585937500003 
1.13939453125 
0.7942773437499999 
1.2753320312500003 
0.8124414062499998 
1.2477929687500002 
1.0761132812499998 
0.8124414062499998 
0.93373046875 
0.94310546875 
1.01048828125 
1.03861328125 
0.8229882812499999 
1.0462304687500001 
0.8634179687499999 
1.28529296875 
0.7339257812499999 
1.15169921875 
1.0491601562500001 
1.19330078125 
0.56400390625 
0.8552148437499999 
0.9302148437500001 
0.9097070312499999 
0.7327539062499998 
1.20150390625 
0.98177734375 
0.9618554687499999 
1.16576171875 
1.00287109375 
0.7327539062499998 
0.9425195312500001 
1.1493554687499998 
1.1956445312500001 
0.8388085937499998 
0.8294335937499999 
1.2595117187500002 
0.8733789062499998 
0.94662109375 
0.7890039062499999 
1.02220703125 
0.9800195312500001 
1.2313867187500003 
0.8698632812499999 
1.1177148437500002 
0.9987695312499999 
1.1522851562499998 
0.8177148437499999 
1.2665429687500003 
0.96302734375 
1.0544335937500002 
1.08607421875 
0.8968164062499998 
1.3479882812500001 
1.17455078125 
0.7362695312499998 
1.3274804687500001 
0.9618554687499999 
1.1763085937500002 
0.8628320312499999 
0.94955078125 
0.7427148437499999 
1.01283203125 
0.7866601562499999 
1.21087890625 
0.8845117187499998 
1.0011132812499999 
1.17162109375 
0.9067773437499999 
0.8880273437499998 
1.31166015625 
0.95658203125 
0.6436914062499999 
0.93138671875 
1.3491601562500002 
0.92845703125 
1.35150390625 
1.01458984375 
0.9964257812499999 
0.8475976562499998 
0.7304101562499997 
0.9097070312499999 
1.2524804687500002 
1.11712890625 
1.10951171875 
0.6513085937499998 
1.1224023437500001 
0.8306054687499999 
0.91322265625 
1.28998046875 
0.8347070312499999 
0.6009179687499999 
0.8388085937499998 
0.8018945312499999 
0.91380859375 
1.18333984375 
1.08197265625 
1.16634765625 
0.8751367187499998 
1.01810546875 
0.8722070312499999 
1.15287109375 
0.96947265625 
1.15580078125 
0.98236328125 
0.8669335937499999 
1.13353515625 
1.26244140625 
1.09076171875 
0.95365234375 
0.92728515625 
1.24486328125 
0.8136132812499999 
0.8505273437499998 
1.1710351562499999 
0.92494140625 
0.9395898437500001 
1.10716796875 
1.00052734375 
0.9061914062499998 
0.9641992187499999 
0.7772851562499998 
1.14583984375 
1.22494140625 
0.9929101562499998 
1.0110742187500001 
0.97298828125 
1.12298828125 
0.8446679687499998 
0.7069726562499998 
0.8739648437499998 
1.09779296875 
0.8352929687499998 
1.2683007812500002 
0.9852929687499998 
0.8470117187499998 
1.2835351562500001 
1.1405664062499998 
1.05091796875 
1.10072265625 
0.7749414062499999 
0.8270898437499999 
1.08197265625 
0.8493554687499998 
0.9559960937499999 
0.9061914062499998 
0.7274804687499997 
1.29056640625 
0.8352929687499998 
0.7468164062499998 
0.8897851562499998 
1.2143945312500002 
0.92787109375 
1.47806640625 
1.0948632812499999 
1.1446679687499999 
0.8405664062499998 
0.9395898437500001 
1.2419335937500002 
1.2161523437500001 
0.6934960937499998 
0.8915429687499998 
0.78958984375 
1.2794335937500003 
0.7796289062499999 
1.0761132812499998 
0.7397851562499997 
1.21498046875 
0.8868554687499998 
0.8716210937499999 
0.92435546875 
0.8007226562499998 
1.08490234375 
0.94134765625 
0.7075585937499999 
0.8921289062499999 
0.8944726562499998 
0.95833984375 
1.1997460937500002 
1.02337890625 
1.20560546875 
1.02044921875 
0.8681054687499998 
