23 10 17 
1.18626953125 
1.2302148437500002 
1.1235742187500002 
0.93197265625 
1.26185546875 
1.20560546875 
1.1950585937500002 
0.8001367187499998 
0.94369140625 
1.13177734375 
1.1505273437499999 
1.10423828125 
0.9964257812499999 
0.6536523437499998 
1.02455078125 
1.2864648437500001 
0.6589257812499999 
0.8335351562499999 
1.06498046875 
0.6964257812499999 
0.5991601562499999 
0.7936914062499999 
0.8651757812499999 
0.7016992187499997 
0.9097070312499999 
0.7356835937499998 
1.03685546875 
0.95658203125 
0.8499414062499998 
0.9870507812499999 
0.9395898437500001 
0.9554101562499999 
1.1499414062499997 
0.98060546875 
1.2466210937500002 
1.2278710937500001 
0.6501367187499998 
1.1358789062499999 
0.8938867187499998 
1.0122460937500002 
1.1446679687499999 
1.1358789062499999 
1.2395898437500001 
1.1511132812499998 
0.8452539062499999 
0.9044335937499999 
0.7550195312499999 
1.24134765625 
1.0491601562500001 
1.19623046875 
0.8569726562499999 
0.97826171875 
1.3474023437500002 
0.9800195312500001 
0.78958984375 
0.8224023437499999 
1.10658203125 
0.8558007812499999 
1.05150390625 
0.8610742187499998 
0.8604882812499999 
1.17572265625 
0.7058007812499999 
1.1452539062499998 
1.2817773437500002 
1.34095703125 
1.2513085937500004 
1.15404296875 
0.7790429687499999 
0.92259765625 
1.15990234375 
0.6876367187499998 
0.8891992187499997 
0.79017578125 
0.95892578125 
0.9893945312499999 
0.6800195312499999 
0.8927148437499999 
0.97181640625 
1.31458984375 
0.4966210937499999 
0.7204492187499998 
0.7673242187499998 
1.2495507812500002 
1.24486328125 
1.0872460937500001 
0.8950585937499999 
1.01634765625 
1.45345703125 
0.8792382812499998 
1.17806640625 
0.7321679687499998 
1.09779296875 
0.91908203125 
1.06087890625 
1.0081445312500001 
0.8651757812499999 
0.8059960937499998 
1.2548242187500003 
1.01986328125 
0.5739648437499999 
0.9899804687499998 
0.9876367187499998 
1.2934960937500002 
0.8059960937499998 
0.9917382812499999 
0.8036523437499998 
0.8669335937499999 
0.9800195312500001 
1.10951171875 
0.7175195312499999 
0.8241601562499998 
1.0462304687500001 
1.2595117187500002 
0.9091210937499998 
0.6700585937499999 
0.82767578125 
0.9050195312499999 
1.05853515625 
0.7960351562499999 
0.6390039062499999 
0.9618554687499999 
0.64017578125 
0.8048242187499998 
1.1763085937500002 
1.1294335937500002 
1.2806054687500001 
1.20150390625 
0.8159570312499999 
0.8200585937499999 
1.22259765625 
0.6425195312499999 
1.21673828125 
1.1827539062499999 
1.06791015625 
1.1997460937500002 
1.0227929687500001 
1.13822265625 
0.8241601562499998 
1.2806054687500001 
0.8938867187499998 
0.6483789062499998 
1.0462304687500001 
1.1593164062499999 
0.94720703125 
0.91146484375 
1.18041015625 
1.2501367187500003 
0.7263085937499998 
0.8751367187499998 
0.6641992187499998 
1.3286523437500002 
0.9800195312500001 
0.8153710937499998 
0.96537109375 
1.14115234375 
0.8159570312499999 
0.91556640625 
1.17279296875 
0.9800195312500001 
1.28705078125 
0.8915429687499998 
1.12884765625 
0.97650390625 
0.9923242187499998 
0.8845117187499998 
1.06087890625 
0.7778710937499999 
1.0714257812499999 
1.2536523437500002 
1.0110742187500001 
0.8493554687499998 
0.8645898437499999 
1.0702539062499998 
0.91380859375 
1.2325585937500003 
1.13646484375 
1.2102929687500001 
0.92904296875 
1.11361328125 
1.0872460937500001 
0.97416015625 
0.9958398437499999 
1.21087890625 
1.11537109375 
0.6349023437499999 
1.06615234375 
0.8429101562499998 
1.1575585937500001 
1.0227929687500001 
0.9524804687499999 
1.20794921875 
0.92201171875 
1.18041015625 
1.1475976562499999 
0.92728515625 
1.28587890625 
0.8839257812499999 
1.3239648437500002 
1.1200585937500003 
1.01048828125 
1.0251367187500002 
0.4983789062499999 
1.23900390625 
1.0356835937500002 
0.8745507812499999 
1.36556640625 
1.06966796875 
1.3110742187500002 
1.2319726562500002 
1.03861328125 
1.14115234375 
0.8464257812499999 
1.15404296875 
1.12298828125 
0.8903710937499998 
0.78958984375 
0.95658203125 
0.8458398437499999 
1.24017578125 
1.0315820312500001 
1.00345703125 
1.02455078125 
0.8183007812499999 
0.8089257812499999 
1.2302148437500002 
0.9056054687499998 
1.23900390625 
0.8177148437499999 
0.9067773437499999 
0.7151757812499999 
1.12298828125 
1.2554101562500002 
0.8628320312499999 
1.2712304687500002 
0.8470117187499998 
0.7954492187499999 
1.08607421875 
0.91263671875 
0.8311914062499999 
1.3403710937500002 
0.9548242187499999 
1.22962890625 
1.0309960937500002 
1.11419921875 
0.8528710937499998 
0.6817773437499999 
0.97650390625 
0.8106835937499999 
0.8218164062499999 
1.2841210937500003 
0.95072265625 
0.6431054687499999 
1.03861328125 
0.94603515625 
0.7292382812499998 
1.1417382812499999 
1.18919921875 
1.04681640625 
0.9946679687499999 
1.17865234375 
1.1464257812499998 
0.93138671875 
1.0309960937500002 
1.2677148437500003 
1.03509765625 
0.97826171875 
1.28705078125 
0.98412109375 
1.01810546875 
1.0122460937500002 
1.2923242187500001 
1.15169921875 
0.8722070312499999 
1.2161523437500001 
1.18509765625 
1.1874414062499998 
1.2829492187500002 
1.11712890625 
1.31986328125 
1.1188867187500002 
1.0309960937500002 
0.7567773437499998 
1.15697265625 
0.7690820312499999 
0.9559960937499999 
1.4001367187500002 
0.7263085937499998 
1.20384765625 
0.92318359375 
0.7204492187499998 
0.96537109375 
1.15697265625 
0.9776757812500001 
0.7526757812499999 
1.1235742187500002 
1.0638085937500001 
1.0497460937500003 
1.3761132812499999 
1.1763085937500002 
