30 10 10 
0.9056054687499998 
1.07552734375 
1.1106835937500001 
1.26185546875 
0.94720703125 
0.8259179687499999 
1.0081445312500001 
0.8417382812499998 
1.0503320312500002 
1.01634765625 
0.7608789062499999 
0.7409570312499998 
1.2366601562500001 
0.97943359375 
0.7503320312499998 
0.7720117187499999 
1.2454492187500001 
0.9905664062499998 
0.7626367187499998 
1.24427734375 
1.14408203125 
1.00345703125 
0.8241601562499998 
1.2847070312500002 
0.8147851562499998 
0.97474609375 
1.11830078125 
1.00287109375 
0.91908203125 
1.3479882812500001 
0.6583398437499999 
1.00990234375 
0.7655664062499998 
1.2829492187500002 
0.8657617187499999 
1.33392578125 
1.00404296875 
0.8399804687499998 
0.92552734375 
0.8809960937499998 
1.17689453125 
1.3936914062499999 
1.06791015625 
0.9923242187499998 
1.16927734375 
1.13353515625 
1.06146484375 
0.91029296875 
0.8909570312499998 
0.8698632812499999 
1.1763085937500002 
1.04798828125 
1.11302734375 
0.7192773437499999 
0.8686914062499999 
1.03861328125 
1.2466210937500002 
0.6659570312499998 
0.8212304687499998 
1.02923828125 
1.16341796875 
1.2671289062500002 
0.9061914062499998 
0.7919335937499999 
1.2800195312500002 
0.6999414062499998 
1.20091796875 
1.2366601562500001 
1.1405664062499998 
0.7104882812499999 
0.94662109375 
1.10423828125 
1.1511132812499998 
1.06498046875 
1.22435546875 
1.16283203125 
0.82767578125 
0.7696679687499999 
0.8622460937499998 
0.8253320312499999 
0.8722070312499999 
1.02455078125 
0.6987695312499999 
1.1452539062499998 
0.9067773437499999 
1.03392578125 
1.27650390625 
1.1593164062499999 
1.0122460937500002 
1.20677734375 
1.18685546875 
0.82767578125 
1.2934960937500002 
0.7948632812499999 
1.26361328125 
0.95951171875 
1.20326171875 
1.2419335937500002 
0.94603515625 
1.07552734375 
0.91205078125 
0.9893945312499999 
0.8294335937499999 
1.3268945312500002 
1.06439453125 
1.1452539062499998 
1.1886132812499999 
1.3333398437500001 
1.2483789062500001 
1.11302734375 
0.9331445312500001 
1.2337304687500001 
1.22962890625 
1.0251367187500002 
0.6829492187499998 
1.19037109375 
1.11712890625 
0.98470703125 
0.8083398437499999 
0.8821679687499998 
1.12123046875 
1.0772851562499999 
1.19447265625 
1.21498046875 
0.8997460937499998 
1.1763085937500002 
0.8282617187499999 
0.91087890625 
1.22669921875 
0.98353515625 
1.14701171875 
1.00052734375 
1.04798828125 
0.9776757812500001 
0.7684960937499998 
1.23841796875 
0.8347070312499999 
0.92083984375 
0.8956445312499999 
1.2659570312500001 
1.13822265625 
0.7866601562499999 
0.8429101562499998 
0.97650390625 
0.7772851562499998 
0.5950585937499999 
0.7813867187499999 
1.0520898437500001 
1.2542382812500001 
1.2466210937500002 
1.28705078125 
0.7509179687499998 
1.07201171875 
0.93548828125 
1.13705078125 
1.20208984375 
1.08490234375 
1.22083984375 
1.19154296875 
1.03333984375 
0.9888085937499999 
1.2132226562500001 
0.93373046875 
0.7233789062499998 
0.8868554687499998 
1.00287109375 
0.9530664062499999 
0.7069726562499998 
1.2688867187500004 
0.8270898437499999 
1.31634765625 
0.6724023437499999 
1.22669921875 
1.29115234375 
1.3450585937500004 
0.7573632812499999 
1.29935546875 
1.03275390625 
1.21556640625 
0.8956445312499999 
0.91205078125 
1.2677148437500003 
0.7849023437499999 
0.94662109375 
1.2395898437500001 
1.17162109375 
1.28705078125 
1.31986328125 
0.95130859375 
0.92787109375 
1.20912109375 
1.2173242187500002 
0.8839257812499999 
0.6718164062499998 
0.8147851562499998 
0.6964257812499999 
0.8868554687499998 
0.96302734375 
1.23548828125 
0.8909570312499998 
1.21791015625 
0.7749414062499999 
0.6753320312499999 
0.7268945312499998 
1.3099023437500001 
1.2483789062500001 
1.0186914062499999 
0.7708398437499999 
1.16107421875 
1.0544335937500002 
0.8464257812499999 
1.15521484375 
0.8833398437499999 
0.7983789062499999 
1.17162109375 
1.10658203125 
0.93138671875 
1.18626953125 
1.2395898437500001 
0.8663476562499999 
0.8352929687499998 
1.2126367187500002 
0.8768945312499998 
0.9419335937500001 
0.8288476562499999 
0.96302734375 
1.2102929687500001 
0.8663476562499999 
0.91087890625 
1.21966796875 
0.8341210937499999 
1.16107421875 
0.7696679687499999 
0.7345117187499998 
1.03919921875 
0.7157617187499998 
0.8897851562499998 
1.0251367187500002 
0.8774804687499997 
1.3251367187500003 
1.16693359375 
1.2600976562500001 
1.19740234375 
1.1106835937500001 
0.8733789062499998 
0.8018945312499999 
1.01400390625 
1.13763671875 
1.23841796875 
1.2606835937500003 
0.6964257812499999 
1.2659570312500001 
1.0011132812499999 
1.2302148437500002 
0.8891992187499997 
1.0591210937500002 
0.7772851562499998 
0.9003320312499998 
1.0450585937500003 
0.94662109375 
0.8768945312499998 
0.8938867187499998 
1.0989648437500001 
1.2044335937500001 
0.9020898437499999 
0.7503320312499998 
0.6770898437499999 
1.21087890625 
1.07669921875 
0.98060546875 
0.8956445312499999 
0.91029296875 
0.8329492187499998 
1.38548828125 
0.8141992187499998 
1.2683007812500002 
0.8071679687499999 
1.20267578125 
0.7479882812499998 
1.21966796875 
1.2102929687500001 
1.2507226562500002 
0.96126953125 
0.7761132812499999 
1.14876953125 
0.8235742187499998 
1.04681640625 
0.8118554687499998 
0.8850976562499998 
0.91146484375 
0.6811914062499999 
1.12708984375 
1.02337890625 
0.7989648437499999 
0.7274804687499997 
1.08607421875 
1.20326171875 
0.6618554687499998 
1.07787109375 
0.98236328125 
