34 10 6 
1.03275390625 
1.22259765625 
0.98294921875 
1.17689453125 
1.14232421875 
1.13529296875 
1.2507226562500002 
1.08841796875 
1.3286523437500002 
1.01517578125 
0.91146484375 
0.9548242187499999 
0.91439453125 
0.8183007812499999 
1.2712304687500002 
0.8434960937499998 
1.06263671875 
0.7837304687499999 
0.97474609375 
1.14583984375 
0.8440820312499998 
0.9893945312499999 
1.20970703125 
1.24369140625 
1.07552734375 
1.2102929687500001 
0.8839257812499999 
0.92259765625 
1.06439453125 
0.8792382812499998 
0.8229882812499999 
0.98177734375 
1.03626953125 
0.7222070312499999 
0.94955078125 
0.8751367187499998 
1.28705078125 
0.8622460937499998 
1.28119140625 
0.9923242187499998 
0.8622460937499998 
0.7227929687499998 
1.2190820312500001 
1.19037109375 
1.2659570312500001 
1.01927734375 
1.1452539062499998 
0.9530664062499999 
0.8083398437499999 
1.2425195312500001 
1.2325585937500003 
0.7081445312499999 
0.8253320312499999 
0.8962304687499998 
1.23431640625 
1.2753320312500003 
1.1475976562499999 
0.7561914062499998 
0.7104882812499999 
1.10658203125 
0.92435546875 
1.27650390625 
1.08548828125 
1.13236328125 
0.95775390625 
1.2138085937500003 
0.8921289062499999 
0.6530664062499998 
0.7497460937499998 
0.8933007812499999 
0.98470703125 
0.95130859375 
1.09720703125 
1.3433007812500002 
1.02806640625 
1.00287109375 
1.03041015625 
1.24486328125 
0.7028710937499998 
1.08314453125 
1.2114648437500002 
1.2044335937500001 
1.2829492187500002 
0.92552734375 
1.03978515625 
1.29935546875 
1.00287109375 
0.6202539062499999 
0.9009179687499999 
0.7749414062499999 
0.9401757812500001 
0.95365234375 
0.8106835937499999 
0.8587304687499998 
0.6659570312499998 
1.18568359375 
0.8663476562499999 
1.2600976562500001 
0.7356835937499998 
1.33744140625 
0.9852929687499998 
0.7977929687499998 
1.1452539062499998 
1.24369140625 
0.8095117187499998 
0.9952539062499999 
1.2548242187500003 
1.10658203125 
1.2559960937500003 
1.22845703125 
0.94720703125 
0.9302148437500001 
1.20912109375 
0.8774804687499997 
1.05384765625 
1.10658203125 
0.5827539062499999 
0.97181640625 
0.7749414062499999 
1.36029296875 
1.24486328125 
0.91556640625 
1.12708984375 
1.22611328125 
0.7192773437499999 
1.2501367187500003 
1.15990234375 
0.8862695312499999 
1.2102929687500001 
0.95716796875 
0.8112695312499999 
0.7292382812499998 
1.1511132812499998 
0.6202539062499999 
1.2847070312500002 
1.08607421875 
0.96361328125 
1.01166015625 
1.2378320312500002 
0.7227929687499998 
1.24369140625 
1.3216210937500001 
0.8048242187499998 
0.6905664062499998 
0.9009179687499999 
0.78080078125 
0.8710351562499998 
1.07845703125 
0.6460351562499999 
1.2600976562500001 
0.6261132812499999 
0.8921289062499999 
1.0315820312500001 
0.8610742187499998 
0.7684960937499998 
0.7813867187499999 
0.8007226562499998 
1.2559960937500003 
1.0298242187500002 
1.29935546875 
1.20736328125 
0.8458398437499999 
1.0825585937500002 
1.22435546875 
0.9888085937499999 
1.1874414062499998 
1.03685546875 
0.9958398437499999 
1.01986328125 
1.18333984375 
0.9020898437499999 
0.96302734375 
0.93841796875 
1.2641992187500002 
1.3081445312500002 
1.20677734375 
1.24486328125 
0.9964257812499999 
1.0063867187500002 
0.92376953125 
0.92552734375 
1.0251367187500002 
1.14701171875 
1.00228515625 
1.28119140625 
1.2308007812500001 
1.20326171875 
0.8651757812499999 
0.6167382812499999 
1.2548242187500003 
1.1124414062499999 
1.2934960937500002 
0.92728515625 
1.29525390625 
0.7052148437499999 
0.9061914062499998 
0.8130273437499999 
0.8323632812499999 
1.0075585937500002 
1.2278710937500001 
1.10833984375 
0.6782617187499999 
0.6085351562499999 
0.8282617187499999 
1.2044335937500001 
1.2729882812500002 
0.8300195312499999 
0.7257226562499998 
0.9952539062499999 
1.16166015625 
0.8821679687499998 
0.78958984375 
0.8915429687499998 
1.2981835937500001 
1.1188867187500002 
0.91263671875 
1.21205078125 
0.8206445312499999 
1.0063867187500002 
0.6718164062499998 
1.24486328125 
0.8153710937499998 
0.7960351562499999 
0.97650390625 
1.11478515625 
1.0427148437500002 
1.13294921875 
1.13294921875 
0.6788476562499999 
1.0503320312500002 
1.3122460937500002 
0.8763085937499998 
0.7532617187499998 
1.22494140625 
1.0936914062499998 
0.8733789062499998 
0.7397851562499997 
1.15521484375 
1.2536523437500002 
0.91029296875 
0.7731835937499999 
1.26361328125 
1.0520898437500001 
1.02337890625 
1.28998046875 
0.9302148437500001 
1.15287109375 
1.02923828125 
1.2677148437500003 
0.8774804687499997 
0.7966210937499999 
1.22376953125 
0.93724609375 
0.91322265625 
0.9501367187499999 
0.8558007812499999 
1.22025390625 
1.2729882812500002 
1.2395898437500001 
0.6559960937499998 
1.2454492187500001 
1.01166015625 
1.10892578125 
1.09544921875 
0.5628320312499999 
0.8470117187499998 
0.9079492187499998 
0.8165429687499999 
1.2190820312500001 
0.9987695312499999 
0.9876367187499998 
0.7784570312499999 
1.22552734375 
1.0579492187500001 
0.92845703125 
0.8540429687499999 
1.18041015625 
1.06966796875 
1.0075585937500002 
0.8675195312499999 
1.12884765625 
0.8147851562499998 
0.91439453125 
0.8669335937499999 
1.2302148437500002 
1.2999414062499999 
0.9911523437499998 
1.2290429687500002 
1.36732421875 
1.0503320312500002 
1.2173242187500002 
0.8780664062499998 
1.19798828125 
0.9647851562499999 
0.8938867187499998 
0.7450585937499998 
0.7151757812499999 
0.8399804687499998 
1.05091796875 
0.97064453125 
