5 11 34 
0.98060546875 
1.1294335937500002 
0.7058007812499999 
1.24369140625 
1.18392578125 
1.12123046875 
1.1575585937500001 
1.08783203125 
1.33978515625 
1.2700585937500004 
1.1809960937500001 
1.23841796875 
1.2102929687500001 
1.20091796875 
1.1886132812499999 
1.2302148437500002 
1.2548242187500003 
1.3040429687500001 
1.3433007812500002 
1.13470703125 
1.37142578125 
1.17396484375 
1.19681640625 
1.18041015625 
1.03333984375 
1.27650390625 
1.2061914062499999 
1.0257226562500001 
1.15990234375 
0.8915429687499998 
0.8552148437499999 
1.18978515625 
1.35150390625 
1.16224609375 
1.15580078125 
1.15169921875 
1.18568359375 
0.9085351562499998 
1.2524804687500002 
1.01517578125 
1.3462304687500002 
1.2044335937500001 
1.2184960937500002 
1.25892578125 
1.29408203125 
1.1698632812499998 
1.2981835937500001 
1.20853515625 
1.21966796875 
1.2659570312500001 
1.2366601562500001 
1.16751953125 
0.7163476562499999 
0.9050195312499999 
1.23548828125 
1.17806640625 
1.16283203125 
1.18978515625 
1.27650390625 
1.2706445312500003 
0.7860742187499998 
0.7643945312499999 
1.32103515625 
1.21498046875 
1.21791015625 
1.18919921875 
0.8757226562499998 
0.5827539062499999 
0.8141992187499998 
0.94779296875 
1.06908203125 
1.22494140625 
1.20970703125 
1.24134765625 
1.22259765625 
0.8388085937499998 
1.1938867187500002 
1.13998046875 
1.2536523437500002 
1.18509765625 
1.12181640625 
1.49798828125 
0.8347070312499999 
1.31634765625 
0.9776757812500001 
1.2888085937500002 
0.6559960937499998 
1.3128320312500001 
0.8599023437499999 
1.17865234375 
1.18451171875 
0.8552148437499999 
1.1253320312500001 
1.2706445312500003 
1.2641992187500002 
1.2653710937500002 
1.52611328125 
1.1124414062499999 
1.2337304687500001 
1.2419335937500002 
1.3169335937500002 
1.2143945312500002 
0.8065820312499998 
1.22025390625 
0.91322265625 
1.24134765625 
0.79251953125 
1.20267578125 
1.22962890625 
1.19212890625 
0.9056054687499998 
1.2290429687500002 
1.2477929687500002 
1.3263085937500003 
0.7966210937499999 
0.7005273437499998 
0.8774804687499997 
1.2729882812500002 
1.36205078125 
0.8751367187499998 
1.20736328125 
1.14583984375 
1.45814453125 
1.2893945312500001 
1.2659570312500001 
1.2231835937500002 
1.13060546875 
1.2466210937500002 
1.30873046875 
1.2747460937500004 
1.18626953125 
1.45580078125 
1.2495507812500002 
1.22552734375 
0.92904296875 
1.1282617187500001 
1.0825585937500002 
1.18451171875 
1.1282617187500001 
0.9888085937499999 
1.1294335937500002 
0.91087890625 
0.8804101562499997 
1.2231835937500002 
0.97474609375 
0.7485742187499997 
1.2407617187500002 
0.8265039062499999 
1.31517578125 
1.2847070312500002 
1.2190820312500001 
1.29466796875 
1.2536523437500002 
1.18392578125 
1.17748046875 
1.28998046875 
1.3503320312500002 
1.2565820312500002 
1.32337890625 
1.2278710937500001 
1.36908203125 
0.8692773437499999 
1.2776757812500001 
0.93841796875 
1.2554101562500002 
1.16283203125 
1.17806640625 
1.16458984375 
1.2606835937500003 
1.2565820312500002 
1.16576171875 
1.29935546875 
0.93841796875 
1.38431640625 
0.8628320312499999 
1.1927148437500001 
1.13119140625 
1.1593164062499999 
0.6565820312499998 
1.1950585937500002 
1.17806640625 
1.0186914062499999 
1.2331445312500002 
1.2806054687500001 
1.26361328125 
0.96244140625 
1.1681054687499999 
1.26244140625 
1.17162109375 
1.28822265625 
1.2641992187500002 
0.9899804687499998 
1.2794335937500003 
1.39310546875 
1.2565820312500002 
1.2659570312500001 
1.00345703125 
1.2173242187500002 
1.2747460937500004 
1.38197265625 
1.2806054687500001 
1.0298242187500002 
1.13353515625 
0.92611328125 
1.18978515625 
1.10833984375 
0.9501367187499999 
1.36087890625 
1.20853515625 
1.38080078125 
1.44759765625 
1.2126367187500002 
1.1475976562499999 
1.0075585937500002 
1.1534570312499999 
1.20853515625 
1.38080078125 
1.17923828125 
1.24427734375 
1.24486328125 
1.22142578125 
1.22845703125 
1.2138085937500003 
1.15580078125 
1.11009765625 
1.2161523437500001 
1.3128320312500001 
0.8434960937499998 
0.8745507812499999 
1.00345703125 
1.1950585937500002 
1.22962890625 
1.2102929687500001 
1.13294921875 
1.12884765625 
0.8798242187499997 
1.2571679687500001 
1.2126367187500002 
1.2378320312500002 
1.2999414062499999 
0.8294335937499999 
1.2220117187500001 
0.8833398437499999 
1.11830078125 
1.14408203125 
1.22259765625 
0.7526757812499999 
1.4106835937500002 
0.9800195312500001 
1.2302148437500002 
1.22552734375 
0.5768945312499999 
0.7860742187499998 
0.97005859375 
1.26361328125 
0.9079492187499998 
1.17865234375 
1.20033203125 
1.11009765625 
1.30873046875 
1.11595703125 
1.3491601562500002 
1.05150390625 
1.16634765625 
1.2454492187500001 
1.2325585937500003 
1.16634765625 
1.32337890625 
1.1886132812499999 
1.03861328125 
0.7128320312499998 
1.0550195312500001 
1.3919335937500001 
1.18919921875 
1.20267578125 
1.03626953125 
0.8218164062499999 
1.01048828125 
1.2630273437500001 
1.17923828125 
1.18685546875 
1.42181640625 
1.24486328125 
1.1985742187500001 
1.0761132812499998 
1.18568359375 
1.2747460937500004 
1.30052734375 
1.2554101562500002 
1.09544921875 
1.15169921875 
1.15814453125 
0.92025390625 
1.23841796875 
1.25306640625 
1.15521484375 
1.14232421875 
1.12298828125 
1.2184960937500002 
1.10541015625 
