6 11 33 
0.96126953125 
1.13470703125 
1.37728515625 
1.2337304687500001 
1.24427734375 
0.9079492187499998 
1.2132226562500001 
1.16751953125 
1.24369140625 
1.2290429687500002 
1.1341210937500001 
1.01517578125 
1.2419335937500002 
0.9876367187499998 
1.47220703125 
1.2278710937500001 
1.3491601562500002 
1.06087890625 
0.9214257812500001 
0.91029296875 
1.13880859375 
1.4768945312500001 
0.8018945312499999 
1.18685546875 
1.28236328125 
1.43060546875 
1.2395898437500001 
1.4194726562500002 
0.7227929687499998 
1.26478515625 
1.13998046875 
0.8968164062499998 
1.08197265625 
1.22259765625 
1.08373046875 
1.4464257812499999 
1.45931640625 
1.06322265625 
1.28822265625 
1.3216210937500001 
0.8329492187499998 
0.5352929687499999 
1.07376953125 
1.0655664062499999 
1.1452539062499998 
1.3345117187500002 
0.93373046875 
1.2395898437500001 
0.8903710937499998 
0.7919335937499999 
1.19447265625 
1.1651757812499999 
0.7251367187499997 
1.1048242187500001 
1.2061914062499999 
1.4640039062499999 
0.8382226562499998 
1.3362695312500001 
1.21556640625 
1.3626367187500001 
1.2606835937500003 
0.9893945312499999 
1.30462890625 
1.37669921875 
1.3977929687500001 
1.4294335937500002 
1.29291015625 
1.0497460937500003 
1.18685546875 
0.8071679687499999 
1.2349023437500002 
1.08666015625 
0.8651757812499999 
1.00345703125 
1.2308007812500001 
1.05677734375 
1.1235742187500002 
1.43763671875 
0.6349023437499999 
0.5692773437499999 
1.2425195312500001 
1.3075585937500003 
0.6091210937499999 
1.1985742187500001 
1.12591796875 
1.19740234375 
0.8083398437499999 
1.22728515625 
1.05970703125 
0.9266992187499999 
0.9395898437500001 
1.16224609375 
0.92845703125 
1.2102929687500001 
0.97416015625 
0.97416015625 
0.94369140625 
1.17748046875 
0.92318359375 
1.18451171875 
0.9893945312499999 
1.22025390625 
1.2571679687500001 
1.05736328125 
0.7737695312499999 
1.1505273437499999 
1.13236328125 
0.8364648437499999 
1.2606835937500003 
1.26244140625 
1.14115234375 
1.10716796875 
1.16048828125 
1.22083984375 
1.1282617187500001 
1.22435546875 
1.21498046875 
1.16634765625 
0.8780664062499998 
0.8933007812499999 
1.21966796875 
1.08431640625 
0.94369140625 
1.2278710937500001 
1.26361328125 
1.2395898437500001 
1.28119140625 
1.26244140625 
1.17455078125 
0.7116601562499998 
1.2143945312500002 
1.23548828125 
1.15873046875 
0.95951171875 
1.1446679687499999 
1.1651757812499999 
1.11126953125 
0.9958398437499999 
1.03333984375 
1.2829492187500002 
1.28119140625 
1.13529296875 
1.11126953125 
1.15638671875 
1.4235742187500002 
1.2483789062500001 
1.0532617187500002 
0.7520898437499999 
1.4065820312500001 
1.2759179687500002 
1.12650390625 
0.56751953125 
1.19330078125 
1.14876953125 
1.1358789062499999 
1.2800195312500002 
1.04095703125 
1.06205078125 
1.24427734375 
0.8546289062499999 
1.12884765625 
1.01576171875 
1.5290429687500002 
1.22083984375 
1.0063867187500002 
1.12650390625 
1.36322265625 
1.39720703125 
1.15169921875 
0.9800195312500001 
0.7433007812499999 
1.29056640625 
1.29935546875 
0.8352929687499998 
1.18626953125 
0.95716796875 
1.31048828125 
0.8206445312499999 
1.1165429687500001 
1.16166015625 
1.4018945312500002 
1.2741601562500002 
0.8722070312499999 
1.2220117187500001 
1.07201171875 
1.16224609375 
1.08666015625 
1.15462890625 
1.20853515625 
1.0579492187500001 
0.96888671875 
0.8956445312499999 
1.20091796875 
0.7268945312499998 
1.21556640625 
1.05736328125 
1.3427148437500003 
1.15580078125 
1.03275390625 
1.3040429687500001 
1.21791015625 
1.2729882812500002 
0.9993554687499997 
1.3268945312500002 
1.2630273437500001 
1.1106835937500001 
1.0989648437500001 
1.16576171875 
0.9776757812500001 
1.2132226562500001 
1.2741601562500002 
1.05091796875 
1.03744140625 
1.46283203125 
1.2325585937500003 
0.8921289062499999 
1.32044921875 
1.30345703125 
1.15287109375 
0.8716210937499999 
1.01283203125 
1.22669921875 
1.06498046875 
0.7292382812499998 
1.09427734375 
0.97240234375 
1.2665429687500003 
0.8962304687499998 
0.8440820312499998 
0.95658203125 
0.7708398437499999 
1.3503320312500002 
1.23841796875 
1.1200585937500003 
1.28236328125 
1.48392578125 
1.2888085937500002 
0.7368554687499997 
1.0403710937500001 
0.92787109375 
0.8727929687499998 
1.18392578125 
1.10951171875 
1.2641992187500002 
1.36205078125 
0.8651757812499999 
0.98119140625 
1.05150390625 
1.2782617187500003 
1.1686914062499998 
1.1018945312500001 
0.8036523437499998 
1.3438867187500003 
1.2893945312500001 
1.2331445312500002 
1.17982421875 
1.18041015625 
1.10951171875 
0.92728515625 
0.98177734375 
0.9530664062499999 
1.26185546875 
1.3485742187500003 
1.34681640625 
1.2888085937500002 
1.36615234375 
1.06615234375 
1.18216796875 
1.30345703125 
0.93724609375 
0.7421289062499998 
0.8288476562499999 
1.36322265625 
1.22025390625 
1.1927148437500001 
1.31341796875 
0.8429101562499998 
1.06087890625 
0.8909570312499998 
1.25306640625 
1.09427734375 
1.2501367187500003 
0.9970117187499998 
1.00931640625 
1.1938867187500002 
0.5798242187499998 
1.30228515625 
1.0638085937500001 
1.1493554687499998 
1.03509765625 
1.2325585937500003 
0.7725976562499999 
1.37259765625 
1.15169921875 
1.2817773437500002 
1.2800195312500002 
1.33509765625 
0.8751367187499998 
1.2308007812500001 
1.17162109375 
