7 11 32 
1.37962890625 
0.8499414062499998 
0.91908203125 
1.13177734375 
1.47220703125 
1.01400390625 
0.6882226562499998 
0.8686914062499999 
1.2600976562500001 
1.22552734375 
1.13822265625 
0.96654296875 
1.13705078125 
1.21087890625 
1.2184960937500002 
1.05384765625 
1.0268945312500002 
1.26478515625 
0.91205078125 
1.2290429687500002 
1.16634765625 
1.16341796875 
0.91322265625 
1.13470703125 
0.9302148437500001 
1.17865234375 
1.3433007812500002 
1.39837890625 
0.94603515625 
1.2759179687500002 
1.2220117187500001 
1.13998046875 
1.1001367187500002 
1.08373046875 
0.8376367187499998 
1.28119140625 
1.03216796875 
0.8376367187499998 
1.08666015625 
1.13236328125 
1.32044921875 
1.2542382812500001 
1.1200585937500003 
0.6800195312499999 
1.11009765625 
0.8452539062499999 
0.8470117187499998 
0.9641992187499999 
1.1886132812499999 
0.7374414062499998 
1.30931640625 
1.09779296875 
0.8575585937499999 
0.8423242187499997 
1.1505273437499999 
0.7298242187499997 
0.7491601562499998 
0.96712890625 
1.1499414062499997 
1.16341796875 
1.1475976562499999 
0.8188867187499999 
1.3403710937500002 
0.9641992187499999 
1.1188867187500002 
0.8048242187499998 
1.0438867187500003 
1.14232421875 
0.7181054687499998 
1.2114648437500002 
1.29291015625 
0.91146484375 
1.2378320312500002 
1.33978515625 
0.8558007812499999 
1.10833984375 
1.2190820312500001 
1.2694726562500003 
1.3597070312500001 
1.09193359375 
0.98353515625 
1.14232421875 
1.1464257812499998 
0.7837304687499999 
1.3245507812500001 
0.94544921875 
1.2138085937500003 
0.79017578125 
0.8306054687499999 
1.1188867187500002 
1.13939453125 
0.8745507812499999 
1.37552734375 
0.96595703125 
1.2231835937500002 
0.6864648437499998 
0.7515039062499999 
1.4341210937500002 
1.1224023437500001 
0.8628320312499999 
0.91673828125 
1.0450585937500003 
0.9056054687499998 
1.12767578125 
1.15404296875 
1.0989648437500001 
1.40892578125 
1.2425195312500001 
1.2694726562500003 
1.20326171875 
0.92904296875 
1.36205078125 
1.2044335937500001 
1.33392578125 
1.21791015625 
0.97298828125 
0.92494140625 
1.13998046875 
1.22494140625 
1.18978515625 
1.06439453125 
0.7509179687499998 
0.97181640625 
0.9091210937499998 
1.30345703125 
0.94720703125 
0.7186914062499998 
1.20501953125 
0.9266992187499999 
1.15521484375 
1.13529296875 
1.05619140625 
1.38431640625 
0.91849609375 
0.8446679687499998 
1.1827539062499999 
0.5827539062499999 
1.16166015625 
0.9800195312500001 
1.14115234375 
0.97884765625 
1.1534570312499999 
1.08548828125 
1.16341796875 
1.13060546875 
1.2759179687500002 
0.7186914062499998 
1.20794921875 
0.7532617187499998 
0.8188867187499999 
1.00990234375 
1.05150390625 
1.2548242187500003 
1.06439453125 
1.2747460937500004 
1.00052734375 
1.3438867187500003 
1.2864648437500001 
1.1224023437500001 
1.24486328125 
1.3245507812500001 
1.12591796875 
1.1511132812499998 
0.8329492187499998 
1.06673828125 
1.3444726562500002 
1.17982421875 
1.09134765625 
0.8997460937499998 
0.9085351562499998 
1.11361328125 
0.9893945312499999 
0.8352929687499998 
1.24134765625 
1.14291015625 
1.21087890625 
1.2372460937500003 
1.11009765625 
1.08958984375 
1.1247460937500002 
1.2829492187500002 
0.9530664062499999 
1.29642578125 
1.01166015625 
0.95892578125 
0.9735742187499999 
1.11302734375 
1.2331445312500002 
1.22435546875 
0.94544921875 
1.1505273437499999 
1.29115234375 
0.6946679687499998 
1.2313867187500003 
0.7081445312499999 
1.2735742187500003 
0.7509179687499998 
1.2366601562500001 
1.1522851562499998 
1.19095703125 
0.9999414062499997 
1.19740234375 
0.96947265625 
1.3421289062500001 
1.0497460937500003 
0.9067773437499999 
1.13529296875 
1.14876953125 
1.00052734375 
1.18041015625 
0.91087890625 
0.6507226562499998 
0.9003320312499998 
1.2559960937500003 
1.2893945312500001 
0.9038476562499999 
0.96302734375 
1.07201171875 
1.16341796875 
0.47025390624999996 
1.24427734375 
1.22845703125 
1.15990234375 
1.0456445312500002 
1.31869140625 
1.13646484375 
0.9952539062499999 
0.8938867187499998 
1.2114648437500002 
0.7345117187499998 
1.3286523437500002 
1.30287109375 
1.1475976562499999 
1.2425195312500001 
0.94779296875 
0.8757226562499998 
1.2513085937500004 
1.2495507812500002 
1.15697265625 
1.0579492187500001 
0.8663476562499999 
1.28822265625 
0.5798242187499998 
0.9548242187499999 
1.11712890625 
1.2782617187500003 
1.33392578125 
0.97181640625 
0.9091210937499998 
1.18333984375 
1.2366601562500001 
1.33861328125 
1.26185546875 
1.33216796875 
1.13880859375 
1.0936914062499998 
1.2600976562500001 
1.2718164062500001 
1.1235742187500002 
1.1341210937500001 
0.8962304687499998 
1.07318359375 
0.95423828125 
1.0052148437500001 
0.8194726562499999 
0.9911523437499998 
1.15697265625 
1.09076171875 
1.16634765625 
0.8921289062499999 
1.16927734375 
1.06791015625 
1.1809960937500001 
1.14349609375 
1.13236328125 
0.9009179687499999 
0.9800195312500001 
1.01927734375 
1.3421289062500001 
0.9735742187499999 
0.8452539062499999 
1.00697265625 
1.1013085937500002 
1.2800195312500002 
0.97240234375 
1.3298242187500002 
1.16693359375 
1.2337304687500001 
1.24134765625 
1.13822265625 
1.1886132812499999 
0.6999414062499998 
1.1417382812499999 
1.19798828125 
0.8376367187499998 
1.15287109375 
0.6536523437499998 
1.34095703125 
0.96361328125 
1.3251367187500003 
