11 11 28 
0.95951171875 
0.8470117187499998 
0.8347070312499999 
1.08197265625 
1.03041015625 
0.97240234375 
1.04095703125 
0.97240234375 
0.8868554687499998 
0.7028710937499998 
1.2565820312500002 
0.9390039062500001 
1.14701171875 
0.8558007812499999 
1.1282617187500001 
1.14232421875 
1.1253320312500001 
1.2712304687500002 
0.9981835937499999 
0.8001367187499998 
1.31048828125 
1.0714257812499999 
0.6753320312499999 
0.97884765625 
0.6946679687499998 
0.8956445312499999 
1.1475976562499999 
1.11419921875 
1.2184960937500002 
0.7292382812499998 
0.9940820312499998 
0.7374414062499998 
1.13353515625 
1.07259765625 
1.2278710937500001 
0.9530664062499999 
1.14583984375 
0.6606835937499999 
1.04095703125 
1.28587890625 
1.22728515625 
0.8540429687499999 
1.31810546875 
0.6929101562499997 
0.9401757812500001 
1.0825585937500002 
1.16693359375 
0.7356835937499998 
1.02162109375 
1.03685546875 
0.8147851562499998 
0.5393945312499999 
1.06908203125 
0.97884765625 
0.96126953125 
1.06615234375 
1.3081445312500002 
0.8071679687499999 
0.8786523437499998 
1.35560546875 
1.33861328125 
1.11185546875 
1.08548828125 
1.02337890625 
0.95951171875 
0.7784570312499999 
1.2876367187500002 
1.00345703125 
1.0936914062499998 
1.3268945312500002 
1.17572265625 
1.0081445312500001 
0.9501367187499999 
1.01927734375 
0.9331445312500001 
0.8839257812499999 
0.8681054687499998 
1.1686914062499998 
0.95130859375 
0.91146484375 
0.96126953125 
1.13236328125 
1.13470703125 
0.8475976562499998 
1.2595117187500002 
0.8815820312499998 
1.07201171875 
0.8716210937499999 
1.1206445312500002 
1.11595703125 
1.03275390625 
1.05150390625 
0.7245507812499998 
0.9876367187499998 
1.04681640625 
1.3157617187500001 
0.8733789062499998 
1.17572265625 
1.08197265625 
1.2524804687500002 
1.26361328125 
0.9946679687499999 
0.8206445312499999 
0.7702539062499999 
1.3315820312500002 
1.32806640625 
1.12591796875 
0.9905664062499998 
1.11595703125 
0.94779296875 
0.94427734375 
0.9975976562499999 
1.1499414062499997 
0.8399804687499998 
1.09076171875 
1.03861328125 
1.0122460937500002 
1.2419335937500002 
1.3052148437500002 
1.1522851562499998 
1.38373046875 
1.3239648437500002 
1.00697265625 
1.06849609375 
0.8856835937499998 
1.3403710937500002 
1.06732421875 
0.9530664062499999 
1.3544335937500003 
0.7257226562499998 
1.2331445312500002 
0.98236328125 
0.92962890625 
0.6987695312499999 
1.2571679687500001 
1.07083984375 
0.93724609375 
1.1997460937500002 
1.06087890625 
0.5903710937499999 
1.0591210937500002 
1.14701171875 
1.08666015625 
1.29056640625 
1.29935546875 
0.8891992187499997 
1.24603515625 
1.1446679687499999 
1.1475976562499999 
0.8487695312499999 
1.08783203125 
0.8727929687499998 
1.2677148437500003 
0.8862695312499999 
1.2331445312500002 
1.00052734375 
0.92611328125 
0.92611328125 
1.20091796875 
1.2741601562500002 
1.1341210937500001 
0.8399804687499998 
1.14876953125 
0.9085351562499998 
0.8599023437499999 
1.07904296875 
0.8780664062499998 
0.6624414062499998 
1.1194726562500001 
0.91615234375 
1.2735742187500003 
1.0485742187500002 
1.11712890625 
1.0749414062499998 
1.10833984375 
1.13529296875 
0.7380273437499998 
1.1358789062499999 
0.7333398437499998 
1.03626953125 
0.8440820312499998 
1.12416015625 
1.29115234375 
0.8352929687499998 
1.06263671875 
1.32103515625 
0.6589257812499999 
0.9026757812499999 
0.6688867187499998 
0.7667382812499999 
0.8827539062499998 
0.8763085937499998 
1.3356835937500002 
1.11302734375 
1.12181640625 
0.8405664062499998 
1.17572265625 
1.14408203125 
1.2583398437500002 
1.20736328125 
1.1358789062499999 
1.13294921875 
0.7591210937499998 
1.10951171875 
0.8475976562499998 
0.9893945312499999 
0.6782617187499999 
1.3802148437500001 
0.8083398437499999 
1.1593164062499999 
1.28529296875 
0.91029296875 
0.6618554687499998 
1.05384765625 
0.8862695312499999 
0.98236328125 
1.1253320312500001 
0.98412109375 
1.1950585937500002 
1.13705078125 
1.1177148437500002 
1.4452539062499998 
1.1511132812499998 
1.14701171875 
0.8165429687499999 
0.9149804687499999 
0.9981835937499999 
1.06263671875 
1.49095703125 
1.08958984375 
0.7567773437499998 
1.30228515625 
0.6753320312499999 
0.91322265625 
0.9870507812499999 
0.9618554687499999 
1.13646484375 
1.32220703125 
1.07845703125 
0.97474609375 
1.11302734375 
0.8177148437499999 
0.6952539062499998 
0.7948632812499999 
1.0063867187500002 
1.3274804687500001 
0.9009179687499999 
1.16107421875 
0.8270898437499999 
1.16107421875 
0.8147851562499998 
1.1763085937500002 
0.6255273437499999 
0.7567773437499998 
1.0813867187500001 
0.97650390625 
0.94603515625 
1.3216210937500001 
0.96595703125 
1.11185546875 
1.11830078125 
0.95658203125 
1.32806640625 
0.97240234375 
0.9214257812500001 
1.0890039062499999 
1.1194726562500001 
1.1997460937500002 
0.94896484375 
0.93783203125 
1.06205078125 
0.91263671875 
0.92904296875 
0.9911523437499998 
0.91380859375 
0.8528710937499998 
0.9870507812499999 
1.29056640625 
1.32923828125 
1.12181640625 
0.91439453125 
1.08490234375 
0.9858789062499999 
0.8352929687499998 
0.6923242187499997 
0.53236328125 
1.07552734375 
0.7602929687499999 
1.05267578125 
1.30052734375 
0.8534570312499998 
1.13646484375 
1.05970703125 
0.91966796875 
1.10775390625 
1.4048242187500002 
1.08666015625 
0.94837890625 
1.00462890625 
1.01048828125 
