20 11 19 
0.92787109375 
1.05970703125 
0.8534570312499998 
0.8634179687499999 
1.01458984375 
1.1177148437500002 
0.91380859375 
0.6395898437499999 
0.8868554687499998 
0.95189453125 
1.13646484375 
0.8997460937499998 
1.21087890625 
0.8364648437499999 
1.15990234375 
1.3298242187500002 
0.8716210937499999 
1.17337890625 
0.8388085937499998 
1.07318359375 
0.7778710937499999 
0.8815820312499998 
1.0075585937500002 
1.01166015625 
1.20501953125 
1.3216210937500001 
0.9061914062499998 
0.91908203125 
0.9524804687499999 
0.97181640625 
1.25306640625 
1.42298828125 
0.92025390625 
1.0456445312500002 
0.96068359375 
1.32220703125 
1.13998046875 
1.03919921875 
1.05150390625 
0.6343164062499999 
0.9958398437499999 
0.8704492187499998 
0.7479882812499998 
0.5505273437499999 
1.13119140625 
0.8335351562499999 
1.2712304687500002 
0.92435546875 
0.93841796875 
1.1686914062499998 
0.6483789062499998 
0.7391992187499997 
1.12650390625 
0.8880273437499998 
0.7022851562499998 
0.8522851562499998 
0.9073632812499999 
0.7433007812499999 
1.0186914062499999 
1.06263671875 
1.2337304687500001 
0.8112695312499999 
0.8007226562499998 
1.13939453125 
0.6202539062499999 
0.7608789062499999 
1.0011132812499999 
1.13763671875 
0.9870507812499999 
0.8405664062499998 
1.16751953125 
0.8991601562499998 
0.5909570312499999 
0.98470703125 
1.2782617187500003 
1.16341796875 
1.01576171875 
1.2864648437500001 
1.06966796875 
0.95189453125 
0.97591796875 
0.92962890625 
1.2835351562500001 
1.20208984375 
0.8065820312499998 
1.2630273437500001 
0.6729882812499999 
0.97416015625 
1.28705078125 
1.2466210937500002 
0.8552148437499999 
1.2278710937500001 
0.9020898437499999 
0.6325585937499999 
1.2407617187500002 
0.6659570312499998 
0.6835351562499998 
0.93373046875 
1.1493554687499998 
1.20091796875 
1.16107421875 
0.9032617187499998 
0.7222070312499999 
1.14291015625 
0.7591210937499998 
1.0544335937500002 
0.9173242187499999 
1.3403710937500002 
0.9050195312499999 
0.7954492187499999 
0.7339257812499999 
0.8856835937499998 
0.9888085937499999 
1.01810546875 
0.91263671875 
0.9091210937499998 
0.98353515625 
1.29466796875 
1.17748046875 
1.2981835937500001 
0.8265039062499999 
0.8475976562499998 
1.19623046875 
1.2378320312500002 
0.9091210937499998 
0.8985742187499998 
1.06732421875 
1.01166015625 
1.17689453125 
1.29291015625 
1.0532617187500002 
0.8927148437499999 
1.17396484375 
1.18041015625 
0.6665429687499999 
0.92787109375 
0.8347070312499999 
0.9970117187499998 
1.08080078125 
1.0520898437500001 
0.96888671875 
1.3333398437500001 
0.7696679687499999 
0.8188867187499999 
1.03978515625 
0.8927148437499999 
0.8956445312499999 
0.95833984375 
0.8751367187499998 
0.8798242187499997 
0.7860742187499998 
1.06966796875 
1.2483789062500001 
0.9266992187499999 
0.8915429687499998 
1.08314453125 
0.8880273437499998 
1.13705078125 
1.1681054687499999 
0.8171289062499999 
1.06439453125 
1.2290429687500002 
0.7796289062499999 
1.04681640625 
0.9085351562499998 
1.22728515625 
0.92376953125 
1.16283203125 
0.8593164062499998 
1.2554101562500002 
0.6114648437499999 
0.8458398437499999 
1.13001953125 
0.7515039062499999 
0.95658203125 
0.8528710937499998 
1.07201171875 
1.1417382812499999 
0.93548828125 
0.7204492187499998 
0.8417382812499998 
1.1809960937500001 
0.91380859375 
1.2559960937500003 
1.20384765625 
1.2554101562500002 
0.7550195312499999 
0.9946679687499999 
1.01810546875 
1.0110742187500001 
1.20091796875 
0.5862695312499999 
0.8048242187499998 
1.10716796875 
0.9015039062499999 
1.2044335937500001 
1.0544335937500002 
0.92376953125 
1.2571679687500001 
1.20150390625 
0.7772851562499998 
1.2220117187500001 
1.2138085937500003 
1.05560546875 
0.9559960937499999 
1.01458984375 
0.8265039062499999 
1.13763671875 
1.2513085937500004 
0.8640039062499999 
0.9970117187499998 
1.2700585937500004 
1.4247460937500003 
0.6724023437499999 
0.8686914062499999 
1.21966796875 
0.9073632812499999 
1.3227929687500002 
0.8792382812499998 
1.15638671875 
0.8657617187499999 
1.16341796875 
0.9026757812499999 
1.0438867187500003 
1.0110742187500001 
1.2337304687500001 
1.3503320312500002 
0.94134765625 
1.1188867187500002 
0.8786523437499998 
0.8604882812499999 
0.9870507812499999 
1.0702539062499998 
0.8306054687499999 
1.13705078125 
0.8399804687499998 
0.91205078125 
1.1956445312500001 
0.7427148437499999 
0.8235742187499998 
1.08021484375 
0.8475976562499998 
0.94837890625 
1.12650390625 
1.38197265625 
1.0075585937500002 
1.1235742187500002 
0.8317773437499999 
1.06087890625 
0.8317773437499999 
0.9020898437499999 
1.30931640625 
0.92552734375 
1.25775390625 
0.79251953125 
0.9952539062499999 
1.30052734375 
1.08607421875 
1.3075585937500003 
0.8552148437499999 
1.3456445312500003 
0.98353515625 
1.30580078125 
0.7919335937499999 
1.14876953125 
1.09955078125 
0.8177148437499999 
1.06146484375 
0.95833984375 
0.94779296875 
0.91146484375 
1.2372460937500003 
1.29115234375 
1.29935546875 
0.8763085937499998 
1.2360742187500002 
0.96244140625 
1.1206445312500002 
1.00228515625 
1.3063867187500002 
0.8616601562499998 
1.05619140625 
1.2536523437500002 
0.92376953125 
1.2513085937500004 
1.2477929687500002 
1.02455078125 
0.6876367187499998 
0.94896484375 
1.16751953125 
1.1446679687499999 
1.22962890625 
0.8640039062499999 
1.0427148437500002 
0.8235742187499998 
1.2694726562500003 
0.92787109375 
0.8540429687499999 
0.7239648437499998 
0.9524804687499999 
