22 11 17 
1.1194726562500001 
0.8183007812499999 
0.9091210937499998 
0.7181054687499998 
1.11537109375 
0.6999414062499998 
1.0638085937500001 
1.2143945312500002 
0.6899804687499997 
1.2360742187500002 
1.25892578125 
1.2102929687500001 
0.96537109375 
0.92083984375 
0.5622460937499999 
0.7825585937499999 
0.91087890625 
1.2630273437500001 
0.9501367187499999 
1.09779296875 
0.6782617187499999 
0.94310546875 
0.6671289062499999 
0.6776757812499999 
0.8669335937499999 
0.6354882812499999 
1.2735742187500003 
0.9044335937499999 
1.2694726562500003 
1.29876953125 
0.96009765625 
0.8804101562499997 
0.8962304687499998 
0.8364648437499999 
1.05677734375 
0.8786523437499998 
1.01517578125 
1.2161523437500001 
0.7591210937499998 
1.0356835937500002 
1.2495507812500002 
0.7579492187499998 
0.8171289062499999 
1.15580078125 
0.8897851562499998 
1.0743554687499999 
0.9911523437499998 
0.7415429687499998 
1.3227929687500002 
0.9952539062499999 
0.9940820312499998 
0.7345117187499998 
0.97884765625 
1.26361328125 
1.1493554687499998 
0.9009179687499999 
0.93783203125 
1.0714257812499999 
0.91849609375 
1.01927734375 
0.92962890625 
0.8628320312499999 
0.96595703125 
0.7854882812499999 
1.2542382812500001 
1.1499414062499997 
0.92494140625 
1.2143945312500002 
0.96126953125 
1.16693359375 
1.01458984375 
1.1956445312500001 
1.17455078125 
0.6835351562499998 
0.8411523437499998 
0.7772851562499998 
1.1206445312500002 
1.2044335937500001 
0.9776757812500001 
0.8493554687499998 
0.7585351562499998 
1.3497460937500003 
0.97884765625 
0.9179101562499999 
1.16693359375 
1.06263671875 
1.29583984375 
1.09310546875 
0.8241601562499998 
1.3415429687500002 
1.16166015625 
0.6677148437499999 
1.20677734375 
0.7743554687499998 
1.0749414062499998 
0.8698632812499999 
1.3122460937500002 
1.0550195312500001 
0.8880273437499998 
0.8675195312499999 
1.3415429687500002 
1.0474023437500002 
1.08431640625 
1.0702539062499998 
0.7005273437499998 
1.18041015625 
1.33275390625 
0.8306054687499999 
1.03802734375 
0.8634179687499999 
0.6788476562499999 
1.3239648437500002 
0.6940820312499998 
0.8405664062499998 
0.93548828125 
0.92845703125 
0.9929101562499998 
0.9641992187499999 
1.2999414062499999 
0.7016992187499997 
1.22259765625 
1.10541015625 
1.3251367187500003 
0.93607421875 
0.6442773437499999 
1.0444726562500002 
0.8974023437499998 
0.9032617187499998 
0.8335351562499999 
0.6870507812499999 
0.9056054687499998 
1.2641992187500002 
1.01400390625 
1.1751367187500001 
0.7134179687499999 
0.97240234375 
0.8048242187499998 
0.8645898437499999 
0.8528710937499998 
1.1698632812499998 
0.8874414062499998 
0.9852929687499998 
0.5856835937499999 
0.8440820312499998 
0.7216210937499998 
1.02455078125 
0.8880273437499998 
1.0761132812499998 
1.32044921875 
0.8634179687499999 
1.22494140625 
0.9999414062499997 
0.8675195312499999 
1.1452539062499998 
0.6800195312499999 
0.8224023437499999 
1.0427148437500002 
1.19095703125 
1.13646484375 
1.2794335937500003 
0.8804101562499997 
0.8733789062499998 
1.01986328125 
1.15169921875 
1.16693359375 
0.7491601562499998 
0.7456445312499999 
0.8464257812499999 
0.8423242187499997 
0.8130273437499999 
1.12708984375 
0.8341210937499999 
1.08666015625 
1.01634765625 
0.93841796875 
1.16576171875 
0.9641992187499999 
1.19681640625 
1.1001367187500002 
1.21791015625 
1.00287109375 
1.2337304687500001 
1.08431640625 
0.93548828125 
0.8739648437499998 
1.02748046875 
1.0655664062499999 
0.97826171875 
0.8616601562499998 
0.93197265625 
1.12591796875 
0.6882226562499998 
1.15169921875 
0.92904296875 
1.18626953125 
1.3391992187500001 
0.5499414062499999 
1.06966796875 
1.31986328125 
0.6583398437499999 
0.7837304687499999 
1.28529296875 
0.8698632812499999 
0.7362695312499998 
0.7356835937499998 
0.98060546875 
1.18041015625 
0.8534570312499998 
1.3450585937500004 
0.91322265625 
0.7245507812499998 
1.2847070312500002 
0.8159570312499999 
1.16224609375 
1.2683007812500002 
1.13998046875 
0.6800195312499999 
0.8821679687499998 
0.6712304687499998 
0.6395898437499999 
0.92611328125 
1.2489648437500003 
0.8464257812499999 
1.0122460937500002 
1.26185546875 
1.3257226562500002 
0.8317773437499999 
1.2507226562500002 
0.7427148437499999 
1.0872460937500001 
0.7427148437499999 
0.6085351562499999 
0.91673828125 
0.8317773437499999 
1.06966796875 
0.8352929687499998 
0.79017578125 
1.22083984375 
1.29115234375 
1.0345117187500001 
0.93255859375 
1.2817773437500002 
1.32337890625 
1.18568359375 
0.8681054687499998 
0.8933007812499999 
0.9888085937499999 
0.7544335937499999 
1.2729882812500002 
0.8224023437499999 
0.8165429687499999 
0.97943359375 
1.1294335937500002 
1.12416015625 
0.91966796875 
0.8768945312499998 
0.7602929687499999 
0.8224023437499999 
1.24369140625 
1.16224609375 
0.6870507812499999 
1.1341210937500001 
0.9044335937499999 
0.7725976562499999 
1.03744140625 
1.3520898437500002 
0.9899804687499998 
1.1235742187500002 
0.7854882812499999 
0.9173242187499999 
1.12416015625 
0.9032617187499998 
0.6677148437499999 
1.0286523437500001 
1.2788476562500002 
0.8915429687499998 
0.98470703125 
0.92787109375 
0.97474609375 
0.92552734375 
0.7567773437499998 
1.1710351562499999 
0.9015039062499999 
0.6583398437499999 
1.12650390625 
1.19740234375 
1.0415429687500002 
0.8522851562499998 
0.6659570312499998 
1.25892578125 
1.2173242187500002 
0.97884765625 
0.92494140625 
1.00287109375 
1.15873046875 
1.03978515625 
1.09017578125 
1.2331445312500002 
1.30228515625 
1.1106835937500001 
