27 11 12 
1.11009765625 
0.7954492187499999 
1.28822265625 
1.1751367187500001 
0.8358789062499998 
0.8845117187499998 
0.94134765625 
0.8329492187499998 
0.78958984375 
1.20560546875 
1.1763085937500002 
1.3245507812500001 
1.07669921875 
1.03802734375 
0.96068359375 
0.9056054687499998 
1.07904296875 
1.13880859375 
1.3333398437500001 
1.37435546875 
0.91673828125 
0.9038476562499999 
0.7661523437499999 
1.0890039062499999 
1.15990234375 
0.98294921875 
0.8979882812499999 
1.10716796875 
1.24310546875 
1.08431640625 
1.15697265625 
0.9302148437500001 
0.91146484375 
0.6665429687499999 
0.7350976562499998 
0.6085351562499999 
0.8991601562499998 
1.07552734375 
1.22025390625 
0.94662109375 
1.05560546875 
0.8030664062499998 
1.24720703125 
1.17396484375 
0.56751953125 
0.96537109375 
0.92376953125 
1.06029296875 
0.92728515625 
0.8745507812499999 
1.2425195312500001 
1.2290429687500002 
0.7608789062499999 
0.7550195312499999 
0.94603515625 
1.0890039062499999 
0.7983789062499999 
1.05619140625 
0.97416015625 
0.8001367187499998 
1.1710351562499999 
0.9050195312499999 
0.7561914062499998 
0.8891992187499997 
1.22083984375 
1.0052148437500001 
1.24427734375 
0.9929101562499998 
1.2735742187500003 
0.7268945312499998 
0.8001367187499998 
0.9425195312500001 
0.8599023437499999 
0.7708398437499999 
1.32103515625 
0.97123046875 
1.30462890625 
0.94779296875 
1.20912109375 
0.6741601562499998 
0.7602929687499999 
0.96244140625 
1.22435546875 
1.01400390625 
0.8798242187499997 
0.7778710937499999 
1.0345117187500001 
1.05091796875 
1.00404296875 
0.97591796875 
0.7444726562499998 
0.7198632812499999 
1.1809960937500001 
0.9964257812499999 
0.9735742187499999 
1.2600976562500001 
0.91205078125 
1.31927734375 
0.8845117187499998 
1.33978515625 
0.7515039062499999 
0.95833984375 
1.31517578125 
0.8405664062499998 
0.8856835937499998 
0.8335351562499999 
0.8956445312499999 
0.95775390625 
1.14876953125 
0.9964257812499999 
0.91439453125 
0.9864648437499999 
1.0415429687500002 
1.16283203125 
0.98119140625 
1.19623046875 
0.95833984375 
1.2477929687500002 
1.22611328125 
1.01048828125 
1.1593164062499999 
0.7421289062499998 
1.39603515625 
1.0825585937500002 
0.7948632812499999 
0.7573632812499999 
0.8100976562499999 
0.97181640625 
0.8997460937499998 
0.8839257812499999 
1.15814453125 
1.00169921875 
1.01810546875 
1.21205078125 
1.11537109375 
0.91322265625 
0.7034570312499998 
1.28529296875 
0.7749414062499999 
0.8177148437499999 
0.91615234375 
1.0550195312500001 
0.8786523437499998 
1.2501367187500003 
0.6595117187499998 
1.20150390625 
0.98412109375 
1.2794335937500003 
0.8323632812499999 
0.96126953125 
0.8300195312499999 
1.1522851562499998 
1.0813867187500001 
1.21556640625 
0.8481835937499999 
0.9905664062499998 
0.9923242187499998 
1.01341796875 
0.8587304687499998 
1.02748046875 
1.17337890625 
1.2325585937500003 
0.8862695312499999 
1.30111328125 
0.6917382812499998 
0.6741601562499998 
1.17044921875 
1.1224023437500001 
0.8558007812499999 
0.7421289062499998 
1.22962890625 
0.95189453125 
1.15990234375 
0.96009765625 
0.91673828125 
0.9419335937500001 
1.3069726562500001 
1.1710351562499999 
0.8903710937499998 
1.07201171875 
0.8956445312499999 
1.25306640625 
0.6882226562499998 
1.24486328125 
1.14701171875 
0.6999414062499998 
1.2641992187500002 
1.2677148437500003 
0.8974023437499998 
0.9530664062499999 
1.1013085937500002 
1.1681054687499999 
0.8599023437499999 
1.2313867187500003 
1.01517578125 
0.8675195312499999 
0.8903710937499998 
1.1001367187500002 
0.8651757812499999 
0.7362695312499998 
1.00345703125 
0.9419335937500001 
1.22962890625 
1.13822265625 
0.93548828125 
0.91673828125 
1.1405664062499998 
0.7169335937499999 
1.22845703125 
0.8311914062499999 
1.16107421875 
0.96888671875 
1.22259765625 
0.7186914062499998 
0.94427734375 
0.8552148437499999 
0.8827539062499998 
0.56986328125 
1.2454492187500001 
0.8874414062499998 
0.8528710937499998 
0.9858789062499999 
0.9395898437500001 
1.27650390625 
1.18333984375 
0.8153710937499998 
0.8581445312499999 
0.9864648437499999 
1.12708984375 
0.91087890625 
0.8798242187499997 
0.7005273437499998 
0.97298828125 
1.20208984375 
1.30228515625 
1.15697265625 
0.94427734375 
1.19740234375 
1.3286523437500002 
1.2407617187500002 
0.9940820312499998 
1.1938867187500002 
0.8821679687499998 
0.7263085937499998 
1.09603515625 
1.02923828125 
1.02806640625 
1.3257226562500002 
1.1809960937500001 
0.6483789062499998 
0.8681054687499998 
1.3075585937500003 
0.7831445312499999 
0.7157617187499998 
0.7298242187499997 
1.04798828125 
0.6683007812499999 
0.92025390625 
0.7825585937499999 
1.03919921875 
0.8540429687499999 
0.9683007812500001 
1.06849609375 
0.9975976562499999 
0.9917382812499999 
1.2518945312500003 
0.8651757812499999 
1.06908203125 
0.7374414062499998 
0.8247460937499999 
0.97533203125 
1.06908203125 
1.29408203125 
1.20501953125 
1.2794335937500003 
1.2138085937500003 
0.8681054687499998 
1.0415429687500002 
1.06615234375 
0.78080078125 
1.07962890625 
0.9770898437500001 
0.9308007812500001 
1.06146484375 
1.18978515625 
0.8563867187499998 
0.7614648437499999 
0.7538476562499998 
1.17044921875 
1.09193359375 
1.08783203125 
1.17396484375 
1.21498046875 
1.0491601562500001 
1.24134765625 
0.97123046875 
0.5956445312499999 
1.11009765625 
0.8452539062499999 
1.18392578125 
