30 11 9 
0.9395898437500001 
1.3169335937500002 
0.8921289062499999 
0.8411523437499998 
1.0263085937500003 
0.94837890625 
0.7485742187499997 
0.9530664062499999 
1.22376953125 
0.93138671875 
0.8727929687499998 
1.22025390625 
1.18685546875 
0.7684960937499998 
1.14701171875 
1.17572265625 
1.03978515625 
1.2747460937500004 
0.6694726562499999 
1.1341210937500001 
0.8399804687499998 
0.9876367187499998 
0.8452539062499999 
0.8616601562499998 
0.9683007812500001 
0.7544335937499999 
0.8974023437499998 
0.8663476562499999 
0.8974023437499998 
0.97416015625 
1.09134765625 
1.2360742187500002 
1.22376953125 
1.22962890625 
0.9395898437500001 
1.08314453125 
1.13060546875 
1.17455078125 
0.94603515625 
0.94779296875 
1.2114648437500002 
0.9097070312499999 
0.6858789062499998 
1.3479882812500001 
0.8897851562499998 
1.0186914062499999 
0.7151757812499999 
1.2665429687500003 
0.8663476562499999 
1.1751367187500001 
1.0345117187500001 
1.3081445312500002 
0.7948632812499999 
1.2366601562500001 
0.8235742187499998 
0.8206445312499999 
0.6501367187499998 
0.8944726562499998 
1.34095703125 
1.1417382812499999 
0.8850976562499998 
0.8739648437499998 
0.8827539062499998 
1.11712890625 
0.94837890625 
1.10658203125 
0.7450585937499998 
0.98412109375 
0.9050195312499999 
1.20560546875 
0.7936914062499999 
0.8845117187499998 
1.17220703125 
1.1874414062499998 
1.11126953125 
1.16048828125 
1.1282617187500001 
0.97474609375 
1.01400390625 
0.7948632812499999 
0.7204492187499998 
1.0655664062499999 
1.09310546875 
0.8757226562499998 
1.21966796875 
0.91263671875 
0.9893945312499999 
1.0772851562499999 
0.9214257812500001 
1.26478515625 
0.7737695312499999 
0.78958984375 
0.8288476562499999 
0.96654296875 
0.6173242187499998 
0.96947265625 
1.15814453125 
1.1698632812499998 
0.6501367187499998 
0.8716210937499999 
0.8997460937499998 
1.1224023437500001 
0.91615234375 
0.8247460937499999 
0.8224023437499999 
1.11361328125 
0.91556640625 
0.7591210937499998 
1.2571679687500001 
1.1522851562499998 
0.98412109375 
1.1751367187500001 
1.14232421875 
0.9097070312499999 
0.8581445312499999 
1.23900390625 
0.9079492187499998 
1.0286523437500001 
0.8792382812499998 
1.16107421875 
0.91087890625 
1.10892578125 
1.0011132812499999 
0.9893945312499999 
0.7474023437499998 
0.96361328125 
1.2770898437500002 
1.1686914062499998 
1.2718164062500001 
1.12123046875 
0.9179101562499999 
0.92259765625 
0.7661523437499999 
1.04798828125 
1.12591796875 
1.28529296875 
1.2126367187500002 
0.9683007812500001 
0.93490234375 
0.6811914062499999 
1.2700585937500004 
1.0356835937500002 
1.3169335937500002 
0.91146484375 
0.7093164062499998 
1.13119140625 
1.0813867187500001 
1.22962890625 
0.8370507812499999 
0.8423242187499997 
0.8587304687499998 
0.98119140625 
0.96947265625 
1.11009765625 
0.8382226562499998 
1.10541015625 
0.7649804687499998 
1.22669921875 
1.17806640625 
0.97650390625 
0.9554101562499999 
0.9964257812499999 
1.0989648437500001 
0.9970117187499998 
0.7585351562499998 
1.1001367187500002 
0.7550195312499999 
0.8856835937499998 
0.6852929687499998 
0.92376953125 
1.0761132812499998 
1.26244140625 
0.8640039062499999 
0.97884765625 
0.8311914062499999 
1.2161523437500001 
1.28822265625 
1.18568359375 
1.1106835937500001 
1.05677734375 
0.6958398437499999 
0.8136132812499999 
1.24486328125 
0.9067773437499999 
1.29525390625 
1.0579492187500001 
0.8341210937499999 
1.2518945312500003 
1.2337304687500001 
1.29291015625 
0.8856835937499998 
1.00287109375 
1.2683007812500002 
1.07259765625 
0.9876367187499998 
0.94544921875 
1.10306640625 
1.3579492187500002 
0.9091210937499998 
1.2794335937500003 
1.15404296875 
0.6718164062499998 
1.16458984375 
1.2841210937500003 
0.7772851562499998 
0.92201171875 
1.2548242187500003 
0.8774804687499997 
1.09720703125 
1.08607421875 
0.8212304687499998 
1.06146484375 
0.7778710937499999 
0.79017578125 
0.7251367187499997 
0.7011132812499998 
0.9390039062500001 
1.10833984375 
1.01400390625 
1.03626953125 
1.2138085937500003 
1.22259765625 
0.7069726562499998 
0.7526757812499999 
0.9770898437500001 
1.03685546875 
0.9044335937499999 
0.93197265625 
1.17455078125 
0.8206445312499999 
0.6852929687499998 
1.22669921875 
1.3227929687500002 
1.05091796875 
1.2507226562500002 
0.7843164062499999 
0.7954492187499999 
1.2565820312500002 
1.0550195312500001 
1.18392578125 
1.1013085937500002 
0.93841796875 
0.7058007812499999 
1.20501953125 
0.6472070312499999 
0.92083984375 
0.7960351562499999 
0.8962304687499998 
1.1235742187500002 
0.9026757812499999 
0.8938867187499998 
0.7509179687499998 
0.8024804687499998 
1.19154296875 
1.2800195312500002 
0.7485742187499997 
1.10541015625 
0.8265039062499999 
0.6940820312499998 
0.7661523437499999 
0.8165429687499999 
1.0655664062499999 
0.9882226562499998 
1.2688867187500004 
0.8224023437499999 
0.7561914062499998 
0.7145898437499999 
1.02162109375 
1.06087890625 
0.9085351562499998 
0.8727929687499998 
0.8147851562499998 
0.8405664062499998 
0.8141992187499998 
1.06146484375 
0.8622460937499998 
0.9946679687499999 
1.1059960937500002 
1.2477929687500002 
0.9905664062499998 
0.8909570312499998 
1.1874414062499998 
0.8282617187499999 
0.9214257812500001 
0.7972070312499999 
0.8470117187499998 
1.2606835937500003 
0.8511132812499999 
0.7163476562499999 
1.06439453125 
1.0251367187500002 
0.91322265625 
0.96595703125 
0.9618554687499999 
1.0438867187500003 
1.2665429687500003 
1.2349023437500002 
0.8048242187499998 
0.9425195312500001 
0.7802148437499999 
