31 11 8 
1.37962890625 
0.8007226562499998 
0.8880273437499998 
1.02044921875 
1.13939453125 
0.7948632812499999 
0.8171289062499999 
1.2700585937500004 
0.97123046875 
0.82767578125 
1.4270898437500001 
1.00052734375 
1.04212890625 
1.06498046875 
0.91615234375 
1.20208984375 
0.9067773437499999 
1.21087890625 
1.1475976562499999 
0.9870507812499999 
0.8950585937499999 
0.92787109375 
1.24720703125 
0.8575585937499999 
1.22728515625 
0.6319726562499999 
1.2114648437500002 
0.6882226562499998 
0.7843164062499999 
1.0474023437500002 
0.79251953125 
1.1018945312500001 
1.21791015625 
0.93666015625 
0.8030664062499998 
1.23841796875 
1.16693359375 
0.9097070312499999 
0.8575585937499999 
1.00931640625 
0.8429101562499998 
0.91205078125 
0.8311914062499999 
0.9395898437500001 
0.7280664062499997 
0.91380859375 
1.18216796875 
0.96126953125 
1.29876953125 
0.7936914062499999 
1.15873046875 
1.17689453125 
1.0186914062499999 
1.2337304687500001 
1.08958984375 
0.9899804687499998 
0.7597070312499998 
0.95189453125 
0.8194726562499999 
0.92845703125 
0.7315820312499998 
1.0186914062499999 
1.02103515625 
0.7286523437499998 
0.8089257812499999 
0.7128320312499998 
0.7813867187499999 
1.06498046875 
0.94603515625 
0.7438867187499998 
0.6595117187499998 
0.7333398437499998 
0.8845117187499998 
1.2425195312500001 
1.10833984375 
0.7573632812499999 
0.8458398437499999 
0.8194726562499999 
1.2360742187500002 
0.9073632812499999 
0.8675195312499999 
0.9079492187499998 
0.8558007812499999 
0.7204492187499998 
1.08783203125 
0.7409570312499998 
0.5880273437499999 
0.97826171875 
0.8915429687499998 
1.33744140625 
1.30228515625 
0.9905664062499998 
0.8821679687499998 
1.2378320312500002 
0.8470117187499998 
1.2132226562500001 
0.98119140625 
0.96595703125 
1.22845703125 
0.9091210937499998 
0.97591796875 
1.30345703125 
1.28236328125 
0.8962304687499998 
0.8253320312499999 
1.1681054687499999 
1.05384765625 
0.9401757812500001 
0.7556054687499998 
1.18451171875 
0.95892578125 
1.2788476562500002 
1.09603515625 
1.21205078125 
1.21673828125 
0.9050195312499999 
0.7696679687499999 
1.0872460937500001 
0.7515039062499999 
0.96068359375 
1.01166015625 
1.31986328125 
1.0356835937500002 
1.1522851562499998 
0.9401757812500001 
0.9530664062499999 
1.1165429687500001 
0.6173242187499998 
0.8388085937499998 
0.6806054687499998 
0.6964257812499999 
0.92845703125 
1.2173242187500002 
1.2061914062499999 
1.21087890625 
1.2524804687500002 
1.01341796875 
1.22435546875 
0.96654296875 
0.7222070312499999 
1.11185546875 
0.9038476562499999 
0.8733789062499998 
1.2278710937500001 
0.95658203125 
0.9038476562499999 
1.03978515625 
0.6782617187499999 
1.17689453125 
1.1417382812499999 
0.94544921875 
1.24369140625 
0.8282617187499999 
1.01517578125 
1.35619140625 
0.7362695312499998 
1.2337304687500001 
0.6097070312499999 
0.8581445312499999 
0.96537109375 
0.7585351562499998 
1.17689453125 
1.02103515625 
1.34095703125 
0.7433007812499999 
0.9911523437499998 
0.7813867187499999 
1.2659570312500001 
1.2507226562500002 
0.6624414062499998 
0.5329492187499999 
1.00697265625 
1.11537109375 
0.9009179687499999 
0.7849023437499999 
0.7538476562499998 
1.10892578125 
0.8083398437499999 
0.9050195312499999 
1.3538476562500001 
1.21087890625 
1.2683007812500002 
0.8317773437499999 
1.0251367187500002 
0.8118554687499998 
0.96361328125 
0.91263671875 
1.2847070312500002 
0.94427734375 
0.91556640625 
1.13119140625 
0.7860742187499998 
0.8048242187499998 
1.2548242187500003 
0.93255859375 
1.1927148437500001 
1.08783203125 
0.7227929687499998 
1.2419335937500002 
0.93724609375 
0.8722070312499999 
0.7333398437499998 
0.8956445312499999 
0.98353515625 
0.6975976562499998 
0.7169335937499999 
1.00873046875 
0.8651757812499999 
0.8927148437499999 
0.97943359375 
0.8991601562499998 
1.01751953125 
1.06029296875 
0.9003320312499998 
1.22435546875 
0.7655664062499998 
0.97650390625 
0.8868554687499998 
1.03978515625 
1.08548828125 
1.38431640625 
0.97826171875 
1.02162109375 
1.2518945312500003 
0.8229882812499999 
1.18392578125 
1.13705078125 
0.96244140625 
0.97650390625 
1.2190820312500001 
1.04212890625 
0.7309960937499997 
1.19330078125 
0.8716210937499999 
0.96009765625 
0.8804101562499997 
0.94310546875 
0.8499414062499998 
0.8528710937499998 
1.28529296875 
0.95892578125 
0.8083398437499999 
0.95716796875 
1.08783203125 
0.91205078125 
0.8862695312499999 
1.29759765625 
1.3099023437500001 
1.2548242187500003 
0.6806054687499998 
0.9970117187499998 
0.95951171875 
1.2653710937500002 
1.20091796875 
1.31927734375 
0.8411523437499998 
1.2706445312500003 
1.15521484375 
1.21205078125 
0.7585351562499998 
1.20384765625 
0.6671289062499999 
0.8470117187499998 
1.01517578125 
1.2800195312500002 
0.7679101562499998 
1.19740234375 
1.08548828125 
1.17689453125 
0.93490234375 
0.7796289062499999 
0.8440820312499998 
0.9331445312500001 
0.7825585937499999 
1.0743554687499999 
0.8616601562499998 
0.8253320312499999 
1.2712304687500002 
0.8200585937499999 
0.7556054687499998 
0.7784570312499999 
1.09076171875 
0.8915429687499998 
0.7362695312499998 
1.0772851562499999 
0.8376367187499998 
0.9026757812499999 
0.6929101562499997 
1.05853515625 
0.8499414062499998 
1.1763085937500002 
0.9858789062499999 
0.8329492187499998 
1.1985742187500001 
1.0268945312500002 
0.8552148437499999 
1.25892578125 
0.93197265625 
1.2378320312500002 
0.7655664062499998 
