33 11 6 
1.30462890625 
0.9554101562499999 
0.9952539062499999 
0.7860742187499998 
0.8224023437499999 
1.2138085937500003 
1.14583984375 
0.7966210937499999 
1.23548828125 
1.28587890625 
1.1886132812499999 
0.8944726562499998 
1.2419335937500002 
0.8159570312499999 
0.9067773437499999 
0.7972070312499999 
1.0186914062499999 
0.6735742187499998 
1.17220703125 
1.1874414062499998 
1.01166015625 
0.8382226562499998 
0.91556640625 
1.10775390625 
1.22611328125 
1.23431640625 
0.6407617187499999 
0.9923242187499998 
1.00169921875 
0.97650390625 
0.7643945312499999 
1.2395898437500001 
1.2753320312500003 
0.7983789062499999 
0.96361328125 
0.6806054687499998 
1.1493554687499998 
0.97123046875 
0.7087304687499998 
1.24134765625 
1.19798828125 
0.8587304687499998 
0.9419335937500001 
0.7292382812499998 
0.8118554687499998 
1.20912109375 
0.96712890625 
0.91380859375 
0.7345117187499998 
1.06087890625 
0.7345117187499998 
0.7602929687499999 
0.9401757812500001 
0.9050195312499999 
0.8645898437499999 
1.2349023437500002 
1.09251953125 
0.94662109375 
0.8634179687499999 
1.09720703125 
1.2173242187500002 
0.96888671875 
0.9876367187499998 
1.20326171875 
0.8640039062499999 
1.2653710937500002 
0.97884765625 
1.15521484375 
0.91380859375 
0.79251953125 
0.8839257812499999 
1.00169921875 
1.0550195312500001 
1.23548828125 
1.01986328125 
0.95189453125 
0.9050195312499999 
1.0251367187500002 
1.1763085937500002 
1.08373046875 
1.22083984375 
0.7643945312499999 
0.9524804687499999 
1.03041015625 
1.0227929687500001 
0.94076171875 
1.2466210937500002 
1.19681640625 
0.9061914062499998 
0.9876367187499998 
0.92435546875 
0.8030664062499998 
0.9975976562499999 
0.8382226562499998 
1.07962890625 
0.93373046875 
0.6559960937499998 
1.03919921875 
0.9009179687499999 
0.8891992187499997 
1.05853515625 
1.13998046875 
1.14583984375 
1.24310546875 
1.1124414062499999 
0.7016992187499997 
1.02162109375 
1.0503320312500002 
0.9173242187499999 
0.8071679687499999 
1.20736328125 
0.7327539062499998 
0.9683007812500001 
1.20970703125 
0.78080078125 
0.8827539062499998 
1.30580078125 
1.2841210937500003 
0.6952539062499998 
0.6952539062499998 
0.7983789062499999 
1.23548828125 
1.0743554687499999 
1.10541015625 
0.91263671875 
0.9958398437499999 
1.39486328125 
1.28998046875 
1.08021484375 
1.03802734375 
0.8903710937499998 
0.8153710937499998 
1.0989648437500001 
1.2741601562500002 
1.11712890625 
1.0456445312500002 
0.82767578125 
1.09544921875 
0.93607421875 
1.2724023437500003 
0.9970117187499998 
0.9266992187499999 
0.96361328125 
1.11537109375 
1.07552734375 
0.8528710937499998 
0.9964257812499999 
1.10833984375 
1.2360742187500002 
0.9554101562499999 
1.11009765625 
1.01166015625 
0.9524804687499999 
0.79017578125 
0.7579492187499998 
0.7684960937499998 
1.00169921875 
0.7005273437499998 
0.94369140625 
0.8710351562499998 
1.00169921875 
1.12650390625 
1.21087890625 
0.8974023437499998 
1.2395898437500001 
1.21791015625 
1.2138085937500003 
1.08841796875 
1.10306640625 
0.9056054687499998 
1.03275390625 
1.25306640625 
1.2735742187500003 
0.8294335937499999 
0.8944726562499998 
0.8311914062499999 
1.13763671875 
1.24134765625 
0.8253320312499999 
1.26185546875 
1.22142578125 
0.8985742187499998 
0.8546289062499999 
1.2841210937500003 
1.2278710937500001 
0.9946679687499999 
0.7433007812499999 
0.96244140625 
1.2835351562500001 
0.9548242187499999 
0.7110742187499998 
0.96537109375 
1.08548828125 
0.8815820312499998 
0.8130273437499999 
0.93666015625 
1.30287109375 
0.8552148437499999 
0.7755273437499999 
0.9425195312500001 
1.12591796875 
1.1499414062499997 
0.8224023437499999 
0.94369140625 
1.13236328125 
0.9214257812500001 
0.9893945312499999 
1.0403710937500001 
1.2220117187500001 
1.2759179687500002 
0.9091210937499998 
1.2395898437500001 
0.7626367187499998 
0.8259179687499999 
0.94837890625 
1.06263671875 
0.94837890625 
1.2753320312500003 
1.02220703125 
1.2999414062499999 
1.12650390625 
0.8036523437499998 
0.98060546875 
0.9079492187499998 
0.7040429687499998 
0.8634179687499999 
1.19916015625 
0.8880273437499998 
1.01751953125 
0.96654296875 
1.2741601562500002 
0.94544921875 
0.8657617187499999 
0.79251953125 
0.8446679687499998 
1.10658203125 
1.2308007812500001 
0.7450585937499998 
0.8675195312499999 
0.8282617187499999 
1.16048828125 
0.9032617187499998 
1.2864648437500001 
0.8997460937499998 
1.2724023437500003 
1.03275390625 
1.2319726562500002 
0.8311914062499999 
1.0239648437500002 
1.3333398437500001 
0.8511132812499999 
0.6349023437499999 
1.17748046875 
1.14583984375 
0.9934960937499998 
0.9044335937499999 
0.93841796875 
0.96126953125 
0.9934960937499998 
0.6472070312499999 
0.97533203125 
0.8522851562499998 
1.10541015625 
1.20853515625 
1.2700585937500004 
1.0989648437500001 
1.12591796875 
0.6067773437499999 
1.0227929687500001 
0.95833984375 
1.21556640625 
0.9149804687499999 
0.5950585937499999 
1.05736328125 
1.0714257812499999 
0.96302734375 
1.2114648437500002 
1.03685546875 
1.3520898437500002 
1.16458984375 
0.96888671875 
0.9559960937499999 
1.09603515625 
0.97240234375 
1.38783203125 
0.8071679687499999 
0.5968164062499999 
0.96712890625 
0.95423828125 
1.10775390625 
0.91322265625 
1.2583398437500002 
1.15521484375 
0.8903710937499998 
0.91322265625 
0.6794335937499999 
0.8686914062499999 
0.95775390625 
1.22494140625 
0.8616601562499998 
