35 11 4 
1.17806640625 
0.92376953125 
1.29701171875 
1.29115234375 
1.19095703125 
0.78958984375 
1.18216796875 
1.2981835937500001 
0.8938867187499998 
1.2507226562500002 
1.06615234375 
1.1001367187500002 
0.8944726562499998 
1.2565820312500002 
0.8845117187499998 
0.9899804687499998 
0.93490234375 
1.0227929687500001 
1.01283203125 
0.5891992187499998 
0.8294335937499999 
1.20267578125 
0.8897851562499998 
1.2595117187500002 
0.8388085937499998 
0.97064453125 
0.6606835937499999 
0.92083984375 
0.6776757812499999 
0.8493554687499998 
1.2173242187500002 
0.96712890625 
1.06263671875 
1.25892578125 
0.97298828125 
1.2507226562500002 
1.1282617187500001 
0.8909570312499998 
0.8839257812499999 
0.6688867187499998 
1.17162109375 
0.94427734375 
0.6852929687499998 
1.3069726562500001 
0.8581445312499999 
0.7972070312499999 
1.20677734375 
1.12181640625 
0.7011132812499998 
1.17923828125 
1.35619140625 
0.93431640625 
1.2477929687500002 
0.8311914062499999 
1.20736328125 
1.11185546875 
0.9067773437499999 
0.96537109375 
0.97298828125 
0.8218164062499999 
0.93841796875 
0.8845117187499998 
1.3462304687500002 
1.1001367187500002 
1.09017578125 
0.9067773437499999 
0.7819726562499999 
0.7597070312499998 
0.97474609375 
0.94369140625 
1.02923828125 
0.8552148437499999 
1.2419335937500002 
0.8059960937499998 
1.29701171875 
1.2331445312500002 
1.14876953125 
1.0444726562500002 
1.2501367187500003 
1.2349023437500002 
1.3456445312500003 
1.13705078125 
1.15287109375 
0.8177148437499999 
1.1874414062499998 
0.7983789062499999 
0.93666015625 
0.7690820312499999 
0.7772851562499998 
0.8880273437499998 
0.94955078125 
0.8317773437499999 
0.7304101562499997 
0.9085351562499998 
0.8722070312499999 
0.7280664062499997 
0.9214257812500001 
0.93666015625 
0.7532617187499998 
0.7661523437499999 
1.03509765625 
1.21791015625 
1.20091796875 
0.9770898437500001 
0.7350976562499998 
1.01166015625 
1.22025390625 
1.1018945312500001 
0.7509179687499998 
0.95951171875 
0.7784570312499999 
0.8657617187499999 
1.19212890625 
1.2466210937500002 
0.8815820312499998 
1.13998046875 
0.94837890625 
1.16283203125 
0.94779296875 
1.2888085937500002 
0.8704492187499998 
0.8024804687499998 
0.7028710937499998 
0.8311914062499999 
1.01341796875 
0.7772851562499998 
1.18216796875 
1.09779296875 
0.8804101562499997 
0.8774804687499997 
0.92259765625 
0.7093164062499998 
0.7433007812499999 
1.2161523437500001 
1.21556640625 
0.8171289062499999 
0.8903710937499998 
0.93607421875 
0.96654296875 
0.8792382812499998 
1.2360742187500002 
0.7022851562499998 
0.8815820312499998 
0.9419335937500001 
1.36205078125 
0.94955078125 
1.05970703125 
0.8839257812499999 
0.8610742187499998 
0.8727929687499998 
0.5511132812499999 
1.21791015625 
0.7743554687499998 
0.97240234375 
1.2507226562500002 
1.2729882812500002 
0.8868554687499998 
0.8833398437499999 
0.8997460937499998 
1.08197265625 
0.9770898437500001 
1.1341210937500001 
0.7550195312499999 
1.2395898437500001 
1.31517578125 
0.8241601562499998 
0.91615234375 
0.9395898437500001 
1.09603515625 
1.1452539062499998 
0.9302148437500001 
1.33509765625 
1.00990234375 
0.6249414062499998 
0.95892578125 
1.08548828125 
1.06615234375 
0.6366601562499998 
1.06791015625 
1.17572265625 
1.25306640625 
0.7315820312499998 
0.6179101562499998 
1.0491601562500001 
1.11830078125 
0.8692773437499999 
0.8874414062499998 
1.2782617187500003 
1.22552734375 
0.7766992187499998 
0.98470703125 
0.8065820312499998 
0.97943359375 
1.0356835937500002 
1.26185546875 
1.2893945312500001 
1.17337890625 
0.92494140625 
1.1985742187500001 
1.22728515625 
0.9056054687499998 
0.8306054687499999 
0.8270898437499999 
0.8722070312499999 
1.06966796875 
1.2044335937500001 
0.8317773437499999 
0.5874414062499999 
0.9911523437499998 
0.91556640625 
1.24134765625 
1.28529296875 
1.14232421875 
0.9888085937499999 
0.8241601562499998 
1.22083984375 
1.08080078125 
1.2337304687500001 
0.93197265625 
1.2419335937500002 
0.8159570312499999 
0.8645898437499999 
0.8704492187499998 
1.22083984375 
0.7673242187499998 
1.22962890625 
1.21673828125 
0.9876367187499998 
1.01283203125 
0.96654296875 
0.9091210937499998 
0.8575585937499999 
0.7977929687499998 
0.8692773437499999 
1.07201171875 
1.22962890625 
0.8370507812499999 
1.2565820312500002 
0.8429101562499998 
1.1018945312500001 
0.8616601562499998 
1.0462304687500001 
1.27650390625 
1.22611328125 
0.94955078125 
1.0227929687500001 
1.20794921875 
1.1927148437500001 
0.97005859375 
1.00931640625 
1.0638085937500001 
0.7796289062499999 
0.7966210937499999 
0.92611328125 
1.29408203125 
0.9530664062499999 
0.7509179687499998 
0.7438867187499998 
1.11185546875 
1.17162109375 
0.8159570312499999 
0.94076171875 
0.6061914062499999 
0.9964257812499999 
0.8130273437499999 
0.7907617187499999 
1.2184960937500002 
1.24017578125 
1.05619140625 
1.1938867187500002 
0.9425195312500001 
1.01810546875 
1.21673828125 
0.8054101562499998 
0.7989648437499999 
0.7995507812499999 
1.3099023437500001 
0.8446679687499998 
1.0497460937500003 
0.7286523437499998 
0.7708398437499999 
1.2372460937500003 
0.8815820312499998 
1.2712304687500002 
1.31869140625 
0.95130859375 
0.9882226562499998 
0.92552734375 
0.97123046875 
1.2641992187500002 
1.1809960937500001 
0.97533203125 
0.7245507812499998 
0.7708398437499999 
0.8329492187499998 
0.8470117187499998 
1.03744140625 
0.8593164062499998 
0.8540429687499999 
0.8106835937499999 
