37 11 2 
1.26185546875 
0.97884765625 
1.2190820312500001 
1.0544335937500002 
0.9038476562499999 
1.09076171875 
1.22962890625 
1.22376953125 
1.2934960937500002 
1.21791015625 
0.94662109375 
0.6237695312499999 
0.7544335937499999 
1.21966796875 
1.2483789062500001 
0.9882226562499998 
0.7239648437499998 
1.07201171875 
0.8938867187499998 
1.24017578125 
1.2044335937500001 
1.0989648437500001 
0.6712304687499998 
1.2143945312500002 
1.1235742187500002 
0.8200585937499999 
1.1200585937500003 
0.97298828125 
1.09193359375 
0.93255859375 
1.2138085937500003 
1.21087890625 
0.8962304687499998 
1.0186914062499999 
0.7544335937499999 
0.8311914062499999 
1.08314453125 
1.06615234375 
0.8024804687499998 
0.7491601562499998 
1.11185546875 
0.9015039062499999 
1.3591210937500002 
1.1294335937500002 
1.28529296875 
0.9876367187499998 
0.9776757812500001 
0.7099023437499998 
0.8968164062499998 
1.22962890625 
1.2800195312500002 
0.97064453125 
0.8581445312499999 
1.2565820312500002 
0.8259179687499999 
1.0186914062499999 
1.18451171875 
1.21205078125 
0.8071679687499999 
1.1452539062499998 
0.8347070312499999 
1.1522851562499998 
0.8071679687499999 
0.92201171875 
0.96947265625 
0.8604882812499999 
0.8645898437499999 
0.92904296875 
1.3122460937500002 
0.7860742187499998 
0.7122460937499998 
0.9923242187499998 
0.91380859375 
0.8458398437499999 
1.20912109375 
1.2495507812500002 
0.6231835937499999 
1.1446679687499999 
1.0450585937500003 
1.28529296875 
1.2659570312500001 
1.18333984375 
0.9641992187499999 
1.2706445312500003 
1.17572265625 
0.7977929687499998 
0.92728515625 
1.09662109375 
0.91205078125 
1.22962890625 
0.7796289062499999 
0.8130273437499999 
1.11361328125 
1.2524804687500002 
0.8997460937499998 
0.92318359375 
1.0550195312500001 
0.7620507812499999 
0.8194726562499999 
1.26185546875 
0.8136132812499999 
0.8739648437499998 
0.8335351562499999 
1.2302148437500002 
0.8253320312499999 
1.1165429687500001 
0.97064453125 
0.98119140625 
1.25892578125 
0.94720703125 
0.94603515625 
0.9899804687499998 
0.8704492187499998 
0.95189453125 
1.2325585937500003 
0.97416015625 
0.8593164062499998 
1.11009765625 
0.94369140625 
1.0989648437500001 
0.95716796875 
0.8686914062499999 
1.16048828125 
1.04798828125 
1.15873046875 
0.9331445312500001 
1.2302148437500002 
1.2706445312500003 
1.2542382812500001 
0.96068359375 
0.7532617187499998 
1.2302148437500002 
1.23431640625 
0.8528710937499998 
0.9266992187499999 
0.8499414062499998 
0.7169335937499999 
1.2876367187500002 
1.0520898437500001 
0.7597070312499998 
1.07669921875 
0.97240234375 
1.1247460937500002 
0.8698632812499999 
1.09310546875 
0.8259179687499999 
0.91322265625 
0.7626367187499998 
1.0286523437500001 
0.8540429687499999 
0.8710351562499998 
1.03216796875 
0.7849023437499999 
0.8388085937499998 
1.0257226562500001 
1.00169921875 
1.20091796875 
1.2513085937500004 
0.7550195312499999 
1.01751953125 
1.2126367187500002 
1.2173242187500002 
0.64017578125 
0.7731835937499999 
0.92259765625 
1.29291015625 
0.8628320312499999 
1.0438867187500003 
1.08431640625 
1.3567773437500001 
1.01048828125 
1.21498046875 
0.8880273437499998 
1.21673828125 
1.15287109375 
1.15638671875 
0.7860742187499998 
0.91322265625 
0.8716210937499999 
1.23548828125 
1.3251367187500003 
1.1464257812499998 
0.8798242187499997 
1.2683007812500002 
0.7386132812499998 
0.95130859375 
0.5599023437499999 
0.8212304687499998 
0.8915429687499998 
0.8809960937499998 
0.92025390625 
0.94310546875 
0.9917382812499999 
1.2554101562500002 
1.29466796875 
0.7350976562499998 
1.15404296875 
0.8136132812499999 
0.7409570312499998 
0.56751953125 
1.32220703125 
1.08021484375 
0.7421289062499998 
0.93490234375 
1.13880859375 
1.19740234375 
1.0011132812499999 
1.29876953125 
0.7597070312499998 
1.00462890625 
0.7749414062499999 
0.92904296875 
0.7872460937499999 
0.8124414062499998 
0.8212304687499998 
1.23900390625 
1.2483789062500001 
1.03275390625 
1.06205078125 
0.7468164062499998 
1.24369140625 
0.95365234375 
1.18333984375 
0.8212304687499998 
1.23841796875 
1.20033203125 
0.8581445312499999 
1.03041015625 
1.2923242187500001 
0.8329492187499998 
1.16927734375 
0.7016992187499997 
1.2600976562500001 
1.15169921875 
0.6530664062499998 
1.14115234375 
1.18333984375 
0.8780664062499998 
0.96302734375 
0.7731835937499999 
0.9882226562499998 
0.96947265625 
0.91205078125 
0.8446679687499998 
0.8505273437499998 
1.2612695312500002 
0.9390039062500001 
0.97123046875 
0.92845703125 
0.9009179687499999 
1.0122460937500002 
0.6847070312499999 
1.02044921875 
0.7878320312499999 
0.7157617187499998 
0.8001367187499998 
1.23900390625 
0.8640039062499999 
0.8259179687499999 
1.21556640625 
1.09779296875 
1.24310546875 
0.8095117187499998 
1.0438867187500003 
1.1013085937500002 
0.8792382812499998 
0.9050195312499999 
1.02220703125 
0.9618554687499999 
1.20853515625 
1.0011132812499999 
1.18685546875 
1.0638085937500001 
0.8288476562499999 
0.8341210937499999 
1.08197265625 
0.6612695312499999 
1.2583398437500002 
0.9015039062499999 
0.8587304687499998 
0.7350976562499998 
0.9050195312499999 
1.05560546875 
0.8411523437499998 
0.93666015625 
1.1358789062499999 
0.8388085937499998 
1.29466796875 
1.2483789062500001 
0.8475976562499998 
0.8054101562499998 
0.7444726562499998 
1.14583984375 
0.91263671875 
0.7819726562499999 
0.8487695312499999 
0.8628320312499999 
0.8681054687499998 
1.28998046875 
1.1165429687500001 
