3 12 35 
1.2817773437500002 
1.20970703125 
1.20677734375 
1.31751953125 
1.2776757812500001 
1.2044335937500001 
1.2419335937500002 
1.14349609375 
1.22845703125 
1.20267578125 
1.23431640625 
1.18568359375 
1.45169921875 
1.39427734375 
1.2542382812500001 
1.31986328125 
1.30111328125 
1.19037109375 
1.2290429687500002 
1.29291015625 
1.02923828125 
1.2190820312500001 
1.31751953125 
1.32806640625 
1.24720703125 
1.13646484375 
1.49037109375 
1.4329492187500001 
1.1751367187500001 
1.3263085937500003 
1.2677148437500003 
1.41478515625 
1.2841210937500003 
1.2231835937500002 
1.26478515625 
1.2630273437500001 
1.16693359375 
1.28822265625 
1.2571679687500001 
1.36029296875 
1.21498046875 
1.3591210937500002 
1.2489648437500003 
1.14583984375 
1.29583984375 
1.37142578125 
1.2782617187500003 
1.24486328125 
1.20326171875 
0.96244140625 
1.44349609375 
1.39017578125 
1.2923242187500001 
1.2665429687500003 
1.29173828125 
1.30462890625 
1.2466210937500002 
1.2407617187500002 
1.29291015625 
1.2847070312500002 
1.5126367187500003 
1.2665429687500003 
1.3251367187500003 
1.29056640625 
1.30052734375 
1.2712304687500002 
1.14349609375 
1.37787109375 
1.37845703125 
1.3391992187500001 
1.2565820312500002 
1.3989648437500002 
1.40775390625 
1.3456445312500003 
1.31927734375 
1.22611328125 
1.30345703125 
1.28587890625 
1.2759179687500002 
1.22142578125 
1.2290429687500002 
1.2407617187500002 
1.3309960937500003 
1.2495507812500002 
1.17396484375 
1.3485742187500003 
1.28529296875 
1.19095703125 
1.4095117187500001 
1.25306640625 
1.33392578125 
1.33685546875 
1.14876953125 
1.2999414062499999 
1.44466796875 
1.2712304687500002 
1.2395898437500001 
1.2302148437500002 
1.31048828125 
1.07201171875 
1.37904296875 
1.41595703125 
1.21791015625 
1.22845703125 
1.2395898437500001 
1.30931640625 
1.43998046875 
1.4183007812500001 
1.23841796875 
1.2425195312500001 
1.2841210937500003 
1.33861328125 
1.26361328125 
1.2595117187500002 
1.01400390625 
1.42591796875 
1.3702539062499999 
1.28119140625 
1.16927734375 
1.20091796875 
1.3239648437500002 
1.3052148437500002 
1.43353515625 
1.3081445312500002 
1.3245507812500001 
1.28119140625 
1.24427734375 
1.11478515625 
1.07083984375 
1.3421289062500001 
1.2542382812500001 
1.1499414062499997 
1.2507226562500002 
1.2999414062499999 
1.2677148437500003 
1.2190820312500001 
1.1575585937500001 
1.2507226562500002 
1.31869140625 
1.3491601562500002 
1.2114648437500002 
1.44408203125 
1.19212890625 
1.1417382812499999 
1.29408203125 
1.3702539062499999 
1.2659570312500001 
1.13763671875 
1.28998046875 
1.26185546875 
1.2683007812500002 
1.33861328125 
1.2143945312500002 
1.45990234375 
1.26185546875 
1.15990234375 
1.23431640625 
1.50091796875 
1.2712304687500002 
1.26478515625 
1.2536523437500002 
1.30052734375 
1.2583398437500002 
1.0890039062499999 
1.30169921875 
1.24369140625 
1.4405664062499999 
1.2893945312500001 
1.39427734375 
1.22962890625 
1.01166015625 
1.2565820312500002 
1.3245507812500001 
1.2999414062499999 
1.28236328125 
1.41244140625 
1.28705078125 
1.18802734375 
1.25775390625 
1.25775390625 
1.2606835937500003 
1.29525390625 
1.41419921875 
1.33509765625 
1.3474023437500002 
1.2688867187500004 
1.27650390625 
1.24134765625 
1.22025390625 
1.2425195312500001 
1.3122460937500002 
1.2337304687500001 
1.2595117187500002 
1.18978515625 
1.22669921875 
1.4188867187500003 
1.30169921875 
1.3298242187500002 
1.2501367187500003 
1.2331445312500002 
1.30228515625 
1.2706445312500003 
1.2612695312500002 
1.38373046875 
1.2835351562500001 
1.1698632812499998 
1.30462890625 
1.1938867187500002 
1.30228515625 
1.31166015625 
1.32044921875 
1.2700585937500004 
1.1200585937500003 
1.2606835937500003 
1.28529296875 
1.2302148437500002 
1.3245507812500001 
1.2641992187500002 
1.2659570312500001 
1.0485742187500002 
1.23900390625 
1.1651757812499999 
1.36029296875 
1.2600976562500001 
1.29876953125 
1.0263085937500003 
1.3831445312500001 
1.22435546875 
1.21556640625 
1.2923242187500001 
1.2934960937500002 
1.2788476562500002 
1.33509765625 
1.2694726562500003 
1.38666015625 
1.30345703125 
1.31986328125 
1.2999414062499999 
1.35560546875 
1.11302734375 
1.2800195312500002 
1.24486328125 
1.35560546875 
1.28998046875 
1.34095703125 
1.32103515625 
1.30462890625 
1.3081445312500002 
1.4241601562500001 
1.2800195312500002 
1.22494140625 
1.2788476562500002 
1.20560546875 
1.2360742187500002 
1.41009765625 
1.3257226562500002 
1.22494140625 
1.2501367187500003 
1.21673828125 
1.36146484375 
1.2501367187500003 
1.23431640625 
1.33861328125 
1.2688867187500004 
1.26185546875 
1.35267578125 
1.3509179687500001 
1.30462890625 
1.2278710937500001 
1.2325585937500003 
1.11185546875 
1.13880859375 
1.2349023437500002 
1.2507226562500002 
1.11712890625 
1.24486328125 
1.20970703125 
1.1593164062499999 
1.2677148437500003 
1.2184960937500002 
1.3268945312500002 
1.30228515625 
1.43236328125 
1.44173828125 
1.39310546875 
1.22025390625 
1.22435546875 
1.29935546875 
1.3567773437500001 
1.29173828125 
1.3433007812500002 
1.2173242187500002 
1.31517578125 
1.22611328125 
1.2184960937500002 
1.2360742187500002 
1.29173828125 
1.3122460937500002 
1.2653710937500002 
1.1985742187500001 
