5 12 33 
0.92494140625 
1.2143945312500002 
1.30462890625 
1.2302148437500002 
0.7046289062499999 
0.6841210937499999 
1.3309960937500003 
0.7386132812499998 
1.2706445312500003 
1.21205078125 
1.20677734375 
1.03216796875 
0.92083984375 
1.2331445312500002 
1.21087890625 
1.22435546875 
0.9647851562499999 
0.9981835937499999 
1.17279296875 
1.13939453125 
1.0309960937500002 
1.1827539062499999 
1.22259765625 
1.3169335937500002 
1.22552734375 
0.8938867187499998 
0.7573632812499999 
0.93607421875 
1.37787109375 
0.9097070312499999 
1.1124414062499999 
1.22435546875 
1.31869140625 
1.01634765625 
1.33685546875 
0.8112695312499999 
1.30169921875 
0.7128320312499998 
1.18568359375 
0.9981835937499999 
0.8048242187499998 
0.5657617187499999 
1.2483789062500001 
1.22669921875 
0.8311914062499999 
1.16341796875 
1.2677148437500003 
1.2864648437500001 
0.9964257812499999 
1.13294921875 
1.19154296875 
1.06146484375 
1.24486328125 
1.1938867187500002 
1.33392578125 
1.16341796875 
1.12767578125 
0.8850976562499998 
1.1294335937500002 
1.3052148437500002 
1.30111328125 
1.3936914062499999 
1.2190820312500001 
1.41361328125 
1.18978515625 
1.32103515625 
0.8909570312499998 
1.1206445312500002 
1.17865234375 
1.31751953125 
1.20267578125 
1.0075585937500002 
1.11361328125 
1.2829492187500002 
1.18568359375 
0.91087890625 
1.0263085937500003 
1.20853515625 
1.08958984375 
1.33802734375 
1.2302148437500002 
1.2102929687500001 
1.0503320312500002 
1.2378320312500002 
1.42884765625 
1.43529296875 
1.22083984375 
1.4018945312500002 
1.2571679687500001 
1.29466796875 
0.94955078125 
1.3450585937500004 
1.17982421875 
1.33509765625 
1.3356835937500002 
1.0438867187500003 
1.22142578125 
0.8610742187499998 
1.2665429687500003 
1.2302148437500002 
0.79017578125 
1.20853515625 
1.17337890625 
1.10892578125 
1.2044335937500001 
1.20326171875 
1.12650390625 
0.94779296875 
1.06849609375 
1.16048828125 
1.14701171875 
0.5458398437499999 
0.8927148437499999 
1.3227929687500002 
1.3438867187500003 
0.8757226562499998 
1.21498046875 
1.36966796875 
1.16576171875 
0.7181054687499998 
1.23900390625 
1.20677734375 
1.19095703125 
1.29935546875 
1.05853515625 
0.7872460937499999 
1.1681054687499999 
1.29408203125 
1.17044921875 
1.1224023437500001 
1.0345117187500001 
1.14818359375 
1.3268945312500002 
1.20736328125 
1.13177734375 
1.13529296875 
1.2700585937500004 
1.03041015625 
1.2542382812500001 
0.97591796875 
1.2044335937500001 
1.20091796875 
0.8997460937499998 
1.2888085937500002 
1.14818359375 
1.06791015625 
1.13353515625 
0.7286523437499998 
1.10892578125 
0.9800195312500001 
1.2677148437500003 
1.17865234375 
0.8716210937499999 
1.13236328125 
1.2829492187500002 
1.1206445312500002 
1.10072265625 
1.1950585937500002 
1.01986328125 
1.2372460937500003 
1.2653710937500002 
1.2665429687500003 
0.97474609375 
1.2302148437500002 
1.16283203125 
1.15990234375 
1.18626953125 
1.2554101562500002 
1.08548828125 
0.94427734375 
1.22435546875 
1.18919921875 
1.29642578125 
1.29056640625 
1.1417382812499999 
1.2518945312500003 
0.96712890625 
1.22435546875 
0.93138671875 
1.06673828125 
1.18333984375 
1.0936914062499998 
1.06087890625 
1.2759179687500002 
1.22435546875 
0.97123046875 
1.26361328125 
1.3567773437500001 
1.0263085937500003 
0.7720117187499999 
1.22728515625 
0.8141992187499998 
1.2583398437500002 
1.2934960937500002 
1.12767578125 
1.21205078125 
1.04095703125 
1.14408203125 
1.2782617187500003 
1.35853515625 
0.9852929687499998 
1.2290429687500002 
1.32806640625 
1.22025390625 
0.8675195312499999 
1.00052734375 
1.03041015625 
0.8575585937499999 
0.94955078125 
1.2665429687500003 
1.2366601562500001 
0.5856835937499999 
1.2313867187500003 
1.15990234375 
1.18509765625 
0.8282617187499999 
1.1751367187500001 
1.06966796875 
1.20501953125 
1.3227929687500002 
1.13119140625 
1.19681640625 
0.56986328125 
1.31166015625 
1.13880859375 
1.1686914062499998 
1.3474023437500002 
1.14291015625 
1.16224609375 
1.2044335937500001 
1.29701171875 
1.3825585937500002 
1.1956445312500001 
1.3444726562500002 
1.05736328125 
1.01751953125 
1.1247460937500002 
1.3075585937500003 
1.13353515625 
1.2641992187500002 
1.31869140625 
1.14583984375 
1.1464257812499998 
0.8048242187499998 
0.91556640625 
1.15169921875 
1.17748046875 
1.3626367187500001 
1.20794921875 
1.21087890625 
1.17865234375 
1.18802734375 
1.2583398437500002 
1.2518945312500003 
1.2495507812500002 
1.2888085937500002 
0.8511132812499999 
1.1809960937500001 
1.18685546875 
0.93490234375 
1.1997460937500002 
1.25892578125 
1.2231835937500002 
1.1282617187500001 
0.7157617187499998 
1.15873046875 
1.17748046875 
1.2606835937500003 
1.2559960937500003 
0.7280664062499997 
1.19798828125 
1.19330078125 
1.30873046875 
0.8710351562499998 
0.8352929687499998 
1.21205078125 
1.00462890625 
1.37259765625 
1.2524804687500002 
1.20326171875 
1.13119140625 
1.20384765625 
1.1294335937500002 
1.2220117187500001 
1.22669921875 
1.20150390625 
1.1927148437500001 
1.04095703125 
0.6009179687499999 
0.96595703125 
1.31048828125 
0.7884179687499999 
1.2349023437500002 
1.21791015625 
1.2372460937500003 
1.18216796875 
1.20091796875 
1.2372460937500003 
0.9425195312500001 
1.2712304687500002 
