26 12 12 
1.0761132812499998 
0.91205078125 
0.8985742187499998 
0.92201171875 
1.0456445312500002 
1.11126953125 
0.95833984375 
1.25306640625 
0.91615234375 
1.12181640625 
0.8985742187499998 
1.10833984375 
1.15638671875 
1.2665429687500003 
0.7684960937499998 
1.2800195312500002 
0.8024804687499998 
1.13177734375 
1.03744140625 
1.0227929687500001 
1.08080078125 
0.98236328125 
0.9079492187499998 
0.8364648437499999 
0.8886132812499998 
1.25775390625 
1.03802734375 
0.9852929687499998 
0.7972070312499999 
1.1294335937500002 
0.9964257812499999 
1.10423828125 
1.01341796875 
0.8927148437499999 
0.9882226562499998 
0.94427734375 
0.8774804687499997 
1.00990234375 
1.0298242187500002 
0.6964257812499999 
0.9032617187499998 
1.15580078125 
0.96537109375 
0.7421289062499998 
0.9179101562499999 
0.8716210937499999 
1.2495507812500002 
1.1522851562499998 
0.8446679687499998 
1.03216796875 
0.9085351562499998 
1.14408203125 
0.94896484375 
0.9981835937499999 
1.20677734375 
0.7233789062499998 
0.8739648437499998 
0.6184960937499998 
1.05384765625 
0.8915429687499998 
0.7198632812499999 
0.6641992187499998 
0.6477929687499998 
1.2419335937500002 
0.92259765625 
1.1827539062499999 
1.1493554687499998 
1.09603515625 
1.06029296875 
0.8265039062499999 
0.8974023437499998 
1.09779296875 
0.93373046875 
0.93666015625 
0.8974023437499998 
0.8563867187499998 
1.33685546875 
0.9618554687499999 
1.0772851562499999 
1.21498046875 
0.8809960937499998 
0.7872460937499999 
0.7011132812499998 
1.0503320312500002 
0.94720703125 
0.7673242187499998 
0.7292382812499998 
0.97591796875 
0.7292382812499998 
1.1018945312500001 
1.2671289062500002 
0.8522851562499998 
0.91966796875 
0.8405664062499998 
0.8675195312499999 
1.2518945312500003 
0.8651757812499999 
0.8950585937499999 
1.0052148437500001 
0.8241601562499998 
0.8880273437499998 
0.7491601562499998 
1.33685546875 
0.8645898437499999 
0.7011132812499998 
0.6852929687499998 
1.00990234375 
0.9905664062499998 
1.18509765625 
0.8534570312499998 
0.8991601562499998 
0.6079492187499999 
0.8241601562499998 
1.2143945312500002 
1.01166015625 
0.7825585937499999 
1.12181640625 
0.7274804687499997 
1.21498046875 
1.13177734375 
0.8552148437499999 
0.7831445312499999 
1.17337890625 
0.6800195312499999 
0.8915429687499998 
0.8645898437499999 
0.6349023437499999 
0.9038476562499999 
0.7866601562499999 
1.24603515625 
1.12181640625 
1.2331445312500002 
0.8130273437499999 
0.6595117187499998 
0.7321679687499998 
1.2934960937500002 
1.2817773437500002 
1.3444726562500002 
0.8341210937499999 
0.8821679687499998 
0.6073632812499999 
1.1927148437500001 
0.6788476562499999 
0.9554101562499999 
1.15873046875 
0.7837304687499999 
0.8944726562499998 
0.8716210937499999 
0.6507226562499998 
1.22611328125 
0.7227929687499998 
1.17396484375 
1.09955078125 
0.8499414062499998 
1.2325585937500003 
0.9647851562499999 
0.9079492187499998 
0.6729882812499999 
0.8188867187499999 
0.8546289062499999 
0.8663476562499999 
0.9975976562499999 
0.94134765625 
1.22611328125 
0.6946679687499998 
0.8739648437499998 
1.14701171875 
0.7614648437499999 
1.21205078125 
0.4954492187499999 
1.1253320312500001 
0.8470117187499998 
1.06908203125 
0.7907617187499999 
0.9852929687499998 
0.9964257812499999 
0.8563867187499998 
0.8188867187499999 
0.7614648437499999 
1.29525390625 
1.2278710937500001 
0.7784570312499999 
1.12298828125 
1.0474023437500002 
1.1224023437500001 
0.7849023437499999 
0.8722070312499999 
0.93841796875 
0.7737695312499999 
1.08666015625 
0.6911523437499998 
1.2308007812500001 
0.8446679687499998 
1.00345703125 
1.17923828125 
0.8247460937499999 
0.9618554687499999 
1.17220703125 
0.8968164062499998 
0.9061914062499998 
0.8610742187499998 
1.05736328125 
0.9970117187499998 
0.9419335937500001 
0.8768945312499998 
0.8341210937499999 
0.7854882812499999 
1.11537109375 
0.9020898437499999 
1.1464257812499998 
0.8780664062499998 
0.7186914062499998 
1.2477929687500002 
1.15169921875 
1.1188867187500002 
0.7058007812499999 
1.36966796875 
0.8224023437499999 
1.0714257812499999 
0.6899804687499997 
0.7368554687499997 
0.9266992187499999 
0.92611328125 
1.1417382812499999 
0.96302734375 
0.7696679687499999 
0.97298828125 
1.0081445312500001 
1.0491601562500001 
0.7479882812499998 
0.8856835937499998 
1.28998046875 
0.7309960937499997 
1.15580078125 
0.8417382812499998 
0.8224023437499999 
1.18216796875 
0.7673242187499998 
0.9975976562499999 
1.22025390625 
0.7479882812499998 
1.08197265625 
1.20150390625 
0.8095117187499998 
0.7579492187499998 
1.06029296875 
1.26244140625 
0.9395898437500001 
1.1522851562499998 
1.01634765625 
1.2735742187500003 
0.6765039062499999 
1.05384765625 
1.09720703125 
0.7936914062499999 
0.8317773437499999 
0.6917382812499998 
0.8669335937499999 
1.0702539062499998 
1.17572265625 
0.7743554687499998 
0.95072265625 
1.32337890625 
1.3356835937500002 
0.8645898437499999 
0.7450585937499998 
1.06498046875 
0.96654296875 
0.9179101562499999 
0.8727929687499998 
0.91556640625 
1.1710351562499999 
1.2583398437500002 
0.97591796875 
0.97474609375 
1.13998046875 
0.7532617187499998 
1.19037109375 
0.9331445312500001 
1.13822265625 
1.01458984375 
1.05970703125 
0.7515039062499999 
0.8458398437499999 
1.09251953125 
0.8991601562499998 
0.9067773437499999 
0.48841796874999993 
0.8856835937499998 
1.28822265625 
0.94603515625 
1.0052148437500001 
0.97240234375 
0.7655664062499998 
0.98177734375 
1.2395898437500001 
1.2518945312500003 
1.10306640625 
0.9149804687499999 
0.8833398437499999 
