27 12 11 
1.03744140625 
0.8757226562499998 
1.0772851562499999 
1.08314453125 
0.7696679687499999 
0.8622460937499998 
1.24720703125 
1.08607421875 
0.7122460937499998 
1.33978515625 
1.32220703125 
0.7186914062499998 
1.08841796875 
0.7995507812499999 
1.22376953125 
0.8118554687499998 
0.5534570312499999 
0.8763085937499998 
0.9899804687499998 
0.7966210937499999 
1.22962890625 
0.7632226562499999 
1.17162109375 
1.3110742187500002 
0.8265039062499999 
1.21791015625 
1.29642578125 
0.6876367187499998 
1.3433007812500002 
1.24427734375 
0.93373046875 
0.7368554687499997 
1.25892578125 
1.0520898437500001 
0.7684960937499998 
0.8839257812499999 
0.8147851562499998 
0.7391992187499997 
1.0444726562500002 
1.2847070312500002 
1.0415429687500002 
1.2565820312500002 
1.19037109375 
0.8651757812499999 
0.7391992187499997 
1.0122460937500002 
1.20912109375 
1.01634765625 
1.05853515625 
0.7315820312499998 
0.8622460937499998 
0.6665429687499999 
0.8868554687499998 
1.0081445312500001 
1.21966796875 
0.9015039062499999 
0.8640039062499999 
0.9683007812500001 
1.0415429687500002 
1.30228515625 
0.8089257812499999 
0.6858789062499998 
1.21673828125 
0.7843164062499999 
1.11419921875 
1.24427734375 
0.9548242187499999 
0.6876367187499998 
1.07201171875 
1.1956445312500001 
1.3391992187500001 
0.8786523437499998 
0.98470703125 
0.7579492187499998 
0.7304101562499997 
1.09955078125 
1.24486328125 
1.07083984375 
1.1809960937500001 
1.16458984375 
1.00228515625 
1.1763085937500002 
0.9770898437500001 
1.19681640625 
0.8944726562499998 
1.07552734375 
1.20501953125 
0.7550195312499999 
1.2138085937500003 
1.29525390625 
0.7977929687499998 
0.7966210937499999 
1.2290429687500002 
1.18158203125 
0.9776757812500001 
0.8927148437499999 
1.10248046875 
0.8628320312499999 
1.3456445312500003 
0.8136132812499999 
1.2630273437500001 
0.8933007812499999 
0.7550195312499999 
1.0239648437500002 
1.15814453125 
1.1511132812499998 
0.6255273437499999 
0.9214257812500001 
0.94603515625 
0.8358789062499998 
1.0315820312500001 
0.7427148437499999 
1.2372460937500003 
0.8933007812499999 
0.9893945312499999 
0.92904296875 
0.93724609375 
0.8985742187499998 
0.9448632812500001 
0.9390039062500001 
1.31458984375 
1.11419921875 
1.0579492187500001 
0.94779296875 
0.7725976562499999 
0.8962304687499998 
1.24310546875 
0.6712304687499998 
0.7479882812499998 
1.03744140625 
1.2829492187500002 
1.0520898437500001 
0.96068359375 
1.2554101562500002 
0.9917382812499999 
1.21966796875 
0.6694726562499999 
0.9858789062499999 
0.9987695312499999 
1.0444726562500002 
1.23841796875 
0.9425195312500001 
1.0948632812499999 
1.02220703125 
1.1686914062499998 
1.07787109375 
0.98119140625 
1.05150390625 
1.2407617187500002 
1.1763085937500002 
1.03041015625 
0.9038476562499999 
0.6243554687499998 
0.8809960937499998 
0.91966796875 
1.29935546875 
0.8270898437499999 
1.03861328125 
0.96126953125 
0.44212890624999995 
0.9888085937499999 
1.2893945312500001 
0.91263671875 
0.93783203125 
1.2606835937500003 
0.6448632812499999 
0.8540429687499999 
0.7620507812499999 
0.8470117187499998 
0.7227929687499998 
1.17689453125 
0.6466210937499999 
1.20970703125 
0.8686914062499999 
1.03626953125 
0.8481835937499999 
1.06966796875 
0.8880273437499998 
0.94837890625 
1.19740234375 
0.8651757812499999 
0.8763085937499998 
1.2571679687500001 
0.7995507812499999 
0.7661523437499999 
1.3216210937500001 
0.97298828125 
1.31927734375 
0.6641992187499998 
1.24310546875 
1.06673828125 
0.7274804687499997 
0.8253320312499999 
0.7761132812499999 
0.9091210937499998 
1.2612695312500002 
1.00287109375 
0.8798242187499997 
0.7409570312499998 
1.1165429687500001 
0.7679101562499998 
0.8241601562499998 
0.8968164062499998 
0.9554101562499999 
1.1522851562499998 
0.7444726562499998 
0.8100976562499999 
0.6056054687499999 
0.7110742187499998 
0.7649804687499998 
1.0263085937500003 
0.9917382812499999 
1.03392578125 
0.7503320312499998 
1.17748046875 
1.2659570312500001 
1.3257226562500002 
0.9331445312500001 
0.8921289062499999 
1.00580078125 
0.8059960937499998 
0.91146484375 
1.00873046875 
0.7380273437499998 
1.05619140625 
0.94544921875 
1.01634765625 
0.8065820312499998 
0.6097070312499999 
1.10072265625 
0.8944726562499998 
1.17689453125 
0.91263671875 
1.1522851562499998 
1.0075585937500002 
1.0520898437500001 
1.13939453125 
0.91966796875 
1.02103515625 
1.03509765625 
0.7772851562499998 
0.8657617187499999 
1.00169921875 
1.21556640625 
1.21556640625 
0.9097070312499999 
1.17044921875 
0.91205078125 
0.9647851562499999 
0.8710351562499998 
1.01810546875 
1.08314453125 
0.8265039062499999 
1.2102929687500001 
0.8833398437499999 
1.09310546875 
0.6735742187499998 
1.14232421875 
0.7907617187499999 
0.8903710937499998 
1.30228515625 
1.3239648437500002 
1.1886132812499999 
1.04095703125 
0.9548242187499999 
1.2419335937500002 
0.8030664062499998 
0.96009765625 
1.21498046875 
0.8956445312499999 
0.6993554687499998 
1.0227929687500001 
0.7954492187499999 
1.2495507812500002 
0.7263085937499998 
0.8974023437499998 
1.12298828125 
1.00169921875 
1.1827539062499999 
0.8100976562499999 
0.91380859375 
1.0075585937500002 
1.26361328125 
1.18978515625 
1.13236328125 
0.6454492187499998 
1.1710351562499999 
0.93373046875 
1.2788476562500002 
1.0186914062499999 
0.9923242187499998 
0.7503320312499998 
0.94310546875 
0.8493554687499998 
0.92025390625 
1.28236328125 
1.2641992187500002 
0.5827539062499999 
0.9876367187499998 
1.2694726562500003 
