30 12 8 
1.0474023437500002 
1.0315820312500001 
1.11302734375 
0.7321679687499998 
1.3063867187500002 
0.7222070312499999 
0.6501367187499998 
1.00697265625 
0.6765039062499999 
1.20267578125 
1.0433007812500001 
1.03802734375 
1.0825585937500002 
1.03861328125 
1.13470703125 
0.8874414062499998 
0.8985742187499998 
1.0263085937500003 
0.9073632812499999 
0.9641992187499999 
0.94310546875 
1.21498046875 
0.7573632812499999 
1.18626953125 
0.8604882812499999 
0.7468164062499998 
0.7948632812499999 
0.9647851562499999 
0.96302734375 
1.08373046875 
0.8997460937499998 
0.8675195312499999 
0.8077539062499999 
0.92025390625 
0.9893945312499999 
0.7233789062499998 
1.08197265625 
0.8651757812499999 
0.8974023437499998 
0.92083984375 
0.8698632812499999 
1.0761132812499998 
1.30931640625 
0.8522851562499998 
0.8780664062499998 
0.8698632812499999 
0.98353515625 
0.8774804687499997 
1.2542382812500001 
0.8581445312499999 
0.7163476562499999 
0.7386132812499998 
0.8376367187499998 
0.7556054687499998 
1.26185546875 
0.8581445312499999 
1.19154296875 
0.9964257812499999 
0.96302734375 
0.97064453125 
0.8669335937499999 
0.8669335937499999 
0.6899804687499997 
1.22025390625 
0.8704492187499998 
1.34681640625 
0.8634179687499999 
0.7268945312499998 
0.6589257812499999 
0.7784570312499999 
1.02337890625 
1.3438867187500003 
0.91556640625 
0.7403710937499998 
1.01517578125 
0.6870507812499999 
0.7825585937499999 
0.8921289062499999 
1.18216796875 
1.3063867187500002 
0.6946679687499998 
0.6038476562499999 
0.91615234375 
1.2325585937500003 
1.2102929687500001 
1.03685546875 
0.7573632812499999 
0.8282617187499999 
0.95833984375 
0.8962304687499998 
1.21087890625 
0.8147851562499998 
0.6893945312499998 
0.9073632812499999 
1.05091796875 
0.7204492187499998 
1.0315820312500001 
0.8399804687499998 
0.8763085937499998 
0.7175195312499999 
0.7198632812499999 
0.7110742187499998 
1.05853515625 
0.7321679687499998 
1.08021484375 
0.91849609375 
0.8640039062499999 
0.6407617187499999 
0.8692773437499999 
0.7690820312499999 
0.92318359375 
1.0544335937500002 
1.1956445312500001 
0.7022851562499998 
0.8675195312499999 
1.14115234375 
0.8974023437499998 
0.93197265625 
0.7561914062499998 
1.25775390625 
0.91556640625 
0.8434960937499998 
0.9999414062499997 
0.96654296875 
0.9923242187499998 
0.7948632812499999 
0.7849023437499999 
0.8183007812499999 
1.00697265625 
0.7749414062499999 
1.20150390625 
0.91380859375 
0.9026757812499999 
0.9554101562499999 
0.9038476562499999 
1.2477929687500002 
0.6085351562499999 
1.17748046875 
0.6759179687499999 
1.19681640625 
1.30111328125 
1.07962890625 
1.1165429687500001 
0.9050195312499999 
0.7520898437499999 
0.93841796875 
1.2747460937500004 
1.18685546875 
1.2712304687500002 
0.91673828125 
1.24369140625 
0.8552148437499999 
1.2841210937500003 
0.9923242187499998 
1.01927734375 
0.97005859375 
1.16107421875 
0.9448632812500001 
0.91673828125 
1.2360742187500002 
1.2700585937500004 
1.21556640625 
1.26361328125 
0.91439453125 
1.11361328125 
1.2671289062500002 
1.1938867187500002 
1.05736328125 
1.1206445312500002 
0.6829492187499998 
0.97650390625 
1.0579492187500001 
0.93783203125 
1.3456445312500003 
1.13294921875 
0.8974023437499998 
1.2419335937500002 
0.92962890625 
0.93841796875 
1.1018945312500001 
0.7333398437499998 
0.7743554687499998 
0.8780664062499998 
0.5798242187499998 
0.8311914062499999 
0.9003320312499998 
1.2143945312500002 
0.8757226562499998 
0.6765039062499999 
0.7309960937499997 
0.92435546875 
0.82767578125 
0.7005273437499998 
0.9735742187499999 
0.96888671875 
1.00228515625 
1.20150390625 
0.91966796875 
0.8587304687499998 
0.6155664062499998 
1.13763671875 
0.8534570312499998 
0.7761132812499999 
0.92904296875 
0.7813867187499999 
0.94720703125 
0.8950585937499999 
1.2173242187500002 
1.08373046875 
1.24720703125 
0.7661523437499999 
0.8505273437499998 
0.8921289062499999 
0.7702539062499999 
0.7397851562499997 
1.26185546875 
0.8475976562499998 
0.91615234375 
1.2770898437500002 
1.21966796875 
0.7145898437499999 
0.7585351562499998 
0.7784570312499999 
1.2507226562500002 
1.03333984375 
0.95892578125 
0.7520898437499999 
0.8950585937499999 
0.8341210937499999 
0.7714257812499999 
1.1950585937500002 
0.8950585937499999 
1.05970703125 
1.34681640625 
1.03685546875 
1.30169921875 
0.96654296875 
0.95423828125 
0.91556640625 
0.7198632812499999 
0.79251953125 
1.2102929687500001 
1.00287109375 
0.7550195312499999 
0.6606835937499999 
1.17865234375 
1.06087890625 
0.96537109375 
1.0011132812499999 
0.8962304687499998 
1.15697265625 
1.1452539062499998 
0.94427734375 
0.9999414062499997 
0.8329492187499998 
0.9073632812499999 
1.18451171875 
0.7491601562499998 
1.14408203125 
0.8581445312499999 
0.7813867187499999 
1.24427734375 
0.8124414062499998 
0.7391992187499997 
1.2143945312500002 
1.1534570312499999 
1.16224609375 
1.2600976562500001 
0.94837890625 
1.39955078125 
0.8710351562499998 
0.97064453125 
0.8042382812499999 
1.11595703125 
0.7444726562499998 
1.2184960937500002 
1.2507226562500002 
1.01400390625 
0.8411523437499998 
1.20794921875 
1.06908203125 
1.3579492187500002 
0.6829492187499998 
0.8183007812499999 
0.7708398437499999 
0.8815820312499998 
0.8640039062499999 
0.9073632812499999 
1.00697265625 
1.23900390625 
0.8059960937499998 
1.2114648437500002 
0.8821679687499998 
0.7268945312499998 
0.91146484375 
1.26185546875 
0.7274804687499997 
0.9641992187499999 
0.8587304687499998 
1.2847070312500002 
