9 13 28 
0.7725976562499999 
1.1751367187500001 
0.92787109375 
1.13998046875 
0.9852929687499998 
0.7468164062499998 
1.1124414062499999 
1.14876953125 
0.9079492187499998 
1.17572265625 
1.17572265625 
0.7186914062499998 
1.30931640625 
1.19095703125 
1.13939453125 
0.7011132812499998 
1.1124414062499999 
0.8089257812499999 
1.19681640625 
1.14701171875 
1.23900390625 
1.2800195312500002 
1.3069726562500001 
0.7526757812499999 
1.2747460937500004 
0.9015039062499999 
1.1640039062499998 
0.95423828125 
0.6466210937499999 
1.1452539062499998 
1.0433007812500001 
0.8352929687499998 
0.6864648437499998 
0.7942773437499999 
1.3268945312500002 
0.9079492187499998 
0.8341210937499999 
0.8997460937499998 
0.6823632812499999 
0.94662109375 
1.17748046875 
0.9524804687499999 
1.14583984375 
0.8821679687499998 
1.15287109375 
1.40716796875 
1.01986328125 
1.36498046875 
1.11595703125 
0.7884179687499999 
1.2735742187500003 
1.05970703125 
1.0239648437500002 
0.8265039062499999 
1.2706445312500003 
1.0315820312500001 
0.7960351562499999 
1.05970703125 
1.20736328125 
1.01283203125 
1.5278710937500002 
1.22142578125 
0.98294921875 
1.01283203125 
1.2659570312500001 
0.9987695312499999 
1.00287109375 
1.31986328125 
0.9266992187499999 
1.20091796875 
1.20970703125 
1.17044921875 
0.93197265625 
1.3813867187500002 
0.8399804687499998 
1.20091796875 
1.17455078125 
1.03919921875 
0.8505273437499998 
1.1224023437500001 
1.14232421875 
1.10423828125 
0.7684960937499998 
0.8733789062499998 
1.05619140625 
1.2495507812500002 
1.07552734375 
0.95423828125 
1.2061914062499999 
1.13529296875 
0.96126953125 
1.02455078125 
0.8200585937499999 
1.1224023437500001 
0.96537109375 
0.8347070312499999 
0.6788476562499999 
0.9641992187499999 
1.11302734375 
1.1013085937500002 
0.7819726562499999 
1.13001953125 
1.33978515625 
0.5927148437499999 
1.00228515625 
1.0309960937500002 
1.13529296875 
0.93724609375 
1.30462890625 
1.30580078125 
1.2571679687500001 
1.2513085937500004 
0.8358789062499998 
1.11537109375 
1.1247460937500002 
1.20677734375 
1.3415429687500002 
1.2477929687500002 
0.8933007812499999 
1.03333984375 
0.8722070312499999 
1.09603515625 
0.8710351562499998 
1.17923828125 
0.95365234375 
1.2143945312500002 
1.11361328125 
0.7216210937499998 
0.7058007812499999 
0.6847070312499999 
0.95716796875 
0.6325585937499999 
0.8880273437499998 
1.17923828125 
1.17455078125 
1.20560546875 
1.22669921875 
1.06498046875 
0.94076171875 
0.8657617187499999 
0.9302148437500001 
1.2677148437500003 
1.09662109375 
1.1253320312500001 
1.2337304687500001 
0.7960351562499999 
0.7907617187499999 
1.29642578125 
1.2489648437500003 
1.5419335937500003 
1.24720703125 
1.06673828125 
1.1475976562499999 
1.1686914062499998 
1.1511132812499998 
0.7128320312499998 
0.97416015625 
1.17572265625 
0.91380859375 
1.16751953125 
0.6606835937499999 
1.31986328125 
1.32923828125 
0.8575585937499999 
0.7474023437499998 
1.0309960937500002 
1.0579492187500001 
0.9026757812499999 
1.36966796875 
1.19095703125 
1.0433007812500001 
0.6325585937499999 
0.8470117187499998 
1.1165429687500001 
0.9946679687499999 
1.03333984375 
1.09251953125 
0.7608789062499999 
1.29642578125 
1.39486328125 
1.15580078125 
1.36146484375 
0.96771484375 
0.94076171875 
0.79017578125 
1.0714257812499999 
1.03626953125 
1.0315820312500001 
1.16576171875 
1.30052734375 
0.93783203125 
0.8294335937499999 
1.11302734375 
1.06673828125 
0.8100976562499999 
1.26478515625 
0.7579492187499998 
0.8440820312499998 
1.15638671875 
1.0503320312500002 
1.30580078125 
1.13119140625 
1.1294335937500002 
1.15697265625 
0.98294921875 
1.1499414062499997 
0.9026757812499999 
0.8651757812499999 
1.05560546875 
0.8950585937499999 
1.29466796875 
1.03626953125 
1.37201171875 
1.2220117187500001 
0.7755273437499999 
1.1493554687499998 
1.42650390625 
0.9501367187499999 
1.31986328125 
1.2981835937500001 
1.12123046875 
0.7456445312499999 
0.91380859375 
1.00169921875 
0.97005859375 
1.32220703125 
0.7456445312499999 
0.93724609375 
0.8095117187499998 
0.5956445312499999 
1.13763671875 
1.2565820312500002 
1.06029296875 
0.8446679687499998 
1.2583398437500002 
0.8686914062499999 
1.13705078125 
0.8358789062499998 
1.58998046875 
0.94603515625 
0.7257226562499998 
1.37669921875 
1.08021484375 
1.1106835937500001 
0.8739648437499998 
1.31986328125 
1.2706445312500003 
0.9554101562499999 
1.13822265625 
1.16224609375 
1.3802148437500001 
1.14876953125 
1.37669921875 
1.2712304687500002 
1.1341210937500001 
1.1106835937500001 
1.19740234375 
1.17044921875 
1.28705078125 
0.98353515625 
1.20208984375 
0.9044335937499999 
0.7421289062499998 
1.06673828125 
0.8763085937499998 
1.1235742187500002 
0.9173242187499999 
1.08080078125 
0.95130859375 
1.11419921875 
1.06908203125 
0.7561914062499998 
0.6724023437499999 
0.7450585937499998 
1.08021484375 
1.20091796875 
1.2694726562500003 
1.19330078125 
0.8030664062499998 
1.18685546875 
1.13001953125 
1.32103515625 
0.96595703125 
1.1405664062499998 
0.7702539062499999 
0.96537109375 
0.8341210937499999 
1.08431640625 
0.94134765625 
0.8640039062499999 
1.07201171875 
0.8183007812499999 
1.14115234375 
1.13119140625 
0.8745507812499999 
1.1013085937500002 
0.7655664062499998 
0.8294335937499999 
1.21205078125 
1.08783203125 
