11 13 26 
0.9302148437500001 
0.9858789062499999 
1.24017578125 
0.96712890625 
0.8124414062499998 
1.21205078125 
1.10833984375 
1.16576171875 
1.0743554687499999 
0.8745507812499999 
1.2788476562500002 
1.32103515625 
1.16576171875 
1.11478515625 
1.17220703125 
0.8733789062499998 
1.30345703125 
1.15404296875 
0.9975976562499999 
0.91439453125 
0.7720117187499999 
0.9735742187499999 
0.95130859375 
1.13646484375 
0.8979882812499999 
0.94662109375 
0.7134179687499999 
0.7509179687499998 
1.1499414062499997 
0.8136132812499999 
0.7556054687499998 
1.1499414062499997 
0.8388085937499998 
1.32337890625 
1.17220703125 
0.8733789062499998 
0.93841796875 
1.2835351562500001 
0.92494140625 
1.3069726562500001 
0.95775390625 
1.17044921875 
0.9073632812499999 
1.22259765625 
1.07904296875 
1.1253320312500001 
0.8640039062499999 
1.13060546875 
0.7151757812499999 
1.0227929687500001 
1.11302734375 
0.7409570312499998 
0.94076171875 
1.01341796875 
1.13705078125 
1.31869140625 
0.9015039062499999 
1.06322265625 
1.1405664062499998 
1.2600976562500001 
0.9395898437500001 
0.8868554687499998 
1.24017578125 
1.0579492187500001 
0.96947265625 
1.07376953125 
0.6237695312499999 
0.7122460937499998 
0.9097070312499999 
1.2477929687500002 
0.50892578125 
1.1511132812499998 
1.06322265625 
0.8698632812499999 
0.6782617187499999 
0.8944726562499998 
0.8393945312499999 
0.8505273437499998 
1.2706445312500003 
0.8634179687499999 
1.20150390625 
1.4768945312500001 
0.8341210937499999 
0.94720703125 
1.22669921875 
1.2425195312500001 
0.8505273437499998 
1.41126953125 
0.95130859375 
0.5382226562499999 
0.9179101562499999 
1.2495507812500002 
1.08314453125 
1.03626953125 
0.8628320312499999 
0.98236328125 
1.01517578125 
1.0497460937500003 
1.01048828125 
0.9999414062499997 
0.8675195312499999 
1.11595703125 
0.7503320312499998 
0.7181054687499998 
0.97650390625 
0.91146484375 
1.13470703125 
0.6536523437499998 
1.01458984375 
0.8850976562499998 
0.82767578125 
0.7907617187499999 
0.6513085937499998 
0.6823632812499999 
0.9097070312499999 
0.8487695312499999 
0.8686914062499999 
1.0579492187500001 
1.0315820312500001 
0.9091210937499998 
0.7608789062499999 
0.8950585937499999 
0.8997460937499998 
1.20150390625 
0.7128320312499998 
0.8306054687499999 
1.30931640625 
0.7995507812499999 
1.1593164062499999 
0.7509179687499998 
1.09076171875 
1.08841796875 
1.1235742187500002 
0.6261132812499999 
1.10306640625 
1.0438867187500003 
1.10892578125 
0.9501367187499999 
1.0520898437500001 
0.8616601562499998 
0.5686914062499999 
1.23431640625 
1.21673828125 
0.97650390625 
0.60267578125 
0.8675195312499999 
0.91205078125 
1.12181640625 
1.00404296875 
1.17044921875 
0.7216210937499998 
0.9401757812500001 
0.8968164062499998 
0.7298242187499997 
0.8815820312499998 
0.7585351562499998 
0.9179101562499999 
1.09017578125 
1.20150390625 
0.8130273437499999 
1.11419921875 
0.8311914062499999 
0.8856835937499998 
1.1698632812499998 
0.7995507812499999 
1.30111328125 
1.16576171875 
1.29466796875 
1.1341210937500001 
0.9073632812499999 
1.13705078125 
0.8352929687499998 
1.10951171875 
0.8493554687499998 
1.1651757812499999 
1.13705078125 
0.9079492187499998 
1.21205078125 
0.5886132812499999 
0.6782617187499999 
1.26244140625 
0.95716796875 
1.0989648437500001 
1.11185546875 
0.8768945312499998 
1.03509765625 
1.1253320312500001 
0.97474609375 
0.7872460937499999 
1.1235742187500002 
0.6847070312499999 
1.0110742187500001 
1.10716796875 
0.7321679687499998 
0.8200585937499999 
1.19623046875 
1.0532617187500002 
0.9882226562499998 
0.8288476562499999 
0.8616601562499998 
0.94662109375 
0.8868554687499998 
1.1106835937500001 
1.33978515625 
1.13939453125 
1.10306640625 
1.2788476562500002 
1.08607421875 
0.8013085937499999 
1.1188867187500002 
1.1013085937500002 
1.3075585937500003 
0.8997460937499998 
1.11595703125 
0.98119140625 
1.0544335937500002 
0.93666015625 
0.8974023437499998 
0.9905664062499998 
1.0456445312500002 
1.16751953125 
1.13470703125 
1.08490234375 
1.2630273437500001 
0.8124414062499998 
1.29173828125 
1.24134765625 
0.8118554687499998 
1.2847070312500002 
1.16283203125 
1.03509765625 
1.00345703125 
0.92552734375 
0.91322265625 
0.8147851562499998 
1.2688867187500004 
1.2548242187500003 
1.13177734375 
0.98353515625 
1.29056640625 
1.0462304687500001 
0.9554101562499999 
1.20560546875 
1.2143945312500002 
0.7122460937499998 
1.2612695312500002 
0.8686914062499999 
1.3333398437500001 
1.18978515625 
0.8634179687499999 
0.8487695312499999 
0.7907617187499999 
0.91615234375 
1.0427148437500002 
1.06849609375 
1.13763671875 
0.97181640625 
0.8429101562499998 
1.22494140625 
0.8915429687499998 
1.10248046875 
0.8024804687499998 
1.0239648437500002 
1.1294335937500002 
0.9179101562499999 
1.31986328125 
0.8681054687499998 
0.7972070312499999 
0.97416015625 
1.21205078125 
0.91615234375 
0.9852929687499998 
1.22552734375 
1.17337890625 
0.93373046875 
0.8763085937499998 
0.7948632812499999 
1.41302734375 
0.8358789062499998 
0.8358789062499998 
0.7099023437499998 
0.91146484375 
1.04681640625 
1.0591210937500002 
0.9964257812499999 
1.33509765625 
1.1493554687499998 
0.93373046875 
1.2888085937500002 
0.7280664062499997 
1.2595117187500002 
0.91849609375 
1.11185546875 
0.9683007812500001 
0.7386132812499998 
1.3251367187500003 
0.93548828125 
0.8393945312499999 
1.0655664062499999 
0.98353515625 
