26 13 11 
1.1927148437500001 
1.08080078125 
0.8552148437499999 
1.05853515625 
0.7989648437499999 
0.8229882812499999 
0.6946679687499998 
0.7186914062499998 
0.8224023437499999 
0.92494140625 
0.8393945312499999 
1.2659570312500001 
0.94134765625 
0.7116601562499998 
0.78080078125 
0.8493554687499998 
0.7960351562499999 
0.6390039062499999 
0.7251367187499997 
1.22083984375 
0.9085351562499998 
0.8171289062499999 
0.8153710937499998 
1.14115234375 
1.2893945312500001 
0.8944726562499998 
0.8030664062499998 
0.7708398437499999 
0.9917382812499999 
0.94955078125 
0.7145898437499999 
0.7485742187499997 
0.92201171875 
0.8265039062499999 
1.1001367187500002 
0.9425195312500001 
1.13646484375 
0.9893945312499999 
0.7708398437499999 
0.8716210937499999 
1.08373046875 
0.8827539062499998 
0.8165429687499999 
1.2132226562500001 
1.1751367187500001 
0.8393945312499999 
0.6946679687499998 
0.6565820312499998 
0.9032617187499998 
1.15521484375 
0.8370507812499999 
1.0257226562500001 
0.8323632812499999 
1.05970703125 
0.96947265625 
0.8347070312499999 
0.9097070312499999 
0.96244140625 
0.7784570312499999 
0.8839257812499999 
1.30462890625 
1.01517578125 
1.16634765625 
1.00580078125 
1.00228515625 
0.8294335937499999 
1.18802734375 
0.9888085937499999 
0.9073632812499999 
1.1253320312500001 
0.97884765625 
1.36146484375 
0.9934960937499998 
1.05091796875 
0.98412109375 
0.7995507812499999 
0.8546289062499999 
0.7227929687499998 
0.97826171875 
1.02806640625 
0.7597070312499998 
0.9038476562499999 
1.2349023437500002 
0.8933007812499999 
1.03392578125 
1.06263671875 
1.13998046875 
0.95130859375 
1.10541015625 
1.08490234375 
0.8024804687499998 
1.03861328125 
0.94662109375 
1.08373046875 
1.03333984375 
0.9917382812499999 
0.8927148437499999 
0.9173242187499999 
1.20736328125 
0.97240234375 
1.0503320312500002 
0.7145898437499999 
0.91322265625 
1.08548828125 
0.8850976562499998 
0.7948632812499999 
0.8839257812499999 
0.8259179687499999 
1.13705078125 
1.37435546875 
0.8845117187499998 
0.7860742187499998 
0.8716210937499999 
1.2466210937500002 
0.9958398437499999 
1.20560546875 
0.8669335937499999 
0.7972070312499999 
0.8798242187499997 
0.8253320312499999 
1.0186914062499999 
0.9999414062499997 
0.8159570312499999 
0.91556640625 
1.33216796875 
1.23900390625 
0.95658203125 
1.10658203125 
1.24603515625 
1.20794921875 
1.16107421875 
0.7966210937499999 
1.1294335937500002 
0.8839257812499999 
0.8610742187499998 
1.2548242187500003 
0.9448632812500001 
1.27650390625 
0.7339257812499999 
1.2518945312500003 
0.8007226562499998 
1.09017578125 
0.95892578125 
1.2835351562500001 
1.02044921875 
0.8991601562499998 
0.9395898437500001 
1.05736328125 
0.8200585937499999 
1.11712890625 
0.9044335937499999 
0.97591796875 
1.15697265625 
0.8358789062499998 
1.07787109375 
0.9735742187499999 
1.13060546875 
0.7421289062499998 
1.2044335937500001 
1.09310546875 
0.9395898437500001 
0.9061914062499998 
0.6067773437499999 
0.9067773437499999 
0.97943359375 
1.20677734375 
0.7972070312499999 
1.09134765625 
0.7333398437499998 
0.7315820312499998 
0.8429101562499998 
0.8370507812499999 
1.2688867187500004 
0.8452539062499999 
0.9425195312500001 
0.8558007812499999 
1.1165429687500001 
1.02748046875 
0.8352929687499998 
0.6782617187499999 
1.01986328125 
0.7491601562499998 
0.8938867187499998 
0.9559960937499999 
1.09134765625 
0.8651757812499999 
1.17572265625 
0.6641992187499998 
0.8569726562499999 
1.0263085937500003 
0.8710351562499998 
1.21966796875 
0.9852929687499998 
0.8300195312499999 
0.7972070312499999 
0.8645898437499999 
1.00404296875 
0.7591210937499998 
1.01400390625 
1.12416015625 
0.9559960937499999 
0.91556640625 
0.9559960937499999 
0.97650390625 
1.20912109375 
0.7345117187499998 
0.8804101562499997 
0.8470117187499998 
0.8106835937499999 
0.96537109375 
1.1188867187500002 
1.13763671875 
0.8352929687499998 
1.12181640625 
0.7708398437499999 
1.06205078125 
0.92611328125 
0.6202539062499999 
0.95365234375 
0.8059960937499998 
1.2483789062500001 
1.18568359375 
0.7204492187499998 
0.8891992187499997 
0.9852929687499998 
0.91556640625 
1.3169335937500002 
1.1452539062499998 
0.7819726562499999 
1.06498046875 
0.7983789062499999 
1.00580078125 
0.97181640625 
0.6940820312499998 
0.7725976562499999 
1.02044921875 
1.1950585937500002 
0.8962304687499998 
0.8358789062499998 
1.21205078125 
0.8311914062499999 
1.16166015625 
0.9876367187499998 
0.93841796875 
0.8593164062499998 
1.02220703125 
0.6413476562499999 
0.9050195312499999 
0.9214257812500001 
1.06087890625 
0.7181054687499998 
1.0169335937500001 
0.8663476562499999 
1.14408203125 
1.05560546875 
0.8024804687499998 
0.8475976562499998 
0.9003320312499998 
0.6431054687499999 
0.6735742187499998 
0.8382226562499998 
1.11830078125 
1.07201171875 
1.02806640625 
1.2524804687500002 
1.13705078125 
0.7667382812499999 
1.01166015625 
1.0186914062499999 
1.14408203125 
0.9735742187499999 
0.7796289062499999 
0.8235742187499998 
0.92611328125 
0.8739648437499998 
1.14115234375 
0.92025390625 
0.7028710937499998 
0.6677148437499999 
1.29408203125 
0.96888671875 
0.7977929687499998 
0.97064453125 
0.8165429687499999 
0.92494140625 
0.6190820312499998 
0.7597070312499998 
0.91849609375 
0.7104882812499999 
0.8634179687499999 
0.9425195312500001 
0.8663476562499999 
1.11126953125 
0.8024804687499998 
1.18158203125 
0.7532617187499998 
0.8868554687499998 
1.20853515625 
0.8059960937499998 
1.2923242187500001 
