31 13 6 
0.92962890625 
1.01517578125 
1.3474023437500002 
1.11126953125 
1.09603515625 
0.7222070312499999 
0.6243554687499998 
0.8634179687499999 
1.09076171875 
0.6747460937499998 
0.6489648437499999 
0.8622460937499998 
0.92552734375 
0.8868554687499998 
0.7749414062499999 
0.9079492187499998 
1.30052734375 
0.9061914062499998 
1.05560546875 
0.8440820312499998 
1.15697265625 
1.14876953125 
0.95951171875 
1.14291015625 
1.14115234375 
0.92083984375 
1.0081445312500001 
1.22611328125 
0.8411523437499998 
0.97533203125 
0.9952539062499999 
0.7819726562499999 
0.8540429687499999 
0.7884179687499999 
0.8950585937499999 
1.00052734375 
1.03978515625 
0.7667382812499999 
1.13060546875 
0.5481835937499999 
0.8089257812499999 
0.8903710937499998 
0.8001367187499998 
0.7444726562499998 
1.0257226562500001 
0.7210351562499998 
0.8440820312499998 
0.8358789062499998 
0.6331445312499999 
0.8481835937499999 
0.94369140625 
1.2817773437500002 
0.9530664062499999 
0.8692773437499999 
0.8458398437499999 
1.1018945312500001 
0.6946679687499998 
1.10365234375 
0.8833398437499999 
0.9934960937499998 
0.7315820312499998 
0.97650390625 
0.98294921875 
0.8974023437499998 
0.7579492187499998 
0.94955078125 
0.98294921875 
0.8868554687499998 
0.5903710937499999 
0.7268945312499998 
1.03744140625 
1.02455078125 
0.98294921875 
1.1763085937500002 
0.8686914062499999 
0.7931054687499999 
0.8622460937499998 
0.7772851562499998 
0.7702539062499999 
0.7181054687499998 
0.7181054687499998 
0.8774804687499997 
0.7790429687499999 
1.21791015625 
0.8054101562499998 
1.1048242187500001 
0.7784570312499999 
0.4643945312499999 
1.01048828125 
0.7520898437499999 
0.9858789062499999 
1.2548242187500003 
0.97591796875 
1.1493554687499998 
1.23548828125 
0.8563867187499998 
0.8704492187499998 
1.0579492187500001 
1.1001367187500002 
0.7626367187499998 
1.00345703125 
0.7837304687499999 
0.9214257812500001 
0.8440820312499998 
0.98177734375 
0.8030664062499998 
1.2612695312500002 
1.13646484375 
0.7655664062499998 
0.8968164062499998 
0.9091210937499998 
1.0268945312500002 
0.91087890625 
0.7450585937499998 
1.06263671875 
1.2161523437500001 
0.8599023437499999 
0.8845117187499998 
0.96537109375 
1.0989648437500001 
0.94955078125 
0.7977929687499998 
0.6073632812499999 
0.7702539062499999 
1.05267578125 
1.2548242187500003 
0.6987695312499999 
0.9073632812499999 
1.04212890625 
0.9149804687499999 
0.7614648437499999 
0.8587304687499998 
0.9776757812500001 
0.7784570312499999 
1.1640039062499998 
0.92552734375 
0.92318359375 
0.94310546875 
0.8903710937499998 
1.1827539062499999 
0.95716796875 
0.7268945312499998 
0.93724609375 
1.0520898437500001 
0.8141992187499998 
1.2524804687500002 
1.0075585937500002 
0.7280664062499997 
1.2700585937500004 
0.8429101562499998 
0.8136132812499999 
0.5065820312499999 
1.2683007812500002 
0.94603515625 
0.98119140625 
0.7890039062499999 
0.8159570312499999 
0.96009765625 
0.7778710937499999 
0.8376367187499998 
1.08548828125 
0.8100976562499999 
1.18451171875 
1.11126953125 
0.7052148437499999 
1.1534570312499999 
0.8317773437499999 
1.10658203125 
1.2542382812500001 
0.95951171875 
0.8417382812499998 
0.9981835937499999 
1.20560546875 
0.7977929687499998 
1.16224609375 
0.8921289062499999 
0.6964257812499999 
1.03744140625 
0.8833398437499999 
0.8733789062499998 
0.6460351562499999 
0.7831445312499999 
0.7942773437499999 
0.7784570312499999 
0.7907617187499999 
1.20326171875 
0.95951171875 
0.92435546875 
0.7561914062499998 
0.93490234375 
0.60267578125 
1.01400390625 
0.8757226562499998 
0.8780664062499998 
0.94955078125 
0.9800195312500001 
0.7427148437499999 
1.2683007812500002 
1.14349609375 
0.7479882812499998 
0.8136132812499999 
0.8417382812499998 
0.98060546875 
0.91673828125 
0.9308007812500001 
0.7386132812499998 
0.9964257812499999 
0.9038476562499999 
0.92611328125 
1.15638671875 
0.9173242187499999 
0.7386132812499998 
1.2114648437500002 
1.2524804687500002 
1.11537109375 
1.2841210937500003 
0.97005859375 
0.7309960937499997 
1.30111328125 
0.8534570312499998 
0.92494140625 
0.7040429687499998 
0.8077539062499999 
0.6278710937499998 
0.95951171875 
0.6091210937499999 
0.7831445312499999 
1.09720703125 
0.7661523437499999 
0.5985742187499998 
0.7151757812499999 
0.8798242187499997 
1.03802734375 
0.8792382812499998 
1.0169335937500001 
1.2501367187500003 
0.7989648437499999 
0.9032617187499998 
0.7427148437499999 
1.1651757812499999 
0.5985742187499998 
0.8311914062499999 
1.12123046875 
0.7479882812499998 
0.5991601562499999 
1.03333984375 
0.7192773437499999 
1.20384765625 
1.0122460937500002 
0.9009179687499999 
0.9331445312500001 
0.94662109375 
0.8968164062499998 
0.7819726562499999 
1.1405664062499998 
0.8095117187499998 
1.18041015625 
0.7222070312499999 
0.92904296875 
0.97884765625 
0.94837890625 
1.05970703125 
0.9091210937499998 
0.9067773437499999 
1.01341796875 
0.7831445312499999 
0.7058007812499999 
1.00873046875 
0.8798242187499997 
0.7849023437499999 
0.8364648437499999 
1.1048242187500001 
0.7386132812499998 
0.8446679687499998 
0.9852929687499998 
1.31986328125 
0.7292382812499998 
1.08783203125 
0.7397851562499997 
0.8739648437499998 
0.8757226562499998 
0.8475976562499998 
0.9864648437499999 
0.9091210937499998 
1.05736328125 
0.8423242187499997 
0.9993554687499997 
1.03919921875 
0.8001367187499998 
0.92201171875 
1.06673828125 
0.9061914062499998 
1.21791015625 
0.93607421875 
1.09544921875 
0.7737695312499999 
0.79017578125 
0.8440820312499998 
0.91556640625 
0.9952539062499999 
