32 13 5 
0.7427148437499999 
0.91205078125 
1.16048828125 
0.8974023437499998 
0.9893945312499999 
0.9061914062499998 
1.2612695312500002 
0.8979882812499999 
1.2817773437500002 
0.7913476562499999 
0.8018945312499999 
0.91205078125 
0.97416015625 
0.8165429687499999 
1.03978515625 
1.3251367187500003 
0.8745507812499999 
0.6477929687499998 
0.9173242187499999 
0.8247460937499999 
0.9559960937499999 
1.01751953125 
1.1499414062499997 
0.7614648437499999 
0.9946679687499999 
0.94779296875 
0.8845117187499998 
0.96244140625 
0.96361328125 
1.10951171875 
1.1194726562500001 
0.6554101562499998 
1.1224023437500001 
1.00345703125 
0.7280664062499997 
0.91205078125 
0.7181054687499998 
0.8798242187499997 
0.96654296875 
1.13236328125 
0.7421289062499998 
1.2044335937500001 
0.8862695312499999 
0.6952539062499998 
1.0497460937500003 
1.2454492187500001 
0.8622460937499998 
0.6782617187499999 
0.98353515625 
0.7309960937499997 
0.7585351562499998 
0.93490234375 
0.8827539062499998 
1.1177148437500002 
1.30228515625 
1.0579492187500001 
0.8663476562499999 
0.7638085937499999 
0.9911523437499998 
0.8944726562499998 
1.12650390625 
0.91966796875 
0.7907617187499999 
1.3081445312500002 
0.6665429687499999 
0.7034570312499998 
1.2724023437500003 
0.8007226562499998 
1.20033203125 
0.7093164062499998 
0.7403710937499998 
1.01400390625 
0.8804101562499997 
1.2319726562500002 
1.0403710937500001 
0.7233789062499998 
1.20853515625 
0.8640039062499999 
1.3263085937500003 
1.05970703125 
1.13060546875 
1.1177148437500002 
0.6688867187499998 
0.8710351562499998 
0.7632226562499999 
0.92083984375 
1.05091796875 
1.2290429687500002 
1.2419335937500002 
0.9548242187499999 
0.7491601562499998 
0.98353515625 
1.05091796875 
0.6319726562499999 
1.2835351562500001 
1.08373046875 
1.2565820312500002 
0.7819726562499999 
0.8681054687499998 
0.8821679687499998 
0.8850976562499998 
0.8774804687499997 
0.8405664062499998 
0.93490234375 
0.6905664062499998 
1.16751953125 
1.10658203125 
0.9964257812499999 
0.8845117187499998 
1.31810546875 
0.9003320312499998 
1.14408203125 
1.00990234375 
0.7034570312499998 
1.2876367187500002 
0.94603515625 
0.95365234375 
1.0591210937500002 
0.6981835937499998 
0.92435546875 
1.2571679687500001 
0.8528710937499998 
0.7942773437499999 
1.2302148437500002 
1.37083984375 
0.8516992187499998 
0.7268945312499998 
1.2477929687500002 
0.7632226562499999 
1.28822265625 
0.7561914062499998 
0.7468164062499998 
1.08080078125 
0.6671289062499999 
1.2325585937500003 
1.2395898437500001 
0.8915429687499998 
1.21498046875 
0.9056054687499998 
0.7731835937499999 
1.2659570312500001 
1.00345703125 
0.9009179687499999 
0.8569726562499999 
0.8481835937499999 
0.9097070312499999 
0.7292382812499998 
0.98353515625 
1.09544921875 
1.17044921875 
0.96068359375 
0.92728515625 
0.6600976562499998 
1.2454492187500001 
0.7268945312499998 
1.0591210937500002 
1.1985742187500001 
0.9026757812499999 
0.7544335937499999 
1.09134765625 
0.6413476562499999 
1.3075585937500003 
0.9390039062500001 
0.9390039062500001 
0.7620507812499999 
1.0772851562499999 
0.8259179687499999 
0.9958398437499999 
1.21498046875 
1.1493554687499998 
1.26478515625 
1.01517578125 
0.78080078125 
0.6981835937499998 
1.03744140625 
0.8915429687499998 
0.7157617187499998 
1.2173242187500002 
0.9524804687499999 
0.92083984375 
1.22025390625 
0.9085351562499998 
1.1253320312500001 
1.22962890625 
1.0491601562500001 
0.9554101562499999 
0.8569726562499999 
0.7110742187499998 
0.9905664062499998 
0.97005859375 
0.94310546875 
1.2876367187500002 
0.6120507812499999 
0.95658203125 
0.7585351562499998 
1.12123046875 
1.2132226562500001 
1.0427148437500002 
1.07318359375 
0.91322265625 
0.6899804687499997 
0.8540429687499999 
0.93607421875 
1.2934960937500002 
0.7954492187499999 
0.98236328125 
0.8552148437499999 
1.20384765625 
1.2688867187500004 
1.18158203125 
1.2706445312500003 
0.9554101562499999 
0.6360742187499998 
0.98060546875 
1.28529296875 
1.05091796875 
0.91029296875 
0.8341210937499999 
1.0579492187500001 
1.21205078125 
0.8083398437499999 
0.8270898437499999 
1.24603515625 
1.0356835937500002 
0.8235742187499998 
0.9987695312499999 
0.8341210937499999 
1.12181640625 
1.2641992187500002 
1.13470703125 
0.6671289062499999 
1.01810546875 
0.8423242187499997 
1.01458984375 
1.2718164062500001 
1.09662109375 
1.1206445312500002 
0.8897851562499998 
0.8270898437499999 
0.8839257812499999 
1.13177734375 
0.7614648437499999 
1.2360742187500002 
0.8669335937499999 
1.0257226562500001 
0.8704492187499998 
1.18158203125 
0.8048242187499998 
1.0491601562500001 
0.91146484375 
1.01400390625 
1.17865234375 
1.03685546875 
0.7708398437499999 
0.9800195312500001 
1.10248046875 
0.7479882812499998 
0.91087890625 
0.8616601562499998 
0.8300195312499999 
0.8845117187499998 
0.8399804687499998 
0.7802148437499999 
0.9993554687499997 
1.18919921875 
0.79017578125 
0.9091210937499998 
0.8634179687499999 
1.2718164062500001 
0.8124414062499998 
0.8434960937499998 
0.8833398437499999 
0.7831445312499999 
1.0427148437500002 
0.8364648437499999 
0.92904296875 
0.8534570312499998 
1.21966796875 
1.09779296875 
1.3245507812500001 
0.7679101562499998 
0.92552734375 
0.92376953125 
0.7485742187499997 
0.7995507812499999 
0.92025390625 
0.8657617187499999 
0.9097070312499999 
0.8745507812499999 
0.8370507812499999 
0.95423828125 
1.1874414062499998 
1.05736328125 
0.9056054687499998 
0.8475976562499998 
0.9554101562499999 
1.16693359375 
0.8956445312499999 
0.8452539062499999 
0.91146484375 
