33 13 4 
0.9015039062499999 
1.21966796875 
1.3309960937500003 
0.9003320312499998 
0.8065820312499998 
0.6220117187499998 
0.9641992187499999 
0.7573632812499999 
1.0761132812499998 
0.8499414062499998 
0.8429101562499998 
1.22669921875 
0.94720703125 
0.8329492187499998 
1.15697265625 
0.6835351562499998 
0.8300195312499999 
0.8475976562499998 
0.6841210937499999 
0.8745507812499999 
1.31869140625 
1.17455078125 
1.21498046875 
0.97474609375 
1.2612695312500002 
0.6337304687499998 
0.6214257812499999 
0.9987695312499999 
1.14818359375 
1.0081445312500001 
0.7591210937499998 
0.6893945312499998 
0.9776757812500001 
1.20501953125 
1.03509765625 
1.0474023437500002 
0.60267578125 
1.0298242187500002 
0.8657617187499999 
1.06849609375 
0.6554101562499998 
0.7362695312499998 
1.20384765625 
0.9899804687499998 
0.93138671875 
0.7233789062499998 
0.7468164062499998 
0.8024804687499998 
1.16634765625 
0.9050195312499999 
1.06263671875 
1.02923828125 
1.07083984375 
0.8165429687499999 
0.8382226562499998 
0.7063867187499998 
0.7708398437499999 
0.8903710937499998 
1.1710351562499999 
1.06615234375 
0.6630273437499998 
0.9061914062499998 
0.95951171875 
0.7731835937499999 
0.95833984375 
0.8200585937499999 
1.2483789062500001 
0.7731835937499999 
1.0456445312500002 
1.11595703125 
0.8581445312499999 
1.14876953125 
0.8733789062499998 
0.91439453125 
0.7731835937499999 
0.6677148437499999 
0.6319726562499999 
1.13529296875 
1.0169335937500001 
0.8030664062499998 
0.8429101562499998 
1.18392578125 
0.7755273437499999 
1.2378320312500002 
1.22611328125 
0.9085351562499998 
0.6460351562499999 
1.11009765625 
1.22845703125 
0.93666015625 
0.92611328125 
0.7520898437499999 
1.2489648437500003 
0.92962890625 
0.9044335937499999 
1.15814453125 
0.82767578125 
1.2888085937500002 
0.8487695312499999 
0.95072265625 
0.7081445312499999 
1.08783203125 
0.6852929687499998 
0.7450585937499998 
0.9085351562499998 
0.9179101562499999 
1.0110742187500001 
0.9683007812500001 
0.7485742187499997 
0.6946679687499998 
0.7444726562499998 
0.8704492187499998 
1.2835351562500001 
1.0075585937500002 
0.7983789062499999 
0.8446679687499998 
0.7649804687499998 
0.94662109375 
0.9020898437499999 
0.7843164062499999 
0.8675195312499999 
0.6794335937499999 
1.13880859375 
0.8669335937499999 
0.8540429687499999 
0.8106835937499999 
1.18041015625 
0.9929101562499998 
0.95951171875 
0.8927148437499999 
1.1681054687499999 
0.8341210937499999 
1.2337304687500001 
1.01283203125 
1.2934960937500002 
0.7872460937499999 
0.8024804687499998 
0.8610742187499998 
1.1224023437500001 
0.8933007812499999 
1.1464257812499998 
0.9940820312499998 
0.96654296875 
0.95365234375 
1.2360742187500002 
0.92845703125 
0.8798242187499997 
1.13880859375 
0.6929101562499997 
0.9946679687499999 
1.11126953125 
1.2800195312500002 
0.9770898437500001 
0.5997460937499999 
1.0268945312500002 
0.7263085937499998 
0.91673828125 
1.26185546875 
1.2548242187500003 
0.96595703125 
0.9050195312499999 
0.7550195312499999 
0.8247460937499999 
1.1417382812499999 
0.9061914062499998 
1.24603515625 
0.93197265625 
1.08373046875 
0.8845117187499998 
0.7679101562499998 
1.0063867187500002 
0.95658203125 
0.7702539062499999 
0.9079492187499998 
0.96126953125 
0.8224023437499999 
1.2794335937500003 
0.8733789062499998 
0.97884765625 
0.8452539062499999 
0.92435546875 
1.2548242187500003 
0.97650390625 
1.05853515625 
0.8757226562499998 
0.92083984375 
1.08958984375 
1.15521484375 
0.8388085937499998 
0.9331445312500001 
0.8868554687499998 
0.6343164062499999 
0.96537109375 
0.8429101562499998 
0.8464257812499999 
0.7890039062499999 
0.9993554687499997 
0.8815820312499998 
0.7714257812499999 
0.93607421875 
0.93255859375 
0.7819726562499999 
0.8786523437499998 
1.10365234375 
1.28587890625 
0.9940820312499998 
0.8464257812499999 
0.8112695312499999 
1.18978515625 
0.98470703125 
1.2770898437500002 
0.7866601562499999 
0.7286523437499998 
0.8909570312499998 
1.31751953125 
0.8722070312499999 
1.1253320312500001 
1.2278710937500001 
0.9214257812500001 
1.06673828125 
0.8183007812499999 
0.6888085937499998 
1.23900390625 
0.8329492187499998 
0.97240234375 
1.2694726562500003 
0.7350976562499998 
0.7227929687499998 
0.7409570312499998 
0.94310546875 
0.6899804687499997 
0.92494140625 
1.2366601562500001 
0.9899804687499998 
1.2190820312500001 
1.2395898437500001 
0.6964257812499999 
1.2489648437500003 
1.08373046875 
0.7509179687499998 
0.7749414062499999 
1.06263671875 
1.10248046875 
1.21498046875 
1.13236328125 
0.7415429687499998 
0.6852929687499998 
0.8282617187499999 
1.00697265625 
0.9331445312500001 
0.8827539062499998 
0.94427734375 
0.8891992187499997 
0.9946679687499999 
0.8915429687499998 
0.7286523437499998 
1.14291015625 
1.0257226562500001 
1.11361328125 
0.7790429687499999 
1.2706445312500003 
0.8118554687499998 
0.93548828125 
0.5845117187499999 
0.8429101562499998 
0.7438867187499998 
0.8610742187499998 
1.0474023437500002 
0.92318359375 
1.13177734375 
1.06322265625 
0.9079492187499998 
1.0544335937500002 
1.2677148437500003 
0.6981835937499998 
0.95658203125 
0.8341210937499999 
1.22552734375 
0.92787109375 
1.1640039062499998 
0.9173242187499999 
0.7181054687499998 
1.07318359375 
0.7251367187499997 
1.2683007812500002 
1.25775390625 
1.08314453125 
1.10423828125 
0.9056054687499998 
0.8962304687499998 
0.9958398437499999 
0.8036523437499998 
0.9003320312499998 
0.91439453125 
1.05150390625 
0.8522851562499998 
1.2349023437500002 
0.92201171875 
1.21205078125 
1.02337890625 
