7 2 41 
1.2864648437500001 
1.36087890625 
1.34095703125 
1.2753320312500003 
1.25775390625 
1.43353515625 
1.4206445312500002 
1.3263085937500003 
1.20150390625 
1.2507226562500002 
1.30345703125 
1.2888085937500002 
1.28705078125 
1.4974023437500001 
1.40892578125 
1.33685546875 
1.29408203125 
1.2841210937500003 
1.30580078125 
1.2641992187500002 
1.3263085937500003 
1.45345703125 
1.21966796875 
1.2313867187500003 
1.37962890625 
1.45287109375 
1.4048242187500002 
1.2893945312500001 
1.2513085937500004 
1.22611328125 
1.3128320312500001 
1.32103515625 
1.30111328125 
1.31048828125 
1.4065820312500001 
1.28822265625 
1.47748046875 
1.2806054687500001 
1.4739648437500001 
1.2325585937500003 
1.30580078125 
1.2483789062500001 
1.2184960937500002 
1.2753320312500003 
1.2735742187500003 
1.38080078125 
1.33216796875 
1.2372460937500003 
1.3509179687500001 
1.48333984375 
1.3485742187500003 
1.3813867187500002 
1.3438867187500003 
1.35560546875 
1.16751953125 
1.3433007812500002 
1.29115234375 
1.31810546875 
1.3075585937500003 
1.2981835937500001 
1.29056640625 
1.39603515625 
1.32337890625 
1.31751953125 
1.36615234375 
1.2600976562500001 
1.27650390625 
1.4001367187500002 
1.41595703125 
1.5372460937500003 
1.2419335937500002 
1.3040429687500001 
1.37669921875 
1.38431640625 
1.36322265625 
1.25775390625 
1.3749414062499998 
1.29115234375 
1.29173828125 
1.33861328125 
1.1493554687499998 
1.39544921875 
1.39486328125 
1.43353515625 
1.49330078125 
1.37435546875 
1.29408203125 
1.38666015625 
1.37435546875 
1.3309960937500003 
1.36498046875 
1.2864648437500001 
1.3239648437500002 
1.3157617187500001 
1.2220117187500001 
1.2729882812500002 
1.33861328125 
1.3040429687500001 
1.2454492187500001 
1.31986328125 
1.2630273437500001 
1.3444726562500002 
1.20560546875 
1.2220117187500001 
1.37318359375 
1.38548828125 
1.2677148437500003 
1.22083984375 
1.4048242187500002 
1.2518945312500003 
1.3251367187500003 
1.2302148437500002 
1.43939453125 
1.4294335937500002 
1.25306640625 
1.3099023437500001 
1.30228515625 
1.26244140625 
1.30111328125 
1.36908203125 
1.3749414062499998 
1.5237695312500001 
1.2893945312500001 
1.2688867187500004 
1.32044921875 
1.3831445312500001 
1.2161523437500001 
1.3333398437500001 
1.22962890625 
1.33275390625 
1.31810546875 
1.3169335937500002 
1.5524804687500002 
1.4183007812500001 
1.3415429687500002 
1.38666015625 
1.11830078125 
1.3257226562500002 
1.2483789062500001 
1.44818359375 
1.31810546875 
1.3110742187500002 
1.3309960937500003 
1.39310546875 
1.44291015625 
1.22376953125 
1.24369140625 
1.30462890625 
1.39544921875 
1.31341796875 
1.37904296875 
1.4950585937500003 
1.38373046875 
1.3825585937500002 
1.30228515625 
1.28529296875 
1.2800195312500002 
1.40833984375 
1.24720703125 
1.2770898437500002 
1.30287109375 
1.28529296875 
1.16166015625 
1.29935546875 
1.2741601562500002 
1.30931640625 
1.1710351562499999 
1.4235742187500002 
1.28236328125 
1.16166015625 
1.3474023437500002 
1.3169335937500002 
1.29408203125 
1.2477929687500002 
1.2518945312500003 
1.2718164062500001 
1.3550195312500002 
1.2841210937500003 
1.2776757812500001 
1.3257226562500002 
1.19798828125 
1.34095703125 
1.40423828125 
1.32806640625 
1.43060546875 
1.23548828125 
1.38958984375 
1.36732421875 
1.2712304687500002 
1.39662109375 
1.5530664062500001 
1.19916015625 
1.2466210937500002 
1.2753320312500003 
1.39134765625 
1.2841210937500003 
1.40892578125 
1.19798828125 
1.3872460937500002 
1.3040429687500001 
1.29876953125 
1.32220703125 
1.29701171875 
1.2677148437500003 
1.46693359375 
1.31927734375 
1.3532617187500002 
1.3081445312500002 
1.3638085937500002 
1.22728515625 
1.29466796875 
1.5173242187500002 
1.2565820312500002 
1.2817773437500002 
1.36146484375 
1.22611328125 
1.40716796875 
1.3403710937500002 
1.2395898437500001 
1.2583398437500002 
1.21791015625 
1.4224023437500002 
1.3263085937500003 
1.2718164062500001 
1.3245507812500001 
1.22728515625 
1.28236328125 
1.30111328125 
1.3860742187500001 
1.2794335937500003 
1.2817773437500002 
1.31927734375 
1.3157617187500001 
1.3052148437500002 
1.2524804687500002 
1.2671289062500002 
1.2114648437500002 
1.33216796875 
1.31869140625 
1.2694726562500003 
1.3069726562500001 
1.2231835937500002 
1.4511132812499998 
1.23900390625 
1.2220117187500001 
1.29115234375 
1.31751953125 
1.2688867187500004 
1.24720703125 
1.1247460937500002 
1.36322265625 
1.19447265625 
1.32337890625 
1.40716796875 
1.31458984375 
1.2800195312500002 
1.3456445312500003 
1.2800195312500002 
1.34095703125 
1.23431640625 
1.53900390625 
1.42767578125 
1.29466796875 
1.3063867187500002 
1.59291015625 
1.3099023437500001 
1.2776757812500001 
1.3831445312500001 
1.3040429687500001 
1.2606835937500003 
1.30228515625 
1.2302148437500002 
1.47923828125 
1.37376953125 
1.31634765625 
1.2132226562500001 
1.2308007812500001 
1.2888085937500002 
1.2606835937500003 
1.23900390625 
1.2161523437500001 
1.39837890625 
1.22083984375 
1.3286523437500002 
1.3122460937500002 
1.29583984375 
1.23548828125 
1.15462890625 
1.4809960937500002 
1.3157617187500001 
1.2700585937500004 
1.2173242187500002 
1.4059960937500002 
1.2800195312500002 
1.2759179687500002 
1.2671289062500002 
1.37083984375 
1.2835351562500001 
1.2753320312500003 
1.29935546875 
