2 14 34 
1.31810546875 
1.29759765625 
1.45052734375 
1.3075585937500003 
1.3157617187500001 
1.33802734375 
1.2606835937500003 
1.32044921875 
1.31986328125 
1.3257226562500002 
1.2677148437500003 
1.35853515625 
1.33978515625 
1.2360742187500002 
1.2759179687500002 
1.27650390625 
1.35736328125 
1.40541015625 
1.3268945312500002 
1.26244140625 
1.3403710937500002 
1.29642578125 
1.2847070312500002 
1.2770898437500002 
1.31400390625 
1.2788476562500002 
1.2718164062500001 
1.43470703125 
1.4048242187500002 
1.3438867187500003 
1.2735742187500003 
1.37552734375 
1.4622460937500001 
1.3509179687500001 
1.31810546875 
1.2788476562500002 
1.36087890625 
1.23841796875 
1.22494140625 
1.37669921875 
1.29935546875 
1.2548242187500003 
1.3356835937500002 
1.32337890625 
1.24017578125 
1.2782617187500003 
1.3438867187500003 
1.39310546875 
1.35736328125 
1.3989648437500002 
1.44408203125 
1.3415429687500002 
1.3304101562500001 
1.29583984375 
1.29056640625 
1.36615234375 
1.36322265625 
1.36556640625 
1.29935546875 
1.3122460937500002 
1.30228515625 
1.3538476562500001 
1.3257226562500002 
1.28705078125 
1.2559960937500003 
1.29056640625 
1.29525390625 
1.30052734375 
1.3239648437500002 
1.43236328125 
1.28998046875 
1.36029296875 
1.29583984375 
1.30931640625 
1.37376953125 
1.2829492187500002 
1.3579492187500002 
1.4640039062499999 
1.3257226562500002 
1.36029296875 
1.29173828125 
1.30462890625 
1.29291015625 
1.30052734375 
1.3532617187500002 
1.2981835937500001 
1.35150390625 
1.36029296875 
1.2835351562500001 
1.36498046875 
1.31048828125 
1.31341796875 
1.2735742187500003 
1.39837890625 
1.36029296875 
1.3075585937500003 
1.3362695312500001 
1.41419921875 
1.4095117187500001 
1.31927734375 
1.29876953125 
1.29115234375 
1.3362695312500001 
1.29876953125 
1.39427734375 
1.36146484375 
1.32103515625 
1.3345117187500002 
1.25892578125 
1.3345117187500002 
1.28998046875 
1.31341796875 
1.3110742187500002 
1.31517578125 
1.3040429687500001 
1.33509765625 
1.3579492187500002 
1.3040429687500001 
1.37669921875 
1.3597070312500001 
1.3544335937500003 
1.21673828125 
1.30873046875 
1.28822265625 
1.4206445312500002 
1.3989648437500002 
1.3421289062500001 
1.33861328125 
1.2747460937500004 
1.3356835937500002 
1.48861328125 
1.4388085937500001 
1.22552734375 
1.39662109375 
1.3268945312500002 
1.2536523437500002 
1.4388085937500001 
1.3122460937500002 
1.3263085937500003 
1.29583984375 
1.2829492187500002 
1.3749414062499998 
1.2741601562500002 
1.41419921875 
1.3286523437500002 
1.39310546875 
1.43822265625 
1.35560546875 
1.3532617187500002 
1.48041015625 
1.35853515625 
1.3257226562500002 
1.31341796875 
1.29759765625 
1.4388085937500001 
1.38490234375 
1.3597070312500001 
1.3075585937500003 
1.3345117187500002 
1.29408203125 
1.3802148437500001 
1.30345703125 
1.28119140625 
1.2349023437500002 
1.39837890625 
1.29408203125 
1.2595117187500002 
1.29291015625 
1.2554101562500002 
1.44291015625 
1.3315820312500002 
1.3040429687500001 
1.2817773437500002 
1.3597070312500001 
1.2981835937500001 
1.3462304687500002 
1.29056640625 
1.2477929687500002 
1.29935546875 
1.32337890625 
1.45990234375 
1.36087890625 
1.4188867187500003 
1.3532617187500002 
1.3391992187500001 
1.24310546875 
1.28822265625 
1.4388085937500001 
1.3989648437500002 
1.2759179687500002 
1.2864648437500001 
1.31751953125 
1.24134765625 
1.37318359375 
1.37552734375 
1.3450585937500004 
1.36146484375 
1.50384765625 
1.40248046875 
1.2466210937500002 
1.24427734375 
1.41244140625 
1.32923828125 
1.2659570312500001 
1.2683007812500002 
1.2595117187500002 
1.3227929687500002 
1.37376953125 
1.39720703125 
1.36732421875 
1.48685546875 
1.32220703125 
1.3474023437500002 
1.26244140625 
1.2536523437500002 
1.30111328125 
1.33978515625 
1.43998046875 
1.2718164062500001 
1.3227929687500002 
1.31458984375 
1.2794335937500003 
1.40716796875 
1.38958984375 
1.31986328125 
1.2683007812500002 
1.34095703125 
1.3239648437500002 
1.30462890625 
1.30052734375 
1.3052148437500002 
1.33685546875 
1.33275390625 
1.39427734375 
1.3421289062500001 
1.29935546875 
1.28236328125 
1.3491601562500002 
1.3099023437500001 
1.44876953125 
1.1886132812499999 
1.45404296875 
1.3597070312500001 
1.32806640625 
1.2184960937500002 
1.2782617187500003 
1.3304101562500001 
1.2630273437500001 
1.3761132812499999 
1.3538476562500001 
1.3813867187500002 
1.3520898437500002 
1.31869140625 
1.37083984375 
1.3503320312500002 
1.3802148437500001 
1.37904296875 
1.3813867187500002 
1.3538476562500001 
1.36087890625 
1.4183007812500001 
1.32220703125 
1.1938867187500002 
1.40541015625 
1.18568359375 
1.3427148437500003 
1.44408203125 
1.3403710937500002 
1.24603515625 
1.2542382812500001 
1.42767578125 
1.3433007812500002 
1.29701171875 
1.3638085937500002 
1.40833984375 
1.29173828125 
1.29759765625 
1.2893945312500001 
1.43470703125 
1.4224023437500002 
1.32103515625 
1.40306640625 
1.3415429687500002 
1.49095703125 
1.29759765625 
1.35619140625 
1.3872460937500002 
1.28119140625 
1.2776757812500001 
1.3391992187500001 
1.2583398437500002 
1.37142578125 
1.3450585937500004 
1.37904296875 
1.36615234375 
1.3977929687500001 
1.3274804687500001 
1.37962890625 
1.35560546875 
1.35267578125 
