11 14 25 
1.3268945312500002 
1.18509765625 
0.8821679687499998 
0.9003320312499998 
1.07552734375 
0.8903710937499998 
0.8780664062499998 
0.7216210937499998 
0.7643945312499999 
0.9009179687499999 
1.09662109375 
0.8335351562499999 
1.11478515625 
1.0286523437500001 
0.9390039062500001 
0.8136132812499999 
0.8563867187499998 
0.7052148437499999 
0.8880273437499998 
1.1511132812499998 
1.03685546875 
1.2507226562500002 
1.15287109375 
0.95658203125 
1.13001953125 
1.08607421875 
1.2524804687500002 
1.11361328125 
1.0122460937500002 
1.3245507812500001 
1.15404296875 
1.29173828125 
1.00462890625 
0.95951171875 
1.2501367187500003 
0.9073632812499999 
1.0714257812499999 
1.0257226562500001 
1.4001367187500002 
0.8780664062499998 
1.15580078125 
0.97240234375 
0.96712890625 
1.2102929687500001 
1.24310546875 
1.22083984375 
1.17748046875 
0.9173242187499999 
0.8962304687499998 
0.96302734375 
1.02806640625 
1.08314453125 
1.2044335937500001 
0.8657617187499999 
0.8628320312499999 
0.7567773437499998 
1.12884765625 
0.9899804687499998 
1.11302734375 
1.09837890625 
0.8329492187499998 
1.1575585937500001 
1.36029296875 
0.94076171875 
1.06615234375 
1.00052734375 
1.21673828125 
1.1001367187500002 
1.08783203125 
1.2102929687500001 
0.7778710937499999 
0.7913476562499999 
0.5962304687499999 
1.0638085937500001 
0.93138671875 
1.11419921875 
0.9448632812500001 
0.5815820312499999 
0.8335351562499999 
0.8886132812499998 
1.1224023437500001 
1.14291015625 
0.9067773437499999 
0.8757226562499998 
1.2143945312500002 
0.8686914062499999 
0.9050195312499999 
0.8891992187499997 
0.8183007812499999 
1.09955078125 
1.3456445312500003 
1.30228515625 
1.30228515625 
0.7831445312499999 
1.0063867187500002 
1.0251367187500002 
1.06029296875 
1.0825585937500002 
1.0315820312500001 
1.13763671875 
1.21498046875 
1.2395898437500001 
1.16634765625 
1.16576171875 
1.03919921875 
0.8446679687499998 
1.11361328125 
1.00404296875 
0.8927148437499999 
0.7597070312499998 
1.00287109375 
1.03392578125 
1.0268945312500002 
1.16693359375 
0.7116601562499998 
1.03919921875 
0.9800195312500001 
1.2184960937500002 
0.9987695312499999 
0.8089257812499999 
0.93197265625 
1.30169921875 
1.0813867187500001 
0.7497460937499998 
0.9061914062499998 
0.95892578125 
1.10892578125 
0.7321679687499998 
1.28119140625 
0.8739648437499998 
1.1224023437500001 
0.8095117187499998 
0.8616601562499998 
0.9647851562499999 
1.3052148437500002 
0.9641992187499999 
0.98060546875 
0.5716210937499999 
1.06908203125 
0.9015039062499999 
0.93724609375 
0.8698632812499999 
1.22962890625 
0.6454492187499998 
0.93841796875 
0.7427148437499999 
0.8200585937499999 
1.2753320312500003 
1.16576171875 
0.9554101562499999 
1.06029296875 
0.7960351562499999 
1.2700585937500004 
1.1698632812499998 
0.9003320312499998 
0.9923242187499998 
1.08021484375 
1.0532617187500002 
1.1464257812499998 
0.8833398437499999 
1.2794335937500003 
1.20091796875 
1.1511132812499998 
1.05853515625 
0.7790429687499999 
1.1188867187500002 
1.2349023437500002 
0.92318359375 
1.20501953125 
1.2143945312500002 
1.2864648437500001 
0.9032617187499998 
0.8270898437499999 
1.1341210937500001 
1.06849609375 
1.09427734375 
1.20091796875 
1.31341796875 
1.00228515625 
0.9852929687499998 
0.91322265625 
1.01166015625 
1.4065820312500001 
1.0462304687500001 
1.12650390625 
0.9073632812499999 
1.08197265625 
1.27650390625 
1.20912109375 
1.3227929687500002 
1.2102929687500001 
0.6747460937499998 
1.04681640625 
0.7983789062499999 
1.0485742187500002 
1.13529296875 
0.7204492187499998 
0.7778710937499999 
1.03744140625 
0.8856835937499998 
1.13294921875 
1.29408203125 
0.8036523437499998 
1.3069726562500001 
0.9067773437499999 
0.9934960937499998 
0.8856835937499998 
0.7872460937499999 
0.8774804687499997 
0.9085351562499998 
0.98060546875 
0.7526757812499999 
1.0532617187500002 
1.01810546875 
0.7995507812499999 
0.7140039062499999 
1.07318359375 
1.3251367187500003 
0.8634179687499999 
1.1710351562499999 
0.8663476562499999 
1.28529296875 
1.0427148437500002 
1.22025390625 
1.0503320312500002 
0.9091210937499998 
1.10951171875 
1.24369140625 
1.09017578125 
1.2495507812500002 
1.11830078125 
1.09134765625 
0.9647851562499999 
1.01400390625 
1.2507226562500002 
0.98353515625 
1.23431640625 
0.91439453125 
1.16166015625 
0.9501367187499999 
1.11009765625 
0.7602929687499999 
1.2835351562500001 
1.18978515625 
0.8821679687499998 
0.7515039062499999 
0.9554101562499999 
0.7766992187499998 
1.13119140625 
1.1499414062499997 
1.12650390625 
1.0761132812499998 
0.7743554687499998 
1.0450585937500003 
0.8200585937499999 
0.6225976562499999 
1.1575585937500001 
0.8311914062499999 
1.03802734375 
0.9091210937499998 
0.7538476562499998 
1.2044335937500001 
0.7696679687499999 
0.8036523437499998 
1.08607421875 
1.3099023437500001 
1.2360742187500002 
1.1235742187500002 
0.7778710937499999 
0.8856835937499998 
1.3052148437500002 
0.7597070312499998 
0.8481835937499999 
1.1417382812499999 
0.8786523437499998 
0.96595703125 
1.21791015625 
0.7866601562499999 
0.8628320312499999 
0.9067773437499999 
1.24486328125 
0.8780664062499998 
0.8417382812499998 
0.9975976562499999 
0.98353515625 
0.8382226562499998 
0.98412109375 
0.7608789062499999 
0.5716210937499999 
1.08607421875 
0.98060546875 
0.8815820312499998 
0.93724609375 
0.6606835937499999 
1.07962890625 
0.9401757812500001 
1.18158203125 
1.2278710937500001 
0.96947265625 
1.12298828125 
