16 14 20 
0.7251367187499997 
1.0227929687500001 
0.94955078125 
0.7298242187499997 
0.8891992187499997 
1.06087890625 
0.9530664062499999 
0.8100976562499999 
0.8446679687499998 
0.96947265625 
0.8253320312499999 
1.07083984375 
0.9020898437499999 
0.5997460937499999 
0.6735742187499998 
0.96244140625 
0.9940820312499998 
0.7755273437499999 
1.03392578125 
1.0063867187500002 
0.92201171875 
0.7304101562499997 
0.91146484375 
1.0591210937500002 
0.97650390625 
0.7731835937499999 
0.7046289062499999 
0.8968164062499998 
1.28587890625 
0.9999414062499997 
0.7532617187499998 
0.9858789062499999 
1.29701171875 
1.10775390625 
0.8147851562499998 
0.7731835937499999 
0.6882226562499998 
0.6032617187499999 
0.8804101562499997 
0.9852929687499998 
1.11830078125 
0.8306054687499999 
1.0772851562499999 
1.2600976562500001 
0.95833984375 
1.00990234375 
0.7046289062499999 
0.8306054687499999 
1.03216796875 
1.13705078125 
0.97826171875 
0.9683007812500001 
1.06146484375 
0.7837304687499999 
1.0948632812499999 
0.8628320312499999 
0.7737695312499999 
0.7813867187499999 
0.92201171875 
0.8540429687499999 
1.2477929687500002 
0.9020898437499999 
0.8634179687499999 
0.9975976562499999 
0.7374414062499998 
1.06791015625 
0.9266992187499999 
0.9073632812499999 
0.8552148437499999 
1.18451171875 
0.8921289062499999 
1.02337890625 
0.8938867187499998 
0.9929101562499998 
0.95365234375 
1.01517578125 
1.2876367187500002 
1.11361328125 
0.7942773437499999 
1.0544335937500002 
0.7772851562499998 
1.16048828125 
1.0403710937500001 
1.1475976562499999 
1.0309960937500002 
0.6343164062499999 
1.01810546875 
0.7520898437499999 
0.8229882812499999 
1.29466796875 
0.6700585937499999 
1.21205078125 
1.0497460937500003 
0.9056054687499998 
1.37552734375 
0.9308007812500001 
1.2483789062500001 
0.7843164062499999 
1.12591796875 
1.08841796875 
0.98119140625 
0.9899804687499998 
1.0403710937500001 
0.8024804687499998 
0.93255859375 
1.2548242187500003 
0.94837890625 
0.7034570312499998 
0.8235742187499998 
0.9554101562499999 
0.8862695312499999 
0.8499414062499998 
1.11302734375 
0.96009765625 
1.2173242187500002 
1.14291015625 
0.9970117187499998 
0.6841210937499999 
0.96712890625 
0.8862695312499999 
1.05384765625 
0.97474609375 
0.96771484375 
0.6600976562499998 
1.06908203125 
1.00052734375 
0.7479882812499998 
0.9097070312499999 
0.8311914062499999 
1.02103515625 
0.8733789062499998 
0.7292382812499998 
0.7450585937499998 
1.00228515625 
1.30462890625 
1.13705078125 
0.8874414062499998 
1.2706445312500003 
0.8956445312499999 
0.6759179687499999 
0.8540429687499999 
1.1763085937500002 
1.2220117187500001 
1.1165429687500001 
0.6308007812499999 
0.8153710937499998 
1.0356835937500002 
1.1464257812499998 
1.02748046875 
1.05619140625 
1.07083984375 
1.12708984375 
1.19212890625 
0.8487695312499999 
1.03041015625 
0.9091210937499998 
0.8048242187499998 
0.9266992187499999 
0.8809960937499998 
0.8675195312499999 
1.14408203125 
0.9952539062499999 
0.9091210937499998 
0.8546289062499999 
0.9683007812500001 
1.17865234375 
0.8727929687499998 
0.7040429687499998 
0.8065820312499998 
1.14115234375 
0.9395898437500001 
0.8516992187499998 
0.8821679687499998 
1.0491601562500001 
0.7913476562499999 
0.7145898437499999 
0.9009179687499999 
0.7427148437499999 
1.2817773437500002 
0.8522851562499998 
0.95365234375 
1.10658203125 
0.8563867187499998 
1.15404296875 
0.7960351562499999 
0.7444726562499998 
1.08373046875 
1.31458984375 
0.8224023437499999 
1.11419921875 
1.1200585937500003 
1.0309960937500002 
1.05150390625 
0.5382226562499999 
0.9050195312499999 
0.7309960937499997 
1.2302148437500002 
0.92201171875 
0.92083984375 
1.17865234375 
0.7684960937499998 
1.15580078125 
0.8663476562499999 
1.1475976562499999 
0.97943359375 
0.7016992187499997 
0.9800195312500001 
0.8938867187499998 
1.0444726562500002 
0.98060546875 
0.98412109375 
1.2747460937500004 
1.1493554687499998 
1.2700585937500004 
0.5634179687499999 
0.7819726562499999 
1.2132226562500001 
0.8505273437499998 
1.04798828125 
1.1475976562499999 
1.14701171875 
1.0239648437500002 
0.8095117187499998 
0.93548828125 
0.8792382812499998 
0.6811914062499999 
0.8083398437499999 
0.9970117187499998 
1.16576171875 
1.16341796875 
0.93490234375 
0.97181640625 
0.92259765625 
1.1710351562499999 
0.7268945312499998 
0.8224023437499999 
0.5839257812499999 
1.3251367187500003 
1.1018945312500001 
1.22611328125 
1.2600976562500001 
0.8212304687499998 
1.33978515625 
1.0356835937500002 
1.36146484375 
1.0251367187500002 
1.08373046875 
0.6665429687499999 
1.03392578125 
1.01810546875 
1.12416015625 
0.7708398437499999 
0.9308007812500001 
1.0239648437500002 
0.9999414062499997 
0.7907617187499999 
1.3391992187500001 
0.79017578125 
1.1194726562500001 
0.6817773437499999 
1.19154296875 
0.9770898437500001 
0.7708398437499999 
0.7216210937499998 
1.33744140625 
1.21966796875 
0.7725976562499999 
0.7556054687499998 
0.9044335937499999 
1.05560546875 
0.8452539062499999 
0.8388085937499998 
0.8177148437499999 
0.7614648437499999 
1.12298828125 
1.05970703125 
1.01927734375 
0.93197265625 
1.26244140625 
0.92435546875 
1.0309960937500002 
1.39134765625 
0.8499414062499998 
0.8581445312499999 
1.0257226562500001 
0.8558007812499999 
0.97123046875 
1.13177734375 
0.9079492187499998 
0.7450585937499998 
0.9073632812499999 
1.22435546875 
0.96537109375 
1.03392578125 
0.8218164062499999 
0.92728515625 
0.9266992187499999 
1.16224609375 
0.8552148437499999 
1.20501953125 
