23 14 13 
1.03802734375 
0.8417382812499998 
0.7802148437499999 
1.0345117187500001 
1.0491601562500001 
1.0579492187500001 
0.7503320312499998 
0.6308007812499999 
1.1048242187500001 
1.22083984375 
0.8159570312499999 
0.8323632812499999 
0.8891992187499997 
1.16927734375 
0.7556054687499998 
1.1511132812499998 
0.8768945312499998 
0.8938867187499998 
0.8886132812499998 
1.01341796875 
0.9530664062499999 
0.7966210937499999 
0.8054101562499998 
1.16458984375 
0.8177148437499999 
0.92552734375 
0.91087890625 
0.8763085937499998 
0.8974023437499998 
0.8927148437499999 
1.03685546875 
0.91673828125 
0.9331445312500001 
1.1013085937500002 
0.8106835937499999 
0.8352929687499998 
0.98294921875 
0.6102929687499998 
1.0309960937500002 
0.9097070312499999 
1.0438867187500003 
0.7280664062499997 
1.19154296875 
1.2513085937500004 
1.15462890625 
1.12767578125 
0.9858789062499999 
1.0655664062499999 
0.5546289062499999 
1.17396484375 
1.03861328125 
0.7222070312499999 
0.7538476562499998 
0.6266992187499998 
1.12298828125 
1.03392578125 
0.8399804687499998 
0.93197265625 
0.7972070312499999 
1.05150390625 
1.1499414062499997 
0.93783203125 
0.7854882812499999 
0.94662109375 
0.5364648437499999 
1.10951171875 
1.3081445312500002 
1.15521484375 
0.7860742187499998 
0.7380273437499998 
1.06673828125 
0.5792382812499999 
0.7198632812499999 
0.8845117187499998 
1.11478515625 
0.7579492187499998 
0.8675195312499999 
0.93841796875 
0.96654296875 
0.8071679687499999 
0.7192773437499999 
1.02337890625 
0.9975976562499999 
1.02923828125 
0.7110742187499998 
1.28587890625 
0.8827539062499998 
0.6806054687499998 
0.8007226562499998 
0.8862695312499999 
0.7878320312499999 
0.6161523437499998 
1.2372460937500003 
0.8903710937499998 
1.16341796875 
1.07552734375 
0.6993554687499998 
0.9401757812500001 
0.8880273437499998 
1.0075585937500002 
0.92435546875 
0.8868554687499998 
0.7602929687499999 
1.13353515625 
0.7813867187499999 
0.9331445312500001 
0.9858789062499999 
0.7345117187499998 
0.8956445312499999 
0.8804101562499997 
1.2425195312500001 
0.8991601562499998 
0.8130273437499999 
0.9876367187499998 
0.8628320312499999 
1.0251367187500002 
1.05677734375 
0.92552734375 
0.8194726562499999 
0.8704492187499998 
1.16751953125 
0.8763085937499998 
0.8528710937499998 
0.7081445312499999 
1.20091796875 
0.97416015625 
0.9952539062499999 
1.35150390625 
0.93666015625 
0.8704492187499998 
0.92435546875 
0.6202539062499999 
1.0257226562500001 
0.7597070312499998 
0.7561914062499998 
0.9003320312499998 
1.10951171875 
0.7708398437499999 
0.7626367187499998 
1.2349023437500002 
0.96595703125 
0.7725976562499999 
0.6823632812499999 
0.8059960937499998 
0.7315820312499998 
0.8288476562499999 
0.8950585937499999 
1.06439453125 
0.8528710937499998 
0.92962890625 
0.8862695312499999 
0.7058007812499999 
0.8628320312499999 
0.9501367187499999 
0.8886132812499998 
1.24017578125 
1.18685546875 
1.0714257812499999 
0.96361328125 
0.8311914062499999 
0.7497460937499998 
0.9214257812500001 
1.16048828125 
0.9548242187499999 
0.7134179687499999 
0.7573632812499999 
0.7069726562499998 
1.09017578125 
0.8985742187499998 
0.6893945312499998 
1.16927734375 
0.95072265625 
0.7368554687499997 
0.91029296875 
0.9032617187499998 
0.98412109375 
0.6536523437499998 
1.30169921875 
0.6015039062499999 
1.31400390625 
0.9987695312499999 
0.93255859375 
0.7843164062499999 
1.3040429687500001 
0.6893945312499998 
0.9044335937499999 
0.98294921875 
0.9266992187499999 
1.19681640625 
0.9905664062499998 
0.97591796875 
0.7667382812499999 
0.9946679687499999 
1.19798828125 
1.00580078125 
0.9800195312500001 
0.8077539062499999 
0.8206445312499999 
0.94603515625 
0.6671289062499999 
0.9003320312499998 
0.6993554687499998 
1.08431640625 
0.6319726562499999 
1.11830078125 
0.8042382812499999 
1.1013085937500002 
0.94720703125 
0.8522851562499998 
1.16927734375 
0.5763085937499999 
0.91029296875 
1.00228515625 
1.3444726562500002 
0.98119140625 
0.7790429687499999 
0.6395898437499999 
1.13763671875 
0.7667382812499999 
0.96888671875 
1.04798828125 
0.5569726562499999 
0.7936914062499999 
0.7391992187499997 
1.04798828125 
0.8792382812499998 
1.24720703125 
0.7286523437499998 
1.06615234375 
0.6595117187499998 
0.94779296875 
1.28587890625 
0.8610742187499998 
0.8815820312499998 
1.28998046875 
0.5634179687499999 
0.9079492187499998 
1.12650390625 
0.9559960937499999 
0.7825585937499999 
0.7837304687499999 
1.1417382812499999 
1.0474023437500002 
0.7649804687499998 
0.7233789062499998 
0.91966796875 
0.9735742187499999 
1.2407617187500002 
1.16341796875 
0.8024804687499998 
0.9530664062499999 
0.96068359375 
0.7989648437499999 
0.8399804687499998 
0.8903710937499998 
1.18685546875 
0.8358789062499998 
0.7421289062499998 
1.2313867187500003 
1.09837890625 
0.8001367187499998 
1.0702539062499998 
0.6220117187499998 
0.8962304687499998 
0.97591796875 
1.01576171875 
0.7890039062499999 
0.7011132812499998 
0.8399804687499998 
0.91908203125 
1.30462890625 
0.8288476562499999 
0.6220117187499998 
0.9097070312499999 
0.9020898437499999 
0.7304101562499997 
1.1417382812499999 
0.5979882812499999 
0.8640039062499999 
0.8253320312499999 
1.09720703125 
0.92318359375 
0.7550195312499999 
1.30345703125 
1.31517578125 
0.7919335937499999 
0.9800195312500001 
0.7972070312499999 
0.7837304687499999 
1.2893945312500001 
0.9091210937499998 
0.7134179687499999 
0.6477929687499998 
0.8159570312499999 
0.8745507812499999 
0.7860742187499998 
0.6952539062499998 
0.8780664062499998 
1.2565820312500002 
0.9044335937499999 
