28 14 8 
1.06908203125 
0.8534570312499998 
1.21673828125 
0.8681054687499998 
0.94779296875 
1.0251367187500002 
0.8974023437499998 
0.6981835937499998 
0.6460351562499999 
0.8675195312499999 
0.8663476562499999 
1.2706445312500003 
0.7972070312499999 
0.7386132812499998 
0.91849609375 
0.7977929687499998 
0.7591210937499998 
0.7532617187499998 
0.92787109375 
0.96888671875 
0.8323632812499999 
0.92904296875 
0.7860742187499998 
0.6436914062499999 
0.8013085937499999 
1.0638085937500001 
0.92845703125 
0.6975976562499998 
0.7638085937499999 
0.7268945312499998 
0.9419335937500001 
0.8985742187499998 
0.8329492187499998 
1.0075585937500002 
0.92318359375 
0.8716210937499999 
0.7995507812499999 
0.6384179687499999 
1.08373046875 
1.31927734375 
0.8991601562499998 
0.9917382812499999 
1.0251367187500002 
0.7538476562499998 
1.23548828125 
0.7304101562499997 
1.01751953125 
0.6987695312499999 
0.8183007812499999 
0.8675195312499999 
0.94544921875 
1.15638671875 
1.07083984375 
0.7538476562499998 
0.6946679687499998 
0.7597070312499998 
0.8575585937499999 
0.9020898437499999 
0.92728515625 
1.21791015625 
0.8798242187499997 
1.09017578125 
0.8640039062499999 
1.12708984375 
0.9647851562499999 
1.07845703125 
0.9905664062499998 
0.8048242187499998 
0.9179101562499999 
1.15873046875 
1.1927148437500001 
0.9952539062499999 
0.8921289062499999 
0.7860742187499998 
0.6641992187499998 
0.8253320312499999 
1.13529296875 
0.7186914062499998 
1.1511132812499998 
0.7720117187499999 
1.22025390625 
0.6108789062499999 
0.6378320312499999 
1.2571679687500001 
1.0052148437500001 
0.8001367187499998 
0.6266992187499998 
0.7813867187499999 
0.9020898437499999 
0.7245507812499998 
0.8950585937499999 
0.7503320312499998 
0.8727929687499998 
1.1809960937500001 
1.11361328125 
0.7936914062499999 
1.04212890625 
0.7702539062499999 
1.13646484375 
0.8991601562499998 
0.8370507812499999 
0.6489648437499999 
0.9091210937499998 
0.7731835937499999 
1.1505273437499999 
1.07669921875 
0.6231835937499999 
1.17455078125 
1.02162109375 
0.7339257812499999 
1.12123046875 
1.08197265625 
0.96361328125 
0.9067773437499999 
0.7380273437499998 
0.7550195312499999 
0.9308007812500001 
1.2794335937500003 
0.9876367187499998 
0.9015039062499999 
0.95951171875 
0.6612695312499999 
0.94544921875 
0.94134765625 
0.9770898437500001 
0.8030664062499998 
0.7761132812499999 
1.12123046875 
0.7843164062499999 
0.9091210937499998 
0.7731835937499999 
1.14818359375 
0.7743554687499998 
0.8909570312499998 
1.2835351562500001 
0.7720117187499999 
1.16283203125 
0.97474609375 
1.06849609375 
0.8657617187499999 
0.9448632812500001 
0.7684960937499998 
1.01986328125 
0.92552734375 
1.07201171875 
1.2114648437500002 
1.08373046875 
0.92494140625 
0.8897851562499998 
0.97826171875 
0.7028710937499998 
0.9882226562499998 
0.8722070312499999 
0.7749414062499999 
0.7409570312499998 
0.94955078125 
0.92435546875 
0.8558007812499999 
1.07376953125 
1.1640039062499998 
0.8704492187499998 
1.07259765625 
0.5212304687499999 
0.52650390625 
1.0655664062499999 
1.08314453125 
1.13060546875 
0.92904296875 
1.01517578125 
1.2337304687500001 
0.7163476562499999 
0.7099023437499998 
0.8100976562499999 
0.7386132812499998 
0.8112695312499999 
0.8247460937499999 
1.2794335937500003 
0.6671289062499999 
0.9899804687499998 
0.7831445312499999 
0.7503320312499998 
0.7556054687499998 
1.17455078125 
1.08783203125 
0.9395898437500001 
0.7989648437499999 
0.9302148437500001 
1.0503320312500002 
0.7239648437499998 
1.13119140625 
0.8475976562499998 
1.2641992187500002 
0.94134765625 
0.6091210937499999 
1.2753320312500003 
1.06439453125 
1.17806640625 
1.31458984375 
0.7655664062499998 
1.15873046875 
0.93607421875 
0.91556640625 
0.94779296875 
1.00228515625 
1.12181640625 
0.96771484375 
0.8218164062499999 
0.7602929687499999 
0.7145898437499999 
1.2325585937500003 
0.8048242187499998 
0.8007226562499998 
1.06087890625 
0.7456445312499999 
0.9940820312499998 
1.18685546875 
0.8722070312499999 
1.05677734375 
1.01283203125 
1.00931640625 
0.8218164062499999 
0.7597070312499998 
0.9061914062499998 
0.7597070312499998 
1.13470703125 
0.8311914062499999 
1.20267578125 
0.7608789062499999 
0.8540429687499999 
0.97416015625 
0.7620507812499999 
1.0227929687500001 
0.9173242187499999 
0.8933007812499999 
0.7503320312499998 
0.9091210937499998 
0.8634179687499999 
0.96771484375 
1.2524804687500002 
0.6091210937499999 
1.1698632812499998 
0.7696679687499999 
0.8071679687499999 
0.7714257812499999 
1.29935546875 
0.9870507812499999 
0.7444726562499998 
0.91966796875 
1.1886132812499999 
1.07201171875 
0.8540429687499999 
0.7819726562499999 
0.92904296875 
1.2806054687500001 
0.8323632812499999 
0.94427734375 
0.9425195312500001 
0.6589257812499999 
1.00580078125 
1.1224023437500001 
1.36615234375 
0.9876367187499998 
1.29056640625 
0.9032617187499998 
1.07552734375 
0.8569726562499999 
0.6360742187499998 
0.97240234375 
1.30345703125 
1.00990234375 
0.82767578125 
0.98412109375 
1.0063867187500002 
0.8335351562499999 
1.0309960937500002 
1.02748046875 
0.8938867187499998 
0.7468164062499998 
0.7087304687499998 
0.91673828125 
0.8311914062499999 
0.94896484375 
0.96537109375 
0.93373046875 
0.7251367187499997 
0.97416015625 
0.9923242187499998 
0.6431054687499999 
0.5429101562499998 
1.1001367187500002 
0.8862695312499999 
0.79017578125 
0.7860742187499998 
1.17220703125 
0.97826171875 
0.7731835937499999 
0.7725976562499999 
1.1681054687499999 
0.8628320312499999 
1.14583984375 
