33 14 3 
0.9987695312499999 
0.6589257812499999 
1.2507226562500002 
0.9173242187499999 
0.8165429687499999 
0.9009179687499999 
0.7520898437499999 
1.1018945312500001 
1.1224023437500001 
0.8001367187499998 
0.91205078125 
0.8452539062499999 
0.78958984375 
0.8634179687499999 
1.1059960937500002 
1.13001953125 
0.8927148437499999 
1.14701171875 
0.7368554687499997 
0.8968164062499998 
0.7544335937499999 
0.94369140625 
0.9067773437499999 
0.7661523437499999 
0.7391992187499997 
0.8089257812499999 
0.9079492187499998 
0.91439453125 
0.7251367187499997 
0.7843164062499999 
0.8370507812499999 
0.7866601562499999 
0.95775390625 
0.8487695312499999 
0.8516992187499998 
0.8487695312499999 
0.8985742187499998 
0.8628320312499999 
1.2337304687500001 
1.03626953125 
1.06908203125 
1.0825585937500002 
0.7204492187499998 
0.92611328125 
0.8311914062499999 
0.93548828125 
0.9003320312499998 
0.96595703125 
0.6964257812499999 
0.9554101562499999 
1.0286523437500001 
0.9266992187499999 
1.0761132812499998 
0.8130273437499999 
0.8868554687499998 
0.5886132812499999 
0.9448632812500001 
0.6518945312499999 
0.7497460937499998 
0.9987695312499999 
0.7134179687499999 
0.6882226562499998 
0.9917382812499999 
0.94955078125 
0.7198632812499999 
0.95833984375 
1.0890039062499999 
1.1124414062499999 
0.8622460937499998 
0.8622460937499998 
0.9050195312499999 
1.1224023437500001 
0.8065820312499998 
1.0503320312500002 
0.9929101562499998 
0.6964257812499999 
0.7819726562499999 
0.96595703125 
0.9876367187499998 
0.8130273437499999 
0.7936914062499999 
0.7591210937499998 
0.6800195312499999 
0.94544921875 
0.5956445312499999 
0.8599023437499999 
0.7708398437499999 
0.6577539062499999 
1.01751953125 
0.8979882812499999 
0.8663476562499999 
0.9964257812499999 
1.02806640625 
0.94837890625 
0.9026757812499999 
0.8897851562499998 
0.8370507812499999 
0.8089257812499999 
1.2729882812500002 
0.93373046875 
0.98412109375 
0.5751367187499998 
0.9999414062499997 
1.0638085937500001 
0.94955078125 
0.8552148437499999 
0.5604882812499999 
1.22962890625 
0.96244140625 
0.8733789062499998 
0.9683007812500001 
0.91263671875 
0.92376953125 
0.7052148437499999 
1.05150390625 
1.03919921875 
0.7544335937499999 
0.8874414062499998 
1.01166015625 
0.6747460937499998 
0.8681054687499998 
1.05384765625 
1.01458984375 
0.7491601562499998 
1.03333984375 
0.8206445312499999 
0.9179101562499999 
0.8786523437499998 
0.92962890625 
0.8768945312499998 
0.93724609375 
1.2132226562500001 
1.2565820312500002 
0.7907617187499999 
1.11830078125 
1.04798828125 
0.6343164062499999 
1.0298242187500002 
0.8727929687499998 
0.8516992187499998 
0.8013085937499999 
0.7128320312499998 
0.6823632812499999 
0.7233789062499998 
0.8194726562499999 
1.29466796875 
0.8780664062499998 
0.9501367187499999 
0.7280664062499997 
1.1927148437500001 
0.7245507812499998 
0.9097070312499999 
0.98412109375 
0.8552148437499999 
0.60267578125 
0.8915429687499998 
1.2759179687500002 
1.07962890625 
0.6636132812499999 
0.92494140625 
0.7966210937499999 
0.8792382812499998 
0.98470703125 
1.15990234375 
0.9073632812499999 
1.2806054687500001 
1.20091796875 
0.93490234375 
0.8833398437499999 
0.91146484375 
1.00580078125 
1.0239648437500002 
1.18685546875 
0.8077539062499999 
0.7761132812499999 
0.7661523437499999 
0.6923242187499997 
0.8763085937499998 
0.93607421875 
0.7362695312499998 
0.9905664062499998 
0.6852929687499998 
0.92611328125 
0.92435546875 
0.93197265625 
0.9003320312499998 
0.8745507812499999 
0.8575585937499999 
0.93373046875 
0.7222070312499999 
1.26478515625 
0.8311914062499999 
1.13353515625 
0.8165429687499999 
1.0579492187500001 
0.94779296875 
0.8610742187499998 
0.92962890625 
0.91615234375 
0.6811914062499999 
0.8493554687499998 
0.8698632812499999 
0.8751367187499998 
0.7181054687499998 
0.96126953125 
0.8241601562499998 
1.11712890625 
0.7374414062499998 
1.1358789062499999 
0.97123046875 
0.91673828125 
0.8434960937499998 
0.8118554687499998 
0.8329492187499998 
1.13880859375 
0.7503320312499998 
0.8487695312499999 
1.1188867187500002 
1.20560546875 
1.04212890625 
1.2190820312500001 
0.7608789062499999 
1.14408203125 
0.7298242187499997 
0.7532617187499998 
0.7966210937499999 
0.9179101562499999 
1.2126367187500002 
1.04212890625 
0.8235742187499998 
1.09544921875 
0.95951171875 
0.9870507812499999 
0.8159570312499999 
1.2934960937500002 
0.8446679687499998 
1.0813867187500001 
1.2630273437500001 
1.30462890625 
0.9501367187499999 
0.8253320312499999 
0.5809960937499998 
0.8528710937499998 
0.96888671875 
0.9864648437499999 
0.97474609375 
0.8247460937499999 
0.8341210937499999 
0.6349023437499999 
0.6313867187499999 
1.02337890625 
0.8183007812499999 
0.9975976562499999 
0.7989648437499999 
0.8909570312499998 
1.30345703125 
0.96537109375 
1.2126367187500002 
0.96947265625 
1.28119140625 
0.93666015625 
0.7134179687499999 
1.22962890625 
0.93548828125 
0.7778710937499999 
0.9530664062499999 
0.6653710937499998 
0.96654296875 
0.94310546875 
0.56693359375 
0.91908203125 
0.7649804687499998 
0.7397851562499997 
1.31166015625 
0.6460351562499999 
0.8968164062499998 
1.0433007812500001 
0.7948632812499999 
0.7597070312499998 
0.8991601562499998 
1.03978515625 
0.9026757812499999 
1.11712890625 
1.2325585937500003 
0.95951171875 
0.5499414062499999 
0.9548242187499999 
0.7966210937499999 
1.06205078125 
0.9852929687499998 
0.9975976562499999 
1.21087890625 
0.97474609375 
0.6882226562499998 
0.95716796875 
0.8569726562499999 
1.10775390625 
0.8522851562499998 
0.8686914062499999 
1.2595117187500002 
