10 15 25 
0.8141992187499998 
0.7544335937499999 
0.8423242187499997 
1.2477929687500002 
1.1886132812499999 
0.7919335937499999 
0.9050195312499999 
1.1505273437499999 
0.9999414062499997 
1.1417382812499999 
1.2888085937500002 
1.2806054687500001 
0.8710351562499998 
1.31048828125 
0.9302148437500001 
0.6454492187499998 
1.13236328125 
0.95716796875 
1.1827539062499999 
1.00345703125 
1.3075585937500003 
0.7309960937499997 
1.3216210937500001 
0.91673828125 
0.8147851562499998 
0.8874414062499998 
1.17044921875 
0.96712890625 
0.7134179687499999 
1.17162109375 
1.13822265625 
0.8112695312499999 
1.3239648437500002 
1.1282617187500001 
1.13998046875 
0.94310546875 
1.08373046875 
0.7497460937499998 
0.8470117187499998 
0.7960351562499999 
0.9870507812499999 
1.18333984375 
1.20326171875 
1.1124414062499999 
0.8077539062499999 
1.22728515625 
1.30873046875 
1.09427734375 
1.1686914062499998 
0.6958398437499999 
1.18626953125 
0.7702539062499999 
0.8417382812499998 
1.2407617187500002 
0.8282617187499999 
0.7608789062499999 
0.8229882812499999 
0.5388085937499999 
1.36146484375 
0.8001367187499998 
1.1247460937500002 
0.8657617187499999 
0.8938867187499998 
0.6659570312499998 
1.18216796875 
0.7872460937499999 
0.9870507812499999 
0.8745507812499999 
1.13001953125 
1.0520898437500001 
1.0227929687500001 
0.93373046875 
1.11595703125 
0.8716210937499999 
0.7673242187499998 
1.15873046875 
0.94662109375 
1.1194726562500001 
1.1511132812499998 
0.9395898437500001 
0.8921289062499999 
0.92025390625 
0.97533203125 
1.2331445312500002 
1.0714257812499999 
1.3069726562500001 
0.7931054687499999 
1.1206445312500002 
1.1200585937500003 
1.06615234375 
0.8751367187499998 
0.8165429687499999 
0.7913476562499999 
0.8417382812499998 
0.92376953125 
0.6477929687499998 
1.16458984375 
0.8909570312499998 
1.21498046875 
0.9026757812499999 
1.3298242187500002 
0.97416015625 
1.15580078125 
0.8663476562499999 
0.93490234375 
0.7005273437499998 
0.6987695312499999 
0.9987695312499999 
0.92376953125 
1.07962890625 
1.1827539062499999 
0.8833398437499999 
0.8177148437499999 
0.93255859375 
0.91966796875 
1.09544921875 
0.8341210937499999 
1.18626953125 
0.7860742187499998 
1.20208984375 
1.15462890625 
0.7462304687499998 
1.09193359375 
1.2061914062499999 
0.96126953125 
1.2378320312500002 
0.7028710937499998 
1.17455078125 
1.2395898437500001 
0.9970117187499998 
1.00462890625 
1.12767578125 
0.93255859375 
1.3474023437500002 
1.2694726562500003 
0.96595703125 
1.08841796875 
0.6882226562499998 
1.22142578125 
1.16224609375 
1.09427734375 
1.1206445312500002 
1.2700585937500004 
0.5100976562499999 
0.9530664062499999 
0.8270898437499999 
0.6694726562499999 
1.1294335937500002 
1.1452539062499998 
1.16166015625 
0.8411523437499998 
0.9266992187499999 
1.3169335937500002 
0.7766992187499998 
1.08197265625 
1.0714257812499999 
1.16107421875 
0.8499414062499998 
1.16927734375 
1.0743554687499999 
0.7374414062499998 
1.1200585937500003 
1.30228515625 
1.00580078125 
1.3356835937500002 
0.7766992187499998 
1.03333984375 
0.8891992187499997 
1.2044335937500001 
0.98353515625 
0.91439453125 
1.33392578125 
0.8804101562499997 
0.78958984375 
1.2548242187500003 
1.1446679687499999 
1.07201171875 
0.7567773437499998 
1.0761132812499998 
1.2366601562500001 
1.1294335937500002 
1.20150390625 
0.8751367187499998 
1.20267578125 
0.8669335937499999 
0.8288476562499999 
1.1886132812499999 
1.10892578125 
1.20384765625 
1.13119140625 
0.93431640625 
0.92259765625 
1.18509765625 
0.6970117187499998 
1.3245507812500001 
1.29525390625 
1.18216796875 
1.3069726562500001 
1.01166015625 
0.9401757812500001 
1.19330078125 
0.8751367187499998 
1.21556640625 
1.22376953125 
1.10658203125 
1.2770898437500002 
0.5745507812499999 
0.8927148437499999 
0.7444726562499998 
1.1511132812499998 
1.28705078125 
0.6899804687499997 
1.17982421875 
0.9770898437500001 
0.8815820312499998 
1.16166015625 
1.0520898437500001 
0.6577539062499999 
1.1253320312500001 
0.7854882812499999 
1.2483789062500001 
0.9050195312499999 
0.8183007812499999 
0.7931054687499999 
0.96712890625 
0.98470703125 
0.79251953125 
1.07787109375 
1.2220117187500001 
0.97884765625 
1.02923828125 
1.00462890625 
0.8856835937499998 
0.8768945312499998 
0.7245507812499998 
0.8440820312499998 
0.9266992187499999 
0.95658203125 
0.6630273437499998 
1.0345117187500001 
0.9641992187499999 
0.91087890625 
1.19212890625 
1.0825585937500002 
1.0309960937500002 
0.7333398437499998 
1.02103515625 
1.01576171875 
1.2571679687500001 
1.0813867187500001 
0.98060546875 
0.8352929687499998 
1.2220117187500001 
1.28705078125 
1.11185546875 
1.5524804687500002 
0.93841796875 
0.7673242187499998 
0.6097070312499999 
0.9852929687499998 
1.22083984375 
0.8470117187499998 
1.13939453125 
0.7274804687499997 
0.97474609375 
0.9987695312499999 
0.94720703125 
0.8798242187499997 
1.20501953125 
1.24427734375 
1.13060546875 
0.8985742187499998 
1.2981835937500001 
1.20853515625 
0.60501953125 
0.8610742187499998 
0.8558007812499999 
1.16693359375 
0.8171289062499999 
1.2741601562500002 
0.7110742187499998 
1.06498046875 
0.8698632812499999 
0.8235742187499998 
0.9958398437499999 
1.06732421875 
1.32923828125 
0.6911523437499998 
1.18333984375 
1.29642578125 
1.2712304687500002 
0.8417382812499998 
0.8522851562499998 
1.20912109375 
0.7268945312499998 
0.6964257812499999 
1.13353515625 
0.9993554687499997 
1.21966796875 
0.9038476562499999 
