18 15 17 
0.7591210937499998 
1.02455078125 
0.8850976562499998 
0.9946679687499999 
0.8159570312499999 
1.20794921875 
0.91029296875 
0.8194726562499999 
1.06615234375 
0.6272851562499998 
1.10892578125 
0.7233789062499998 
0.8950585937499999 
0.7573632812499999 
0.98353515625 
0.95423828125 
0.6999414062499998 
0.9858789062499999 
0.6313867187499999 
1.17806640625 
0.9893945312499999 
0.8839257812499999 
0.8622460937499998 
0.96595703125 
0.6102929687499998 
0.8423242187499997 
1.32337890625 
0.6091210937499999 
1.2876367187500002 
0.9548242187499999 
1.05853515625 
0.8780664062499998 
0.9917382812499999 
0.8352929687499998 
0.93373046875 
1.00990234375 
0.96888671875 
0.8423242187499997 
0.8054101562499998 
0.8862695312499999 
0.9302148437500001 
0.7210351562499998 
0.8206445312499999 
0.91205078125 
0.6671289062499999 
0.9683007812500001 
1.17455078125 
1.0579492187500001 
0.6929101562499997 
1.02044921875 
0.7110742187499998 
0.6565820312499998 
1.22552734375 
1.03802734375 
1.02923828125 
1.0491601562500001 
0.7011132812499998 
1.00169921875 
0.8528710937499998 
0.95892578125 
0.8891992187499997 
0.5833398437499999 
1.19798828125 
0.8710351562499998 
0.96654296875 
0.91029296875 
0.97064453125 
0.9958398437499999 
0.9003320312499998 
0.97181640625 
0.93255859375 
0.8686914062499999 
0.7766992187499998 
0.8540429687499999 
0.5663476562499999 
1.2612695312500002 
0.7327539062499998 
0.8054101562499998 
0.8136132812499999 
1.00052734375 
0.7391992187499997 
0.8423242187499997 
1.00931640625 
0.8897851562499998 
1.30462890625 
0.8265039062499999 
0.97650390625 
0.8235742187499998 
0.8640039062499999 
1.20501953125 
0.7626367187499998 
0.9548242187499999 
1.2835351562500001 
0.6624414062499998 
0.8546289062499999 
0.9015039062499999 
1.12181640625 
0.8475976562499998 
0.6507226562499998 
0.95189453125 
1.1200585937500003 
0.8200585937499999 
0.98236328125 
0.8692773437499999 
0.8862695312499999 
0.94896484375 
0.96947265625 
0.9559960937499999 
0.7034570312499998 
0.91205078125 
0.7720117187499999 
0.8686914062499999 
1.2571679687500001 
1.1106835937500001 
0.91908203125 
0.7890039062499999 
0.6706445312499999 
1.0550195312500001 
1.08021484375 
0.8657617187499999 
0.7268945312499998 
1.03626953125 
0.5839257812499999 
1.15580078125 
1.03861328125 
0.8440820312499998 
0.8001367187499998 
0.9882226562499998 
0.6724023437499999 
0.94076171875 
1.14583984375 
1.3040429687500001 
0.7813867187499999 
0.91439453125 
1.01166015625 
0.8481835937499999 
0.98353515625 
1.06498046875 
0.7761132812499999 
0.8288476562499999 
0.8282617187499999 
0.6003320312499999 
0.5786523437499999 
1.07845703125 
1.00873046875 
1.13705078125 
0.8599023437499999 
0.92435546875 
0.78958984375 
0.9015039062499999 
0.97826171875 
0.7995507812499999 
0.8645898437499999 
0.9179101562499999 
1.03392578125 
1.36908203125 
1.2489648437500003 
1.0444726562500002 
0.9934960937499998 
0.7257226562499998 
0.9448632812500001 
0.7456445312499999 
1.00931640625 
1.00462890625 
1.04212890625 
1.06908203125 
1.08431640625 
0.6589257812499999 
0.96537109375 
0.9970117187499998 
0.8962304687499998 
1.13001953125 
1.16048828125 
0.8616601562499998 
0.92845703125 
0.96771484375 
1.02103515625 
0.9079492187499998 
0.5891992187499998 
0.8821679687499998 
0.97416015625 
0.98412109375 
0.6876367187499998 
0.8991601562499998 
0.92904296875 
0.9888085937499999 
0.93197265625 
0.6149804687499998 
0.7526757812499999 
1.19740234375 
0.7872460937499999 
0.8804101562499997 
0.7374414062499998 
0.7509179687499998 
1.2507226562500002 
0.8528710937499998 
0.8475976562499998 
0.8089257812499999 
1.15169921875 
0.7081445312499999 
0.8558007812499999 
0.93490234375 
0.7415429687499998 
0.6829492187499998 
0.8698632812499999 
0.7479882812499998 
1.12298828125 
1.17044921875 
0.8347070312499999 
0.92728515625 
0.7192773437499999 
0.9559960937499999 
0.9934960937499998 
1.03626953125 
1.03919921875 
0.92728515625 
0.8599023437499999 
0.7638085937499999 
0.7374414062499998 
0.7046289062499999 
0.9038476562499999 
0.6225976562499999 
1.18509765625 
1.3075585937500003 
0.6899804687499997 
1.08197265625 
0.8774804687499997 
1.24486328125 
1.15462890625 
1.20912109375 
0.97533203125 
0.7995507812499999 
1.2126367187500002 
0.6513085937499998 
1.2888085937500002 
0.6882226562499998 
0.7942773437499999 
0.9067773437499999 
0.8587304687499998 
1.0638085937500001 
1.2571679687500001 
1.02220703125 
0.5007226562499999 
0.97533203125 
0.91029296875 
1.08548828125 
1.11712890625 
0.8979882812499999 
0.7743554687499998 
1.3309960937500003 
0.92611328125 
1.2278710937500001 
0.98353515625 
0.92728515625 
0.6724023437499999 
0.8968164062499998 
0.8745507812499999 
0.8985742187499998 
0.7585351562499998 
0.8100976562499999 
1.17689453125 
1.06908203125 
0.8270898437499999 
0.7878320312499999 
0.7597070312499998 
0.94076171875 
1.08666015625 
1.1013085937500002 
1.03802734375 
0.97884765625 
0.6554101562499998 
0.9073632812499999 
1.11595703125 
0.9776757812500001 
1.07904296875 
1.20912109375 
1.10951171875 
0.7151757812499999 
1.32337890625 
0.7784570312499999 
0.8229882812499999 
0.9061914062499998 
1.2548242187500003 
0.7134179687499999 
0.96068359375 
1.1235742187500002 
1.22259765625 
0.8634179687499999 
1.11361328125 
0.8434960937499998 
0.7005273437499998 
0.8845117187499998 
0.8265039062499999 
0.8862695312499999 
1.1106835937500001 
0.7339257812499999 
0.7585351562499998 
0.8399804687499998 
0.8985742187499998 
0.7854882812499999 
