14 2 34 
1.2688867187500004 
1.2794335937500003 
1.2518945312500003 
1.30345703125 
1.39134765625 
1.3591210937500002 
1.28998046875 
1.28822265625 
1.37435546875 
1.28587890625 
1.22611328125 
1.3503320312500002 
1.37845703125 
1.28529296875 
1.3263085937500003 
1.23841796875 
1.31166015625 
1.2753320312500003 
1.35267578125 
1.4944726562500001 
1.41595703125 
1.2641992187500002 
1.3597070312500001 
1.31634765625 
1.4013085937500003 
1.35560546875 
1.28236328125 
1.2835351562500001 
1.4798242187500001 
1.5032617187500001 
1.3520898437500002 
1.3532617187500002 
1.4007226562500001 
1.32806640625 
1.35853515625 
1.40541015625 
1.35619140625 
1.41185546875 
1.30873046875 
1.50853515625 
1.3591210937500002 
1.3544335937500003 
1.3597070312500001 
1.5319726562500002 
1.3977929687500001 
1.33685546875 
1.2554101562500002 
1.39310546875 
1.42884765625 
1.2864648437500001 
1.4452539062499998 
1.2653710937500002 
1.3626367187500001 
1.35736328125 
1.3239648437500002 
1.4575585937500002 
1.38666015625 
1.3081445312500002 
1.31166015625 
1.38548828125 
1.2893945312500001 
1.4153710937500001 
1.2565820312500002 
1.2923242187500001 
1.28236328125 
1.3684960937500001 
1.34681640625 
1.2659570312500001 
1.2841210937500003 
1.41595703125 
1.39134765625 
1.3597070312500001 
1.3040429687500001 
1.3063867187500002 
1.33802734375 
1.4282617187500002 
1.37142578125 
1.3813867187500002 
1.2747460937500004 
1.4300195312500001 
1.2331445312500002 
1.29056640625 
1.33216796875 
1.32806640625 
1.39310546875 
1.1956445312500001 
1.3520898437500002 
1.2841210937500003 
1.37435546875 
1.30345703125 
1.5032617187500001 
1.2999414062499999 
1.4018945312500002 
1.2583398437500002 
1.41185546875 
1.35853515625 
1.2753320312500003 
1.2712304687500002 
1.2776757812500001 
1.3345117187500002 
1.3474023437500002 
1.35736328125 
1.2888085937500002 
1.3268945312500002 
1.2694726562500003 
1.29876953125 
1.37083984375 
1.38197265625 
1.3110742187500002 
1.31400390625 
1.34095703125 
1.3538476562500001 
1.2595117187500002 
1.31400390625 
1.41185546875 
1.3485742187500003 
1.31048828125 
1.42884765625 
1.40892578125 
1.3474023437500002 
1.28119140625 
1.47865234375 
1.2788476562500002 
1.37142578125 
1.2999414062499999 
1.33509765625 
1.3345117187500002 
1.30345703125 
1.3239648437500002 
1.32044921875 
1.36087890625 
1.3532617187500002 
1.2847070312500002 
1.33275390625 
1.36615234375 
1.29291015625 
1.2313867187500003 
1.38080078125 
1.45931640625 
1.36556640625 
1.2161523437500001 
1.3813867187500002 
1.2724023437500003 
1.41361328125 
1.38900390625 
1.31986328125 
1.3462304687500002 
1.33275390625 
1.36322265625 
1.33978515625 
1.2700585937500004 
1.29408203125 
1.36966796875 
1.3433007812500002 
1.2806054687500001 
1.41595703125 
1.33802734375 
1.3597070312500001 
1.2876367187500002 
1.2934960937500002 
1.41185546875 
1.38373046875 
1.29583984375 
1.31810546875 
1.3257226562500002 
1.3597070312500001 
1.35853515625 
1.2735742187500003 
1.39662109375 
1.37845703125 
1.3497460937500003 
1.37669921875 
1.44818359375 
1.38197265625 
1.4944726562500001 
1.2600976562500001 
1.36615234375 
1.3333398437500001 
1.3227929687500002 
1.48978515625 
1.2788476562500002 
1.36087890625 
1.3356835937500002 
1.3263085937500003 
1.4001367187500002 
1.38080078125 
1.28822265625 
1.38958984375 
1.46341796875 
1.36908203125 
1.2565820312500002 
1.3356835937500002 
1.41244140625 
1.22025390625 
1.28705078125 
1.3263085937500003 
1.3761132812499999 
1.30931640625 
1.26361328125 
1.49095703125 
1.38373046875 
1.26244140625 
1.3040429687500001 
1.44408203125 
1.3081445312500002 
1.45287109375 
1.3304101562500001 
1.3550195312500002 
1.3485742187500003 
1.3063867187500002 
1.48158203125 
1.29642578125 
1.2641992187500002 
1.3567773437500001 
1.1985742187500001 
1.47455078125 
1.24427734375 
1.38197265625 
1.3315820312500002 
1.38080078125 
1.2864648437500001 
1.37904296875 
1.31048828125 
1.2349023437500002 
1.5190820312500002 
1.31634765625 
1.4522851562499999 
1.33802734375 
1.29056640625 
1.5530664062500001 
1.45287109375 
1.37201171875 
1.2776757812500001 
1.5349023437500002 
1.43470703125 
1.29525390625 
1.36966796875 
1.30462890625 
1.3456445312500003 
1.4036523437500001 
1.43822265625 
1.29583984375 
1.3749414062499998 
1.37318359375 
1.28529296875 
1.2477929687500002 
1.48451171875 
1.2395898437500001 
1.28529296875 
1.36556640625 
1.33392578125 
1.3391992187500001 
1.3052148437500002 
1.3702539062499999 
1.3304101562500001 
1.2841210937500003 
1.33275390625 
1.39662109375 
1.28587890625 
1.31458984375 
1.2659570312500001 
1.28529296875 
1.2220117187500001 
1.2934960937500002 
1.2507226562500002 
1.4763085937500002 
1.54369140625 
1.29642578125 
1.32220703125 
1.42591796875 
1.35560546875 
1.3831445312500001 
1.28998046875 
1.35267578125 
1.36732421875 
1.2524804687500002 
1.34095703125 
1.4247460937500003 
1.37083984375 
1.37552734375 
1.36029296875 
1.29173828125 
1.29291015625 
1.33275390625 
1.3433007812500002 
1.31751953125 
1.30228515625 
1.30345703125 
1.3509179687500001 
1.26244140625 
1.46693359375 
1.19095703125 
1.4200585937500003 
1.4294335937500002 
1.4247460937500003 
1.2841210937500003 
1.2138085937500003 
1.3749414062499998 
1.3567773437500001 
1.3825585937500002 
