30 16 4 
1.00873046875 
0.7661523437499999 
1.14291015625 
0.97826171875 
0.7380273437499998 
0.7292382812499998 
0.7526757812499999 
0.92611328125 
1.1874414062499998 
0.91322265625 
0.8569726562499999 
0.7849023437499999 
0.9173242187499999 
0.9032617187499998 
0.8845117187499998 
0.94896484375 
0.8165429687499999 
0.7872460937499999 
0.9032617187499998 
1.1206445312500002 
0.7468164062499998 
1.06322265625 
1.10892578125 
1.19154296875 
0.59330078125 
0.94662109375 
0.6472070312499999 
0.8241601562499998 
1.2483789062500001 
0.7315820312499998 
0.7796289062499999 
1.2126367187500002 
0.8100976562499999 
0.8974023437499998 
1.06498046875 
0.8100976562499999 
0.9929101562499998 
0.6677148437499999 
0.8915429687499998 
0.9009179687499999 
0.93724609375 
1.33216796875 
0.8159570312499999 
0.8833398437499999 
0.7725976562499999 
0.7263085937499998 
1.0872460937500001 
1.01341796875 
0.8417382812499998 
1.13998046875 
0.6688867187499998 
0.8183007812499999 
0.7977929687499998 
1.29408203125 
1.18333984375 
0.79017578125 
0.9061914062499998 
1.22376953125 
1.2477929687500002 
0.6536523437499998 
0.9548242187499999 
0.92435546875 
1.26185546875 
1.01458984375 
0.98119140625 
1.06732421875 
0.8306054687499999 
1.0298242187500002 
0.6571679687499998 
0.8065820312499998 
0.8581445312499999 
0.7175195312499999 
1.28119140625 
1.08431640625 
0.95365234375 
0.8001367187499998 
0.93490234375 
1.40248046875 
0.6559960937499998 
0.9302148437500001 
0.92962890625 
1.05267578125 
0.7849023437499999 
0.8370507812499999 
0.8147851562499998 
0.8347070312499999 
0.7977929687499998 
0.7538476562499998 
1.06322265625 
1.00462890625 
0.8417382812499998 
0.8944726562499998 
0.7708398437499999 
0.7960351562499999 
1.26185546875 
1.09544921875 
0.82767578125 
0.7016992187499997 
1.20853515625 
0.7878320312499999 
1.1710351562499999 
1.0591210937500002 
0.6888085937499998 
0.9888085937499999 
1.12767578125 
0.7567773437499998 
0.97123046875 
0.8599023437499999 
0.9003320312499998 
0.7626367187499998 
1.00873046875 
1.2325585937500003 
0.6308007812499999 
1.04798828125 
0.6606835937499999 
0.79251953125 
1.14876953125 
0.9888085937499999 
0.8159570312499999 
1.06146484375 
0.7919335937499999 
0.93490234375 
1.00580078125 
0.9425195312500001 
0.6097070312499999 
0.7755273437499999 
0.8265039062499999 
0.9448632812500001 
0.7485742187499997 
0.8997460937499998 
0.7192773437499999 
0.9870507812499999 
1.06087890625 
0.8604882812499999 
0.7479882812499998 
0.8247460937499999 
1.2501367187500003 
1.1048242187500001 
0.92201171875 
0.8130273437499999 
1.06673828125 
0.91380859375 
1.13236328125 
0.98119140625 
0.91849609375 
1.17689453125 
1.11419921875 
1.17162109375 
0.9876367187499998 
0.6536523437499998 
0.9038476562499999 
0.8376367187499998 
0.96126953125 
1.13470703125 
0.8880273437499998 
0.7725976562499999 
0.96302734375 
0.96244140625 
0.7327539062499998 
0.92376953125 
0.7643945312499999 
0.8499414062499998 
0.7462304687499998 
0.9940820312499998 
0.8130273437499999 
1.01517578125 
0.8745507812499999 
0.8036523437499998 
1.2313867187500003 
0.94544921875 
1.08783203125 
0.6595117187499998 
0.6817773437499999 
0.6173242187499998 
0.7995507812499999 
0.8411523437499998 
0.8259179687499999 
1.0063867187500002 
1.3626367187500001 
1.08841796875 
0.7110742187499998 
0.6653710937499998 
0.8393945312499999 
1.11712890625 
1.12708984375 
0.7104882812499999 
0.94544921875 
0.8446679687499998 
0.7421289062499998 
0.8229882812499999 
0.5522851562499999 
0.7350976562499998 
0.7016992187499997 
0.93431640625 
0.92201171875 
1.0403710937500001 
0.8616601562499998 
0.96361328125 
1.2184960937500002 
1.0286523437500001 
0.98294921875 
1.04095703125 
1.06322265625 
1.0497460937500003 
0.7251367187499997 
0.7977929687499998 
0.6940820312499998 
1.2466210937500002 
0.8956445312499999 
0.7181054687499998 
0.8593164062499998 
0.8780664062499998 
0.8745507812499999 
1.04798828125 
0.6776757812499999 
0.6565820312499998 
0.95892578125 
0.94427734375 
0.7427148437499999 
0.5587304687499999 
0.95892578125 
0.8657617187499999 
0.8405664062499998 
0.8470117187499998 
0.6196679687499999 
1.11302734375 
0.8552148437499999 
0.9308007812500001 
1.2278710937500001 
0.8903710937499998 
0.93490234375 
0.8792382812499998 
0.7450585937499998 
0.6073632812499999 
1.21791015625 
0.7016992187499997 
0.91087890625 
1.0011132812499999 
1.33802734375 
1.2190820312500001 
0.6870507812499999 
0.9044335937499999 
1.03509765625 
0.7239648437499998 
0.7725976562499999 
0.7649804687499998 
0.7561914062499998 
0.91380859375 
0.9448632812500001 
0.8727929687499998 
0.8622460937499998 
1.0444726562500002 
1.1341210937500001 
1.0063867187500002 
0.95775390625 
1.1681054687499999 
0.5915429687499999 
0.8897851562499998 
0.9852929687499998 
1.2278710937500001 
0.7725976562499999 
0.6647851562499998 
1.2132226562500001 
0.9097070312499999 
0.7333398437499998 
1.24427734375 
1.0532617187500002 
0.9952539062499999 
0.7854882812499999 
0.8868554687499998 
0.8317773437499999 
0.95423828125 
0.6489648437499999 
0.8329492187499998 
0.8511132812499999 
0.7286523437499998 
0.8341210937499999 
0.8845117187499998 
1.01927734375 
0.7298242187499997 
0.8780664062499998 
0.97064453125 
0.8880273437499998 
1.31166015625 
1.1165429687500001 
0.9308007812500001 
1.11302734375 
0.98412109375 
1.13998046875 
0.7497460937499998 
0.7368554687499997 
1.2671289062500002 
0.8165429687499999 
1.07259765625 
1.2600976562500001 
1.0491601562500001 
0.8341210937499999 
0.8329492187499998 
1.13529296875 
1.00697265625 
