34 16 0 
0.7227929687499998 
0.5763085937499999 
0.94603515625 
1.00287109375 
1.1224023437500001 
0.6864648437499998 
0.96595703125 
0.8001367187499998 
0.6729882812499999 
0.96361328125 
0.7743554687499998 
0.6952539062499998 
0.6360742187499998 
1.01986328125 
0.91556640625 
0.8686914062499999 
0.9993554687499997 
1.05267578125 
0.8393945312499999 
0.7550195312499999 
0.9893945312499999 
0.9858789062499999 
1.18451171875 
0.8300195312499999 
0.6665429687499999 
1.0081445312500001 
1.08666015625 
1.13529296875 
0.9893945312499999 
0.7796289062499999 
0.8370507812499999 
0.96361328125 
0.6724023437499999 
0.8985742187499998 
0.8933007812499999 
1.18802734375 
0.7620507812499999 
0.93548828125 
0.7936914062499999 
1.07962890625 
0.7567773437499998 
1.00462890625 
0.7731835937499999 
0.95365234375 
0.8839257812499999 
1.01576171875 
0.8206445312499999 
0.8212304687499998 
0.7116601562499998 
0.8376367187499998 
1.0825585937500002 
0.9044335937499999 
0.8306054687499999 
0.8446679687499998 
0.7614648437499999 
0.9864648437499999 
1.22259765625 
0.9266992187499999 
1.3421289062500001 
0.7304101562499997 
0.8434960937499998 
1.20912109375 
0.96947265625 
1.14701171875 
0.7819726562499999 
0.8651757812499999 
0.5862695312499999 
1.00052734375 
1.18802734375 
0.9858789062499999 
1.00169921875 
0.7304101562499997 
0.8862695312499999 
0.8452539062499999 
0.8475976562499998 
0.94896484375 
0.96068359375 
0.7520898437499999 
1.30462890625 
0.9266992187499999 
0.7444726562499998 
0.8997460937499998 
0.8352929687499998 
0.6852929687499998 
1.0450585937500003 
0.97298828125 
0.96888671875 
0.7046289062499999 
0.96361328125 
0.95365234375 
0.7503320312499998 
0.8599023437499999 
1.00287109375 
0.8270898437499999 
1.1417382812499999 
0.7145898437499999 
1.00931640625 
1.14876953125 
0.7597070312499998 
0.8891992187499997 
0.7374414062499998 
1.2302148437500002 
0.94662109375 
1.2694726562500003 
1.24134765625 
0.8856835937499998 
0.91966796875 
0.78080078125 
0.8757226562499998 
0.8376367187499998 
0.6940820312499998 
0.8645898437499999 
1.1059960937500002 
0.8628320312499999 
0.8253320312499999 
0.8306054687499999 
0.7028710937499998 
0.8634179687499999 
0.8663476562499999 
0.7960351562499999 
1.0298242187500002 
0.9079492187499998 
1.0702539062499998 
1.22435546875 
0.6436914062499999 
0.8077539062499999 
0.8880273437499998 
1.21556640625 
0.98177734375 
0.8745507812499999 
0.91029296875 
0.8294335937499999 
0.97123046875 
0.8505273437499998 
0.79017578125 
0.8013085937499999 
0.7942773437499999 
0.95951171875 
0.9079492187499998 
1.22376953125 
1.03041015625 
0.9934960937499998 
0.8815820312499998 
0.8979882812499999 
1.08607421875 
1.16283203125 
1.0497460937500003 
0.92494140625 
0.6759179687499999 
0.6466210937499999 
0.7286523437499998 
0.7532617187499998 
0.9958398437499999 
0.92083984375 
0.7520898437499999 
0.8352929687499998 
0.7181054687499998 
0.95951171875 
0.8891992187499997 
0.6911523437499998 
0.6706445312499999 
0.9026757812499999 
0.92904296875 
0.8393945312499999 
1.04212890625 
1.0052148437500001 
0.7872460937499999 
0.8059960937499998 
1.13822265625 
0.7679101562499998 
1.13236328125 
0.8024804687499998 
0.8130273437499999 
1.00228515625 
0.9864648437499999 
1.1001367187500002 
0.7421289062499998 
0.6407617187499999 
0.8224023437499999 
0.98177734375 
1.20970703125 
1.06908203125 
0.7620507812499999 
0.8136132812499999 
0.6454492187499998 
0.8774804687499997 
1.2302148437500002 
0.8722070312499999 
1.2659570312500001 
0.9425195312500001 
0.9038476562499999 
0.96244140625 
0.6788476562499999 
1.2864648437500001 
0.92376953125 
0.7515039062499999 
0.7339257812499999 
0.8429101562499998 
0.8686914062499999 
0.8704492187499998 
0.7257226562499998 
0.6015039062499999 
0.8311914062499999 
0.7538476562499998 
1.05970703125 
1.09017578125 
0.96771484375 
0.7163476562499999 
0.97943359375 
0.9911523437499998 
0.9149804687499999 
0.9618554687499999 
0.7409570312499998 
0.94837890625 
0.8675195312499999 
0.7696679687499999 
1.12650390625 
0.8927148437499999 
0.8347070312499999 
1.2688867187500004 
1.21556640625 
1.0169335937500001 
0.91439453125 
1.2665429687500003 
0.8423242187499997 
0.8388085937499998 
1.17044921875 
0.7831445312499999 
0.7649804687499998 
0.7450585937499998 
0.8809960937499998 
0.7028710937499998 
0.7175195312499999 
0.7216210937499998 
0.7210351562499998 
0.96009765625 
0.6184960937499998 
0.6331445312499999 
0.8815820312499998 
0.8112695312499999 
0.8974023437499998 
0.96595703125 
1.0438867187500003 
1.17337890625 
0.7614648437499999 
0.7890039062499999 
1.2190820312500001 
0.8399804687499998 
0.8575585937499999 
0.8177148437499999 
1.00990234375 
1.20501953125 
0.64017578125 
0.5833398437499999 
0.8323632812499999 
1.22142578125 
0.7667382812499999 
1.2524804687500002 
0.6729882812499999 
0.8054101562499998 
0.8224023437499999 
0.7954492187499999 
0.8944726562499998 
0.8323632812499999 
0.8171289062499999 
1.2290429687500002 
0.8681054687499998 
0.8059960937499998 
0.8874414062499998 
0.8616601562499998 
1.2102929687500001 
0.7350976562499998 
0.8165429687499999 
0.6677148437499999 
0.7725976562499999 
0.92025390625 
0.6149804687499998 
1.1827539062499999 
0.7796289062499999 
1.17923828125 
0.9149804687499999 
0.8950585937499999 
0.8903710937499998 
0.6776757812499999 
0.7667382812499999 
0.8804101562499997 
0.7972070312499999 
1.2788476562500002 
0.8013085937499999 
0.8804101562499997 
0.7339257812499999 
0.92845703125 
0.7919335937499999 
1.10775390625 
0.6940820312499998 
0.7005273437499998 
0.7005273437499998 
0.8024804687499998 
0.91849609375 
0.7485742187499997 
