4 17 29 
1.40716796875 
1.25306640625 
1.2735742187500003 
1.2770898437500002 
1.0936914062499998 
1.24017578125 
1.0433007812500001 
1.2671289062500002 
1.31810546875 
1.21673828125 
1.24720703125 
0.91263671875 
1.2419335937500002 
1.3245507812500001 
1.1640039062499998 
1.21087890625 
1.4235742187500002 
1.16341796875 
1.1405664062499998 
1.11830078125 
1.30580078125 
1.29759765625 
1.22435546875 
1.1874414062499998 
1.30111328125 
1.36673828125 
1.3433007812500002 
1.2360742187500002 
1.36087890625 
1.32923828125 
1.1247460937500002 
1.3345117187500002 
1.22142578125 
1.26478515625 
1.2349023437500002 
1.22376953125 
0.79017578125 
1.2536523437500002 
1.22611328125 
1.2806054687500001 
1.21791015625 
1.2653710937500002 
1.19681640625 
0.91380859375 
1.2893945312500001 
1.03861328125 
1.24310546875 
1.3438867187500003 
1.2595117187500002 
1.2138085937500003 
0.8903710937499998 
1.22728515625 
1.2847070312500002 
1.31751953125 
1.2729882812500002 
1.20794921875 
1.31927734375 
1.36732421875 
1.23841796875 
1.24369140625 
1.16166015625 
1.12650390625 
1.2864648437500001 
1.22494140625 
0.7040429687499998 
1.3597070312500001 
1.18451171875 
1.23841796875 
1.20677734375 
1.2372460937500003 
0.94603515625 
1.31341796875 
1.22728515625 
1.2864648437500001 
1.2290429687500002 
1.20970703125 
1.20912109375 
1.2372460937500003 
1.28998046875 
1.2173242187500002 
1.33275390625 
1.3286523437500002 
1.17748046875 
1.2302148437500002 
1.2548242187500003 
1.0286523437500001 
1.2366601562500001 
1.4405664062499999 
1.24017578125 
1.03685546875 
1.2143945312500002 
1.25306640625 
1.2718164062500001 
1.2841210937500003 
0.8218164062499999 
1.25306640625 
1.1534570312499999 
1.29701171875 
1.3239648437500002 
1.2518945312500003 
1.06849609375 
1.18626953125 
1.4165429687500002 
1.2407617187500002 
1.15404296875 
1.12650390625 
1.30228515625 
1.2407617187500002 
1.3052148437500002 
1.2659570312500001 
1.40306640625 
1.21205078125 
1.2231835937500002 
1.2835351562500001 
1.35150390625 
1.29525390625 
1.16166015625 
1.06439453125 
1.1809960937500001 
1.2278710937500001 
1.20267578125 
1.3157617187500001 
1.24486328125 
1.48392578125 
1.2349023437500002 
1.0474023437500002 
1.39251953125 
1.2595117187500002 
1.22845703125 
1.29935546875 
1.2554101562500002 
1.00462890625 
1.2724023437500003 
1.2565820312500002 
1.3749414062499998 
1.1809960937500001 
1.2536523437500002 
1.3251367187500003 
1.01517578125 
1.3702539062499999 
1.22083984375 
1.17220703125 
1.1464257812499998 
1.03275390625 
1.24603515625 
1.2313867187500003 
1.2612695312500002 
1.2841210937500003 
1.18158203125 
1.3544335937500003 
1.1452539062499998 
1.20794921875 
1.24486328125 
1.2659570312500001 
1.22376953125 
1.0186914062499999 
1.3919335937500001 
1.2841210937500003 
1.3550195312500002 
1.24427734375 
1.32103515625 
0.9308007812500001 
1.15404296875 
1.19154296875 
1.2565820312500002 
1.2753320312500003 
1.3157617187500001 
1.22669921875 
1.3919335937500001 
1.24134765625 
1.21791015625 
1.44173828125 
1.2518945312500003 
1.2044335937500001 
1.29525390625 
1.2753320312500003 
1.26361328125 
1.35560546875 
0.9038476562499999 
1.29701171875 
1.2770898437500002 
0.60267578125 
1.22611328125 
1.38783203125 
1.18392578125 
1.2126367187500002 
1.3684960937500001 
1.03392578125 
1.22669921875 
1.3286523437500002 
1.2612695312500002 
1.37201171875 
1.33392578125 
1.14876953125 
1.25306640625 
1.21966796875 
1.29935546875 
0.95072265625 
1.29759765625 
1.22435546875 
1.17689453125 
1.16048828125 
1.27650390625 
1.16458984375 
1.2419335937500002 
1.39017578125 
1.38900390625 
1.2677148437500003 
0.8294335937499999 
1.20912109375 
1.27650390625 
1.29466796875 
1.3362695312500001 
1.01048828125 
1.2501367187500003 
0.92494140625 
1.2372460937500003 
1.3403710937500002 
1.2847070312500002 
1.2706445312500003 
1.2407617187500002 
1.3356835937500002 
1.1927148437500001 
1.2524804687500002 
0.8751367187499998 
1.20912109375 
1.18333984375 
1.19037109375 
1.28705078125 
1.2331445312500002 
1.2102929687500001 
1.21556640625 
1.2489648437500003 
1.09603515625 
1.1511132812499998 
1.2184960937500002 
1.2454492187500001 
0.9061914062499998 
1.20091796875 
1.2302148437500002 
1.2806054687500001 
1.24720703125 
1.3702539062499999 
1.31517578125 
1.37376953125 
1.22494140625 
1.2524804687500002 
1.30228515625 
0.8640039062499999 
1.3063867187500002 
1.2554101562500002 
1.28529296875 
1.3456445312500003 
1.2425195312500001 
1.18041015625 
1.2337304687500001 
1.3169335937500002 
1.2495507812500002 
1.22669921875 
1.2741601562500002 
1.17748046875 
1.2495507812500002 
1.29701171875 
1.08490234375 
1.2753320312500003 
1.2372460937500003 
1.29173828125 
1.32923828125 
1.36205078125 
1.15521484375 
1.2806054687500001 
1.3532617187500002 
1.2806054687500001 
1.13705078125 
0.9061914062499998 
1.2571679687500001 
1.20091796875 
1.01048828125 
1.1446679687499999 
0.8897851562499998 
1.3257226562500002 
1.14583984375 
1.1751367187500001 
1.29173828125 
1.1997460937500002 
1.2220117187500001 
1.22552734375 
1.07787109375 
1.0948632812499999 
1.2847070312500002 
1.16048828125 
1.2378320312500002 
1.3550195312500002 
0.93607421875 
1.2513085937500004 
1.2548242187500003 
1.22025390625 
1.1446679687499999 
1.2829492187500002 
1.2817773437500002 
