15 17 18 
0.96888671875 
1.2595117187500002 
1.01517578125 
0.9009179687499999 
0.96595703125 
0.7849023437499999 
0.8809960937499998 
0.7040429687499998 
0.98412109375 
0.8985742187499998 
0.8622460937499998 
0.7714257812499999 
0.7766992187499998 
0.8054101562499998 
0.8850976562499998 
1.24427734375 
0.9266992187499999 
0.95833984375 
0.95130859375 
0.8862695312499999 
1.36966796875 
0.8809960937499998 
1.00931640625 
0.8382226562499998 
0.8780664062499998 
1.10775390625 
0.7802148437499999 
1.13939453125 
0.7456445312499999 
0.8891992187499997 
0.6694726562499999 
0.7479882812499998 
0.8089257812499999 
1.2513085937500004 
0.93431640625 
0.59330078125 
1.17748046875 
0.8188867187499999 
0.8827539062499998 
1.31751953125 
0.5827539062499999 
0.8224023437499999 
1.05150390625 
0.9905664062499998 
0.97298828125 
1.39017578125 
0.8306054687499999 
0.6688867187499998 
1.05091796875 
1.06673828125 
0.7766992187499998 
1.2102929687500001 
0.7632226562499999 
0.6970117187499998 
0.9548242187499999 
1.0444726562500002 
0.7866601562499999 
1.16341796875 
1.00169921875 
1.16283203125 
0.92787109375 
1.07376953125 
1.2132226562500001 
0.6975976562499998 
0.98412109375 
0.8048242187499998 
0.6765039062499999 
1.1018945312500001 
1.33509765625 
0.94896484375 
1.06673828125 
0.96068359375 
0.93724609375 
0.8393945312499999 
0.91322265625 
0.93607421875 
0.9911523437499998 
1.31810546875 
0.94662109375 
0.91263671875 
0.8727929687499998 
0.8100976562499999 
0.8311914062499999 
1.01048828125 
0.8774804687499997 
1.21791015625 
0.8358789062499998 
0.9448632812500001 
0.8224023437499999 
0.98060546875 
1.1493554687499998 
1.0427148437500002 
1.11537109375 
0.7977929687499998 
0.95072265625 
0.9097070312499999 
1.03333984375 
0.8376367187499998 
0.8727929687499998 
1.1165429687500001 
0.8768945312499998 
0.9934960937499998 
0.8212304687499998 
0.97416015625 
1.13939453125 
0.9876367187499998 
1.0263085937500003 
1.0491601562500001 
1.31400390625 
1.1194726562500001 
0.8575585937499999 
1.0239648437500002 
1.10072265625 
1.30873046875 
0.8974023437499998 
0.7544335937499999 
0.7913476562499999 
0.9905664062499998 
0.8475976562499998 
1.1013085937500002 
0.7198632812499999 
0.8434960937499998 
0.8341210937499999 
0.7743554687499998 
1.16458984375 
1.17396484375 
1.1505273437499999 
1.21556640625 
0.8200585937499999 
1.23900390625 
0.8434960937499998 
0.8089257812499999 
1.06322265625 
1.24134765625 
0.7345117187499998 
0.7403710937499998 
0.8247460937499999 
0.6056054687499999 
0.8763085937499998 
0.8792382812499998 
0.95775390625 
0.6120507812499999 
0.9044335937499999 
1.00404296875 
0.7737695312499999 
1.0491601562500001 
0.6413476562499999 
0.7327539062499998 
0.9026757812499999 
1.1188867187500002 
0.6308007812499999 
0.7936914062499999 
1.11185546875 
0.8048242187499998 
1.0427148437500002 
0.9067773437499999 
1.1938867187500002 
1.0438867187500003 
0.9952539062499999 
1.03626953125 
1.09310546875 
0.7960351562499999 
0.8599023437499999 
0.7403710937499998 
0.93841796875 
1.2612695312500002 
0.8739648437499998 
0.92845703125 
0.8241601562499998 
0.7983789062499999 
1.02220703125 
0.6765039062499999 
0.8405664062499998 
1.14232421875 
1.13177734375 
1.05560546875 
0.8739648437499998 
0.6876367187499998 
0.97533203125 
1.1282617187500001 
0.8962304687499998 
1.2718164062500001 
0.9331445312500001 
0.9852929687499998 
0.91029296875 
1.2876367187500002 
0.8616601562499998 
1.1206445312500002 
1.20794921875 
1.07787109375 
1.18978515625 
0.6923242187499997 
0.8071679687499999 
1.06263671875 
0.7813867187499999 
1.09779296875 
0.9952539062499999 
1.06146484375 
0.9091210937499998 
1.12416015625 
0.9876367187499998 
1.3239648437500002 
0.91029296875 
0.96068359375 
0.8434960937499998 
0.8593164062499998 
1.1575585937500001 
1.11185546875 
0.9641992187499999 
0.6067773437499999 
0.7866601562499999 
1.19623046875 
0.8317773437499999 
0.8528710937499998 
1.20326171875 
0.8856835937499998 
0.9911523437499998 
0.91146484375 
1.17689453125 
0.7157617187499998 
1.3597070312500001 
0.96771484375 
0.8845117187499998 
0.6302148437499999 
0.95130859375 
0.8563867187499998 
0.9061914062499998 
0.6097070312499999 
1.11419921875 
0.93607421875 
0.8235742187499998 
1.06439453125 
0.93666015625 
0.8458398437499999 
1.10423828125 
0.7022851562499998 
1.13470703125 
1.05677734375 
0.8546289062499999 
1.03626953125 
0.8528710937499998 
1.05677734375 
0.92787109375 
1.15638671875 
1.1341210937500001 
0.94779296875 
1.00052734375 
0.8569726562499999 
0.9735742187499999 
1.05736328125 
1.1253320312500001 
1.24310546875 
0.9893945312499999 
0.7667382812499999 
0.9530664062499999 
0.9858789062499999 
0.8493554687499998 
0.7063867187499998 
0.9987695312499999 
1.0251367187500002 
1.0345117187500001 
0.98412109375 
0.8534570312499998 
0.5634179687499999 
0.8282617187499999 
1.0063867187500002 
0.7257226562499998 
1.1681054687499999 
0.91439453125 
0.7778710937499999 
1.07845703125 
0.8640039062499999 
0.8136132812499999 
0.95189453125 
0.8229882812499999 
0.8516992187499998 
1.00287109375 
1.29935546875 
0.8528710937499998 
1.08548828125 
1.1505273437499999 
1.03978515625 
0.9858789062499999 
0.8499414062499998 
1.1499414062499997 
1.00697265625 
0.9308007812500001 
0.9548242187499999 
1.0456445312500002 
1.11419921875 
0.8528710937499998 
1.26478515625 
0.7239648437499998 
0.94955078125 
0.7274804687499997 
0.8306054687499999 
1.09076171875 
0.8710351562499998 
0.7561914062499998 
1.1206445312500002 
