19 17 14 
0.8622460937499998 
0.6518945312499999 
0.96888671875 
0.8569726562499999 
0.92552734375 
0.9641992187499999 
1.2184960937500002 
1.05736328125 
0.7966210937499999 
0.7661523437499999 
1.13646484375 
1.0110742187500001 
0.91556640625 
0.9038476562499999 
0.7977929687499998 
0.8534570312499998 
1.0052148437500001 
1.3503320312500002 
0.92494140625 
0.8341210937499999 
0.7368554687499997 
0.7843164062499999 
1.15462890625 
0.97005859375 
1.2888085937500002 
1.0890039062499999 
0.9958398437499999 
1.04095703125 
1.03333984375 
0.91380859375 
0.6501367187499998 
0.7579492187499998 
0.94134765625 
0.6876367187499998 
0.95951171875 
0.7597070312499998 
1.01810546875 
0.8751367187499998 
0.8921289062499999 
0.96947265625 
1.14583984375 
1.08607421875 
0.8634179687499999 
0.7257226562499998 
0.7966210937499999 
0.9056054687499998 
0.9770898437500001 
1.1106835937500001 
0.9419335937500001 
0.82767578125 
1.13880859375 
0.91205078125 
0.7227929687499998 
0.9975976562499999 
0.92787109375 
0.8722070312499999 
0.8411523437499998 
0.8358789062499998 
0.9390039062500001 
0.8815820312499998 
0.7186914062499998 
0.7257226562499998 
0.6272851562499998 
0.8809960937499998 
0.9911523437499998 
0.9975976562499999 
0.6829492187499998 
0.9999414062499997 
0.8352929687499998 
0.6946679687499998 
0.6630273437499998 
1.02220703125 
1.13880859375 
1.06849609375 
0.7468164062499998 
0.7046289062499999 
0.8985742187499998 
0.6483789062499998 
0.8933007812499999 
0.8938867187499998 
0.5681054687499999 
0.6589257812499999 
1.13060546875 
0.7743554687499998 
0.9911523437499998 
1.2061914062499999 
0.9302148437500001 
1.39017578125 
0.7761132812499999 
0.9946679687499999 
0.6472070312499999 
0.9934960937499998 
0.8493554687499998 
0.9923242187499998 
1.03041015625 
1.09603515625 
1.1751367187500001 
0.9864648437499999 
0.6290429687499999 
0.7462304687499998 
0.8522851562499998 
0.93607421875 
0.7251367187499997 
1.16107421875 
0.8827539062499998 
0.8411523437499998 
0.7761132812499999 
0.9044335937499999 
0.7204492187499998 
0.7626367187499998 
0.8979882812499999 
0.95951171875 
1.06439453125 
1.3239648437500002 
1.03802734375 
0.94837890625 
0.7673242187499998 
0.8979882812499999 
0.94076171875 
1.2518945312500003 
0.9940820312499998 
1.3591210937500002 
1.01986328125 
0.7684960937499998 
0.7661523437499999 
0.6729882812499999 
0.7720117187499999 
0.7169335937499999 
0.8710351562499998 
1.0052148437500001 
0.5540429687499999 
1.3110742187500002 
0.7157617187499998 
0.7520898437499999 
0.96888671875 
1.0122460937500002 
1.02220703125 
0.8405664062499998 
1.0257226562500001 
0.8991601562499998 
1.07962890625 
0.8470117187499998 
0.7608789062499999 
1.05677734375 
0.8106835937499999 
0.8147851562499998 
1.12416015625 
1.33802734375 
0.8300195312499999 
0.91849609375 
0.8077539062499999 
0.92552734375 
0.9015039062499999 
0.8563867187499998 
0.9044335937499999 
1.0948632812499999 
0.8757226562499998 
1.1874414062499998 
0.6366601562499998 
0.96126953125 
0.9079492187499998 
0.8218164062499999 
0.8792382812499998 
1.1950585937500002 
0.7309960937499997 
0.97181640625 
0.7649804687499998 
0.6665429687499999 
0.7989648437499999 
0.8534570312499998 
0.8487695312499999 
0.6917382812499998 
0.95658203125 
1.01751953125 
0.8294335937499999 
0.8153710937499998 
0.94955078125 
0.7263085937499998 
1.1282617187500001 
1.32220703125 
0.8171289062499999 
0.8136132812499999 
0.8423242187499997 
0.7433007812499999 
0.8130273437499999 
0.8059960937499998 
0.8048242187499998 
0.8007226562499998 
0.7028710937499998 
1.12650390625 
1.06966796875 
0.92552734375 
0.5827539062499999 
1.03978515625 
0.7116601562499998 
0.8780664062499998 
1.0591210937500002 
0.94896484375 
1.19798828125 
0.8915429687499998 
1.22611328125 
1.13880859375 
0.7602929687499999 
1.06322265625 
0.93607421875 
0.5405664062499999 
1.1018945312500001 
1.0286523437500001 
0.8499414062499998 
0.8792382812499998 
0.6442773437499999 
1.11185546875 
1.06673828125 
0.7790429687499999 
1.06615234375 
0.7438867187499998 
0.7972070312499999 
1.30873046875 
0.94310546875 
0.96947265625 
1.11126953125 
1.21791015625 
0.9179101562499999 
0.8727929687499998 
0.8376367187499998 
0.91966796875 
0.91087890625 
0.94603515625 
0.97533203125 
0.8118554687499998 
1.06791015625 
0.8194726562499999 
1.31458984375 
0.6501367187499998 
0.8130273437499999 
0.7831445312499999 
0.8622460937499998 
0.8364648437499999 
0.94310546875 
0.8909570312499998 
0.8640039062499999 
0.7345117187499998 
0.8446679687499998 
1.20326171875 
0.96947265625 
1.08431640625 
0.9179101562499999 
0.9864648437499999 
0.7983789062499999 
0.9038476562499999 
1.16283203125 
0.7093164062499998 
0.7368554687499997 
1.1593164062499999 
0.5962304687499999 
0.8540429687499999 
0.7128320312499998 
0.7813867187499999 
0.97474609375 
0.7556054687499998 
1.02162109375 
1.0714257812499999 
1.0989648437500001 
1.2694726562500003 
0.8628320312499999 
0.7245507812499998 
0.8921289062499999 
1.3040429687500001 
1.14583984375 
0.7684960937499998 
0.95072265625 
0.7661523437499999 
0.9905664062499998 
0.9905664062499998 
0.93490234375 
1.00931640625 
1.11361328125 
0.7620507812499999 
0.96771484375 
0.7632226562499999 
1.05560546875 
1.3298242187500002 
0.8938867187499998 
1.2554101562500002 
1.03216796875 
1.05560546875 
1.08666015625 
0.97943359375 
0.7825585937499999 
0.8183007812499999 
0.8962304687499998 
0.8710351562499998 
1.0761132812499998 
0.82767578125 
0.98412109375 
1.33216796875 
0.9858789062499999 
1.06029296875 
1.07962890625 
1.0286523437500001 
