22 17 11 
0.9940820312499998 
0.8335351562499999 
0.8247460937499999 
0.7884179687499999 
0.8950585937499999 
0.96361328125 
0.6378320312499999 
0.8212304687499998 
1.02748046875 
0.93431640625 
0.6196679687499999 
1.2735742187500003 
1.15580078125 
0.6940820312499998 
0.8991601562499998 
0.8030664062499998 
1.0520898437500001 
1.33275390625 
0.7936914062499999 
0.8393945312499999 
1.12591796875 
0.7538476562499998 
0.9554101562499999 
0.5657617187499999 
0.92083984375 
0.92845703125 
0.7661523437499999 
0.7339257812499999 
0.95365234375 
0.9964257812499999 
0.8581445312499999 
0.9097070312499999 
0.97650390625 
1.08314453125 
1.08548828125 
1.16693359375 
1.13353515625 
0.7854882812499999 
0.8856835937499998 
0.94369140625 
0.92494140625 
0.7684960937499998 
0.8974023437499998 
0.8815820312499998 
0.91146484375 
1.1206445312500002 
0.93255859375 
0.6759179687499999 
1.2893945312500001 
0.8411523437499998 
0.7784570312499999 
0.9501367187499999 
0.8587304687499998 
1.2782617187500003 
0.9395898437500001 
1.0520898437500001 
1.2753320312500003 
1.3263085937500003 
0.5880273437499999 
0.9308007812500001 
0.8165429687499999 
0.7327539062499998 
1.0872460937500001 
0.7884179687499999 
0.6741601562499998 
0.6712304687499998 
0.8780664062499998 
1.18978515625 
0.8593164062499998 
0.8669335937499999 
0.93783203125 
0.8259179687499999 
0.5165429687499999 
1.0169335937500001 
0.8792382812499998 
0.8522851562499998 
0.98470703125 
0.7210351562499998 
0.8470117187499998 
0.7509179687499998 
0.6899804687499997 
0.9308007812500001 
0.7198632812499999 
0.6806054687499998 
0.8891992187499997 
0.8434960937499998 
0.9026757812499999 
0.8733789062499998 
0.94427734375 
0.6507226562499998 
0.7743554687499998 
1.02337890625 
0.8083398437499999 
0.7526757812499999 
0.6138085937499999 
0.96009765625 
0.7684960937499998 
0.8522851562499998 
0.9401757812500001 
0.8921289062499999 
0.8440820312499998 
0.93431640625 
1.0122460937500002 
0.9999414062499997 
0.7731835937499999 
0.7415429687499998 
1.05091796875 
0.9554101562499999 
0.97826171875 
0.8985742187499998 
1.18802734375 
0.8300195312499999 
0.92318359375 
0.8692773437499999 
0.8141992187499998 
1.0550195312500001 
0.7708398437499999 
0.97181640625 
1.06263671875 
0.7333398437499998 
0.91380859375 
1.1698632812499998 
0.9524804687499999 
0.9993554687499997 
0.7837304687499999 
1.20853515625 
1.09076171875 
0.8059960937499998 
0.6817773437499999 
0.98353515625 
0.8540429687499999 
0.7491601562499998 
0.6225976562499999 
1.30111328125 
1.17162109375 
0.7843164062499999 
1.0450585937500003 
0.8985742187499998 
0.93373046875 
0.8405664062499998 
0.79251953125 
0.97884765625 
0.8253320312499999 
0.93431640625 
0.91380859375 
0.7350976562499998 
0.7602929687499999 
0.8569726562499999 
0.9020898437499999 
1.0356835937500002 
1.0286523437500001 
0.9050195312499999 
0.7022851562499998 
0.7755273437499999 
0.95716796875 
1.1417382812499999 
0.6952539062499998 
1.06263671875 
1.0438867187500003 
0.97240234375 
0.8106835937499999 
1.0474023437500002 
0.6337304687499998 
0.8171289062499999 
0.8815820312499998 
1.20560546875 
0.6372460937499999 
1.01283203125 
0.8352929687499998 
0.7210351562499998 
0.8171289062499999 
0.7550195312499999 
1.2184960937500002 
0.7614648437499999 
0.8475976562499998 
0.9061914062499998 
0.7409570312499998 
0.7784570312499999 
0.8311914062499999 
1.2518945312500003 
0.7450585937499998 
0.8013085937499999 
0.78080078125 
0.60267578125 
0.7825585937499999 
0.91615234375 
0.7831445312499999 
0.8493554687499998 
0.9331445312500001 
1.28822265625 
0.9003320312499998 
0.8979882812499999 
0.92728515625 
0.9952539062499999 
0.6565820312499998 
0.8393945312499999 
0.5763085937499999 
0.8042382812499999 
1.0813867187500001 
0.8300195312499999 
0.8839257812499999 
0.8950585937499999 
1.06263671875 
0.7292382812499998 
0.8546289062499999 
0.96302734375 
0.8698632812499999 
0.8710351562499998 
1.0579492187500001 
0.8651757812499999 
0.8809960937499998 
0.9618554687499999 
0.8470117187499998 
0.97474609375 
0.7948632812499999 
0.9015039062499999 
0.7222070312499999 
0.7655664062499998 
0.8013085937499999 
0.94779296875 
0.9067773437499999 
1.1194726562500001 
0.78080078125 
0.9149804687499999 
0.8153710937499998 
0.96595703125 
1.03216796875 
0.8616601562499998 
0.7585351562499998 
0.7251367187499997 
1.2934960937500002 
0.7239648437499998 
0.8727929687499998 
0.93373046875 
0.7614648437499999 
1.0169335937500001 
1.0403710937500001 
1.2466210937500002 
0.7052148437499999 
1.09017578125 
0.8511132812499999 
1.2841210937500003 
0.8558007812499999 
0.8013085937499999 
1.11185546875 
0.8206445312499999 
0.8792382812499998 
0.9038476562499999 
0.92259765625 
0.8470117187499998 
0.8481835937499999 
0.7632226562499999 
0.8165429687499999 
0.9390039062500001 
0.8018945312499999 
0.8903710937499998 
0.8253320312499999 
0.9852929687499998 
0.8856835937499998 
0.92611328125 
1.13763671875 
0.7081445312499999 
0.9448632812500001 
1.12884765625 
0.91380859375 
0.5593164062499999 
0.7837304687499999 
0.7350976562499998 
0.8300195312499999 
0.8317773437499999 
0.8100976562499999 
1.0550195312500001 
0.8229882812499999 
0.8962304687499998 
0.6770898437499999 
0.7198632812499999 
1.06673828125 
0.8804101562499997 
0.7192773437499999 
0.7520898437499999 
1.4270898437500001 
0.8722070312499999 
1.2161523437500001 
0.8505273437499998 
0.8950585937499999 
0.9214257812500001 
0.6735742187499998 
1.0298242187500002 
0.6425195312499999 
0.8933007812499999 
0.9548242187499999 
1.06087890625 
0.6308007812499999 
0.7397851562499997 
0.52708984375 
0.7479882812499998 
1.1710351562499999 
0.6835351562499998 
0.7919335937499999 
0.8183007812499999 
