23 17 10 
1.02162109375 
0.8839257812499999 
0.9958398437499999 
0.91087890625 
0.94076171875 
0.8329492187499998 
0.8850976562499998 
0.6302148437499999 
0.9929101562499998 
0.9079492187499998 
0.6085351562499999 
1.1124414062499999 
1.2138085937500003 
0.7796289062499999 
0.7485742187499997 
0.7292382812499998 
0.8698632812499999 
1.1886132812499999 
0.95658203125 
1.1124414062499999 
0.5657617187499999 
0.7093164062499998 
0.8352929687499998 
0.7690820312499999 
0.92904296875 
0.7936914062499999 
0.8933007812499999 
0.8938867187499998 
0.7983789062499999 
1.03919921875 
0.8382226562499998 
1.1405664062499998 
0.8692773437499999 
0.8950585937499999 
0.95716796875 
1.18685546875 
0.7011132812499998 
0.91966796875 
1.0427148437500002 
1.06791015625 
1.34095703125 
0.91849609375 
0.8007226562499998 
0.91087890625 
0.7433007812499999 
1.33744140625 
1.07376953125 
1.0315820312500001 
0.92494140625 
0.8962304687499998 
0.8710351562499998 
1.0485742187500002 
0.7309960937499997 
0.95130859375 
0.8065820312499998 
1.05619140625 
0.94076171875 
0.8534570312499998 
0.7743554687499998 
0.92494140625 
0.97826171875 
0.6923242187499997 
1.0532617187500002 
1.09251953125 
1.01751953125 
0.7655664062499998 
0.8475976562499998 
0.8927148437499999 
1.13001953125 
1.00462890625 
0.9390039062500001 
1.20091796875 
0.93490234375 
0.94662109375 
0.9970117187499998 
0.7468164062499998 
0.8212304687499998 
0.7145898437499999 
0.7837304687499999 
1.11478515625 
0.6319726562499999 
0.7497460937499998 
0.9331445312500001 
0.8786523437499998 
0.7391992187499997 
0.94427734375 
0.6419335937499999 
0.96771484375 
1.05150390625 
0.6196679687499999 
0.8458398437499999 
0.8622460937499998 
0.8018945312499999 
0.7374414062499998 
0.8610742187499998 
0.6413476562499999 
0.6225976562499999 
1.0063867187500002 
0.9683007812500001 
0.9038476562499999 
1.20560546875 
0.6231835937499999 
1.25892578125 
0.7356835937499998 
1.1177148437500002 
1.05560546875 
0.92025390625 
1.0239648437500002 
0.98353515625 
0.9524804687499999 
0.8897851562499998 
0.7819726562499999 
0.8423242187499997 
1.04212890625 
0.8921289062499999 
0.8100976562499999 
1.07259765625 
1.1511132812499998 
0.91263671875 
0.96654296875 
0.7391992187499997 
0.9770898437500001 
1.03861328125 
0.7192773437499999 
0.8001367187499998 
0.9888085937499999 
0.94544921875 
1.06439453125 
0.96537109375 
0.8171289062499999 
0.8024804687499998 
0.8599023437499999 
0.6870507812499999 
0.8552148437499999 
0.98470703125 
0.7567773437499998 
1.00345703125 
0.7140039062499999 
0.9870507812499999 
0.6835351562499998 
1.18802734375 
0.8247460937499999 
0.8446679687499998 
0.7766992187499998 
0.8622460937499998 
0.6325585937499999 
0.93841796875 
0.8358789062499998 
0.8434960937499998 
0.8804101562499997 
0.9876367187499998 
1.2313867187500003 
1.13705078125 
1.26244140625 
1.0110742187500001 
0.8622460937499998 
0.7093164062499998 
0.6964257812499999 
0.9923242187499998 
0.7016992187499997 
0.9425195312500001 
1.02337890625 
0.8059960937499998 
1.12181640625 
1.16576171875 
0.7427148437499999 
1.19154296875 
1.13822265625 
0.7755273437499999 
0.6483789062499998 
1.0433007812500001 
0.91908203125 
0.9770898437500001 
0.94603515625 
0.6173242187499998 
1.3110742187500002 
0.6835351562499998 
0.8880273437499998 
0.8212304687499998 
0.8147851562499998 
0.7591210937499998 
0.8048242187499998 
1.31517578125 
1.3063867187500002 
0.9852929687499998 
0.7175195312499999 
1.13705078125 
0.8458398437499999 
0.6495507812499999 
0.92259765625 
0.8516992187499998 
0.8317773437499999 
0.92845703125 
0.8628320312499999 
0.7802148437499999 
0.6987695312499999 
0.8106835937499999 
0.6536523437499998 
1.0239648437500002 
0.8229882812499999 
0.5974023437499999 
0.7093164062499998 
1.01458984375 
0.91263671875 
0.8429101562499998 
0.6970117187499998 
0.7268945312499998 
0.9091210937499998 
0.6472070312499999 
0.7913476562499999 
0.9448632812500001 
1.0702539062499998 
1.00931640625 
0.8657617187499999 
1.06029296875 
1.04212890625 
0.9776757812500001 
0.7462304687499998 
0.53236328125 
0.8874414062499998 
0.7515039062499999 
0.94837890625 
0.8259179687499999 
0.8763085937499998 
1.02044921875 
0.7169335937499999 
1.37904296875 
1.2683007812500002 
0.7403710937499998 
0.8136132812499999 
0.7069726562499998 
0.91029296875 
0.8071679687499999 
1.39720703125 
0.8036523437499998 
0.95833984375 
0.91380859375 
0.8370507812499999 
0.8470117187499998 
0.6852929687499998 
0.6612695312499999 
1.05560546875 
0.7538476562499998 
1.0169335937500001 
1.1188867187500002 
0.8593164062499998 
1.2683007812500002 
0.8909570312499998 
0.8311914062499999 
0.7257226562499998 
0.9079492187499998 
0.92728515625 
0.8552148437499999 
0.8393945312499999 
0.7632226562499999 
1.0186914062499999 
0.7403710937499998 
0.9009179687499999 
0.8634179687499999 
0.7778710937499999 
0.7884179687499999 
1.41185546875 
0.8423242187499997 
0.8862695312499999 
0.9899804687499998 
1.0761132812499998 
1.03275390625 
0.7245507812499998 
1.13763671875 
0.8235742187499998 
0.92552734375 
1.00697265625 
0.8376367187499998 
0.94896484375 
0.7860742187499998 
0.97005859375 
0.91380859375 
0.6155664062499998 
0.9530664062499999 
1.11830078125 
0.96009765625 
0.98236328125 
0.8927148437499999 
0.8675195312499999 
0.64017578125 
0.8804101562499997 
0.9009179687499999 
1.31751953125 
1.03685546875 
0.91556640625 
0.9934960937499998 
0.8534570312499998 
0.8499414062499998 
0.6729882812499999 
0.8722070312499999 
0.7731835937499999 
0.6431054687499999 
1.0239648437500002 
1.14701171875 
0.9395898437500001 
