6 18 26 
1.0345117187500001 
1.36498046875 
0.95423828125 
1.1200585937500003 
1.2231835937500002 
1.2888085937500002 
0.8083398437499999 
1.11009765625 
0.9302148437500001 
1.08431640625 
1.30111328125 
1.23841796875 
1.1809960937500001 
0.7649804687499998 
0.8364648437499999 
1.0491601562500001 
1.17982421875 
1.31869140625 
1.2653710937500002 
1.2407617187500002 
1.3110742187500002 
1.0268945312500002 
1.17982421875 
1.0772851562499999 
0.93138671875 
0.92962890625 
1.43939453125 
1.09837890625 
1.3977929687500001 
1.22025390625 
1.2981835937500001 
0.8540429687499999 
1.3456445312500003 
1.23431640625 
0.7175195312499999 
1.07376953125 
1.17220703125 
0.7766992187499998 
1.1475976562499999 
1.13998046875 
1.18919921875 
1.0462304687500001 
0.93255859375 
1.2554101562500002 
1.0872460937500001 
1.20384765625 
1.2735742187500003 
1.17162109375 
1.2782617187500003 
1.18626953125 
1.2407617187500002 
0.92025390625 
1.3591210937500002 
1.13294921875 
1.13119140625 
0.7567773437499998 
1.2313867187500003 
1.12650390625 
1.4956445312500002 
1.46810546875 
1.2683007812500002 
1.2712304687500002 
1.18568359375 
0.55580078125 
1.10072265625 
0.8616601562499998 
1.1698632812499998 
1.2331445312500002 
1.11830078125 
1.39134765625 
1.03919921875 
1.0749414062499998 
0.9501367187499999 
1.08197265625 
1.1522851562499998 
1.13998046875 
1.30873046875 
1.11595703125 
1.10423828125 
1.2231835937500002 
1.12884765625 
1.08548828125 
1.1405664062499998 
1.11126953125 
0.9079492187499998 
1.37435546875 
0.9858789062499999 
1.1651757812499999 
1.23431640625 
1.00697265625 
1.20794921875 
1.21205078125 
1.1751367187500001 
1.41478515625 
1.07904296875 
0.9618554687499999 
1.1059960937500002 
1.35267578125 
1.16751953125 
0.8534570312499998 
1.06966796875 
1.1827539062499999 
0.6718164062499998 
1.2231835937500002 
1.1505273437499999 
1.2559960937500003 
0.9032617187499998 
0.8997460937499998 
1.2360742187500002 
1.44701171875 
0.8651757812499999 
0.8862695312499999 
1.4200585937500003 
1.29466796875 
1.2559960937500003 
0.8634179687499999 
1.24720703125 
0.9981835937499999 
1.25306640625 
1.2677148437500003 
1.07787109375 
1.1475976562499999 
1.07669921875 
1.3591210937500002 
1.10365234375 
0.94427734375 
1.3239648437500002 
1.29115234375 
0.7427148437499999 
1.29466796875 
1.2559960937500003 
1.2653710937500002 
0.95775390625 
1.31634765625 
1.23841796875 
1.2419335937500002 
1.21791015625 
1.17923828125 
1.15287109375 
1.1886132812499999 
1.14115234375 
0.8382226562499998 
1.1997460937500002 
1.3591210937500002 
1.17572265625 
1.18978515625 
1.2114648437500002 
1.30580078125 
1.14232421875 
1.29701171875 
1.1048242187500001 
1.2366601562500001 
0.94427734375 
1.30345703125 
1.11302734375 
1.2419335937500002 
1.2735742187500003 
1.21556640625 
1.1493554687499998 
1.33978515625 
1.1522851562499998 
1.20208984375 
1.20150390625 
1.09134765625 
1.18509765625 
0.8329492187499998 
0.8669335937499999 
0.91556640625 
0.9993554687499997 
1.19037109375 
1.2395898437500001 
1.24134765625 
1.0714257812499999 
1.23900390625 
1.02162109375 
1.22142578125 
0.97005859375 
1.2888085937500002 
1.17337890625 
0.7679101562499998 
1.38197265625 
1.01576171875 
1.29701171875 
0.8974023437499998 
0.8710351562499998 
1.13236328125 
0.6665429687499999 
1.2583398437500002 
1.2231835937500002 
0.9032617187499998 
1.1575585937500001 
1.28529296875 
0.8212304687499998 
0.8200585937499999 
1.20384765625 
1.31341796875 
1.06673828125 
1.22552734375 
1.1809960937500001 
0.8511132812499999 
0.8722070312499999 
1.0450585937500003 
1.2477929687500002 
1.18978515625 
0.8915429687499998 
1.08548828125 
1.19798828125 
1.21966796875 
1.19447265625 
1.17748046875 
1.3052148437500002 
0.9858789062499999 
0.8645898437499999 
1.1165429687500001 
1.24134765625 
1.18509765625 
1.2184960937500002 
1.2677148437500003 
1.24134765625 
0.8382226562499998 
1.2161523437500001 
1.19095703125 
0.7761132812499999 
1.19681640625 
1.18041015625 
0.8991601562499998 
1.2893945312500001 
1.1294335937500002 
1.17220703125 
0.8018945312499999 
1.18041015625 
1.15169921875 
0.8200585937499999 
0.9050195312499999 
1.12181640625 
0.94720703125 
0.8850976562499998 
1.1698632812499998 
1.18626953125 
1.2571679687500001 
0.93841796875 
1.2612695312500002 
0.96537109375 
1.3421289062500001 
1.31869140625 
1.22083984375 
0.9987695312499999 
1.2425195312500001 
0.98119140625 
1.2677148437500003 
0.6513085937499998 
1.2044335937500001 
1.19681640625 
0.9946679687499999 
1.3122460937500002 
1.03275390625 
1.43529296875 
0.9618554687499999 
1.2331445312500002 
1.2606835937500003 
1.2308007812500001 
0.9975976562499999 
1.0497460937500003 
0.8663476562499999 
1.1927148437500001 
1.3538476562500001 
1.20501953125 
1.16458984375 
1.19623046875 
1.1177148437500002 
1.3157617187500001 
1.21673828125 
1.0702539062499998 
1.2788476562500002 
1.12767578125 
1.4065820312500001 
1.38958984375 
1.3438867187500003 
1.31869140625 
1.2536523437500002 
1.2507226562500002 
1.2331445312500002 
1.4341210937500002 
1.1997460937500002 
1.2893945312500001 
1.31166015625 
1.17865234375 
1.2184960937500002 
1.19447265625 
0.8903710937499998 
0.6138085937499999 
0.97298828125 
1.21673828125 
1.01576171875 
1.0052148437500001 
1.26478515625 
0.97474609375 
0.7415429687499998 
1.10365234375 
1.00697265625 
