19 18 13 
0.8159570312499999 
0.8059960937499998 
1.0415429687500002 
1.1001367187500002 
0.7204492187499998 
1.1165429687500001 
1.0075585937500002 
0.7667382812499999 
0.8499414062499998 
1.16927734375 
0.8909570312499998 
0.7204492187499998 
0.8347070312499999 
0.92728515625 
0.6600976562499998 
0.9097070312499999 
1.0309960937500002 
0.98294921875 
0.9893945312499999 
1.05970703125 
0.9647851562499999 
0.9097070312499999 
0.7679101562499998 
0.6085351562499999 
0.8768945312499998 
0.6987695312499999 
0.9179101562499999 
0.92552734375 
0.7327539062499998 
0.7409570312499998 
1.21498046875 
0.8599023437499999 
1.1640039062499998 
0.91673828125 
0.7602929687499999 
0.7989648437499999 
0.6858789062499998 
0.98353515625 
0.95130859375 
0.7954492187499999 
0.7468164062499998 
0.8604882812499999 
0.8850976562499998 
1.08666015625 
0.8950585937499999 
0.92201171875 
0.8270898437499999 
0.9395898437500001 
0.9905664062499998 
0.8763085937499998 
1.1358789062499999 
1.20326171875 
0.8540429687499999 
0.7784570312499999 
0.6700585937499999 
0.6395898437499999 
0.8001367187499998 
0.8259179687499999 
0.6559960937499998 
0.7538476562499998 
0.6407617187499999 
1.06791015625 
0.7884179687499999 
0.7614648437499999 
0.9876367187499998 
1.02455078125 
0.8382226562499998 
0.7520898437499999 
0.7222070312499999 
1.20091796875 
1.20208984375 
0.8786523437499998 
0.9800195312500001 
0.8265039062499999 
0.8704492187499998 
0.8733789062499998 
0.93548828125 
0.8229882812499999 
0.98119140625 
1.00228515625 
0.6038476562499999 
0.94369140625 
0.7556054687499998 
0.78958984375 
0.7292382812499998 
0.7936914062499999 
1.06791015625 
0.7608789062499999 
0.9179101562499999 
1.08373046875 
0.7350976562499998 
1.1698632812499998 
0.6800195312499999 
0.6835351562499998 
1.12591796875 
1.11361328125 
0.7884179687499999 
1.01517578125 
0.7913476562499999 
1.2454492187500001 
0.96888671875 
0.8915429687499998 
0.9618554687499999 
0.8833398437499999 
1.07259765625 
0.94955078125 
1.23841796875 
0.9032617187499998 
0.7966210937499999 
1.08197265625 
0.5370507812499999 
1.29056640625 
0.91849609375 
0.8059960937499998 
0.7298242187499997 
0.8153710937499998 
0.6395898437499999 
0.7444726562499998 
0.8112695312499999 
0.8306054687499999 
1.20794921875 
0.93373046875 
1.2770898437500002 
0.9952539062499999 
1.1534570312499999 
1.12650390625 
0.8850976562499998 
0.7743554687499998 
0.8534570312499998 
0.8007226562499998 
1.09720703125 
0.91556640625 
0.8159570312499999 
1.19037109375 
0.8136132812499999 
1.15814453125 
1.12650390625 
0.9999414062499997 
1.01048828125 
0.5757226562499999 
0.9003320312499998 
0.8634179687499999 
1.10833984375 
0.6999414062499998 
0.7339257812499999 
0.8927148437499999 
0.8897851562499998 
0.9038476562499999 
0.8388085937499998 
0.92259765625 
0.8534570312499998 
0.6612695312499999 
0.9923242187499998 
0.95423828125 
1.06146484375 
0.7766992187499998 
1.0257226562500001 
0.7831445312499999 
0.5487695312499999 
1.02044921875 
0.9852929687499998 
0.7755273437499999 
0.92552734375 
0.94544921875 
1.3333398437500001 
1.29525390625 
0.8265039062499999 
0.7550195312499999 
0.8370507812499999 
0.92962890625 
0.5757226562499999 
0.95072265625 
0.8546289062499999 
0.8868554687499998 
1.11712890625 
0.94076171875 
0.8376367187499998 
0.8587304687499998 
1.03919921875 
1.12181640625 
0.8938867187499998 
1.10658203125 
1.0450585937500003 
1.2817773437500002 
1.2548242187500003 
0.7456445312499999 
0.6390039062499999 
0.8007226562499998 
0.8171289062499999 
1.1059960937500002 
1.13470703125 
0.7186914062499998 
0.8241601562499998 
0.9870507812499999 
0.96537109375 
0.91146484375 
0.9061914062499998 
0.7397851562499997 
0.7825585937499999 
0.6366601562499998 
1.12650390625 
0.9050195312499999 
1.0345117187500001 
0.8364648437499999 
0.8247460937499999 
0.8927148437499999 
0.93607421875 
0.6565820312499998 
0.8921289062499999 
0.8563867187499998 
1.11126953125 
0.7784570312499999 
0.6958398437499999 
1.13529296875 
0.93724609375 
0.8839257812499999 
1.15814453125 
1.15814453125 
1.0702539062499998 
1.06966796875 
0.93197265625 
0.7714257812499999 
1.0433007812500001 
0.8751367187499998 
0.92201171875 
1.17162109375 
0.8253320312499999 
0.7444726562499998 
0.9009179687499999 
1.1405664062499998 
1.30111328125 
0.9987695312499999 
0.8323632812499999 
1.09134765625 
0.93724609375 
0.92962890625 
0.9026757812499999 
0.96068359375 
1.18451171875 
1.2507226562500002 
0.9073632812499999 
0.8915429687499998 
0.6518945312499999 
0.8716210937499999 
0.96068359375 
1.0315820312500001 
1.11830078125 
0.8839257812499999 
0.7005273437499998 
1.10365234375 
0.8475976562499998 
0.8751367187499998 
0.7784570312499999 
1.1417382812499999 
0.9009179687499999 
1.03216796875 
0.7872460937499999 
0.9923242187499998 
0.94837890625 
0.8054101562499998 
0.8224023437499999 
0.8452539062499999 
1.0427148437500002 
0.8581445312499999 
0.6513085937499998 
0.93197265625 
0.7784570312499999 
0.8891992187499997 
0.8645898437499999 
0.91205078125 
0.8259179687499999 
0.8651757812499999 
1.03978515625 
0.8516992187499998 
0.6747460937499998 
0.6888085937499998 
1.24369140625 
0.8950585937499999 
1.28119140625 
0.97005859375 
0.92904296875 
0.7544335937499999 
0.9554101562499999 
0.9501367187499999 
0.8745507812499999 
1.04681640625 
0.7942773437499999 
0.8956445312499999 
0.7872460937499999 
0.7438867187499998 
0.6806054687499998 
1.1235742187500002 
0.7684960937499998 
0.97650390625 
0.9618554687499999 
1.12416015625 
0.9987695312499999 
0.8587304687499998 
1.13060546875 
0.8024804687499998 
