23 2 25 
1.39603515625 
1.32806640625 
1.4007226562500001 
1.35267578125 
1.42181640625 
1.3128320312500001 
1.33802734375 
1.37376953125 
1.2770898437500002 
1.40306640625 
1.3227929687500002 
1.3304101562500001 
1.3936914062499999 
1.30169921875 
1.3702539062499999 
1.30462890625 
1.4270898437500001 
1.30580078125 
1.3462304687500002 
1.37845703125 
1.41126953125 
1.30228515625 
1.3597070312500001 
1.3421289062500001 
1.3503320312500002 
1.33275390625 
1.2331445312500002 
1.3169335937500002 
1.39076171875 
1.3309960937500003 
1.33802734375 
1.2718164062500001 
1.29642578125 
1.43529296875 
1.43763671875 
1.32044921875 
1.4341210937500002 
1.37083984375 
1.34681640625 
1.2542382812500001 
1.2981835937500001 
1.3684960937500001 
1.3268945312500002 
1.2688867187500004 
1.3391992187500001 
1.3538476562500001 
1.33509765625 
1.3415429687500002 
1.4698632812499999 
1.3245507812500001 
1.39134765625 
1.3239648437500002 
1.43939453125 
1.3497460937500003 
1.3362695312500001 
1.35736328125 
1.32044921875 
1.38431640625 
1.33685546875 
1.3075585937500003 
1.44115234375 
1.33802734375 
1.2677148437500003 
1.30873046875 
1.3427148437500003 
1.40423828125 
1.36615234375 
1.3479882812500001 
1.2102929687500001 
1.3433007812500002 
1.3638085937500002 
1.2770898437500002 
1.40775390625 
1.38080078125 
1.3872460937500002 
1.39603515625 
1.29876953125 
1.36029296875 
1.19212890625 
1.36029296875 
1.3309960937500003 
1.36205078125 
1.40775390625 
1.31166015625 
1.3268945312500002 
1.31810546875 
1.3597070312500001 
1.3497460937500003 
1.25775390625 
1.38548828125 
1.36966796875 
1.3263085937500003 
1.3567773437500001 
1.38666015625 
1.4036523437500001 
1.4388085937500001 
1.3081445312500002 
1.37435546875 
1.28587890625 
1.35560546875 
1.38373046875 
1.39955078125 
1.36615234375 
1.4065820312500001 
1.4294335937500002 
1.2759179687500002 
1.3075585937500003 
1.2888085937500002 
1.3216210937500001 
1.32220703125 
1.41009765625 
1.43763671875 
1.3081445312500002 
1.3052148437500002 
1.3813867187500002 
1.3356835937500002 
1.40541015625 
1.37318359375 
1.3227929687500002 
1.3099023437500001 
1.36673828125 
1.2671289062500002 
1.3474023437500002 
1.3579492187500002 
1.3977929687500001 
1.3831445312500001 
1.3474023437500002 
1.31458984375 
1.3520898437500002 
1.30345703125 
1.4247460937500003 
1.39837890625 
1.20501953125 
1.2542382812500001 
1.36322265625 
1.31810546875 
1.4048242187500002 
1.2653710937500002 
1.36029296875 
1.45169921875 
1.2524804687500002 
1.38197265625 
1.3638085937500002 
1.3052148437500002 
1.3509179687500001 
1.35619140625 
1.4177148437500002 
1.3597070312500001 
1.31927734375 
1.34681640625 
1.3433007812500002 
1.29935546875 
1.31166015625 
1.36498046875 
1.4177148437500002 
1.3462304687500002 
1.35267578125 
1.3063867187500002 
1.43529296875 
1.3544335937500003 
1.28705078125 
1.3216210937500001 
1.3298242187500002 
1.30287109375 
1.36732421875 
1.36966796875 
1.3239648437500002 
1.42591796875 
1.29466796875 
1.3538476562500001 
1.4018945312500002 
1.4036523437500001 
1.29759765625 
1.3391992187500001 
1.3567773437500001 
1.3239648437500002 
1.3503320312500002 
1.36205078125 
1.2044335937500001 
1.30052734375 
1.22845703125 
1.3597070312500001 
1.3257226562500002 
1.49037109375 
1.3304101562500001 
1.3069726562500001 
1.3169335937500002 
1.4059960937500002 
1.43705078125 
1.4065820312500001 
1.2759179687500002 
1.41009765625 
1.30873046875 
1.3591210937500002 
1.45169921875 
1.3128320312500001 
1.3227929687500002 
1.36498046875 
1.3520898437500002 
1.3362695312500001 
1.2583398437500002 
1.42767578125 
1.37318359375 
1.31634765625 
1.2735742187500003 
1.35853515625 
1.38548828125 
1.4007226562500001 
1.3263085937500003 
1.31341796875 
1.3456445312500003 
1.33509765625 
1.36908203125 
1.3860742187500001 
1.3110742187500002 
1.3063867187500002 
1.4206445312500002 
1.3239648437500002 
1.3245507812500001 
1.3081445312500002 
1.28998046875 
1.36322265625 
1.3309960937500003 
1.38958984375 
1.3391992187500001 
1.3977929687500001 
1.41009765625 
1.31751953125 
1.3538476562500001 
1.39662109375 
1.32103515625 
1.30580078125 
1.38783203125 
1.31517578125 
1.3052148437500002 
1.37201171875 
1.39017578125 
1.33216796875 
1.30228515625 
1.2999414062499999 
1.44466796875 
1.3309960937500003 
1.31341796875 
1.2923242187500001 
1.36791015625 
1.3239648437500002 
1.20853515625 
1.3479882812500001 
1.3444726562500002 
1.36791015625 
1.3356835937500002 
1.33275390625 
1.37318359375 
1.3069726562500001 
1.3438867187500003 
1.31341796875 
1.43587890625 
1.3304101562500001 
1.3122460937500002 
1.43587890625 
1.3684960937500001 
1.31927734375 
1.33392578125 
1.32923828125 
1.3403710937500002 
1.3245507812500001 
1.3304101562500001 
1.39427734375 
1.4640039062499999 
1.3075585937500003 
1.46693359375 
1.4059960937500002 
1.2706445312500003 
1.2923242187500001 
1.20033203125 
1.2788476562500002 
1.36791015625 
1.41478515625 
1.31458984375 
1.4018945312500002 
1.26185546875 
1.3298242187500002 
1.30228515625 
1.32220703125 
1.49095703125 
1.2876367187500002 
1.37376953125 
1.3509179687500001 
1.38900390625 
1.37376953125 
1.36732421875 
1.3304101562500001 
1.38841796875 
1.3099023437500001 
1.29056640625 
1.36908203125 
1.25306640625 
1.3263085937500003 
1.3268945312500002 
1.3532617187500002 
