27 18 5 
0.7245507812499998 
1.11009765625 
0.6700585937499999 
0.94720703125 
0.96009765625 
0.8663476562499999 
0.93373046875 
0.8440820312499998 
0.8997460937499998 
0.6390039062499999 
1.0491601562500001 
1.03978515625 
0.5774804687499998 
0.9425195312500001 
0.7485742187499997 
0.8341210937499999 
0.9864648437499999 
0.7315820312499998 
0.8229882812499999 
0.93666015625 
0.7749414062499999 
0.9852929687499998 
0.7491601562499998 
0.8007226562499998 
0.6559960937499998 
0.92494140625 
1.0591210937500002 
0.6759179687499999 
0.8657617187499999 
1.08373046875 
0.8300195312499999 
0.8306054687499999 
0.92845703125 
0.92611328125 
1.0579492187500001 
0.8657617187499999 
0.95716796875 
0.6671289062499999 
0.8364648437499999 
0.5528710937499999 
0.9448632812500001 
1.0063867187500002 
0.8399804687499998 
0.8434960937499998 
0.8054101562499998 
1.0456445312500002 
0.9302148437500001 
0.8522851562499998 
0.8475976562499998 
0.8165429687499999 
0.91556640625 
0.7966210937499999 
0.8763085937499998 
0.8798242187499997 
1.01634765625 
0.8405664062499998 
1.13177734375 
0.8581445312499999 
0.9876367187499998 
0.8546289062499999 
0.8347070312499999 
0.8974023437499998 
0.7298242187499997 
1.09193359375 
0.8979882812499999 
1.1018945312500001 
1.06029296875 
0.9940820312499998 
0.95072265625 
0.8768945312499998 
0.7192773437499999 
0.8827539062499998 
0.5663476562499999 
0.7597070312499998 
0.8083398437499999 
0.7116601562499998 
0.7046289062499999 
0.9934960937499998 
0.8962304687499998 
0.98294921875 
1.1224023437500001 
0.7515039062499999 
0.8587304687499998 
0.8341210937499999 
1.08607421875 
0.95833984375 
0.8124414062499998 
0.7597070312499998 
0.7725976562499999 
0.91087890625 
0.98236328125 
0.7942773437499999 
0.5938867187499999 
0.8575585937499999 
1.17279296875 
0.5417382812499999 
0.7696679687499999 
0.9149804687499999 
0.7280664062499997 
0.9683007812500001 
0.95775390625 
0.8704492187499998 
0.6929101562499997 
0.7134179687499999 
0.5440820312499999 
0.91439453125 
0.7046289062499999 
0.8985742187499998 
1.07669921875 
0.7936914062499999 
0.95423828125 
1.0438867187500003 
0.8370507812499999 
0.7427148437499999 
0.9401757812500001 
1.1059960937500002 
0.6571679687499998 
0.6934960937499998 
0.8458398437499999 
0.50833984375 
1.1188867187500002 
0.7052148437499999 
0.95072265625 
0.9331445312500001 
0.8956445312499999 
0.92083984375 
0.8669335937499999 
1.0227929687500001 
0.9888085937499999 
1.1575585937500001 
0.8048242187499998 
1.14583984375 
0.7872460937499999 
0.8493554687499998 
1.1001367187500002 
0.7497460937499998 
0.6167382812499999 
0.8692773437499999 
0.78958984375 
0.8347070312499999 
0.7608789062499999 
0.79251953125 
0.8921289062499999 
0.8950585937499999 
1.0444726562500002 
0.8059960937499998 
0.9975976562499999 
0.7462304687499998 
0.7526757812499999 
1.11361328125 
0.8335351562499999 
0.7872460937499999 
0.7286523437499998 
1.0714257812499999 
0.7415429687499998 
1.06263671875 
0.8558007812499999 
0.8329492187499998 
0.8065820312499998 
0.5938867187499999 
0.8370507812499999 
1.05970703125 
1.30169921875 
0.92728515625 
0.5991601562499999 
1.17044921875 
0.8727929687499998 
0.6952539062499998 
0.92376953125 
0.7175195312499999 
0.8505273437499998 
0.7538476562499998 
1.06966796875 
0.8077539062499999 
0.7081445312499999 
0.7989648437499999 
0.9683007812500001 
0.8622460937499998 
0.8546289062499999 
0.7298242187499997 
0.8891992187499997 
1.2595117187500002 
0.7350976562499998 
0.94662109375 
0.7573632812499999 
0.91556640625 
0.6524804687499998 
0.6319726562499999 
0.8686914062499999 
0.8165429687499999 
0.8569726562499999 
0.93490234375 
0.8821679687499998 
0.6161523437499998 
0.8446679687499998 
1.15580078125 
0.97826171875 
0.8335351562499999 
0.8593164062499998 
0.8610742187499998 
1.03626953125 
0.9419335937500001 
1.0268945312500002 
0.9026757812499999 
1.13646484375 
0.7661523437499999 
0.5839257812499999 
1.2876367187500002 
0.7597070312499998 
1.2114648437500002 
0.7878320312499999 
0.7561914062499998 
0.5757226562499999 
1.01048828125 
0.8686914062499999 
0.8985742187499998 
0.8528710937499998 
0.7368554687499997 
1.0462304687500001 
0.8429101562499998 
0.96361328125 
0.4790429687499999 
0.6958398437499999 
0.7350976562499998 
0.8200585937499999 
0.7034570312499998 
1.2366601562500001 
0.6501367187499998 
0.9425195312500001 
0.93666015625 
1.09427734375 
1.08548828125 
0.7796289062499999 
0.7145898437499999 
0.9302148437500001 
1.01283203125 
0.98412109375 
0.9882226562499998 
0.7438867187499998 
0.9770898437500001 
0.8546289062499999 
0.7620507812499999 
0.78958984375 
1.18158203125 
0.7614648437499999 
0.7766992187499998 
0.9899804687499998 
0.94779296875 
0.9032617187499998 
0.91908203125 
0.6067773437499999 
0.7860742187499998 
0.7479882812499998 
0.8628320312499999 
0.8440820312499998 
1.2770898437500002 
0.7708398437499999 
0.7391992187499997 
0.8089257812499999 
1.2888085937500002 
1.07962890625 
0.8962304687499998 
0.9425195312500001 
0.9987695312499999 
0.8358789062499998 
0.7222070312499999 
0.7966210937499999 
0.6847070312499999 
0.6495507812499999 
0.7567773437499998 
0.91087890625 
0.7427148437499999 
0.8130273437499999 
0.8411523437499998 
1.29759765625 
1.2747460937500004 
1.0936914062499998 
0.8950585937499999 
0.9876367187499998 
0.7667382812499999 
0.6407617187499999 
0.7386132812499998 
1.05560546875 
0.6413476562499999 
0.8364648437499999 
0.7222070312499999 
0.7350976562499998 
1.02162109375 
0.5997460937499999 
0.9870507812499999 
0.9173242187499999 
0.51771484375 
1.2360742187500002 
0.7315820312499998 
0.7690820312499999 
0.93666015625 
0.7268945312499998 
0.8077539062499999 
1.03919921875 
1.04212890625 
