30 18 2 
0.8962304687499998 
0.9530664062499999 
0.94662109375 
0.8059960937499998 
0.9905664062499998 
0.6097070312499999 
1.24486328125 
0.6589257812499999 
0.97123046875 
0.7942773437499999 
0.7075585937499999 
0.92376953125 
0.7638085937499999 
0.8733789062499998 
1.2806054687500001 
1.20736328125 
0.7028710937499998 
0.6841210937499999 
0.7966210937499999 
0.8722070312499999 
0.8247460937499999 
0.8634179687499999 
0.6483789062499998 
0.6841210937499999 
0.8511132812499999 
0.9952539062499999 
0.8095117187499998 
0.6548242187499997 
0.7702539062499999 
0.6595117187499998 
0.7538476562499998 
1.30228515625 
1.22669921875 
0.7157617187499998 
0.6600976562499998 
0.7104882812499999 
0.92083984375 
0.8452539062499999 
1.04212890625 
0.9038476562499999 
0.8938867187499998 
0.8938867187499998 
1.14408203125 
1.04798828125 
0.7474023437499998 
0.8130273437499999 
0.8007226562499998 
0.6589257812499999 
0.9401757812500001 
0.8347070312499999 
0.8546289062499999 
0.7386132812499998 
1.08958984375 
0.93431640625 
0.5997460937499999 
0.6138085937499999 
0.92787109375 
0.7444726562499998 
0.9559960937499999 
0.6987695312499999 
0.7520898437499999 
0.5804101562499998 
0.5768945312499999 
1.10072265625 
0.8768945312499998 
1.24369140625 
0.8265039062499999 
0.94427734375 
0.7397851562499997 
0.7544335937499999 
1.1475976562499999 
1.08314453125 
0.8446679687499998 
1.0315820312500001 
0.7720117187499999 
0.97826171875 
0.7866601562499999 
0.8856835937499998 
0.7784570312499999 
0.9308007812500001 
0.8165429687499999 
0.9149804687499999 
0.9061914062499998 
0.7497460937499998 
0.8335351562499999 
1.1464257812499998 
0.9893945312499999 
0.8593164062499998 
0.6360742187499998 
0.8610742187499998 
0.8956445312499999 
0.7110742187499998 
0.7479882812499998 
0.8716210937499999 
0.7350976562499998 
0.8546289062499999 
0.6847070312499999 
0.7520898437499999 
0.7280664062499997 
0.95189453125 
1.2143945312500002 
0.6888085937499998 
0.7708398437499999 
0.8921289062499999 
1.18451171875 
0.7772851562499998 
0.8001367187499998 
1.2683007812500002 
0.6835351562499998 
0.8388085937499998 
0.6565820312499998 
0.95189453125 
0.6876367187499998 
0.9214257812500001 
0.7128320312499998 
0.9009179687499999 
0.91673828125 
0.8528710937499998 
1.0474023437500002 
0.7995507812499999 
0.7186914062499998 
0.9050195312499999 
0.8247460937499999 
0.8224023437499999 
0.7333398437499998 
0.8376367187499998 
0.8411523437499998 
1.05677734375 
0.7210351562499998 
0.7702539062499999 
0.7532617187499998 
0.7210351562499998 
0.7110742187499998 
0.6870507812499999 
0.92435546875 
0.7169335937499999 
0.7977929687499998 
0.8956445312499999 
0.8083398437499999 
0.55580078125 
0.9530664062499999 
0.8950585937499999 
0.6606835937499999 
0.8710351562499998 
0.7936914062499999 
0.9876367187499998 
0.97181640625 
1.29701171875 
0.94310546875 
0.7620507812499999 
0.6888085937499998 
1.11537109375 
0.97064453125 
0.8722070312499999 
1.20208984375 
0.8657617187499999 
1.10658203125 
0.8657617187499999 
0.6255273437499999 
0.6864648437499998 
0.8487695312499999 
0.6067773437499999 
0.9524804687499999 
0.8059960937499998 
0.7544335937499999 
0.6741601562499998 
0.8036523437499998 
0.8118554687499998 
0.6530664062499998 
0.96888671875 
1.0591210937500002 
0.8915429687499998 
0.7169335937499999 
1.11361328125 
0.97884765625 
0.7690820312499999 
0.7415429687499998 
0.7608789062499999 
0.7608789062499999 
0.7409570312499998 
0.8798242187499997 
1.0474023437500002 
0.7157617187499998 
0.8434960937499998 
0.98236328125 
0.8235742187499998 
0.9044335937499999 
1.22494140625 
1.18451171875 
0.92259765625 
0.96302734375 
0.8382226562499998 
0.93373046875 
0.95423828125 
0.7977929687499998 
0.9061914062499998 
0.95072265625 
0.96537109375 
0.7128320312499998 
0.8698632812499999 
0.8194726562499999 
0.8921289062499999 
0.7099023437499998 
0.6788476562499999 
1.0415429687500002 
0.8165429687499999 
0.7063867187499998 
1.2747460937500004 
0.9214257812500001 
0.6811914062499999 
0.9893945312499999 
0.7245507812499998 
1.14818359375 
0.7960351562499999 
1.1751367187500001 
0.7620507812499999 
0.9067773437499999 
0.4919335937499999 
1.31810546875 
0.6794335937499999 
0.7626367187499998 
0.8558007812499999 
0.7386132812499998 
0.7977929687499998 
1.0227929687500001 
0.7679101562499998 
0.93373046875 
0.6882226562499998 
0.9067773437499999 
0.8481835937499999 
0.8036523437499998 
0.9038476562499999 
0.7837304687499999 
0.8651757812499999 
0.8013085937499999 
0.8095117187499998 
0.91263671875 
0.95365234375 
0.7192773437499999 
0.7456445312499999 
0.7679101562499998 
0.8804101562499997 
0.7931054687499999 
0.7643945312499999 
0.97005859375 
0.7837304687499999 
0.8528710937499998 
0.7145898437499999 
0.8042382812499999 
0.9056054687499998 
1.0227929687500001 
0.8856835937499998 
0.8153710937499998 
0.7181054687499998 
0.93783203125 
0.7544335937499999 
0.6237695312499999 
0.7040429687499998 
0.7204492187499998 
0.7755273437499999 
0.9173242187499999 
0.8212304687499998 
1.0948632812499999 
0.91439453125 
0.60208984375 
0.91029296875 
0.93255859375 
0.6132226562499998 
0.8036523437499998 
0.8833398437499999 
0.7298242187499997 
0.6009179687499999 
0.9940820312499998 
1.21205078125 
0.6167382812499999 
0.7286523437499998 
1.0749414062499998 
1.07845703125 
0.96595703125 
0.79017578125 
0.9917382812499999 
1.19916015625 
1.0450585937500003 
0.7222070312499999 
0.8265039062499999 
1.1001367187500002 
0.8657617187499999 
0.6589257812499999 
0.97181640625 
0.9331445312500001 
0.8159570312499999 
0.9266992187499999 
0.6817773437499999 
0.6770898437499999 
0.6753320312499999 
0.9061914062499998 
0.7380273437499998 
0.9641992187499999 
0.6413476562499999 
0.7749414062499999 
