31 18 1 
1.17806640625 
0.9091210937499998 
0.9425195312500001 
1.08490234375 
1.20677734375 
0.8587304687499998 
0.6290429687499999 
1.09134765625 
0.8282617187499999 
0.7415429687499998 
1.1106835937500001 
0.6595117187499998 
1.1938867187500002 
0.6091210937499999 
1.2102929687500001 
0.7520898437499999 
0.8897851562499998 
1.06673828125 
0.9015039062499999 
1.30111328125 
0.7983789062499999 
0.6864648437499998 
0.8311914062499999 
0.8698632812499999 
0.7081445312499999 
1.11419921875 
0.8153710937499998 
0.94076171875 
0.94603515625 
0.91849609375 
1.2366601562500001 
1.20970703125 
0.97533203125 
0.8165429687499999 
0.8317773437499999 
0.7268945312499998 
0.6436914062499999 
0.6577539062499999 
0.5897851562499998 
0.6179101562499998 
0.6577539062499999 
0.98412109375 
0.9554101562499999 
1.08021484375 
0.7731835937499999 
0.8757226562499998 
1.1452539062499998 
0.9061914062499998 
0.8763085937499998 
0.96009765625 
1.00462890625 
0.8323632812499999 
0.7784570312499999 
0.7339257812499999 
0.8599023437499999 
1.14876953125 
0.92435546875 
0.8083398437499999 
0.7936914062499999 
0.8657617187499999 
0.8774804687499997 
0.92376953125 
0.7391992187499997 
1.2741601562500002 
0.7462304687499998 
0.97181640625 
0.91556640625 
0.94837890625 
0.6630273437499998 
0.9981835937499999 
0.6073632812499999 
0.6085351562499999 
0.5897851562499998 
0.7632226562499999 
0.92025390625 
0.7954492187499999 
1.20384765625 
0.7204492187499998 
0.9501367187499999 
0.8130273437499999 
0.97474609375 
1.0444726562500002 
0.6425195312499999 
1.2331445312500002 
0.6847070312499999 
0.6407617187499999 
0.94720703125 
1.2864648437500001 
0.8130273437499999 
0.8886132812499998 
0.8399804687499998 
1.03978515625 
0.8991601562499998 
0.78958984375 
1.3309960937500003 
0.8692773437499999 
0.7825585937499999 
1.2337304687500001 
0.92728515625 
0.7872460937499999 
0.8921289062499999 
1.0315820312500001 
0.96771484375 
0.6759179687499999 
0.8364648437499999 
0.9683007812500001 
0.8675195312499999 
0.8352929687499998 
0.9899804687499998 
1.20853515625 
1.23431640625 
0.8153710937499998 
0.7702539062499999 
0.8634179687499999 
0.7860742187499998 
0.6190820312499998 
0.7140039062499999 
0.6829492187499998 
1.16283203125 
1.0579492187500001 
0.7936914062499999 
0.7286523437499998 
0.97591796875 
0.6946679687499998 
0.8018945312499999 
1.09017578125 
0.8856835937499998 
0.8651757812499999 
0.8300195312499999 
0.96302734375 
0.8686914062499999 
0.8112695312499999 
0.7890039062499999 
0.7573632812499999 
1.09076171875 
0.7069726562499998 
1.0550195312500001 
1.14291015625 
0.95658203125 
1.1651757812499999 
0.6618554687499998 
0.7638085937499999 
0.9044335937499999 
0.6583398437499999 
0.94427734375 
0.7327539062499998 
0.7673242187499998 
0.92376953125 
1.2536523437500002 
0.8411523437499998 
0.9641992187499999 
0.8083398437499999 
0.7579492187499998 
1.0989648437500001 
1.01400390625 
0.6741601562499998 
0.7309960937499997 
1.1206445312500002 
0.7778710937499999 
0.7339257812499999 
1.07669921875 
0.98177734375 
0.8282617187499999 
0.8042382812499999 
0.7995507812499999 
0.8944726562499998 
0.5311914062499999 
0.98177734375 
0.8581445312499999 
0.8962304687499998 
1.09779296875 
0.8886132812499998 
1.1059960937500002 
1.07376953125 
1.15580078125 
0.92259765625 
0.7725976562499999 
0.8253320312499999 
0.7304101562499997 
0.6776757812499999 
1.1475976562499999 
0.5569726562499999 
1.0655664062499999 
0.7825585937499999 
0.7128320312499998 
0.8692773437499999 
1.00931640625 
0.6770898437499999 
0.6876367187499998 
1.07845703125 
0.8763085937499998 
0.9735742187499999 
0.7661523437499999 
0.7415429687499998 
0.8388085937499998 
0.9852929687499998 
0.7286523437499998 
0.94662109375 
0.94720703125 
0.7409570312499998 
0.7251367187499997 
0.8177148437499999 
1.0063867187500002 
1.2501367187500003 
0.9020898437499999 
0.8013085937499999 
1.2513085937500004 
0.53470703125 
0.8962304687499998 
0.5616601562499999 
0.7860742187499998 
0.8722070312499999 
0.7391992187499997 
0.9214257812500001 
0.8698632812499999 
0.7579492187499998 
0.8036523437499998 
1.06087890625 
0.9893945312499999 
0.7585351562499998 
0.7825585937499999 
0.95833984375 
1.10716796875 
0.6266992187499998 
1.1294335937500002 
0.7948632812499999 
0.8692773437499999 
0.7233789062499998 
0.8112695312499999 
0.9266992187499999 
1.08373046875 
0.98177734375 
0.7597070312499998 
0.7374414062499998 
0.93138671875 
0.7673242187499998 
0.7491601562499998 
0.8563867187499998 
0.7175195312499999 
0.7128320312499998 
0.7421289062499998 
1.2325585937500003 
0.8698632812499999 
0.8698632812499999 
0.8768945312499998 
0.9020898437499999 
0.7837304687499999 
0.7626367187499998 
1.0268945312500002 
0.7222070312499999 
0.92728515625 
0.7292382812499998 
0.8001367187499998 
0.8862695312499999 
1.13880859375 
1.13001953125 
1.01634765625 
0.7438867187499998 
0.9056054687499998 
0.7673242187499998 
0.5862695312499999 
1.0456445312500002 
0.7714257812499999 
0.98177734375 
0.7597070312499998 
0.7673242187499998 
1.05384765625 
0.9061914062499998 
0.96712890625 
0.6958398437499999 
0.8763085937499998 
0.98236328125 
0.6061914062499999 
0.6015039062499999 
0.7456445312499999 
0.6852929687499998 
0.8171289062499999 
0.7907617187499999 
0.6905664062499998 
1.07904296875 
0.7204492187499998 
0.95951171875 
0.6407617187499999 
0.8475976562499998 
0.9026757812499999 
1.05970703125 
0.8751367187499998 
0.7936914062499999 
0.8347070312499999 
0.7257226562499998 
1.0579492187500001 
0.9026757812499999 
0.8880273437499998 
0.9929101562499998 
1.14291015625 
0.9975976562499999 
1.13177734375 
0.7151757812499999 
0.8804101562499997 
0.7075585937499999 
