6 19 25 
0.9993554687499997 
1.1751367187500001 
0.7960351562499999 
1.24310546875 
1.15814453125 
0.8862695312499999 
1.2319726562500002 
0.8370507812499999 
1.2044335937500001 
0.9858789062499999 
1.21556640625 
0.8622460937499998 
1.18509765625 
1.20853515625 
1.2606835937500003 
0.8692773437499999 
1.1997460937500002 
0.7304101562499997 
1.2524804687500002 
1.1681054687499999 
1.1710351562499999 
1.24486328125 
0.7515039062499999 
1.3245507812500001 
1.2132226562500001 
0.7509179687499998 
0.97884765625 
1.18978515625 
1.15873046875 
1.22376953125 
1.17337890625 
0.96126953125 
0.8434960937499998 
1.08431640625 
1.2489648437500003 
0.98177734375 
0.6571679687499998 
1.1938867187500002 
1.2688867187500004 
1.01927734375 
1.3122460937500002 
1.24369140625 
1.1886132812499999 
1.30580078125 
1.38373046875 
1.18333984375 
1.22083984375 
1.24310546875 
1.2776757812500001 
1.32337890625 
1.2138085937500003 
0.9893945312499999 
1.1282617187500001 
1.2794335937500003 
0.8751367187499998 
1.33861328125 
0.91966796875 
1.22083984375 
1.2559960937500003 
0.8171289062499999 
0.7825585937499999 
1.21087890625 
1.19916015625 
1.3421289062500001 
0.8300195312499999 
1.22025390625 
1.2718164062500001 
1.21205078125 
1.2331445312500002 
1.22552734375 
1.1763085937500002 
1.29876953125 
1.29876953125 
1.3309960937500003 
1.2612695312500002 
1.17279296875 
0.91087890625 
1.19095703125 
1.2659570312500001 
1.2706445312500003 
1.36087890625 
1.29876953125 
1.2583398437500002 
1.2653710937500002 
1.31458984375 
1.18041015625 
1.3304101562500001 
1.01576171875 
1.2671289062500002 
0.94837890625 
1.2800195312500002 
1.2360742187500002 
1.21498046875 
1.1475976562499999 
0.91146484375 
1.3626367187500001 
1.3362695312500001 
0.96244140625 
0.7796289062499999 
0.6964257812499999 
1.21966796875 
1.17748046875 
1.2518945312500003 
1.22083984375 
1.31927734375 
1.2419335937500002 
1.2600976562500001 
1.1475976562499999 
1.22669921875 
1.21673828125 
1.3309960937500003 
1.1827539062499999 
1.22845703125 
1.20560546875 
1.20208984375 
1.21556640625 
1.14408203125 
1.2718164062500001 
1.2835351562500001 
1.35853515625 
1.2800195312500002 
1.1751367187500001 
1.20794921875 
1.18802734375 
1.23548828125 
0.98177734375 
0.8335351562499999 
1.2190820312500001 
1.2694726562500003 
1.2143945312500002 
1.2518945312500003 
0.97240234375 
1.2495507812500002 
0.7116601562499998 
1.18802734375 
1.18333984375 
1.2753320312500003 
1.21205078125 
1.17806640625 
0.8774804687499997 
1.22142578125 
1.3052148437500002 
1.2132226562500001 
0.8974023437499998 
1.31400390625 
1.3063867187500002 
1.0427148437500002 
1.19212890625 
1.29583984375 
0.8804101562499997 
1.19212890625 
1.13880859375 
1.3257226562500002 
1.2817773437500002 
0.8083398437499999 
1.0474023437500002 
1.2173242187500002 
1.2653710937500002 
1.31751953125 
1.13236328125 
1.24369140625 
1.11419921875 
1.2806054687500001 
1.2653710937500002 
1.2290429687500002 
1.2630273437500001 
0.94837890625 
1.2231835937500002 
1.2489648437500003 
1.13060546875 
1.20501953125 
1.23431640625 
0.9911523437499998 
0.9905664062499998 
1.17572265625 
1.2817773437500002 
1.13705078125 
0.8147851562499998 
1.23900390625 
1.2893945312500001 
1.18041015625 
1.29408203125 
1.17689453125 
0.8575585937499999 
1.03275390625 
1.3257226562500002 
1.1475976562499999 
1.1247460937500002 
1.1751367187500001 
1.2653710937500002 
1.2659570312500001 
1.2331445312500002 
1.2606835937500003 
1.1997460937500002 
0.8786523437499998 
1.19916015625 
1.2161523437500001 
0.94603515625 
1.0444726562500002 
0.8821679687499998 
1.2524804687500002 
1.22435546875 
1.22611328125 
1.1452539062499998 
1.33392578125 
1.22552734375 
1.2788476562500002 
1.04798828125 
1.3251367187500003 
0.9958398437499999 
1.17455078125 
1.3274804687500001 
1.01986328125 
1.2132226562500001 
1.21673828125 
0.9419335937500001 
1.2337304687500001 
1.2688867187500004 
1.40306640625 
1.3274804687500001 
1.0286523437500001 
1.23431640625 
0.9559960937499999 
1.16927734375 
1.23900390625 
1.24310546875 
0.8663476562499999 
0.9882226562499998 
1.23900390625 
1.22728515625 
1.0714257812499999 
1.2184960937500002 
1.20208984375 
0.8177148437499999 
1.11302734375 
1.3251367187500003 
1.0655664062499999 
1.20326171875 
1.22611328125 
0.7550195312499999 
1.24720703125 
1.23900390625 
1.2325585937500003 
1.36966796875 
0.8516992187499998 
1.28705078125 
1.18451171875 
1.0655664062499999 
1.18626953125 
1.11185546875 
0.9641992187499999 
0.7731835937499999 
0.6888085937499998 
0.7690820312499999 
1.25306640625 
1.21087890625 
1.12884765625 
1.2501367187500003 
1.21556640625 
1.28119140625 
1.14701171875 
1.24017578125 
1.21205078125 
1.2360742187500002 
0.7216210937499998 
1.22142578125 
1.2542382812500001 
0.8270898437499999 
1.18392578125 
1.41419921875 
1.2173242187500002 
1.3122460937500002 
1.2313867187500003 
1.00990234375 
1.2864648437500001 
1.03333984375 
1.20091796875 
1.2700585937500004 
1.2671289062500002 
0.8610742187499998 
0.9911523437499998 
1.2231835937500002 
1.24369140625 
1.3286523437500002 
1.23900390625 
0.8798242187499997 
1.20560546875 
1.20912109375 
1.2800195312500002 
1.3040429687500001 
0.8868554687499998 
0.91908203125 
1.14701171875 
0.7819726562499999 
1.29173828125 
1.18392578125 
0.8118554687499998 
1.2161523437500001 
0.6331445312499999 
1.1282617187500001 
