26 19 5 
0.8874414062499998 
1.1282617187500001 
0.9876367187499998 
0.6102929687499998 
0.7837304687499999 
0.8628320312499999 
1.16751953125 
1.08841796875 
0.6302148437499999 
0.9085351562499998 
0.7989648437499999 
1.0491601562500001 
0.9952539062499999 
0.6009179687499999 
0.6554101562499998 
0.8675195312499999 
0.8253320312499999 
0.7474023437499998 
0.92494140625 
0.8903710937499998 
0.8487695312499999 
0.98470703125 
0.9079492187499998 
0.8083398437499999 
0.6149804687499998 
0.7837304687499999 
1.0456445312500002 
0.94955078125 
0.96771484375 
0.7591210937499998 
0.6337304687499998 
0.8089257812499999 
0.7444726562499998 
0.9091210937499998 
0.9647851562499999 
0.7245507812499998 
0.82767578125 
0.7462304687499998 
0.8335351562499999 
1.07845703125 
1.02103515625 
0.8991601562499998 
0.7983789062499999 
0.8089257812499999 
0.95951171875 
0.8815820312499998 
0.92962890625 
0.8499414062499998 
0.7890039062499999 
0.5382226562499999 
1.15287109375 
0.8183007812499999 
1.12591796875 
0.7784570312499999 
0.7878320312499999 
1.11830078125 
0.7626367187499998 
0.93490234375 
0.6858789062499998 
0.95072265625 
1.0239648437500002 
0.95658203125 
0.6683007812499999 
0.8089257812499999 
0.64017578125 
0.6952539062499998 
0.7345117187499998 
0.8593164062499998 
1.03744140625 
0.94779296875 
1.2513085937500004 
0.6806054687499998 
0.8423242187499997 
0.7292382812499998 
0.7298242187499997 
0.9876367187499998 
0.6184960937499998 
0.8306054687499999 
0.8927148437499999 
0.7872460937499999 
0.7860742187499998 
1.00873046875 
0.6067773437499999 
0.8001367187499998 
0.93841796875 
1.09955078125 
0.5845117187499999 
0.6841210937499999 
0.7350976562499998 
0.8645898437499999 
0.7485742187499997 
0.6296289062499999 
0.8921289062499999 
0.7368554687499997 
1.16576171875 
0.8546289062499999 
0.94896484375 
1.2395898437500001 
1.02455078125 
0.9061914062499998 
0.78958984375 
0.8745507812499999 
0.8727929687499998 
0.8358789062499998 
0.8634179687499999 
0.7309960937499997 
0.8587304687499998 
0.93724609375 
0.8470117187499998 
0.8083398437499999 
0.9003320312499998 
1.18392578125 
1.07376953125 
0.6390039062499999 
1.02455078125 
1.01927734375 
0.8452539062499999 
1.05091796875 
1.00873046875 
0.91322265625 
0.8640039062499999 
0.6653710937499998 
0.8610742187499998 
0.6888085937499998 
0.8868554687499998 
0.8669335937499999 
0.7292382812499998 
0.92435546875 
0.94603515625 
0.9056054687499998 
0.8499414062499998 
1.02162109375 
0.7702539062499999 
0.7960351562499999 
0.91146484375 
1.0579492187500001 
0.7022851562499998 
0.7591210937499998 
1.01048828125 
0.9003320312499998 
0.8417382812499998 
0.8434960937499998 
0.7913476562499999 
1.06146484375 
0.7819726562499999 
1.02748046875 
0.60501953125 
1.1200585937500003 
1.08841796875 
0.6864648437499998 
1.20853515625 
0.8511132812499999 
1.1985742187500001 
0.6888085937499998 
0.7872460937499999 
1.0011132812499999 
1.00931640625 
0.6196679687499999 
1.11361328125 
0.7772851562499998 
1.1886132812499999 
1.0638085937500001 
0.9975976562499999 
0.6360742187499998 
0.7954492187499999 
0.6565820312499998 
0.7579492187499998 
1.01986328125 
0.7573632812499999 
0.7913476562499999 
0.6811914062499999 
0.9085351562499998 
0.8329492187499998 
0.6724023437499999 
1.1165429687500001 
0.7093164062499998 
0.7702539062499999 
0.8856835937499998 
0.9929101562499998 
0.7544335937499999 
1.18626953125 
0.92201171875 
0.9425195312500001 
0.7192773437499999 
0.6975976562499998 
0.91029296875 
0.8382226562499998 
0.7362695312499998 
0.93197265625 
0.8224023437499999 
1.1059960937500002 
0.5903710937499999 
0.7696679687499999 
0.8511132812499999 
0.7831445312499999 
0.6776757812499999 
0.8979882812499999 
0.97298828125 
1.0239648437500002 
0.8634179687499999 
0.8727929687499998 
0.95658203125 
0.6770898437499999 
0.6829492187499998 
0.7456445312499999 
0.91029296875 
0.9091210937499998 
0.9917382812499999 
0.8341210937499999 
0.7620507812499999 
0.7761132812499999 
0.92259765625 
0.6600976562499998 
0.7274804687499997 
0.8575585937499999 
0.8903710937499998 
1.0227929687500001 
0.7784570312499999 
0.52708984375 
0.9425195312500001 
0.6917382812499998 
1.00228515625 
0.8065820312499998 
0.8423242187499997 
0.9009179687499999 
0.7263085937499998 
0.9067773437499999 
0.94427734375 
1.02748046875 
0.8347070312499999 
0.8692773437499999 
0.6940820312499998 
0.7497460937499998 
1.08666015625 
1.0936914062499998 
1.16166015625 
0.9085351562499998 
0.91087890625 
0.7766992187499998 
1.19095703125 
0.95775390625 
0.8259179687499999 
1.10775390625 
0.92318359375 
0.8675195312499999 
0.8423242187499997 
1.01283203125 
1.22611328125 
0.97064453125 
0.92083984375 
0.7825585937499999 
0.9559960937499999 
0.8165429687499999 
1.2800195312500002 
0.9085351562499998 
0.8897851562499998 
0.7655664062499998 
0.5716210937499999 
0.9050195312499999 
1.11478515625 
0.91673828125 
0.97064453125 
0.8153710937499998 
1.0356835937500002 
0.7860742187499998 
0.6829492187499998 
0.7550195312499999 
0.9149804687499999 
0.91439453125 
0.7561914062499998 
0.8200585937499999 
0.7321679687499998 
0.8681054687499998 
0.8200585937499999 
1.08021484375 
0.93138671875 
0.98236328125 
1.05853515625 
0.8341210937499999 
0.7538476562499998 
0.8663476562499999 
0.8868554687499998 
0.7954492187499999 
1.06732421875 
1.3040429687500001 
0.7960351562499999 
0.9032617187499998 
0.95072265625 
0.6407617187499999 
0.6354882812499999 
1.06087890625 
0.7626367187499998 
0.7942773437499999 
0.8018945312499999 
0.8347070312499999 
1.0169335937500001 
0.7643945312499999 
0.8464257812499999 
1.15814453125 
0.8757226562499998 
