31 19 0 
0.8681054687499998 
0.8083398437499999 
0.8657617187499999 
0.8118554687499998 
0.8938867187499998 
0.6747460937499998 
0.6636132812499999 
0.6407617187499999 
0.8511132812499999 
0.9073632812499999 
1.0081445312500001 
0.93607421875 
0.8124414062499998 
0.6419335937499999 
0.7931054687499999 
0.7585351562499998 
0.7415429687499998 
0.8915429687499998 
0.95189453125 
0.93490234375 
0.7772851562499998 
1.08021484375 
0.7567773437499998 
0.7831445312499999 
0.5780664062499998 
1.04095703125 
0.9061914062499998 
0.8071679687499999 
0.7427148437499999 
0.8112695312499999 
0.6829492187499998 
0.7872460937499999 
0.8763085937499998 
0.9149804687499999 
0.7597070312499998 
0.8552148437499999 
1.01048828125 
0.78958984375 
1.09779296875 
0.8382226562499998 
0.7755273437499999 
0.6442773437499999 
1.22611328125 
0.6600976562499998 
0.5886132812499999 
0.7766992187499998 
1.17279296875 
0.6987695312499999 
0.7292382812499998 
0.8669335937499999 
0.8774804687499997 
0.8827539062499998 
0.8440820312499998 
0.6255273437499999 
0.8868554687499998 
0.7673242187499998 
1.0169335937500001 
1.03744140625 
0.7585351562499998 
0.8997460937499998 
0.7116601562499998 
0.7397851562499997 
0.8563867187499998 
0.8634179687499999 
1.06146484375 
0.8417382812499998 
1.01810546875 
1.1253320312500001 
0.8481835937499999 
0.7567773437499998 
0.7157617187499998 
0.6038476562499999 
0.9032617187499998 
0.8165429687499999 
1.02455078125 
0.9038476562499999 
0.8294335937499999 
0.8710351562499998 
0.7438867187499998 
0.7708398437499999 
0.8323632812499999 
0.8247460937499999 
0.5897851562499998 
0.8622460937499998 
0.7116601562499998 
0.94955078125 
0.7227929687499998 
0.8634179687499999 
1.10833984375 
0.59330078125 
1.10951171875 
0.8423242187499997 
0.8804101562499997 
0.7350976562499998 
0.8294335937499999 
0.7702539062499999 
0.5763085937499999 
1.03509765625 
0.6606835937499999 
0.6126367187499998 
0.7456445312499999 
0.8968164062499998 
0.8241601562499998 
0.94076171875 
0.5815820312499999 
0.7122460937499998 
1.0503320312500002 
1.17044921875 
0.8815820312499998 
0.7491601562499998 
0.7550195312499999 
0.8288476562499999 
1.10892578125 
1.13763671875 
0.8183007812499999 
0.91673828125 
0.95423828125 
0.9888085937499999 
0.7040429687499998 
0.9530664062499999 
0.8036523437499998 
0.8581445312499999 
0.7690820312499999 
0.8018945312499999 
0.9530664062499999 
0.8675195312499999 
0.8845117187499998 
0.8434960937499998 
1.0761132812499998 
1.10365234375 
1.09662109375 
0.9970117187499998 
0.7198632812499999 
0.60501953125 
0.97884765625 
1.1188867187500002 
0.7444726562499998 
1.06673828125 
0.91439453125 
0.8511132812499999 
1.14349609375 
1.19740234375 
0.9067773437499999 
0.8470117187499998 
0.9929101562499998 
0.97650390625 
0.7263085937499998 
1.03861328125 
0.7802148437499999 
0.8224023437499999 
1.31341796875 
0.6384179687499999 
0.6202539062499999 
0.6683007812499999 
1.2542382812500001 
0.7409570312499998 
0.5921289062499999 
0.7567773437499998 
0.7099023437499998 
0.7977929687499998 
1.02923828125 
0.5751367187499998 
0.7550195312499999 
0.7192773437499999 
0.7907617187499999 
0.8317773437499999 
0.6559960937499998 
0.8007226562499998 
0.6624414062499998 
1.1013085937500002 
0.91966796875 
0.93783203125 
0.9020898437499999 
0.8558007812499999 
0.8956445312499999 
0.94369140625 
0.91908203125 
1.12767578125 
1.15814453125 
0.8886132812499998 
0.92728515625 
0.8212304687499998 
0.91263671875 
0.7046289062499999 
0.8827539062499998 
0.6940820312499998 
0.8434960937499998 
1.2893945312500001 
1.03275390625 
1.12708984375 
1.18392578125 
0.6882226562499998 
0.6747460937499998 
0.8282617187499999 
0.6261132812499999 
0.91556640625 
0.9401757812500001 
0.7661523437499999 
0.8528710937499998 
0.6683007812499999 
0.91205078125 
0.8938867187499998 
1.09193359375 
0.9981835937499999 
0.5815820312499999 
0.6120507812499999 
1.0298242187500002 
0.7468164062499998 
0.7022851562499998 
0.8007226562499998 
0.9061914062499998 
0.7368554687499997 
0.8909570312499998 
0.9419335937500001 
0.7796289062499999 
0.7977929687499998 
0.7849023437499999 
0.9501367187499999 
0.7778710937499999 
0.8675195312499999 
0.7186914062499998 
0.6864648437499998 
0.7819726562499999 
0.94544921875 
0.5944726562499999 
0.91380859375 
0.8798242187499997 
0.8487695312499999 
0.6190820312499998 
0.8417382812499998 
1.00873046875 
0.7251367187499997 
0.92845703125 
1.00990234375 
0.7884179687499999 
0.8645898437499999 
0.6442773437499999 
0.5634179687499999 
0.7813867187499999 
0.8323632812499999 
1.05091796875 
1.13939453125 
0.9044335937499999 
0.8921289062499999 
0.7743554687499998 
0.8001367187499998 
1.0948632812499999 
0.6196679687499999 
1.0743554687499999 
0.8956445312499999 
0.7825585937499999 
0.8417382812499998 
1.30931640625 
0.7702539062499999 
1.0772851562499999 
1.11478515625 
0.7497460937499998 
0.9917382812499999 
0.6419335937499999 
0.94720703125 
0.93548828125 
0.8423242187499997 
0.7532617187499998 
0.8411523437499998 
0.7134179687499999 
0.7550195312499999 
0.7661523437499999 
0.7942773437499999 
0.9448632812500001 
0.6179101562499998 
0.9559960937499999 
0.9032617187499998 
0.8329492187499998 
0.8259179687499999 
0.7532617187499998 
0.6636132812499999 
0.8329492187499998 
0.6184960937499998 
1.0186914062499999 
0.6477929687499998 
0.8440820312499998 
0.7550195312499999 
0.78958984375 
0.8651757812499999 
0.9448632812500001 
0.8511132812499999 
0.8979882812499999 
1.2554101562500002 
0.9958398437499999 
0.8516992187499998 
0.6794335937499999 
0.8311914062499999 
0.7977929687499998 
0.98294921875 
0.7462304687499998 
0.6085351562499999 
0.91205078125 
0.8546289062499999 
0.8804101562499997 
1.17689453125 
