4 20 26 
1.33978515625 
1.25892578125 
1.2407617187500002 
1.2231835937500002 
1.1475976562499999 
1.3304101562500001 
1.23900390625 
1.29115234375 
1.38666015625 
1.2806054687500001 
1.2454492187500001 
1.15814453125 
1.44466796875 
1.12123046875 
0.9735742187499999 
1.3433007812500002 
1.31986328125 
1.2190820312500001 
1.1950585937500002 
1.19798828125 
1.2349023437500002 
1.35150390625 
1.30169921875 
1.31517578125 
1.14291015625 
1.3391992187500001 
1.37376953125 
1.2360742187500002 
1.10248046875 
1.2753320312500003 
1.07083984375 
1.16283203125 
1.0345117187500001 
1.18392578125 
1.23431640625 
1.2600976562500001 
1.2161523437500001 
1.24720703125 
1.36029296875 
1.24720703125 
1.2806054687500001 
1.3040429687500001 
1.1417382812499999 
1.28529296875 
1.2319726562500002 
1.21556640625 
1.22552734375 
1.28119140625 
1.2518945312500003 
1.1640039062499998 
0.6518945312499999 
1.0286523437500001 
1.3157617187500001 
1.17337890625 
1.3345117187500002 
1.28822265625 
1.1809960937500001 
1.24486328125 
1.30111328125 
1.2366601562500001 
1.2518945312500003 
1.3052148437500002 
1.30462890625 
1.3063867187500002 
1.2319726562500002 
1.28998046875 
1.2190820312500001 
1.2782617187500003 
1.31927734375 
1.19740234375 
1.1985742187500001 
1.20794921875 
1.2542382812500001 
1.2741601562500002 
1.20501953125 
1.24486328125 
1.2126367187500002 
1.17806640625 
1.2653710937500002 
1.23548828125 
1.1938867187500002 
1.17748046875 
1.2770898437500002 
1.26244140625 
1.2360742187500002 
1.28822265625 
1.2893945312500001 
1.2378320312500002 
1.0497460937500003 
1.3315820312500002 
1.2559960937500003 
1.39662109375 
1.2495507812500002 
1.14408203125 
1.2143945312500002 
1.11361328125 
1.17572265625 
1.2794335937500003 
1.29935546875 
1.3503320312500002 
0.8809960937499998 
1.3356835937500002 
1.31341796875 
1.2044335937500001 
1.2220117187500001 
1.29525390625 
1.2747460937500004 
1.3491601562500002 
1.2923242187500001 
1.24017578125 
1.3936914062499999 
1.15521484375 
1.26244140625 
1.18978515625 
1.09837890625 
0.96126953125 
1.1827539062499999 
1.3069726562500001 
1.31986328125 
1.1640039062499998 
1.16927734375 
1.33744140625 
1.20560546875 
1.20912109375 
1.3128320312500001 
1.28529296875 
1.1874414062499998 
1.2466210937500002 
1.2548242187500003 
1.1751367187500001 
1.3239648437500002 
1.15287109375 
1.3597070312500001 
1.31341796875 
1.3462304687500002 
1.22845703125 
1.31869140625 
1.31166015625 
1.17748046875 
1.31341796875 
1.1511132812499998 
1.2360742187500002 
1.28529296875 
0.7134179687499999 
1.2378320312500002 
1.2600976562500001 
1.2565820312500002 
1.3274804687500001 
1.3075585937500003 
1.20208984375 
1.26361328125 
1.2677148437500003 
0.7972070312499999 
1.2536523437500002 
1.2729882812500002 
1.22083984375 
1.1997460937500002 
1.13939453125 
1.28998046875 
1.32044921875 
1.2378320312500002 
0.91908203125 
1.16341796875 
1.17044921875 
1.31341796875 
1.2489648437500003 
1.26361328125 
1.23431640625 
1.22962890625 
1.2641992187500002 
1.22962890625 
1.19037109375 
1.2483789062500001 
1.25306640625 
1.36146484375 
1.25892578125 
1.3415429687500002 
1.2477929687500002 
1.28998046875 
1.37904296875 
1.36029296875 
1.1927148437500001 
1.2630273437500001 
0.97650390625 
1.19681640625 
1.36908203125 
1.2313867187500003 
1.3544335937500003 
1.17220703125 
1.21556640625 
1.4388085937500001 
1.20794921875 
1.17865234375 
1.2337304687500001 
1.33509765625 
1.1013085937500002 
1.20677734375 
1.31341796875 
1.05853515625 
1.39544921875 
1.2554101562500002 
1.17748046875 
1.34681640625 
1.16107421875 
1.29642578125 
1.2466210937500002 
1.2360742187500002 
1.31986328125 
1.3239648437500002 
1.13529296875 
0.98353515625 
1.3227929687500002 
1.2876367187500002 
1.38900390625 
1.2934960937500002 
1.20384765625 
1.23900390625 
1.31341796875 
1.33509765625 
1.20091796875 
1.1886132812499999 
1.2132226562500001 
1.30111328125 
1.02455078125 
1.22611328125 
1.24369140625 
1.3362695312500001 
1.0356835937500002 
1.1763085937500002 
1.2595117187500002 
1.16107421875 
1.08373046875 
1.15287109375 
1.2554101562500002 
1.22435546875 
1.36029296875 
1.3040429687500001 
1.15697265625 
1.3491601562500002 
1.2302148437500002 
1.29115234375 
1.0890039062499999 
1.2923242187500001 
1.39486328125 
1.22376953125 
1.36732421875 
1.1341210937500001 
1.13001953125 
1.3444726562500002 
1.23841796875 
1.30052734375 
1.25306640625 
1.37376953125 
1.2671289062500002 
1.37728515625 
1.18978515625 
0.6454492187499998 
1.2524804687500002 
1.30873046875 
1.36322265625 
1.18978515625 
1.21498046875 
1.0110742187500001 
1.2724023437500003 
1.2747460937500004 
1.2847070312500002 
1.2518945312500003 
1.3169335937500002 
1.3263085937500003 
1.0591210937500002 
1.3421289062500001 
1.07259765625 
1.2132226562500001 
1.09779296875 
1.39251953125 
1.33685546875 
1.2835351562500001 
1.32220703125 
1.2184960937500002 
1.24134765625 
0.8604882812499999 
1.25892578125 
1.2847070312500002 
1.22962890625 
1.31517578125 
1.13294921875 
1.29291015625 
0.8610742187499998 
1.28236328125 
0.9981835937499999 
1.29408203125 
0.8546289062499999 
1.3421289062500001 
1.02162109375 
1.2501367187500003 
1.19916015625 
1.21498046875 
1.29291015625 
1.2630273437500001 
1.24310546875 
