7 20 23 
1.28587890625 
1.1640039062499998 
1.30931640625 
0.6700585937499999 
0.94779296875 
1.2518945312500003 
1.24720703125 
1.2184960937500002 
1.2847070312500002 
1.2061914062499999 
1.14408203125 
1.07259765625 
1.33861328125 
1.2366601562500001 
1.16048828125 
1.16693359375 
0.9683007812500001 
0.91556640625 
1.3128320312500001 
0.94544921875 
1.31810546875 
1.07259765625 
1.1013085937500002 
1.21087890625 
0.8165429687499999 
1.2190820312500001 
0.8569726562499999 
1.09779296875 
0.92552734375 
1.29935546875 
0.8323632812499999 
0.95072265625 
1.00580078125 
1.01810546875 
1.2325585937500003 
1.22611328125 
0.9548242187499999 
1.08841796875 
1.24017578125 
0.9091210937499998 
1.18978515625 
0.8581445312499999 
0.9964257812499999 
0.7298242187499997 
0.5850976562499999 
0.7444726562499998 
1.3227929687500002 
0.8516992187499998 
1.1763085937500002 
1.0550195312500001 
1.29583984375 
1.21087890625 
1.2612695312500002 
0.7292382812499998 
1.18919921875 
1.2548242187500003 
1.09603515625 
0.8874414062499998 
1.28998046875 
0.9958398437499999 
1.18392578125 
1.0497460937500003 
1.23548828125 
1.2700585937500004 
1.24017578125 
1.2688867187500004 
1.22142578125 
1.28998046875 
1.03744140625 
0.8030664062499998 
1.18568359375 
1.2454492187500001 
1.20326171875 
1.2360742187500002 
0.8493554687499998 
0.9876367187499998 
0.9308007812500001 
1.28587890625 
1.2847070312500002 
1.2395898437500001 
1.1059960937500002 
0.9683007812500001 
0.5487695312499999 
1.16458984375 
1.2665429687500003 
0.9964257812499999 
0.7884179687499999 
0.91322265625 
1.2278710937500001 
0.8405664062499998 
1.00169921875 
0.7063867187499998 
1.2102929687500001 
1.0444726562500002 
1.2454492187500001 
1.3579492187500002 
0.7204492187499998 
1.2536523437500002 
1.1417382812499999 
1.2554101562500002 
1.2800195312500002 
0.9266992187499999 
1.11595703125 
0.8862695312499999 
1.3257226562500002 
0.9266992187499999 
1.02806640625 
1.0052148437500001 
0.9419335937500001 
1.17689453125 
1.14818359375 
1.32923828125 
1.29759765625 
0.94544921875 
1.18568359375 
0.8950585937499999 
1.06146484375 
0.94544921875 
1.36205078125 
1.13470703125 
1.2829492187500002 
0.9911523437499998 
1.06966796875 
0.94896484375 
1.29759765625 
0.7602929687499999 
1.1188867187500002 
1.19623046875 
0.91087890625 
1.05560546875 
0.8188867187499999 
1.2513085937500004 
1.11009765625 
0.9683007812500001 
0.6618554687499998 
1.2583398437500002 
1.30345703125 
1.30228515625 
0.7702539062499999 
0.9020898437499999 
1.15873046875 
1.2337304687500001 
1.2612695312500002 
1.13939453125 
0.5370507812499999 
0.7509179687499998 
1.24486328125 
1.2313867187500003 
0.5511132812499999 
1.3099023437500001 
1.17396484375 
0.8786523437499998 
1.1575585937500001 
1.17396484375 
1.36732421875 
1.3122460937500002 
0.95072265625 
0.97474609375 
1.18626953125 
1.35736328125 
1.25306640625 
0.9020898437499999 
1.0936914062499998 
1.16283203125 
1.1177148437500002 
0.8335351562499999 
0.8511132812499999 
1.18392578125 
1.13822265625 
1.2724023437500003 
0.8798242187499997 
0.9009179687499999 
1.25306640625 
1.33978515625 
1.37435546875 
0.8798242187499997 
1.1751367187500001 
0.97064453125 
1.3099023437500001 
1.3245507812500001 
0.93255859375 
1.2612695312500002 
0.9683007812500001 
0.97416015625 
0.8411523437499998 
1.28822265625 
1.2454492187500001 
0.98060546875 
1.2776757812500001 
0.8610742187499998 
0.97298828125 
1.01634765625 
1.19623046875 
1.31048828125 
1.0110742187500001 
0.7790429687499999 
1.30345703125 
1.3304101562500001 
1.4183007812500001 
1.08841796875 
0.8481835937499999 
1.35267578125 
1.2677148437500003 
1.2606835937500003 
1.2536523437500002 
0.9888085937499999 
1.0948632812499999 
0.96947265625 
1.02220703125 
1.1950585937500002 
0.8552148437499999 
0.9864648437499999 
0.9858789062499999 
0.8780664062499998 
1.2302148437500002 
0.7474023437499998 
1.2302148437500002 
0.8311914062499999 
1.2489648437500003 
1.35560546875 
1.09955078125 
1.1446679687499999 
0.7813867187499999 
1.10306640625 
0.8827539062499998 
1.06322265625 
1.2536523437500002 
1.1681054687499999 
1.17337890625 
1.2290429687500002 
1.37083984375 
1.2559960937500003 
0.8610742187499998 
1.36205078125 
1.2290429687500002 
1.0872460937500001 
1.4007226562500001 
1.2378320312500002 
1.17982421875 
1.2477929687500002 
1.1446679687499999 
0.8288476562499999 
1.17923828125 
1.02923828125 
1.2565820312500002 
1.2800195312500002 
1.03802734375 
1.2788476562500002 
1.1710351562499999 
1.11712890625 
0.96126953125 
1.20267578125 
0.7520898437499999 
0.8745507812499999 
1.22962890625 
0.8792382812499998 
1.08607421875 
1.13529296875 
0.8745507812499999 
1.2630273437500001 
1.2114648437500002 
1.28705078125 
1.2712304687500002 
1.2841210937500003 
0.7966210937499999 
1.10423828125 
0.7608789062499999 
0.7509179687499998 
1.18626953125 
0.8604882812499999 
1.3239648437500002 
0.8733789062499998 
1.2735742187500003 
1.00052734375 
1.1593164062499999 
1.16283203125 
1.1165429687500001 
1.03685546875 
1.15638671875 
1.2513085937500004 
1.40306640625 
1.29291015625 
1.20208984375 
1.24134765625 
0.8933007812499999 
1.14583984375 
1.10892578125 
0.95365234375 
1.20501953125 
1.24369140625 
1.3274804687500001 
0.7995507812499999 
1.24427734375 
1.0438867187500003 
1.29173828125 
0.9266992187499999 
1.16458984375 
1.21498046875 
0.7696679687499999 
1.07845703125 
