15 20 15 
1.05970703125 
0.92201171875 
0.5944726562499999 
0.8364648437499999 
0.92318359375 
0.93373046875 
0.7052148437499999 
0.97064453125 
0.8147851562499998 
1.17044921875 
0.8036523437499998 
0.8364648437499999 
1.2554101562500002 
1.12181640625 
1.31869140625 
0.8540429687499999 
0.6683007812499999 
0.8212304687499998 
1.06908203125 
0.8827539062499998 
0.9958398437499999 
0.9964257812499999 
1.08783203125 
1.08490234375 
1.13236328125 
0.6132226562499998 
0.8206445312499999 
0.8974023437499998 
0.8065820312499998 
0.8903710937499998 
0.7157617187499998 
0.9776757812500001 
1.1809960937500001 
0.6337304687499998 
0.9852929687499998 
0.94779296875 
0.8358789062499998 
1.0890039062499999 
1.06673828125 
0.9905664062499998 
1.08783203125 
0.7731835937499999 
0.6811914062499999 
0.7157617187499998 
0.9056054687499998 
1.0110742187500001 
0.8645898437499999 
1.37318359375 
1.06205078125 
0.8581445312499999 
1.0948632812499999 
0.8845117187499998 
0.8985742187499998 
0.78080078125 
1.18978515625 
0.6735742187499998 
1.09193359375 
1.1405664062499998 
1.13822265625 
0.8516992187499998 
0.92435546875 
1.07083984375 
0.7438867187499998 
0.7579492187499998 
0.8780664062499998 
1.09310546875 
0.8147851562499998 
0.9020898437499999 
1.0438867187500003 
0.6882226562499998 
0.9091210937499998 
0.8915429687499998 
0.95423828125 
0.6952539062499998 
0.8651757812499999 
1.2501367187500003 
0.8669335937499999 
0.97943359375 
0.92494140625 
0.8634179687499999 
0.98412109375 
0.98060546875 
0.91263671875 
0.7802148437499999 
0.6776757812499999 
1.05619140625 
1.11419921875 
0.8253320312499999 
1.14115234375 
1.0438867187500003 
1.15462890625 
0.6466210937499999 
0.7345117187499998 
0.7972070312499999 
0.7515039062499999 
1.0532617187500002 
0.8874414062499998 
0.7614648437499999 
0.7977929687499998 
0.8294335937499999 
0.9044335937499999 
0.7597070312499998 
1.10658203125 
1.21673828125 
0.95833984375 
0.91263671875 
0.9800195312500001 
1.1282617187500001 
1.0110742187500001 
0.9308007812500001 
0.7731835937499999 
0.8130273437499999 
1.11537109375 
1.09310546875 
1.1013085937500002 
0.91380859375 
0.6425195312499999 
0.7145898437499999 
0.8663476562499999 
0.7661523437499999 
1.3263085937500003 
1.0989648437500001 
0.8083398437499999 
1.17337890625 
0.6823632812499999 
1.2501367187500003 
0.94779296875 
1.24310546875 
1.11302734375 
0.8798242187499997 
1.09134765625 
1.2747460937500004 
0.94662109375 
0.9067773437499999 
0.8897851562499998 
1.18041015625 
1.0520898437500001 
1.16927734375 
1.30931640625 
1.00228515625 
1.1194726562500001 
0.98470703125 
0.8968164062499998 
0.8599023437499999 
1.1247460937500002 
0.8599023437499999 
0.8440820312499998 
0.9770898437500001 
0.93841796875 
1.1358789062499999 
1.02748046875 
0.8768945312499998 
0.92376953125 
0.7907617187499999 
1.0186914062499999 
0.8464257812499999 
0.8423242187499997 
1.16634765625 
1.0532617187500002 
0.7597070312499998 
0.7128320312499998 
1.29583984375 
0.92025390625 
0.8733789062499998 
0.7608789062499999 
1.20970703125 
0.8575585937499999 
0.7216210937499998 
0.7995507812499999 
1.18802734375 
0.9800195312500001 
0.95072265625 
0.93255859375 
0.91908203125 
0.8552148437499999 
0.91205078125 
1.0591210937500002 
1.29583984375 
1.15521484375 
1.2524804687500002 
0.98060546875 
1.03392578125 
0.6923242187499997 
1.10775390625 
1.11361328125 
1.1013085937500002 
1.12650390625 
0.8891992187499997 
0.91087890625 
0.92376953125 
0.7989648437499999 
1.15638671875 
1.10716796875 
0.7204492187499998 
0.8434960937499998 
1.36146484375 
0.9448632812500001 
0.6442773437499999 
1.38783203125 
1.06791015625 
0.8634179687499999 
1.31048828125 
0.7936914062499999 
0.8089257812499999 
0.8393945312499999 
0.6097070312499999 
0.8013085937499999 
0.6694726562499999 
0.7649804687499998 
0.93431640625 
0.7093164062499998 
0.9395898437500001 
0.7995507812499999 
0.8786523437499998 
0.94076171875 
1.18802734375 
1.07787109375 
0.7790429687499999 
0.7931054687499999 
1.0075585937500002 
0.7526757812499999 
1.0503320312500002 
0.8968164062499998 
0.93197265625 
0.7684960937499998 
0.8985742187499998 
0.93138671875 
0.8095117187499998 
1.06439453125 
1.05384765625 
0.94896484375 
1.30345703125 
1.0263085937500003 
0.8862695312499999 
0.7579492187499998 
1.13705078125 
0.8751367187499998 
0.97064453125 
0.9266992187499999 
0.8241601562499998 
0.8440820312499998 
1.2518945312500003 
0.7216210937499998 
0.7819726562499999 
1.1165429687500001 
1.1886132812499999 
0.8704492187499998 
0.8341210937499999 
1.1059960937500002 
0.8804101562499997 
0.9735742187499999 
1.00697265625 
0.9308007812500001 
0.8599023437499999 
0.8030664062499998 
1.10072265625 
0.8300195312499999 
1.1247460937500002 
1.2278710937500001 
0.7140039062499999 
1.02220703125 
1.2501367187500003 
1.2729882812500002 
1.1681054687499999 
0.7386132812499998 
0.8253320312499999 
1.03861328125 
0.9401757812500001 
0.9554101562499999 
0.9893945312499999 
0.7890039062499999 
1.19037109375 
0.8868554687499998 
0.97591796875 
0.8382226562499998 
0.8382226562499998 
0.9641992187499999 
1.03216796875 
0.5722070312499999 
1.2835351562500001 
0.97064453125 
0.6044335937499999 
0.95951171875 
0.7421289062499998 
0.8739648437499998 
0.7222070312499999 
0.7919335937499999 
0.93197265625 
0.8493554687499998 
0.97650390625 
1.03333984375 
1.2132226562500001 
0.8856835937499998 
0.8991601562499998 
0.8013085937499999 
0.5616601562499999 
1.05150390625 
0.7696679687499999 
0.7632226562499999 
0.7708398437499999 
