30 2 18 
1.33861328125 
1.33802734375 
1.47923828125 
1.36791015625 
1.3579492187500002 
1.33275390625 
1.3550195312500002 
1.37552734375 
1.3099023437500001 
1.22552734375 
1.33216796875 
1.21673828125 
1.30345703125 
1.3491601562500002 
1.3532617187500002 
1.3438867187500003 
1.24720703125 
1.36966796875 
1.3497460937500003 
1.3333398437500001 
1.44115234375 
1.38373046875 
1.2934960937500002 
1.3831445312500001 
1.3268945312500002 
1.36029296875 
1.3391992187500001 
1.36146484375 
1.3438867187500003 
1.4018945312500002 
1.3128320312500001 
1.36146484375 
1.30580078125 
1.24134765625 
1.4200585937500003 
1.33744140625 
1.40775390625 
1.36029296875 
1.3532617187500002 
1.2630273437500001 
1.36439453125 
1.31869140625 
1.43822265625 
1.3362695312500001 
1.45052734375 
1.3567773437500001 
1.3626367187500001 
1.3128320312500001 
1.31810546875 
1.3216210937500001 
1.4036523437500001 
1.43529296875 
1.3761132812499999 
1.33744140625 
1.3438867187500003 
1.2132226562500001 
1.33216796875 
1.33978515625 
1.39017578125 
1.31458984375 
1.3550195312500002 
1.3227929687500002 
1.35619140625 
1.2483789062500001 
1.3345117187500002 
1.3257226562500002 
1.40892578125 
1.36439453125 
1.3227929687500002 
1.2806054687500001 
1.33275390625 
1.3597070312500001 
1.3591210937500002 
1.3128320312500001 
1.44408203125 
1.3550195312500002 
1.38900390625 
1.3509179687500001 
1.23900390625 
1.3491601562500002 
1.31869140625 
1.41712890625 
1.37669921875 
1.31400390625 
1.33744140625 
1.3532617187500002 
1.3362695312500001 
1.33216796875 
1.2671289062500002 
1.3263085937500003 
1.3251367187500003 
1.3684960937500001 
1.30052734375 
1.4188867187500003 
1.3567773437500001 
1.3626367187500001 
1.43705078125 
1.31400390625 
1.43119140625 
1.43353515625 
1.3069726562500001 
1.4065820312500001 
1.29701171875 
1.45169921875 
1.44349609375 
1.36556640625 
1.41478515625 
1.35619140625 
1.2372460937500003 
1.33392578125 
1.40833984375 
1.33978515625 
1.3268945312500002 
1.37083984375 
1.37845703125 
1.3456445312500003 
1.31869140625 
1.46166015625 
1.3304101562500001 
1.4007226562500001 
1.31166015625 
1.3052148437500002 
1.3403710937500002 
1.4059960937500002 
1.4452539062499998 
1.2835351562500001 
1.35150390625 
1.3427148437500003 
1.3110742187500002 
1.35267578125 
1.39134765625 
1.41361328125 
1.32220703125 
1.36087890625 
1.3497460937500003 
1.41244140625 
1.36908203125 
1.31751953125 
1.39310546875 
1.2864648437500001 
1.3597070312500001 
1.44408203125 
1.3257226562500002 
1.31341796875 
1.3075585937500003 
1.3063867187500002 
1.3245507812500001 
1.4106835937500002 
1.2184960937500002 
1.4294335937500002 
1.3520898437500002 
1.4177148437500002 
1.3081445312500002 
1.29642578125 
1.2630273437500001 
1.3239648437500002 
1.36498046875 
1.4153710937500001 
1.28529296875 
1.31400390625 
1.3479882812500001 
1.3263085937500003 
1.4001367187500002 
1.30052734375 
1.39662109375 
1.30462890625 
1.3169335937500002 
1.40892578125 
1.4522851562499999 
1.3268945312500002 
1.3626367187500001 
1.41185546875 
1.36556640625 
1.40306640625 
1.28705078125 
1.3122460937500002 
1.3591210937500002 
1.3860742187500001 
1.3421289062500001 
1.36322265625 
1.37435546875 
1.3362695312500001 
1.4036523437500001 
1.35150390625 
1.36087890625 
1.3128320312500001 
1.3638085937500002 
1.3268945312500002 
1.29759765625 
1.36908203125 
1.24017578125 
1.29876953125 
1.2641992187500002 
1.3761132812499999 
1.4405664062499999 
1.38841796875 
1.4300195312500001 
1.32806640625 
1.33978515625 
1.3315820312500002 
1.3597070312500001 
1.2770898437500002 
1.29642578125 
1.4294335937500002 
1.42181640625 
1.3157617187500001 
1.31341796875 
1.4007226562500001 
1.36732421875 
1.42298828125 
1.36498046875 
1.3421289062500001 
1.3444726562500002 
1.4270898437500001 
1.4241601562500001 
1.3591210937500002 
1.44232421875 
1.41595703125 
1.2612695312500002 
1.4183007812500001 
1.32923828125 
1.36322265625 
1.45345703125 
1.3362695312500001 
1.3825585937500002 
1.3286523437500002 
1.43587890625 
1.3538476562500001 
1.40248046875 
1.3069726562500001 
1.3550195312500002 
1.4856835937500001 
1.36087890625 
1.2138085937500003 
1.2495507812500002 
1.39603515625 
1.4247460937500003 
1.29056640625 
1.29759765625 
1.29525390625 
1.3356835937500002 
1.30287109375 
1.3638085937500002 
1.3503320312500002 
1.3099023437500001 
1.37259765625 
1.42650390625 
1.4300195312500001 
1.3304101562500001 
1.30580078125 
1.3444726562500002 
1.2923242187500001 
1.38197265625 
1.3802148437500001 
1.28998046875 
1.35560546875 
1.35736328125 
1.4065820312500001 
1.2501367187500003 
1.29642578125 
1.39310546875 
1.35560546875 
1.34681640625 
1.4206445312500002 
1.29466796875 
1.3919335937500001 
1.39134765625 
1.2876367187500002 
1.3403710937500002 
1.20677734375 
1.33978515625 
1.33861328125 
1.3169335937500002 
1.32806640625 
1.29642578125 
1.3239648437500002 
1.42591796875 
1.43529296875 
1.3333398437500001 
1.45345703125 
1.3462304687500002 
1.2495507812500002 
1.3421289062500001 
1.3497460937500003 
1.31517578125 
1.35619140625 
1.46283203125 
1.3438867187500003 
1.33861328125 
1.3245507812500001 
1.3872460937500002 
1.21087890625 
1.3315820312500002 
1.31048828125 
1.38373046875 
1.41009765625 
1.33275390625 
1.3069726562500001 
1.3497460937500003 
1.36556640625 
