14 21 15 
0.7298242187499997 
1.1124414062499999 
0.7931054687499999 
0.7069726562499998 
0.93548828125 
0.6395898437499999 
1.08373046875 
0.9266992187499999 
0.9079492187499998 
0.9770898437500001 
0.9003320312499998 
0.97181640625 
1.0702539062499998 
0.8270898437499999 
1.06263671875 
0.8364648437499999 
0.7819726562499999 
0.95189453125 
1.06732421875 
0.9085351562499998 
0.98412109375 
0.8933007812499999 
0.8558007812499999 
0.95423828125 
0.93138671875 
0.95716796875 
0.8171289062499999 
0.7462304687499998 
0.6641992187499998 
0.9647851562499999 
0.97123046875 
1.16634765625 
0.8874414062499998 
0.94779296875 
0.8552148437499999 
1.21791015625 
0.6366601562499998 
1.33978515625 
0.7526757812499999 
0.9331445312500001 
1.16341796875 
0.8212304687499998 
0.7544335937499999 
0.78958984375 
0.8640039062499999 
0.6899804687499997 
1.1253320312500001 
1.20853515625 
0.9548242187499999 
0.8505273437499998 
0.97416015625 
0.6952539062499998 
1.0772851562499999 
0.7854882812499999 
0.8616601562499998 
0.91380859375 
1.1341210937500001 
0.8165429687499999 
0.7186914062499998 
0.94427734375 
0.8933007812499999 
0.6419335937499999 
0.98119140625 
1.09955078125 
1.17748046875 
1.16048828125 
0.7579492187499998 
0.8604882812499999 
1.31517578125 
0.97298828125 
0.8640039062499999 
0.8200585937499999 
0.9056054687499998 
1.0872460937500001 
0.9020898437499999 
0.7268945312499998 
0.6776757812499999 
0.8634179687499999 
0.7157617187499998 
0.8458398437499999 
0.7362695312499998 
0.7286523437499998 
1.0257226562500001 
1.2184960937500002 
1.06908203125 
1.22376953125 
1.30052734375 
1.2290429687500002 
0.6056054687499999 
1.1177148437500002 
0.96244140625 
0.93490234375 
1.07376953125 
0.8991601562499998 
0.7222070312499999 
0.7673242187499998 
0.8792382812499998 
0.8663476562499999 
0.8950585937499999 
0.8792382812499998 
1.1452539062499998 
1.3356835937500002 
1.1927148437500001 
0.8294335937499999 
0.7849023437499999 
0.9934960937499998 
0.91263671875 
0.9009179687499999 
1.12767578125 
0.91966796875 
1.31986328125 
0.8206445312499999 
0.91849609375 
0.7497460937499998 
1.01576171875 
0.7145898437499999 
0.7063867187499998 
0.9173242187499999 
0.7169335937499999 
0.9044335937499999 
0.93255859375 
1.0298242187500002 
1.19095703125 
0.7725976562499999 
0.8974023437499998 
0.8809960937499998 
0.94662109375 
1.1059960937500002 
1.43353515625 
0.7931054687499999 
0.6847070312499999 
0.7860742187499998 
0.6360742187499998 
0.9530664062499999 
0.8815820312499998 
1.0063867187500002 
0.8306054687499999 
0.7632226562499999 
0.7134179687499999 
1.03041015625 
0.91380859375 
0.79017578125 
0.92083984375 
1.01166015625 
0.7251367187499997 
0.9882226562499998 
1.1938867187500002 
1.2220117187500001 
1.01634765625 
0.98177734375 
0.8522851562499998 
0.5997460937499999 
0.93431640625 
0.9554101562499999 
1.10423828125 
0.7444726562499998 
0.8809960937499998 
1.1282617187500001 
0.6999414062499998 
0.91087890625 
0.96302734375 
1.10658203125 
0.93841796875 
1.3550195312500002 
1.15580078125 
0.96712890625 
1.05970703125 
1.08197265625 
0.8897851562499998 
1.0356835937500002 
0.7960351562499999 
0.7702539062499999 
1.16458984375 
0.92318359375 
1.02923828125 
0.8429101562499998 
0.5985742187499998 
0.9882226562499998 
0.7128320312499998 
0.8048242187499998 
1.12884765625 
1.09603515625 
1.33216796875 
0.8018945312499999 
0.8440820312499998 
0.9852929687499998 
0.7304101562499997 
0.7679101562499998 
1.13998046875 
1.20326171875 
0.8733789062499998 
0.7983789062499999 
0.96595703125 
0.8909570312499998 
0.94427734375 
0.7790429687499999 
0.96654296875 
0.7702539062499999 
0.7251367187499997 
0.7321679687499998 
0.96654296875 
1.0011132812499999 
0.8780664062499998 
0.7456445312499999 
0.92494140625 
0.7849023437499999 
1.01166015625 
0.6706445312499999 
0.6143945312499999 
0.7843164062499999 
1.01458984375 
0.8933007812499999 
0.6765039062499999 
0.8241601562499998 
1.0485742187500002 
0.8294335937499999 
0.7661523437499999 
1.34095703125 
0.8429101562499998 
0.8640039062499999 
0.6729882812499999 
1.09662109375 
0.98177734375 
0.7444726562499998 
0.96126953125 
1.1165429687500001 
1.2747460937500004 
1.0462304687500001 
1.08783203125 
0.8903710937499998 
1.29935546875 
0.8083398437499999 
0.9079492187499998 
0.98119140625 
0.7638085937499999 
0.8991601562499998 
0.8581445312499999 
0.6331445312499999 
0.7134179687499999 
0.93841796875 
0.7579492187499998 
0.93783203125 
0.7632226562499999 
0.93197265625 
0.97884765625 
0.8862695312499999 
1.2641992187500002 
0.7421289062499998 
0.9987695312499999 
1.0403710937500001 
0.8253320312499999 
0.7292382812499998 
0.8833398437499999 
0.8112695312499999 
0.7538476562499998 
0.6530664062499998 
0.9056054687499998 
1.02806640625 
1.1018945312500001 
0.7913476562499999 
1.33509765625 
0.6770898437499999 
1.20677734375 
0.8265039062499999 
0.92845703125 
0.8827539062499998 
1.18509765625 
1.15697265625 
0.7263085937499998 
0.8306054687499999 
1.0497460937500003 
0.6788476562499999 
0.6934960937499998 
0.9981835937499999 
1.0474023437500002 
0.8141992187499998 
0.7216210937499998 
0.9073632812499999 
0.8481835937499999 
0.8763085937499998 
0.8792382812499998 
1.2302148437500002 
0.7380273437499998 
1.07376953125 
0.8183007812499999 
0.8212304687499998 
0.7866601562499999 
1.06849609375 
1.11537109375 
1.1950585937500002 
0.5786523437499999 
0.92083984375 
1.0438867187500003 
1.2595117187500002 
1.2302148437500002 
1.19037109375 
0.6999414062499998 
1.31986328125 
1.0579492187500001 
0.8821679687499998 
