19 21 10 
0.8534570312499998 
0.93373046875 
0.6694726562499999 
0.8933007812499999 
1.04798828125 
0.7286523437499998 
1.18685546875 
1.20736328125 
0.9770898437500001 
0.8259179687499999 
0.6477929687499998 
0.93373046875 
0.94544921875 
0.5235742187499999 
0.8106835937499999 
1.08431640625 
0.9079492187499998 
0.7444726562499998 
0.7227929687499998 
0.9003320312499998 
0.91263671875 
0.8833398437499999 
1.18216796875 
0.7462304687499998 
1.01517578125 
0.7614648437499999 
1.00697265625 
1.2893945312500001 
0.96654296875 
1.07201171875 
0.7802148437499999 
0.8440820312499998 
0.7772851562499998 
0.7052148437499999 
0.98412109375 
1.2677148437500003 
1.2302148437500002 
0.8183007812499999 
1.20091796875 
0.9917382812499999 
0.7491601562499998 
0.8013085937499999 
1.06615234375 
0.7503320312499998 
1.06732421875 
0.7907617187499999 
0.6179101562499998 
0.8358789062499998 
0.94427734375 
1.01048828125 
0.7169335937499999 
0.6032617187499999 
0.8827539062499998 
0.8757226562499998 
1.10541015625 
1.04681640625 
0.8200585937499999 
1.2770898437500002 
0.7409570312499998 
0.7972070312499999 
1.02044921875 
0.91029296875 
1.3567773437500001 
0.8206445312499999 
0.7538476562499998 
1.13236328125 
0.8059960937499998 
0.8534570312499998 
0.95951171875 
1.1446679687499999 
0.8229882812499999 
0.96595703125 
0.8364648437499999 
0.8628320312499999 
1.11595703125 
0.8792382812499998 
0.7110742187499998 
1.1165429687500001 
0.8997460937499998 
0.7667382812499999 
0.8270898437499999 
0.7825585937499999 
0.8376367187499998 
1.11537109375 
0.94427734375 
1.2138085937500003 
0.7169335937499999 
0.7954492187499999 
0.7339257812499999 
0.7099023437499998 
1.2788476562500002 
0.7854882812499999 
0.8991601562499998 
0.9852929687499998 
0.8393945312499999 
0.7128320312499998 
1.3063867187500002 
0.8634179687499999 
0.8651757812499999 
0.8833398437499999 
0.6530664062499998 
0.96302734375 
0.8704492187499998 
0.7122460937499998 
0.6237695312499999 
0.7573632812499999 
0.6009179687499999 
0.96712890625 
0.96009765625 
0.7350976562499998 
1.31341796875 
0.9419335937500001 
0.8868554687499998 
1.3860742187500001 
0.98177734375 
1.0936914062499998 
1.0169335937500001 
0.8141992187499998 
0.8663476562499999 
1.18802734375 
0.78080078125 
0.7661523437499999 
1.3298242187500002 
1.15169921875 
0.91146484375 
0.8493554687499998 
0.92318359375 
0.8446679687499998 
1.06205078125 
1.2184960937500002 
0.91263671875 
0.7942773437499999 
0.9987695312499999 
1.20970703125 
1.04681640625 
0.8317773437499999 
1.2788476562500002 
0.7972070312499999 
0.92494140625 
0.8827539062499998 
0.8891992187499997 
0.5856835937499999 
1.10716796875 
1.29935546875 
0.7280664062499997 
0.5821679687499999 
0.96947265625 
0.8288476562499999 
0.7813867187499999 
0.7216210937499998 
0.91029296875 
1.04212890625 
0.7796289062499999 
0.7643945312499999 
1.31458984375 
0.8335351562499999 
0.8054101562499998 
0.8048242187499998 
1.13470703125 
0.7796289062499999 
0.95892578125 
0.7755273437499999 
1.20326171875 
1.29876953125 
1.3263085937500003 
0.8686914062499999 
1.2747460937500004 
0.6835351562499998 
0.8581445312499999 
0.7192773437499999 
0.7567773437499998 
0.7778710937499999 
0.9061914062499998 
1.07845703125 
1.08373046875 
0.97884765625 
0.96712890625 
0.8188867187499999 
0.7755273437499999 
0.7456445312499999 
0.8481835937499999 
0.7884179687499999 
0.8909570312499998 
1.03744140625 
1.0825585937500002 
0.6888085937499998 
1.0456445312500002 
0.93607421875 
1.01927734375 
0.97650390625 
1.1188867187500002 
0.8827539062499998 
0.8669335937499999 
0.7462304687499998 
0.8335351562499999 
0.9067773437499999 
1.18802734375 
0.6413476562499999 
1.28236328125 
0.8663476562499999 
1.11009765625 
0.5505273437499999 
0.6196679687499999 
0.96947265625 
1.14876953125 
0.95775390625 
1.10951171875 
0.7602929687499999 
0.96068359375 
0.6044335937499999 
0.97298828125 
0.91849609375 
0.8522851562499998 
0.6190820312499998 
0.9448632812500001 
1.0122460937500002 
0.9946679687499999 
0.91439453125 
1.0655664062499999 
0.98353515625 
0.9905664062499998 
0.8552148437499999 
0.8927148437499999 
1.13763671875 
1.1001367187500002 
1.07904296875 
0.8165429687499999 
0.96771484375 
0.8745507812499999 
1.00462890625 
0.8727929687499998 
0.98353515625 
0.5751367187499998 
1.02337890625 
0.9214257812500001 
0.8434960937499998 
0.7380273437499998 
1.24017578125 
0.8153710937499998 
0.9179101562499999 
0.6325585937499999 
1.21498046875 
0.7427148437499999 
0.7069726562499998 
0.7667382812499999 
0.8405664062499998 
0.92845703125 
0.7878320312499999 
0.7298242187499997 
0.8616601562499998 
0.8763085937499998 
0.96068359375 
0.8399804687499998 
0.8470117187499998 
0.92494140625 
0.9173242187499999 
0.7725976562499999 
0.8118554687499998 
0.8499414062499998 
0.7556054687499998 
1.1493554687499998 
1.00169921875 
0.6097070312499999 
1.2483789062500001 
0.94427734375 
0.7667382812499999 
0.97123046875 
0.97064453125 
1.22259765625 
1.0761132812499998 
0.9097070312499999 
0.9852929687499998 
1.1206445312500002 
0.6729882812499999 
0.8745507812499999 
0.7128320312499998 
0.8856835937499998 
0.7421289062499998 
1.30287109375 
0.6483789062499998 
0.6817773437499999 
0.8329492187499998 
1.1874414062499998 
0.7520898437499999 
0.7960351562499999 
0.6958398437499999 
0.8774804687499997 
0.8950585937499999 
1.03978515625 
0.6847070312499999 
1.1059960937500002 
0.8212304687499998 
0.8815820312499998 
0.5809960937499998 
0.6794335937499999 
1.29759765625 
1.01986328125 
0.5610742187499999 
0.8558007812499999 
0.8985742187499998 
