23 21 6 
0.9401757812500001 
0.8370507812499999 
1.1001367187500002 
1.0714257812499999 
0.7761132812499999 
0.7585351562499998 
0.5979882812499999 
0.55580078125 
0.8880273437499998 
1.17337890625 
0.8288476562499999 
0.8686914062499999 
0.7966210937499999 
0.8645898437499999 
0.8100976562499999 
0.8862695312499999 
0.9044335937499999 
0.9893945312499999 
0.7948632812499999 
0.6419335937499999 
0.6794335937499999 
0.9893945312499999 
1.0702539062499998 
0.7520898437499999 
0.7995507812499999 
0.9020898437499999 
0.7456445312499999 
0.6272851562499998 
0.6413476562499999 
0.7690820312499999 
1.22083984375 
1.00169921875 
0.8868554687499998 
0.7995507812499999 
0.9308007812500001 
1.2794335937500003 
0.91439453125 
0.8616601562499998 
0.9970117187499998 
0.9893945312499999 
0.7755273437499999 
0.6196679687499999 
0.5511132812499999 
0.8241601562499998 
0.95716796875 
0.9395898437500001 
0.7819726562499999 
0.8903710937499998 
0.78080078125 
0.6647851562499998 
0.8821679687499998 
0.7040429687499998 
0.7884179687499999 
0.91439453125 
0.9993554687499997 
0.8915429687499998 
0.8698632812499999 
1.1575585937500001 
0.78958984375 
1.21087890625 
1.1534570312499999 
0.93255859375 
0.8458398437499999 
0.97181640625 
0.92435546875 
0.91849609375 
0.9946679687499999 
1.10365234375 
0.8862695312499999 
0.8065820312499998 
0.7913476562499999 
0.79017578125 
0.7643945312499999 
0.6929101562499997 
1.01517578125 
0.9390039062500001 
0.5809960937499998 
0.7362695312499998 
0.8001367187499998 
0.9302148437500001 
0.92376953125 
0.6513085937499998 
0.7643945312499999 
0.7684960937499998 
0.9061914062499998 
0.7456445312499999 
0.7614648437499999 
0.6893945312499998 
0.7790429687499999 
0.96771484375 
0.97064453125 
0.6138085937499999 
0.92318359375 
1.12298828125 
0.7321679687499998 
0.7409570312499998 
0.7673242187499998 
0.6636132812499999 
1.03626953125 
0.7825585937499999 
0.92376953125 
0.9647851562499999 
0.7415429687499998 
1.01400390625 
1.3333398437500001 
0.96654296875 
0.8358789062499998 
0.98294921875 
0.7755273437499999 
1.0890039062499999 
0.91205078125 
0.9149804687499999 
0.6518945312499999 
0.7550195312499999 
1.0122460937500002 
1.09076171875 
0.7714257812499999 
0.6688867187499998 
0.8950585937499999 
0.91615234375 
0.7128320312499998 
0.6009179687499999 
0.92376953125 
0.8733789062499998 
0.8558007812499999 
0.7772851562499998 
1.09310546875 
0.7778710937499999 
0.6759179687499999 
0.98119140625 
0.97650390625 
0.8827539062499998 
0.9852929687499998 
0.6214257812499999 
0.92845703125 
0.5815820312499999 
0.93255859375 
0.9929101562499998 
0.9003320312499998 
0.91029296875 
0.8452539062499999 
0.8423242187499997 
0.8739648437499998 
0.8681054687499998 
0.6794335937499999 
0.6466210937499999 
0.6184960937499998 
0.6214257812499999 
0.98236328125 
0.7608789062499999 
0.7907617187499999 
0.8434960937499998 
0.8095117187499998 
0.8944726562499998 
0.6929101562499997 
0.9050195312499999 
0.9266992187499999 
0.8224023437499999 
0.8341210937499999 
0.9067773437499999 
1.06439453125 
0.7204492187499998 
0.9015039062499999 
0.8382226562499998 
1.1751367187500001 
0.7743554687499998 
1.03919921875 
0.8300195312499999 
0.8042382812499999 
0.9302148437500001 
0.8007226562499998 
0.8241601562499998 
0.7099023437499998 
0.8927148437499999 
0.6952539062499998 
0.8206445312499999 
1.0948632812499999 
0.5821679687499999 
0.8874414062499998 
0.7550195312499999 
0.9559960937499999 
1.0520898437500001 
0.7028710937499998 
0.8575585937499999 
0.94603515625 
0.7714257812499999 
1.13705078125 
0.8089257812499999 
1.0286523437500001 
0.7667382812499999 
1.00873046875 
0.8604882812499999 
0.8499414062499998 
0.7011132812499998 
0.6108789062499999 
0.9044335937499999 
0.7813867187499999 
0.7022851562499998 
0.7884179687499999 
0.8364648437499999 
0.7972070312499999 
0.7462304687499998 
0.8429101562499998 
0.8599023437499999 
0.7380273437499998 
1.02044921875 
1.02044921875 
0.7509179687499998 
0.9266992187499999 
0.7485742187499997 
1.1247460937500002 
0.8827539062499998 
0.8118554687499998 
1.0550195312500001 
0.8815820312499998 
0.7526757812499999 
0.91556640625 
0.91263671875 
1.1651757812499999 
1.13236328125 
0.8587304687499998 
0.6899804687499997 
0.6495507812499999 
0.96771484375 
0.7643945312499999 
1.04798828125 
1.10716796875 
0.7913476562499999 
1.0456445312500002 
0.7468164062499998 
0.82767578125 
1.11712890625 
0.9308007812500001 
0.6923242187499997 
0.8458398437499999 
0.7175195312499999 
0.94837890625 
0.9946679687499999 
0.9067773437499999 
0.9390039062500001 
0.7942773437499999 
1.00169921875 
0.8118554687499998 
0.9079492187499998 
1.02162109375 
1.06146484375 
0.98119140625 
0.7257226562499998 
0.7556054687499998 
0.9524804687499999 
0.91849609375 
0.6114648437499999 
0.93548828125 
1.16927734375 
0.8399804687499998 
0.8165429687499999 
0.8716210937499999 
1.1018945312500001 
0.6513085937499998 
0.5985742187499998 
1.28236328125 
0.8388085937499998 
0.8534570312499998 
0.6354882812499999 
0.7866601562499999 
0.9770898437500001 
0.9038476562499999 
0.92904296875 
0.8147851562499998 
0.6009179687499999 
0.7503320312499998 
0.8622460937499998 
0.7749414062499999 
0.8206445312499999 
1.05267578125 
0.7643945312499999 
0.7649804687499998 
0.8183007812499999 
0.96654296875 
0.7696679687499999 
0.7708398437499999 
0.6694726562499999 
0.7772851562499998 
0.8581445312499999 
0.8516992187499998 
0.8874414062499998 
0.8692773437499999 
0.8634179687499999 
0.8470117187499998 
1.02220703125 
0.7233789062499998 
0.8681054687499998 
1.23900390625 
0.6958398437499999 
0.8809960937499998 
0.8985742187499998 
0.92962890625 
1.1294335937500002 
0.7145898437499999 
0.7345117187499998 
