25 21 4 
1.04681640625 
0.8112695312499999 
1.22494140625 
0.8241601562499998 
1.20677734375 
0.96712890625 
0.8546289062499999 
0.8804101562499997 
0.6606835937499999 
0.6882226562499998 
0.8950585937499999 
0.8399804687499998 
0.8018945312499999 
1.0450585937500003 
0.8516992187499998 
0.8323632812499999 
0.8106835937499999 
0.7837304687499999 
0.7116601562499998 
0.8616601562499998 
0.8616601562499998 
0.9735742187499999 
0.8329492187499998 
0.6384179687499999 
0.6501367187499998 
0.8364648437499999 
0.7585351562499998 
1.05267578125 
0.8974023437499998 
0.8657617187499999 
0.8411523437499998 
0.7684960937499998 
0.6606835937499999 
0.94955078125 
0.6618554687499998 
0.7321679687499998 
0.5516992187499998 
0.6571679687499998 
0.7708398437499999 
1.19154296875 
0.8042382812499999 
0.6554101562499998 
0.5827539062499999 
0.98060546875 
0.8710351562499998 
0.7550195312499999 
0.7462304687499998 
0.6876367187499998 
0.7433007812499999 
1.15638671875 
0.8171289062499999 
1.1106835937500001 
0.91673828125 
0.8634179687499999 
0.44330078124999994 
0.7022851562499998 
0.91849609375 
0.9882226562499998 
0.8259179687499999 
0.6975976562499998 
0.6337304687499998 
0.9097070312499999 
1.13236328125 
0.4878320312499999 
0.7233789062499998 
1.1493554687499998 
0.55521484375 
0.8710351562499998 
0.8165429687499999 
0.7104882812499999 
0.97123046875 
0.6618554687499998 
0.7099023437499998 
0.93138671875 
0.6841210937499999 
0.6056054687499999 
0.7122460937499998 
0.8845117187499998 
0.7620507812499999 
1.17220703125 
0.7145898437499999 
1.09017578125 
0.9905664062499998 
0.8604882812499999 
1.1452539062499998 
0.82767578125 
0.9870507812499999 
0.7931054687499999 
0.8212304687499998 
0.9958398437499999 
0.8458398437499999 
1.0872460937500001 
0.6442773437499999 
0.8147851562499998 
0.7421289062499998 
1.0702539062499998 
0.7286523437499998 
0.8130273437499999 
0.7134179687499999 
0.8522851562499998 
0.9800195312500001 
0.92494140625 
1.09544921875 
0.8370507812499999 
0.91263671875 
0.96595703125 
0.8944726562499998 
0.7602929687499999 
1.2143945312500002 
1.1018945312500001 
0.5804101562499998 
0.8253320312499999 
0.8481835937499999 
0.6899804687499997 
0.7573632812499999 
0.7632226562499999 
1.0761132812499998 
0.7690820312499999 
0.95365234375 
0.97826171875 
0.6712304687499998 
0.94779296875 
0.7931054687499999 
0.8054101562499998 
1.0491601562500001 
0.6905664062499998 
0.91029296875 
1.11537109375 
0.9641992187499999 
0.8950585937499999 
0.97005859375 
0.8827539062499998 
0.9882226562499998 
0.7397851562499997 
1.22259765625 
0.7690820312499999 
0.6817773437499999 
0.7386132812499998 
0.98060546875 
1.12708984375 
0.8071679687499999 
0.7204492187499998 
0.8733789062499998 
1.11185546875 
0.9870507812499999 
0.7579492187499998 
1.00931640625 
0.93783203125 
1.00931640625 
0.6612695312499999 
0.8177148437499999 
0.7087304687499998 
0.7063867187499998 
0.8411523437499998 
0.8827539062499998 
0.5212304687499999 
0.7972070312499999 
0.7462304687499998 
0.8370507812499999 
0.6003320312499999 
0.9993554687499997 
0.91146484375 
0.93783203125 
0.9056054687499998 
1.0890039062499999 
0.9923242187499998 
1.1013085937500002 
0.6718164062499998 
0.8481835937499999 
0.7333398437499998 
0.9067773437499999 
0.9044335937499999 
0.8071679687499999 
0.97416015625 
1.2600976562500001 
0.5329492187499999 
0.8329492187499998 
0.8352929687499998 
1.2184960937500002 
0.8763085937499998 
0.8681054687499998 
0.7702539062499999 
0.7913476562499999 
0.6184960937499998 
0.8979882812499999 
1.19154296875 
0.8065820312499998 
0.93255859375 
0.6735742187499998 
1.2161523437500001 
0.95775390625 
0.6811914062499999 
0.7339257812499999 
0.91146484375 
0.7192773437499999 
0.7972070312499999 
1.0345117187500001 
1.09251953125 
0.7591210937499998 
0.91966796875 
0.7462304687499998 
0.78080078125 
0.6284570312499999 
0.8159570312499999 
1.38841796875 
0.6061914062499999 
0.6542382812499998 
0.9097070312499999 
1.01927734375 
1.01986328125 
0.7673242187499998 
0.9390039062500001 
0.8780664062499998 
0.7567773437499998 
0.4878320312499999 
0.95189453125 
0.9009179687499999 
0.94134765625 
0.7860742187499998 
0.7872460937499999 
0.7374414062499998 
1.03275390625 
0.8985742187499998 
1.14818359375 
0.8944726562499998 
0.9020898437499999 
1.1698632812499998 
0.98236328125 
0.9056054687499998 
0.7391992187499997 
1.0544335937500002 
0.8358789062499998 
0.7626367187499998 
1.12708984375 
0.9647851562499999 
0.95189453125 
0.95775390625 
0.93783203125 
0.6032617187499999 
1.25306640625 
0.8393945312499999 
0.7931054687499999 
0.7614648437499999 
0.8106835937499999 
0.7661523437499999 
0.6718164062499998 
0.8259179687499999 
1.11830078125 
1.00169921875 
0.7427148437499999 
0.8593164062499998 
0.8417382812499998 
0.8382226562499998 
1.24310546875 
0.5774804687499998 
0.94779296875 
0.8083398437499999 
0.8124414062499998 
0.8089257812499999 
0.8095117187499998 
0.8370507812499999 
1.37669921875 
0.6571679687499998 
0.96595703125 
0.8376367187499998 
0.8405664062499998 
1.13529296875 
0.8083398437499999 
0.8833398437499999 
0.94369140625 
0.6225976562499999 
0.94134765625 
0.8534570312499998 
0.6413476562499999 
0.8692773437499999 
0.9993554687499997 
1.17396484375 
0.6513085937499998 
0.9056054687499998 
0.7321679687499998 
1.2659570312500001 
0.97474609375 
0.9864648437499999 
0.7005273437499998 
0.95423828125 
1.06029296875 
0.9419335937500001 
0.6354882812499999 
1.0186914062499999 
0.92611328125 
0.9993554687499997 
0.8634179687499999 
0.7140039062499999 
1.14291015625 
1.13646484375 
0.8100976562499999 
0.8106835937499999 
1.19154296875 
0.7181054687499998 
0.7368554687499997 
