12 22 16 
0.8522851562499998 
0.9390039062500001 
0.6735742187499998 
0.98294921875 
0.9647851562499999 
0.7157617187499998 
0.96537109375 
1.15521484375 
1.09076171875 
1.04681640625 
1.18568359375 
0.9987695312499999 
1.2454492187500001 
1.32103515625 
1.17806640625 
1.13060546875 
1.30169921875 
0.8587304687499998 
1.03626953125 
0.6888085937499998 
1.2044335937500001 
0.6934960937499998 
1.25892578125 
1.0503320312500002 
0.7784570312499999 
1.1194726562500001 
0.94720703125 
1.06205078125 
1.01576171875 
1.1464257812499998 
1.2800195312500002 
1.3040429687500001 
0.7433007812499999 
0.9044335937499999 
0.9061914062499998 
0.8481835937499999 
0.9770898437500001 
1.06087890625 
0.7192773437499999 
1.17396484375 
0.97240234375 
0.8722070312499999 
1.0257226562500001 
0.7825585937499999 
1.0186914062499999 
0.8358789062499998 
0.9331445312500001 
0.8376367187499998 
0.9530664062499999 
1.18802734375 
0.8323632812499999 
0.6507226562499998 
0.5376367187499999 
0.7942773437499999 
1.08314453125 
1.18041015625 
0.6653710937499998 
0.9067773437499999 
0.9923242187499998 
1.0169335937500001 
0.8985742187499998 
1.20033203125 
0.7016992187499997 
0.91146484375 
0.8921289062499999 
0.6958398437499999 
1.2313867187500003 
0.95365234375 
1.08490234375 
1.00287109375 
1.24486328125 
0.8241601562499998 
1.03333984375 
1.1575585937500001 
0.8938867187499998 
0.8722070312499999 
1.06966796875 
0.8112695312499999 
0.6823632812499999 
0.7491601562499998 
0.6882226562499998 
1.3063867187500002 
1.0268945312500002 
1.2349023437500002 
0.8106835937499999 
1.1048242187500001 
0.94720703125 
1.3063867187500002 
1.08783203125 
0.98470703125 
1.10365234375 
0.7919335937499999 
1.2706445312500003 
1.02923828125 
1.11126953125 
0.7679101562499998 
0.8528710937499998 
0.95892578125 
0.91205078125 
0.8604882812499999 
0.8540429687499999 
0.8458398437499999 
1.0356835937500002 
0.6911523437499998 
1.31341796875 
1.2102929687500001 
0.6671289062499999 
1.17455078125 
1.33802734375 
0.8710351562499998 
0.93490234375 
0.92435546875 
1.14818359375 
1.08197265625 
1.08548828125 
1.0655664062499999 
0.8294335937499999 
1.2724023437500003 
0.7532617187499998 
0.9501367187499999 
0.8376367187499998 
1.2126367187500002 
0.9618554687499999 
0.95716796875 
1.2571679687500001 
0.9923242187499998 
0.97650390625 
1.16576171875 
0.8282617187499999 
0.8300195312499999 
0.94603515625 
1.02220703125 
0.7204492187499998 
0.7907617187499999 
0.8886132812499998 
0.91849609375 
0.5938867187499999 
0.97650390625 
0.7942773437499999 
0.8845117187499998 
0.96654296875 
1.22376953125 
1.13705078125 
0.9067773437499999 
0.91966796875 
0.91322265625 
0.6671289062499999 
0.9009179687499999 
1.0110742187500001 
0.7966210937499999 
0.8130273437499999 
1.17162109375 
0.92025390625 
0.8071679687499999 
1.29173828125 
0.8675195312499999 
0.98412109375 
0.93724609375 
1.0403710937500001 
1.13705078125 
0.8827539062499998 
1.3157617187500001 
0.8686914062499999 
0.9009179687499999 
1.1206445312500002 
0.8897851562499998 
0.8997460937499998 
0.7667382812499999 
1.10365234375 
0.8604882812499999 
0.8224023437499999 
1.16693359375 
0.7210351562499998 
0.8681054687499998 
0.91263671875 
0.7743554687499998 
0.8165429687499999 
0.97240234375 
0.9425195312500001 
0.8727929687499998 
0.7374414062499998 
0.8569726562499999 
0.8294335937499999 
1.2653710937500002 
1.0444726562500002 
1.08666015625 
1.21673828125 
0.7684960937499998 
0.7298242187499997 
1.12416015625 
0.9870507812499999 
0.8347070312499999 
1.2548242187500003 
0.8206445312499999 
1.17279296875 
0.8850976562499998 
1.06791015625 
0.8868554687499998 
0.7667382812499999 
0.8505273437499998 
0.7766992187499998 
1.22025390625 
0.79251953125 
0.92318359375 
1.22083984375 
0.8429101562499998 
1.2331445312500002 
1.00345703125 
0.6507226562499998 
0.7181054687499998 
0.8891992187499997 
0.9923242187499998 
1.0456445312500002 
1.05619140625 
1.0503320312500002 
1.09310546875 
1.15287109375 
0.9061914062499998 
1.29173828125 
0.92201171875 
0.92787109375 
0.6934960937499998 
0.8780664062499998 
1.00873046875 
0.7503320312499998 
1.28529296875 
1.11009765625 
1.1106835937500001 
0.92494140625 
1.30462890625 
0.6776757812499999 
0.8891992187499997 
0.7169335937499999 
0.8153710937499998 
0.8130273437499999 
1.1950585937500002 
0.8634179687499999 
0.8733789062499998 
0.8645898437499999 
0.7649804687499998 
0.7140039062499999 
1.13353515625 
0.7960351562499999 
0.6999414062499998 
0.8106835937499999 
1.01927734375 
1.2360742187500002 
0.8968164062499998 
0.8329492187499998 
0.91205078125 
1.06087890625 
0.8065820312499998 
1.22962890625 
1.06791015625 
0.7872460937499999 
0.8956445312499999 
0.8704492187499998 
0.97181640625 
1.0825585937500002 
1.10541015625 
0.93373046875 
0.8323632812499999 
1.2513085937500004 
0.8634179687499999 
0.9917382812499999 
1.0462304687500001 
0.8136132812499999 
0.7011132812499998 
0.6419335937499999 
1.10423828125 
0.7796289062499999 
1.3427148437500003 
1.0772851562499999 
0.8727929687499998 
0.95833984375 
0.6747460937499998 
0.9097070312499999 
0.8716210937499999 
1.1475976562499999 
0.8809960937499998 
1.15990234375 
1.12298828125 
0.8253320312499999 
1.3362695312500001 
1.15462890625 
1.26244140625 
1.31869140625 
1.32923828125 
0.6595117187499998 
0.8763085937499998 
1.15814453125 
1.01810546875 
0.91673828125 
1.03333984375 
0.9501367187499999 
1.01810546875 
1.11361328125 
1.2102929687500001 
1.18509765625 
1.05384765625 
