15 22 13 
0.91087890625 
0.98294921875 
0.8862695312499999 
0.91146484375 
0.8235742187499998 
1.3216210937500001 
0.8458398437499999 
0.8927148437499999 
0.8891992187499997 
1.31341796875 
0.5979882812499999 
1.3391992187500001 
0.8915429687499998 
0.8593164062499998 
1.20853515625 
0.7942773437499999 
0.7620507812499999 
0.7796289062499999 
1.24369140625 
1.11537109375 
0.8370507812499999 
1.09603515625 
0.8581445312499999 
0.8265039062499999 
1.01283203125 
0.97533203125 
0.7550195312499999 
0.91146484375 
0.9038476562499999 
0.6811914062499999 
0.8440820312499998 
0.8071679687499999 
0.7222070312499999 
1.11830078125 
1.00404296875 
0.7345117187499998 
0.7614648437499999 
1.2132226562500001 
1.03861328125 
0.7216210937499998 
0.8042382812499999 
1.0749414062499998 
0.7280664062499997 
1.16107421875 
1.28998046875 
0.8938867187499998 
0.9882226562499998 
0.7626367187499998 
0.7960351562499999 
1.10775390625 
1.0315820312500001 
0.7890039062499999 
0.96126953125 
0.94955078125 
0.7175195312499999 
0.7954492187499999 
0.7567773437499998 
0.6952539062499998 
1.01166015625 
1.2132226562500001 
1.1294335937500002 
0.7942773437499999 
1.06322265625 
0.95072265625 
0.9893945312499999 
1.29759765625 
0.93607421875 
1.09017578125 
1.17865234375 
0.8886132812499998 
1.03744140625 
0.92025390625 
0.7591210937499998 
1.21791015625 
0.8481835937499999 
1.0761132812499998 
0.8780664062499998 
1.09134765625 
0.7210351562499998 
1.00404296875 
0.6425195312499999 
0.7972070312499999 
0.8405664062499998 
0.96947265625 
1.22376953125 
0.7251367187499997 
0.9548242187499999 
1.06146484375 
1.05091796875 
0.8505273437499998 
0.8938867187499998 
0.7421289062499998 
0.8259179687499999 
0.8165429687499999 
0.9852929687499998 
1.2349023437500002 
0.93138671875 
1.2630273437500001 
0.9800195312500001 
0.8376367187499998 
0.95423828125 
0.6765039062499999 
0.7116601562499998 
0.9899804687499998 
0.91908203125 
1.07376953125 
0.97533203125 
0.8669335937499999 
0.8745507812499999 
1.06849609375 
0.8897851562499998 
0.7591210937499998 
0.97123046875 
0.98470703125 
0.96595703125 
0.8856835937499998 
1.31517578125 
1.18216796875 
1.08841796875 
0.7292382812499998 
0.6167382812499999 
1.2559960937500003 
1.08607421875 
0.8780664062499998 
0.8804101562499997 
1.06908203125 
0.7766992187499998 
1.1534570312499999 
0.9888085937499999 
0.8306054687499999 
1.2694726562500003 
0.92259765625 
1.29642578125 
0.96888671875 
1.12591796875 
1.18158203125 
0.8575585937499999 
0.8171289062499999 
0.97123046875 
0.5739648437499999 
0.7983789062499999 
1.16048828125 
0.7638085937499999 
0.9419335937500001 
0.7731835937499999 
0.7397851562499997 
0.56751953125 
0.6718164062499998 
0.7673242187499998 
1.1188867187500002 
1.02044921875 
0.7608789062499999 
0.6466210937499999 
0.7315820312499998 
1.0638085937500001 
1.05677734375 
1.24134765625 
1.16458984375 
0.7579492187499998 
0.7948632812499999 
1.00990234375 
0.8141992187499998 
0.9981835937499999 
0.6677148437499999 
1.01517578125 
0.6899804687499997 
1.02103515625 
0.8575585937499999 
0.8458398437499999 
0.7503320312499998 
1.1177148437500002 
1.01458984375 
1.3128320312500001 
0.8698632812499999 
0.6823632812499999 
0.92259765625 
0.91263671875 
0.7292382812499998 
0.8640039062499999 
0.6975976562499998 
1.01283203125 
0.8921289062499999 
0.92962890625 
0.6489648437499999 
0.7099023437499998 
0.92318359375 
0.7087304687499998 
0.97181640625 
1.2688867187500004 
1.0936914062499998 
0.6806054687499998 
0.7321679687499998 
0.7872460937499999 
0.95130859375 
0.8733789062499998 
0.8270898437499999 
0.8833398437499999 
0.96361328125 
0.8470117187499998 
0.5141992187499999 
1.37376953125 
0.9302148437500001 
1.1446679687499999 
0.7286523437499998 
0.9179101562499999 
0.7638085937499999 
0.8265039062499999 
0.7515039062499999 
0.8962304687499998 
0.8540429687499999 
0.6975976562499998 
0.96302734375 
0.7011132812499998 
1.15580078125 
0.7614648437499999 
1.05736328125 
0.6600976562499998 
0.9946679687499999 
1.13646484375 
0.8083398437499999 
1.1452539062499998 
1.08431640625 
0.7643945312499999 
0.8839257812499999 
0.93841796875 
0.8540429687499999 
1.21966796875 
0.92376953125 
0.8563867187499998 
0.96244140625 
0.8751367187499998 
0.9981835937499999 
0.8493554687499998 
0.6864648437499998 
0.8874414062499998 
0.7884179687499999 
0.92494140625 
1.30345703125 
0.7374414062499998 
0.9923242187499998 
0.6899804687499997 
0.92728515625 
0.8001367187499998 
1.1282617187500001 
0.8417382812499998 
0.8388085937499998 
0.98470703125 
0.7292382812499998 
0.8663476562499999 
1.01458984375 
1.2542382812500001 
0.6097070312499999 
0.8423242187499997 
0.7427148437499999 
0.8974023437499998 
0.7456445312499999 
0.6630273437499998 
1.3298242187500002 
0.8341210937499999 
0.8376367187499998 
0.8083398437499999 
0.8464257812499999 
0.94310546875 
1.2934960937500002 
1.01166015625 
0.8347070312499999 
0.96947265625 
0.9214257812500001 
1.00404296875 
0.9331445312500001 
0.7802148437499999 
0.7403710937499998 
0.7391992187499997 
0.8739648437499998 
0.8563867187499998 
1.2782617187500003 
1.0433007812500001 
0.8065820312499998 
0.97533203125 
0.8856835937499998 
0.7210351562499998 
0.8593164062499998 
1.14408203125 
0.8100976562499999 
0.9735742187499999 
0.92552734375 
0.7175195312499999 
0.8446679687499998 
1.00404296875 
0.8270898437499999 
0.8083398437499999 
1.24310546875 
1.01986328125 
0.8897851562499998 
0.91146484375 
0.7725976562499999 
0.8341210937499999 
1.19212890625 
1.07201171875 
0.97005859375 
