20 22 8 
0.7052148437499999 
0.8903710937499998 
0.6852929687499998 
0.7257226562499998 
0.8352929687499998 
1.16634765625 
0.9934960937499998 
0.9173242187499999 
0.6495507812499999 
1.2184960937500002 
0.7028710937499998 
1.02748046875 
0.92787109375 
0.95072265625 
0.6934960937499998 
1.17865234375 
0.8558007812499999 
0.8710351562499998 
1.06439453125 
0.7813867187499999 
0.8059960937499998 
1.10716796875 
0.7397851562499997 
0.9981835937499999 
0.8206445312499999 
1.1059960937500002 
0.8446679687499998 
0.9641992187499999 
0.8364648437499999 
1.02337890625 
0.7561914062499998 
0.6981835937499998 
1.07259765625 
0.8364648437499999 
1.03392578125 
0.91966796875 
0.7204492187499998 
0.8452539062499999 
0.7913476562499999 
0.7772851562499998 
0.6536523437499998 
0.9911523437499998 
0.9946679687499999 
0.79251953125 
0.7327539062499998 
0.8974023437499998 
0.6993554687499998 
0.91322265625 
1.2126367187500002 
0.97943359375 
0.96712890625 
1.3485742187500003 
0.8850976562499998 
1.14818359375 
0.8042382812499999 
0.7737695312499999 
0.7766992187499998 
0.92083984375 
1.09427734375 
1.00873046875 
1.11009765625 
0.7515039062499999 
0.95189453125 
0.8563867187499998 
0.5839257812499999 
0.8686914062499999 
0.8393945312499999 
0.8300195312499999 
0.94720703125 
0.8259179687499999 
0.7397851562499997 
0.8833398437499999 
0.92962890625 
0.8429101562499998 
1.15990234375 
1.24427734375 
0.7356835937499998 
0.9097070312499999 
0.94720703125 
0.7784570312499999 
0.98236328125 
0.8962304687499998 
0.6806054687499998 
0.7474023437499998 
0.8792382812499998 
0.8007226562499998 
1.00345703125 
0.8581445312499999 
0.8622460937499998 
0.95892578125 
0.7438867187499998 
0.7907617187499999 
0.9085351562499998 
0.7796289062499999 
0.93841796875 
1.09251953125 
0.97474609375 
1.22494140625 
0.8640039062499999 
0.7468164062499998 
0.8792382812499998 
0.8124414062499998 
0.7538476562499998 
1.1956445312500001 
0.7222070312499999 
0.93724609375 
0.9390039062500001 
0.8100976562499999 
0.7409570312499998 
0.7614648437499999 
0.9683007812500001 
0.6905664062499998 
0.7667382812499999 
1.06615234375 
1.09955078125 
0.93138671875 
1.3169335937500002 
1.1165429687500001 
0.8470117187499998 
0.6290429687499999 
0.9009179687499999 
0.91087890625 
0.8317773437499999 
0.6724023437499999 
0.92083984375 
0.7579492187499998 
0.92845703125 
0.8610742187499998 
0.8464257812499999 
0.6770898437499999 
1.1247460937500002 
0.9800195312500001 
1.19212890625 
0.8077539062499999 
0.94896484375 
1.1165429687500001 
0.91966796875 
0.9559960937499999 
0.8335351562499999 
0.7274804687499997 
1.20267578125 
0.98177734375 
1.10658203125 
0.6917382812499998 
0.93490234375 
1.0081445312500001 
0.96947265625 
1.02748046875 
0.6888085937499998 
1.2331445312500002 
1.08021484375 
0.7696679687499999 
0.97123046875 
0.9899804687499998 
0.7591210937499998 
0.8716210937499999 
0.8786523437499998 
0.7878320312499999 
0.7731835937499999 
1.0591210937500002 
0.8546289062499999 
0.6800195312499999 
0.8013085937499999 
0.8007226562499998 
0.9073632812499999 
1.3239648437500002 
0.9964257812499999 
0.93138671875 
0.7321679687499998 
0.7766992187499998 
1.00169921875 
0.8042382812499999 
1.19916015625 
1.0444726562500002 
0.7731835937499999 
0.5792382812499999 
0.7063867187499998 
0.8464257812499999 
0.7556054687499998 
0.91205078125 
0.92787109375 
0.8733789062499998 
0.7438867187499998 
0.7872460937499999 
1.2612695312500002 
0.9173242187499999 
0.7274804687499997 
0.7972070312499999 
0.7345117187499998 
0.95072265625 
1.1499414062499997 
1.01341796875 
0.8265039062499999 
0.8194726562499999 
0.7280664062499997 
0.9038476562499999 
0.8065820312499998 
0.6811914062499999 
1.05677734375 
0.7954492187499999 
1.07904296875 
0.7573632812499999 
0.7919335937499999 
0.8147851562499998 
0.8815820312499998 
0.94837890625 
1.0011132812499999 
0.97181640625 
0.96947265625 
0.7011132812499998 
0.5440820312499999 
0.6870507812499999 
0.7661523437499999 
0.8686914062499999 
1.01810546875 
0.7034570312499998 
0.93548828125 
1.13763671875 
0.8985742187499998 
0.7819726562499999 
0.5974023437499999 
0.6044335937499999 
0.6782617187499999 
1.2706445312500003 
1.03626953125 
0.6929101562499997 
1.2782617187500003 
0.6659570312499998 
1.05970703125 
0.94896484375 
0.9524804687499999 
0.8962304687499998 
0.7954492187499999 
0.6284570312499999 
0.8423242187499997 
1.01927734375 
0.8528710937499998 
1.06966796875 
1.01400390625 
0.6741601562499998 
0.91849609375 
0.8212304687499998 
1.11009765625 
0.97943359375 
0.7884179687499999 
0.59330078125 
0.5891992187499998 
0.93373046875 
1.1446679687499999 
0.7837304687499999 
1.00931640625 
1.2126367187500002 
0.9003320312499998 
0.8382226562499998 
1.2847070312500002 
0.9097070312499999 
1.2741601562500002 
0.8839257812499999 
0.7427148437499999 
0.9173242187499999 
0.6864648437499998 
0.8434960937499998 
0.6472070312499999 
1.0444726562500002 
0.9864648437499999 
0.7309960937499997 
0.8347070312499999 
0.6987695312499999 
0.8868554687499998 
1.29525390625 
0.6712304687499998 
0.6694726562499999 
0.8177148437499999 
0.6993554687499998 
0.8505273437499998 
1.12591796875 
0.8974023437499998 
0.91439453125 
1.30111328125 
0.5950585937499999 
0.8083398437499999 
0.8850976562499998 
0.8282617187499999 
0.7321679687499998 
0.95716796875 
1.2847070312500002 
0.9554101562499999 
1.01751953125 
0.7169335937499999 
0.8669335937499999 
0.8159570312499999 
1.05267578125 
1.09603515625 
0.8048242187499998 
0.8599023437499999 
0.6313867187499999 
0.93724609375 
0.7415429687499998 
1.00287109375 
0.8581445312499999 
