12 23 15 
0.5499414062499999 
0.5429101562499998 
0.9554101562499999 
0.7380273437499998 
1.17572265625 
0.7796289062499999 
0.8171289062499999 
0.7327539062499998 
0.7304101562499997 
0.8177148437499999 
0.8622460937499998 
0.8751367187499998 
0.97884765625 
0.6641992187499998 
1.2524804687500002 
0.8809960937499998 
0.8036523437499998 
0.6981835937499998 
0.82767578125 
0.9056054687499998 
0.7151757812499999 
0.8136132812499999 
0.8054101562499998 
0.7011132812499998 
0.8985742187499998 
1.1048242187500001 
1.33275390625 
0.6964257812499999 
1.0433007812500001 
0.9893945312499999 
1.01458984375 
0.97591796875 
1.22845703125 
0.8704492187499998 
1.30052734375 
1.14583984375 
1.11185546875 
1.0743554687499999 
1.0356835937500002 
1.1188867187500002 
1.0450585937500003 
0.94955078125 
1.0872460937500001 
0.7040429687499998 
1.12767578125 
0.9858789062499999 
1.0257226562500001 
0.8593164062499998 
0.8886132812499998 
0.92318359375 
1.15404296875 
0.97826171875 
0.8054101562499998 
0.8985742187499998 
1.1165429687500001 
1.2864648437500001 
0.93197265625 
0.9858789062499999 
0.7784570312499999 
1.0989648437500001 
0.95189453125 
0.7380273437499998 
0.8376367187499998 
1.08373046875 
0.92728515625 
0.7860742187499998 
1.07669921875 
1.2290429687500002 
0.5985742187499998 
1.2688867187500004 
0.97064453125 
0.9770898437500001 
0.97123046875 
0.7532617187499998 
0.8739648437499998 
0.8470117187499998 
1.29291015625 
0.9044335937499999 
0.8593164062499998 
0.96888671875 
0.8962304687499998 
0.9032617187499998 
1.16751953125 
1.26185546875 
0.9852929687499998 
1.28822265625 
0.8071679687499999 
0.9893945312499999 
1.16283203125 
1.05150390625 
1.11712890625 
1.1710351562499999 
0.5821679687499999 
0.9999414062499997 
0.7245507812499998 
0.8083398437499999 
1.37259765625 
1.19798828125 
1.2349023437500002 
0.96654296875 
0.8358789062499998 
0.8100976562499999 
1.26185546875 
1.0550195312500001 
1.15521484375 
1.1059960937500002 
1.21791015625 
1.18626953125 
1.11009765625 
0.95833984375 
1.17162109375 
1.05736328125 
0.8850976562499998 
1.1446679687499999 
1.13705078125 
1.1956445312500001 
1.1358789062499999 
0.6665429687499999 
1.30462890625 
0.6776757812499999 
1.2138085937500003 
0.97416015625 
0.7643945312499999 
0.97650390625 
1.09134765625 
0.95072265625 
0.8669335937499999 
0.8382226562499998 
0.59330078125 
1.30873046875 
0.78080078125 
1.03978515625 
0.7714257812499999 
0.9876367187499998 
0.95189453125 
0.8499414062499998 
0.7591210937499998 
1.16634765625 
0.8962304687499998 
1.02748046875 
1.15462890625 
0.9970117187499998 
0.8569726562499999 
1.2425195312500001 
0.8423242187499997 
1.33275390625 
1.07845703125 
1.2366601562500001 
0.7280664062499997 
1.2454492187500001 
0.6905664062499998 
0.8979882812499999 
0.8563867187499998 
0.8546289062499999 
1.2337304687500001 
1.0520898437500001 
1.0579492187500001 
1.06791015625 
1.2143945312500002 
0.9647851562499999 
1.1124414062499999 
0.8136132812499999 
1.22142578125 
1.09076171875 
0.8475976562499998 
1.02103515625 
0.6220117187499998 
1.2524804687500002 
0.94310546875 
0.94134765625 
1.1651757812499999 
0.94955078125 
0.8013085937499999 
0.9905664062499998 
1.0550195312500001 
0.7731835937499999 
1.17806640625 
1.18392578125 
1.22669921875 
0.8194726562499999 
0.92201171875 
0.9044335937499999 
1.07552734375 
0.9173242187499999 
1.18216796875 
0.9893945312499999 
1.18978515625 
0.8593164062499998 
0.8200585937499999 
1.30345703125 
0.7245507812499998 
1.13822265625 
1.07201171875 
1.0298242187500002 
0.8382226562499998 
1.01927734375 
0.7790429687499999 
0.7720117187499999 
1.22962890625 
0.93373046875 
0.9395898437500001 
1.07787109375 
0.97826171875 
0.8763085937499998 
0.8786523437499998 
1.21556640625 
0.6911523437499998 
0.8745507812499999 
0.91849609375 
0.6659570312499998 
1.2495507812500002 
1.15287109375 
1.2659570312500001 
0.9852929687499998 
0.7356835937499998 
0.8880273437499998 
0.9149804687499999 
1.15814453125 
1.06029296875 
1.1177148437500002 
0.9647851562499999 
1.14583984375 
0.7532617187499998 
0.8077539062499999 
0.8282617187499999 
0.91556640625 
0.8768945312499998 
0.91322265625 
0.8341210937499999 
0.97123046875 
1.0286523437500001 
0.5915429687499999 
0.7907617187499999 
0.91556640625 
1.1282617187500001 
0.9800195312500001 
1.07552734375 
1.16576171875 
1.2659570312500001 
0.8862695312499999 
0.6905664062499998 
0.8669335937499999 
1.3099023437500001 
1.2630273437500001 
1.13646484375 
1.2501367187500003 
0.96537109375 
1.1013085937500002 
1.02455078125 
0.8692773437499999 
0.8786523437499998 
1.10541015625 
1.22376953125 
0.92259765625 
0.8259179687499999 
1.08197265625 
0.8335351562499999 
0.97123046875 
0.7104882812499999 
0.8563867187499998 
1.12416015625 
0.96947265625 
0.8669335937499999 
0.8018945312499999 
1.06498046875 
1.2278710937500001 
0.8552148437499999 
0.6460351562499999 
1.36322265625 
1.2923242187500001 
0.7087304687499998 
1.08958984375 
1.19095703125 
0.9770898437500001 
0.9044335937499999 
0.9554101562499999 
0.5927148437499999 
0.93724609375 
1.01576171875 
0.9524804687499999 
0.6472070312499999 
1.3315820312500002 
0.8411523437499998 
0.8558007812499999 
0.93373046875 
1.19037109375 
1.05560546875 
1.15287109375 
1.0520898437500001 
0.7602929687499999 
1.04798828125 
0.8546289062499999 
1.2489648437500003 
0.91146484375 
0.94837890625 
0.95892578125 
1.0714257812499999 
1.2788476562500002 
0.6759179687499999 
0.5745507812499999 
