22 23 5 
0.7011132812499998 
1.3304101562500001 
0.7345117187499998 
0.7380273437499998 
1.04095703125 
0.8007226562499998 
1.21673828125 
0.8153710937499998 
0.97826171875 
0.9929101562499998 
1.1188867187500002 
0.8856835937499998 
1.07376953125 
0.8809960937499998 
1.3239648437500002 
1.17220703125 
1.0872460937500001 
0.7714257812499999 
1.06263671875 
0.8013085937499999 
0.8288476562499999 
0.8393945312499999 
0.7667382812499999 
0.7397851562499997 
1.10248046875 
1.12591796875 
0.7274804687499997 
0.9554101562499999 
0.8979882812499999 
1.2308007812500001 
0.8364648437499999 
0.7766992187499998 
1.0544335937500002 
0.56400390625 
0.7725976562499999 
0.8991601562499998 
1.0579492187500001 
0.7233789062499998 
0.95423828125 
0.8382226562499998 
1.21791015625 
0.7854882812499999 
0.7790429687499999 
0.8804101562499997 
0.8950585937499999 
0.95892578125 
0.5681054687499999 
1.19330078125 
0.97005859375 
0.8745507812499999 
0.6448632812499999 
0.7169335937499999 
1.18392578125 
0.7350976562499998 
0.7907617187499999 
1.19681640625 
0.8388085937499998 
1.09076171875 
1.07318359375 
0.7315820312499998 
0.6126367187499998 
1.06849609375 
0.8534570312499998 
1.06029296875 
0.7204492187499998 
0.9952539062499999 
0.7966210937499999 
0.7192773437499999 
0.5786523437499999 
1.02748046875 
0.8933007812499999 
1.0550195312500001 
0.92787109375 
0.7872460937499999 
0.96712890625 
0.8188867187499999 
1.20736328125 
1.09662109375 
1.0345117187500001 
1.01810546875 
1.01810546875 
0.8464257812499999 
0.8206445312499999 
1.08841796875 
1.09427734375 
0.95892578125 
1.01400390625 
0.7661523437499999 
0.96009765625 
0.6852929687499998 
1.0403710937500001 
1.13294921875 
0.5991601562499999 
0.7128320312499998 
0.9911523437499998 
1.03744140625 
0.9003320312499998 
0.7468164062499998 
0.6161523437499998 
0.7011132812499998 
0.5944726562499999 
0.7790429687499999 
1.16224609375 
0.7936914062499999 
1.12123046875 
1.2653710937500002 
1.16107421875 
0.94076171875 
0.8071679687499999 
1.0403710937500001 
0.94662109375 
0.7884179687499999 
0.8100976562499999 
0.9893945312499999 
0.96126953125 
0.8458398437499999 
0.8358789062499998 
0.98119140625 
0.8364648437499999 
0.7608789062499999 
0.6477929687499998 
0.98119140625 
0.8136132812499999 
0.8616601562499998 
0.7731835937499999 
0.6975976562499998 
0.7608789062499999 
0.8423242187499997 
0.8511132812499999 
0.96595703125 
0.8569726562499999 
0.7245507812499998 
0.8077539062499999 
0.7579492187499998 
0.8558007812499999 
0.8640039062499999 
0.95833984375 
0.9559960937499999 
0.7298242187499997 
0.8440820312499998 
0.8147851562499998 
0.8347070312499999 
0.7849023437499999 
0.96947265625 
1.17396484375 
1.0872460937500001 
0.7063867187499998 
0.7280664062499997 
1.01458984375 
0.93666015625 
1.03978515625 
1.00228515625 
0.9073632812499999 
1.03861328125 
0.8839257812499999 
0.5358789062499999 
0.7304101562499997 
0.6817773437499999 
1.02103515625 
0.8118554687499998 
1.12884765625 
0.6993554687499998 
0.7649804687499998 
0.96888671875 
1.1194726562500001 
0.79251953125 
0.6343164062499999 
0.8886132812499998 
0.7626367187499998 
0.7192773437499999 
0.8903710937499998 
0.5616601562499999 
0.7298242187499997 
0.7251367187499997 
0.7192773437499999 
0.6765039062499999 
0.92318359375 
0.8247460937499999 
0.8218164062499999 
0.8106835937499999 
0.95775390625 
1.03626953125 
0.7737695312499999 
0.9882226562499998 
0.8804101562499997 
0.8358789062499998 
0.8434960937499998 
0.7052148437499999 
1.13001953125 
0.78958984375 
0.8640039062499999 
0.8253320312499999 
0.9020898437499999 
0.9958398437499999 
0.97533203125 
1.29408203125 
1.0110742187500001 
0.7157617187499998 
0.6589257812499999 
1.10072265625 
0.9770898437500001 
0.6847070312499999 
0.8991601562499998 
0.8880273437499998 
0.52591796875 
0.8944726562499998 
0.8534570312499998 
0.91615234375 
1.2325585937500003 
0.6308007812499999 
1.0591210937500002 
0.6829492187499998 
0.6782617187499999 
0.8786523437499998 
0.7520898437499999 
0.7438867187499998 
0.52064453125 
0.8933007812499999 
0.8763085937499998 
0.8388085937499998 
1.19037109375 
0.6143945312499999 
0.6255273437499999 
0.8997460937499998 
0.8792382812499998 
1.00931640625 
0.6214257812499999 
1.2495507812500002 
0.91673828125 
0.8259179687499999 
0.95189453125 
1.3479882812500001 
0.7298242187499997 
0.9899804687499998 
0.97416015625 
0.7403710937499998 
0.8165429687499999 
1.11595703125 
0.7772851562499998 
0.97884765625 
0.8757226562499998 
1.05619140625 
0.7983789062499999 
1.1282617187500001 
0.8997460937499998 
0.96068359375 
0.5950585937499999 
0.5475976562499999 
1.09720703125 
0.8546289062499999 
0.92259765625 
0.6770898437499999 
0.8739648437499998 
1.22435546875 
0.98060546875 
1.1200585937500003 
0.8704492187499998 
0.8552148437499999 
0.8235742187499998 
0.7503320312499998 
0.7954492187499999 
0.98236328125 
0.7749414062499999 
0.7614648437499999 
0.7462304687499998 
0.7491601562499998 
0.8540429687499999 
0.7690820312499999 
0.6225976562499999 
0.8259179687499999 
0.8282617187499999 
1.13529296875 
0.6255273437499999 
0.7995507812499999 
0.6712304687499998 
0.96654296875 
0.91205078125 
0.5417382812499999 
0.6999414062499998 
0.9946679687499999 
0.6237695312499999 
0.7140039062499999 
0.7854882812499999 
0.91966796875 
0.7597070312499998 
0.6319726562499999 
0.8153710937499998 
0.7620507812499999 
0.8405664062499998 
0.5856835937499999 
1.2518945312500003 
0.7192773437499999 
0.97298828125 
0.78958984375 
1.3497460937500003 
0.8505273437499998 
0.9302148437500001 
0.6659570312499998 
0.9858789062499999 
1.0591210937500002 
