8 24 18 
0.91146484375 
1.15462890625 
0.92435546875 
1.13822265625 
0.9425195312500001 
0.95130859375 
0.8405664062499998 
0.7409570312499998 
0.8358789062499998 
0.7626367187499998 
1.14583984375 
0.8030664062499998 
1.0011132812499999 
1.2337304687500001 
1.1927148437500001 
1.22435546875 
1.11185546875 
1.2999414062499999 
1.30169921875 
1.36556640625 
1.08490234375 
0.7280664062499997 
1.00697265625 
1.22962890625 
1.02923828125 
1.03509765625 
0.91029296875 
1.2190820312500001 
1.20794921875 
0.91849609375 
1.08373046875 
0.8716210937499999 
1.17748046875 
0.6067773437499999 
1.0444726562500002 
0.95833984375 
0.93490234375 
0.8891992187499997 
1.2653710937500002 
1.2173242187500002 
1.2559960937500003 
1.22845703125 
1.3227929687500002 
1.2554101562500002 
0.8569726562499999 
1.2507226562500002 
0.6993554687499998 
0.8470117187499998 
1.0239648437500002 
1.15990234375 
1.2923242187500001 
1.06146484375 
1.17806640625 
0.7022851562499998 
1.2595117187500002 
0.9067773437499999 
0.8763085937499998 
1.2565820312500002 
0.8974023437499998 
0.8095117187499998 
1.16634765625 
1.03744140625 
0.8206445312499999 
0.8516992187499998 
0.6712304687499998 
0.9882226562499998 
1.0520898437500001 
0.7778710937499999 
0.95130859375 
1.2536523437500002 
1.21556640625 
1.01634765625 
1.0497460937500003 
1.17689453125 
1.3263085937500003 
1.0257226562500001 
0.93138671875 
1.13822265625 
0.96244140625 
1.2102929687500001 
0.92962890625 
1.28236328125 
0.8259179687499999 
1.0298242187500002 
1.1956445312500001 
1.29525390625 
1.0813867187500001 
0.7913476562499999 
0.8722070312499999 
1.0227929687500001 
1.2507226562500002 
1.3684960937500001 
1.08431640625 
1.30287109375 
0.9419335937500001 
0.8927148437499999 
1.3099023437500001 
1.17689453125 
1.3075585937500003 
0.78080078125 
1.07376953125 
1.31166015625 
1.18451171875 
1.3503320312500002 
1.0497460937500003 
1.2126367187500002 
0.92201171875 
1.2513085937500004 
0.7813867187499999 
1.2841210937500003 
1.1950585937500002 
1.11478515625 
0.8130273437499999 
1.2102929687500001 
0.7954492187499999 
0.78080078125 
1.17396484375 
1.06029296875 
1.29935546875 
0.9401757812500001 
0.9097070312499999 
1.1640039062499998 
0.91087890625 
0.7063867187499998 
1.1206445312500002 
1.05619140625 
1.38431640625 
1.19212890625 
0.7058007812499999 
0.9940820312499998 
1.21791015625 
1.21673828125 
1.21498046875 
1.1464257812499998 
1.18509765625 
0.5534570312499999 
1.0345117187500001 
1.3538476562500001 
1.2143945312500002 
0.7526757812499999 
1.01458984375 
1.03275390625 
0.8487695312499999 
0.9776757812500001 
1.1475976562499999 
1.0702539062499998 
0.7966210937499999 
1.2132226562500001 
1.3825585937500002 
0.8968164062499998 
1.1106835937500001 
1.20033203125 
0.94603515625 
0.7884179687499999 
0.96595703125 
1.00873046875 
0.8048242187499998 
1.16927734375 
1.2407617187500002 
0.9032617187499998 
0.97181640625 
1.2161523437500001 
0.97474609375 
1.03509765625 
0.9214257812500001 
1.3257226562500002 
0.8845117187499998 
0.92318359375 
1.17865234375 
1.28529296875 
1.20150390625 
1.2507226562500002 
1.2671289062500002 
1.2548242187500003 
1.2425195312500001 
1.16107421875 
1.21673828125 
0.96537109375 
1.0075585937500002 
0.8739648437499998 
1.17923828125 
1.06732421875 
0.97298828125 
1.1751367187500001 
1.20091796875 
0.96712890625 
0.9079492187499998 
1.39251953125 
1.2565820312500002 
1.2800195312500002 
1.11537109375 
0.7995507812499999 
0.8833398437499999 
0.92083984375 
0.8809960937499998 
0.9882226562499998 
1.17162109375 
1.1681054687499999 
1.12650390625 
0.8434960937499998 
0.6864648437499998 
0.94779296875 
1.2501367187500003 
0.8452539062499999 
1.2565820312500002 
0.7561914062499998 
0.7268945312499998 
0.8065820312499998 
0.8645898437499999 
1.0169335937500001 
0.8997460937499998 
1.19740234375 
1.31458984375 
0.94896484375 
1.06908203125 
1.2372460937500003 
1.21791015625 
1.4194726562500002 
0.9390039062500001 
0.94896484375 
1.3485742187500003 
1.2507226562500002 
1.2800195312500002 
0.7837304687499999 
1.2999414062499999 
1.24603515625 
1.2132226562500001 
0.98294921875 
1.23900390625 
1.02748046875 
0.8927148437499999 
1.2102929687500001 
0.94427734375 
1.09779296875 
1.20794921875 
1.16927734375 
1.03626953125 
0.8540429687499999 
1.14349609375 
1.2923242187500001 
0.9993554687499997 
0.6893945312499998 
1.2583398437500002 
1.13880859375 
1.1809960937500001 
1.18568359375 
1.17923828125 
1.0825585937500002 
1.1247460937500002 
1.21087890625 
1.3040429687500001 
1.2102929687500001 
1.33216796875 
1.2595117187500002 
1.06673828125 
1.05677734375 
1.19740234375 
0.9934960937499998 
0.8024804687499998 
0.9940820312499998 
1.2606835937500003 
0.8950585937499999 
1.19154296875 
1.00287109375 
0.93666015625 
0.9056054687499998 
1.01927734375 
0.9530664062499999 
1.19095703125 
1.21966796875 
1.2794335937500003 
0.5921289062499999 
0.7356835937499998 
0.91849609375 
1.2184960937500002 
1.2308007812500001 
1.1927148437500001 
1.2923242187500001 
1.2817773437500002 
0.8563867187499998 
1.11361328125 
1.2724023437500003 
1.14408203125 
0.8593164062499998 
0.8710351562499998 
1.2630273437500001 
0.8704492187499998 
0.94603515625 
1.07904296875 
1.1827539062499999 
1.10658203125 
1.25775390625 
1.2554101562500002 
1.2806054687500001 
1.18392578125 
1.1001367187500002 
0.97826171875 
1.30052734375 
1.10716796875 
1.2126367187500002 
