24 25 1 
0.6870507812499999 
0.7825585937499999 
0.8622460937499998 
0.7561914062499998 
0.8645898437499999 
0.7626367187499998 
0.8516992187499998 
0.7274804687499997 
0.8329492187499998 
0.8692773437499999 
1.08958984375 
0.7608789062499999 
0.7790429687499999 
0.7995507812499999 
0.8944726562499998 
1.13939453125 
0.6290429687499999 
0.7515039062499999 
0.8370507812499999 
0.98060546875 
0.7163476562499999 
0.8516992187499998 
0.8347070312499999 
0.95833984375 
1.0813867187500001 
0.9097070312499999 
0.6987695312499999 
0.8300195312499999 
0.6038476562499999 
0.6852929687499998 
0.7866601562499999 
0.9876367187499998 
0.7163476562499999 
0.93841796875 
0.5604882812499999 
0.7561914062499998 
0.79017578125 
0.8106835937499999 
1.2876367187500002 
0.8347070312499999 
0.7936914062499999 
0.9905664062499998 
0.93841796875 
0.92435546875 
0.8593164062499998 
1.08607421875 
0.7948632812499999 
0.8669335937499999 
0.6858789062499998 
0.9425195312500001 
0.96068359375 
0.8470117187499998 
1.01400390625 
1.05677734375 
0.7907617187499999 
0.8593164062499998 
0.5001367187499999 
1.09779296875 
0.9530664062499999 
0.7667382812499999 
1.20384765625 
0.7907617187499999 
0.7684960937499998 
0.8815820312499998 
0.8686914062499999 
0.79017578125 
1.1224023437500001 
0.9800195312500001 
0.92494140625 
0.6829492187499998 
0.7011132812499998 
1.09720703125 
0.8897851562499998 
0.8552148437499999 
0.7110742187499998 
0.7731835937499999 
0.78080078125 
0.8265039062499999 
0.7643945312499999 
0.8376367187499998 
0.6788476562499999 
0.6419335937499999 
0.7040429687499998 
0.7977929687499998 
0.6835351562499998 
0.8997460937499998 
0.8540429687499999 
0.8024804687499998 
0.7192773437499999 
0.7175195312499999 
1.00462890625 
0.8311914062499999 
0.7731835937499999 
0.7145898437499999 
0.7573632812499999 
0.8651757812499999 
0.7415429687499998 
1.1194726562500001 
0.93841796875 
0.8792382812499998 
1.1206445312500002 
1.0638085937500001 
0.7948632812499999 
0.6454492187499998 
0.7761132812499999 
0.94779296875 
0.8540429687499999 
0.5821679687499999 
0.6384179687499999 
0.94779296875 
0.97181640625 
0.7849023437499999 
0.7421289062499998 
0.9934960937499998 
1.09779296875 
0.5880273437499999 
1.1575585937500001 
0.7796289062499999 
0.97591796875 
0.8024804687499998 
1.08197265625 
0.6442773437499999 
0.7608789062499999 
0.7626367187499998 
0.9026757812499999 
0.7280664062499997 
0.7386132812499998 
1.0655664062499999 
1.0239648437500002 
0.7690820312499999 
0.7766992187499998 
0.7450585937499998 
1.19154296875 
0.7515039062499999 
0.7667382812499999 
0.7186914062499998 
1.1681054687499999 
0.7104882812499999 
0.9179101562499999 
0.5815820312499999 
1.05091796875 
0.98294921875 
0.7333398437499998 
0.7157617187499998 
0.6817773437499999 
0.7567773437499998 
0.6671289062499999 
0.8464257812499999 
0.94544921875 
0.8382226562499998 
0.7972070312499999 
0.6841210937499999 
0.7526757812499999 
0.6929101562499997 
1.08197265625 
0.8827539062499998 
0.6243554687499998 
0.7011132812499998 
0.8751367187499998 
0.7608789062499999 
0.98060546875 
0.98294921875 
0.5628320312499999 
0.7532617187499998 
0.8434960937499998 
0.91673828125 
0.8540429687499999 
0.7397851562499997 
0.6325585937499999 
0.7257226562499998 
0.9735742187499999 
0.7444726562499998 
0.7673242187499998 
1.14349609375 
0.9735742187499999 
0.6542382812499998 
0.7714257812499999 
0.6724023437499999 
0.9390039062500001 
0.8792382812499998 
0.96595703125 
0.7274804687499997 
0.94720703125 
1.08607421875 
0.8434960937499998 
0.8007226562499998 
0.8177148437499999 
0.7696679687499999 
0.7011132812499998 
0.7333398437499998 
0.5962304687499999 
0.8300195312499999 
1.2220117187500001 
0.8405664062499998 
0.6319726562499999 
0.6917382812499998 
0.8171289062499999 
0.92435546875 
0.7356835937499998 
0.6091210937499999 
1.0427148437500002 
0.8095117187499998 
0.8294335937499999 
0.98412109375 
0.7643945312499999 
0.6554101562499998 
0.92201171875 
0.8470117187499998 
0.94662109375 
0.6870507812499999 
0.9003320312499998 
0.7321679687499998 
0.8499414062499998 
1.05853515625 
0.7995507812499999 
0.91556640625 
0.9015039062499999 
0.7304101562499997 
1.1165429687500001 
0.8335351562499999 
0.7620507812499999 
0.6436914062499999 
0.9173242187499999 
0.92611328125 
0.6677148437499999 
0.7022851562499998 
0.6888085937499998 
0.9056054687499998 
0.96595703125 
0.7421289062499998 
1.06908203125 
0.8370507812499999 
0.8001367187499998 
0.7755273437499999 
0.7011132812499998 
0.7520898437499999 
0.7134179687499999 
0.7977929687499998 
0.8921289062499999 
0.6536523437499998 
1.01576171875 
0.8100976562499999 
1.2419335937500002 
0.8071679687499999 
0.93490234375 
0.7602929687499999 
0.8575585937499999 
1.06498046875 
1.0415429687500002 
1.00287109375 
0.6852929687499998 
0.7415429687499998 
0.8903710937499998 
0.8804101562499997 
1.18919921875 
0.94310546875 
0.7626367187499998 
0.8136132812499999 
0.8329492187499998 
0.7731835937499999 
0.7890039062499999 
0.9302148437500001 
0.8141992187499998 
1.2776757812500001 
0.7608789062499999 
0.95892578125 
1.01283203125 
0.9308007812500001 
0.7860742187499998 
0.8030664062499998 
0.6161523437499998 
0.7462304687499998 
0.9331445312500001 
0.8997460937499998 
1.00697265625 
0.7860742187499998 
0.6893945312499998 
0.7602929687499999 
0.97005859375 
0.6308007812499999 
0.9893945312499999 
0.9302148437500001 
1.2278710937500001 
1.10072265625 
1.0433007812500001 
0.92904296875 
0.98353515625 
0.8581445312499999 
0.93724609375 
1.0081445312500001 
1.01166015625 
0.6858789062499998 
1.02337890625 
0.7268945312499998 
0.7755273437499999 
0.7684960937499998 
0.8727929687499998 
1.3444726562500002 
1.0813867187500001 
0.9800195312500001 
