9 26 15 
1.11126953125 
0.8669335937499999 
1.1177148437500002 
1.07962890625 
1.18333984375 
0.7936914062499999 
1.2612695312500002 
1.22025390625 
1.16107421875 
0.78080078125 
0.8850976562499998 
0.8651757812499999 
0.8464257812499999 
1.12591796875 
1.1698632812499998 
0.8985742187499998 
0.7151757812499999 
0.7989648437499999 
0.8845117187499998 
1.19740234375 
1.2454492187500001 
1.00873046875 
1.28822265625 
1.23900390625 
1.20208984375 
0.8048242187499998 
0.7696679687499999 
1.18216796875 
0.7456445312499999 
0.8411523437499998 
0.8124414062499998 
1.2366601562500001 
1.04095703125 
0.8429101562499998 
1.2331445312500002 
0.9079492187499998 
0.8645898437499999 
1.05736328125 
0.9864648437499999 
1.40833984375 
1.11595703125 
1.0813867187500001 
1.19798828125 
1.0415429687500002 
1.24134765625 
0.94720703125 
1.3128320312500001 
0.8294335937499999 
0.9870507812499999 
0.6524804687499998 
0.7468164062499998 
1.17044921875 
0.91029296875 
0.92728515625 
1.12884765625 
0.8645898437499999 
0.97064453125 
0.91205078125 
1.2659570312500001 
1.2724023437500003 
1.0579492187500001 
1.2600976562500001 
0.8077539062499999 
1.2554101562500002 
1.34681640625 
1.05970703125 
0.9067773437499999 
1.2126367187500002 
1.0503320312500002 
0.92435546875 
0.8850976562499998 
1.07083984375 
0.8206445312499999 
0.8347070312499999 
1.2495507812500002 
0.7743554687499998 
1.31517578125 
0.92787109375 
1.28236328125 
0.8118554687499998 
1.01166015625 
1.15638671875 
0.8809960937499998 
0.8944726562499998 
0.9425195312500001 
0.8470117187499998 
0.96126953125 
0.97064453125 
1.10072265625 
0.7626367187499998 
1.0743554687499999 
1.20736328125 
1.09955078125 
1.1446679687499999 
1.17806640625 
0.98412109375 
1.06791015625 
1.3263085937500003 
1.20794921875 
0.9425195312500001 
1.02337890625 
1.17279296875 
1.37435546875 
1.06029296875 
1.15462890625 
1.20033203125 
1.0948632812499999 
1.2653710937500002 
1.36322265625 
0.8018945312499999 
1.14232421875 
0.7450585937499998 
1.2888085937500002 
1.20501953125 
0.9026757812499999 
1.2665429687500003 
1.3403710937500002 
1.1417382812499999 
1.3099023437500001 
1.2483789062500001 
0.9934960937499998 
0.8534570312499998 
1.19330078125 
1.2419335937500002 
0.6249414062499998 
1.1686914062499998 
1.02337890625 
1.23841796875 
1.07962890625 
0.8317773437499999 
1.20091796875 
1.2372460937500003 
0.8294335937499999 
1.2378320312500002 
0.92376953125 
1.2683007812500002 
0.9735742187499999 
0.95130859375 
1.16341796875 
1.03919921875 
1.2290429687500002 
0.92083984375 
1.1950585937500002 
1.14115234375 
0.91966796875 
0.91322265625 
0.97240234375 
1.2606835937500003 
1.2548242187500003 
1.2407617187500002 
1.00228515625 
0.95716796875 
0.8300195312499999 
1.24603515625 
1.29642578125 
1.26361328125 
1.18333984375 
1.19212890625 
1.02337890625 
1.22962890625 
0.91205078125 
1.02923828125 
1.32923828125 
1.07552734375 
0.97181640625 
1.2407617187500002 
1.00228515625 
1.2524804687500002 
1.08958984375 
1.01810546875 
0.7966210937499999 
0.8921289062499999 
0.8880273437499998 
1.06673828125 
0.7315820312499998 
1.05619140625 
1.17572265625 
1.2712304687500002 
1.1640039062499998 
0.9952539062499999 
1.2290429687500002 
1.31458984375 
0.9929101562499998 
1.1475976562499999 
1.11302734375 
1.26478515625 
1.2360742187500002 
1.2360742187500002 
0.94369140625 
1.3362695312500001 
1.29056640625 
1.23841796875 
1.23548828125 
1.2677148437500003 
1.21556640625 
1.18978515625 
0.94662109375 
1.46576171875 
1.22083984375 
0.8136132812499999 
1.19916015625 
0.8581445312499999 
1.16341796875 
0.96244140625 
1.14701171875 
0.7468164062499998 
1.35150390625 
0.93373046875 
1.10833984375 
0.7837304687499999 
0.7104882812499999 
1.2800195312500002 
0.9214257812500001 
0.8247460937499999 
0.7977929687499998 
0.95130859375 
0.8839257812499999 
1.09662109375 
0.91263671875 
0.8792382812499998 
1.02748046875 
1.06966796875 
1.2454492187500001 
0.8575585937499999 
0.92845703125 
1.0239648437500002 
1.2132226562500001 
0.8364648437499999 
0.9073632812499999 
1.0761132812499998 
1.11537109375 
1.01458984375 
1.14818359375 
1.19447265625 
1.0890039062499999 
1.07962890625 
0.7561914062499998 
1.0638085937500001 
1.18685546875 
1.1985742187500001 
1.2477929687500002 
1.23841796875 
1.1710351562499999 
0.93724609375 
1.2102929687500001 
0.6190820312499998 
1.00287109375 
1.17220703125 
1.16458984375 
1.1950585937500002 
1.20970703125 
0.8552148437499999 
1.01341796875 
1.08021484375 
1.17396484375 
1.2102929687500001 
0.8985742187499998 
1.08197265625 
1.18333984375 
0.9852929687499998 
0.8839257812499999 
0.9981835937499999 
0.8774804687499997 
0.95423828125 
1.08548828125 
1.18802734375 
0.8177148437499999 
1.0550195312500001 
0.9003320312499998 
0.9776757812500001 
0.6788476562499999 
1.01576171875 
0.94427734375 
0.9015039062499999 
0.8464257812499999 
0.91966796875 
1.06791015625 
0.8335351562499999 
1.22435546875 
1.2372460937500003 
1.2495507812500002 
0.6507226562499998 
0.8206445312499999 
0.9214257812500001 
0.91673828125 
1.2653710937500002 
0.8792382812499998 
0.9524804687499999 
0.97650390625 
1.24310546875 
1.14408203125 
1.13353515625 
1.26185546875 
0.8927148437499999 
1.22552734375 
1.09251953125 
0.8464257812499999 
0.8880273437499998 
0.9056054687499998 
1.16634765625 
