13 26 11 
0.5862695312499999 
0.9026757812499999 
1.03041015625 
1.07318359375 
1.2313867187500003 
0.92435546875 
0.8493554687499998 
0.6747460937499998 
0.8985742187499998 
0.98470703125 
1.05736328125 
0.8915429687499998 
0.9067773437499999 
0.7298242187499997 
1.10658203125 
1.16458984375 
0.6747460937499998 
1.30052734375 
0.91146484375 
0.8112695312499999 
0.97591796875 
0.8470117187499998 
0.7438867187499998 
0.92962890625 
1.2132226562500001 
1.01458984375 
1.13060546875 
1.0257226562500001 
0.64017578125 
1.0403710937500001 
0.8124414062499998 
0.9009179687499999 
0.8921289062499999 
0.7720117187499999 
1.11361328125 
1.2641992187500002 
0.92318359375 
1.0825585937500002 
0.9958398437499999 
0.8610742187499998 
1.1177148437500002 
1.2466210937500002 
0.7550195312499999 
0.7860742187499998 
0.8657617187499999 
0.7796289062499999 
0.8909570312499998 
0.8727929687499998 
0.9987695312499999 
0.8651757812499999 
0.7503320312499998 
0.9067773437499999 
1.01810546875 
1.1224023437500001 
0.95658203125 
0.6583398437499999 
0.8036523437499998 
1.02044921875 
0.8845117187499998 
0.96068359375 
1.11478515625 
0.7995507812499999 
1.34095703125 
0.96595703125 
0.9050195312499999 
0.8270898437499999 
0.8681054687499998 
0.7942773437499999 
0.7597070312499998 
1.02103515625 
0.8809960937499998 
0.8493554687499998 
0.8716210937499999 
1.07259765625 
0.9554101562499999 
1.11009765625 
1.1452539062499998 
1.16751953125 
0.9981835937499999 
0.8505273437499998 
0.9858789062499999 
0.8183007812499999 
0.7813867187499999 
1.05560546875 
0.91087890625 
0.8552148437499999 
0.8985742187499998 
1.1874414062499998 
1.08021484375 
0.95189453125 
0.8511132812499999 
0.94955078125 
1.15287109375 
0.97943359375 
0.8440820312499998 
0.6179101562499998 
0.9009179687499999 
0.8862695312499999 
0.9032617187499998 
1.13998046875 
1.2606835937500003 
1.05091796875 
0.9905664062499998 
0.94779296875 
0.8962304687499998 
1.16166015625 
0.7321679687499998 
1.2706445312500003 
0.91205078125 
0.8464257812499999 
1.31048828125 
1.1200585937500003 
0.8470117187499998 
1.0503320312500002 
1.2565820312500002 
0.9618554687499999 
1.22728515625 
0.9882226562499998 
0.8763085937499998 
0.7550195312499999 
1.12298828125 
1.38548828125 
0.8587304687499998 
0.8411523437499998 
0.6161523437499998 
0.7104882812499999 
0.7134179687499999 
0.7655664062499998 
0.8183007812499999 
0.78080078125 
0.97064453125 
0.94134765625 
0.98119140625 
1.0286523437500001 
1.0591210937500002 
0.8575585937499999 
0.6548242187499997 
1.3157617187500001 
1.2126367187500002 
0.7778710937499999 
1.19330078125 
0.94662109375 
1.17982421875 
0.6770898437499999 
0.8288476562499999 
0.7919335937499999 
1.0474023437500002 
0.5985742187499998 
0.7667382812499999 
0.9009179687499999 
0.7327539062499998 
0.6999414062499998 
0.8979882812499999 
0.9073632812499999 
0.8587304687499998 
1.29408203125 
0.8552148437499999 
1.17572265625 
1.11009765625 
1.07552734375 
0.8358789062499998 
1.1681054687499999 
1.15580078125 
1.12298828125 
1.2308007812500001 
0.8054101562499998 
0.8095117187499998 
1.09544921875 
0.97123046875 
0.9987695312499999 
1.2466210937500002 
0.5757226562499999 
0.8663476562499999 
1.0579492187500001 
1.20384765625 
1.0356835937500002 
0.9993554687499997 
0.9302148437500001 
0.8487695312499999 
0.97240234375 
1.20794921875 
0.9079492187499998 
1.0638085937500001 
0.9876367187499998 
0.7561914062499998 
0.7216210937499998 
1.2659570312500001 
1.00873046875 
0.96595703125 
1.12298828125 
0.6893945312499998 
0.9020898437499999 
0.8833398437499999 
1.10072265625 
1.0345117187500001 
0.6665429687499999 
1.0309960937500002 
0.8487695312499999 
0.6852929687499998 
0.94427734375 
1.33861328125 
1.24017578125 
0.8821679687499998 
1.02220703125 
0.6436914062499999 
0.6395898437499999 
0.5903710937499999 
0.9085351562499998 
0.8218164062499999 
0.9032617187499998 
1.22494140625 
1.1534570312499999 
0.8241601562499998 
0.8628320312499999 
0.94779296875 
1.2759179687500002 
0.92201171875 
0.7087304687499998 
1.06673828125 
1.06263671875 
1.29759765625 
0.96888671875 
0.7227929687499998 
1.10541015625 
0.8757226562499998 
0.7233789062499998 
1.1522851562499998 
0.8253320312499999 
0.7016992187499997 
0.8382226562499998 
0.8218164062499999 
0.8153710937499998 
0.8481835937499999 
1.15990234375 
0.9923242187499998 
0.8540429687499999 
0.8645898437499999 
0.8159570312499999 
0.91966796875 
0.8434960937499998 
0.9548242187499999 
0.7907617187499999 
0.9044335937499999 
1.14115234375 
1.1206445312500002 
0.8616601562499998 
0.9009179687499999 
0.8856835937499998 
0.9073632812499999 
1.07669921875 
1.2231835937500002 
1.31341796875 
1.05091796875 
0.6032617187499999 
1.01634765625 
0.7216210937499998 
1.0011132812499999 
1.2688867187500004 
1.02220703125 
0.8522851562499998 
0.9530664062499999 
0.8669335937499999 
1.09076171875 
1.30111328125 
0.7227929687499998 
1.0309960937500002 
0.92552734375 
1.02044921875 
0.8575585937499999 
0.9061914062499998 
0.8985742187499998 
0.8306054687499999 
0.7520898437499999 
1.2360742187500002 
0.9888085937499999 
1.20326171875 
0.91322265625 
0.7163476562499999 
0.8780664062499998 
0.6589257812499999 
0.82767578125 
0.7977929687499998 
1.19330078125 
0.6600976562499998 
1.0989648437500001 
0.7444726562499998 
0.8487695312499999 
1.06439453125 
1.13880859375 
1.2747460937500004 
1.11185546875 
1.24134765625 
0.5997460937499999 
0.8440820312499998 
1.12884765625 
0.7520898437499999 
0.8130273437499999 
0.92728515625 
0.8845117187499998 
1.32103515625 
