16 26 8 
0.8411523437499998 
1.29173828125 
1.13998046875 
0.7081445312499999 
1.0591210937500002 
0.8288476562499999 
0.93490234375 
0.93783203125 
0.6595117187499998 
1.2102929687500001 
1.2876367187500002 
0.9032617187499998 
0.7983789062499999 
0.7210351562499998 
0.8130273437499999 
1.02455078125 
0.8212304687499998 
0.6770898437499999 
0.97650390625 
1.19681640625 
0.92552734375 
0.6952539062499998 
0.6770898437499999 
0.7268945312499998 
1.3450585937500004 
0.7274804687499997 
0.8288476562499999 
0.6882226562499998 
0.8821679687499998 
1.3989648437500002 
0.6829492187499998 
0.8616601562499998 
0.9401757812500001 
0.8985742187499998 
0.8979882812499999 
1.0761132812499998 
0.9179101562499999 
0.7485742187499997 
0.6700585937499999 
0.7720117187499999 
0.8558007812499999 
0.8845117187499998 
0.8616601562499998 
0.7087304687499998 
1.08607421875 
0.91263671875 
0.9524804687499999 
0.8124414062499998 
0.5944726562499999 
1.0474023437500002 
0.78958984375 
1.12416015625 
0.7749414062499999 
0.6747460937499998 
0.7802148437499999 
1.0503320312500002 
0.8968164062499998 
0.8909570312499998 
1.09193359375 
0.7860742187499998 
0.9056054687499998 
0.9964257812499999 
0.8792382812499998 
1.05384765625 
0.7128320312499998 
0.94720703125 
0.8470117187499998 
0.97005859375 
1.2747460937500004 
0.93841796875 
1.1511132812499998 
0.8306054687499999 
0.9858789062499999 
0.6624414062499998 
0.8979882812499999 
1.08841796875 
1.01283203125 
0.7175195312499999 
0.7479882812499998 
0.7872460937499999 
0.8112695312499999 
0.7245507812499998 
0.7538476562499998 
0.96126953125 
0.6882226562499998 
1.2835351562500001 
0.6817773437499999 
0.8634179687499999 
0.7573632812499999 
0.93490234375 
0.93373046875 
0.8018945312499999 
1.00404296875 
0.9173242187499999 
1.12708984375 
1.10423828125 
0.7456445312499999 
0.8722070312499999 
0.8118554687499998 
0.8429101562499998 
0.8118554687499998 
0.8850976562499998 
0.7708398437499999 
0.8716210937499999 
0.8915429687499998 
0.8059960937499998 
0.94134765625 
0.8815820312499998 
0.6876367187499998 
0.8177148437499999 
0.6659570312499998 
0.9214257812500001 
0.9987695312499999 
0.9395898437500001 
1.00462890625 
0.6261132812499999 
0.7743554687499998 
1.2536523437500002 
0.6882226562499998 
1.00462890625 
1.09544921875 
0.92728515625 
0.94427734375 
0.95892578125 
0.7872460937499999 
0.56986328125 
0.7585351562499998 
0.7227929687499998 
0.8974023437499998 
0.8177148437499999 
1.05267578125 
0.7989648437499999 
0.92611328125 
0.7878320312499999 
1.10248046875 
1.2606835937500003 
0.7849023437499999 
0.8874414062499998 
0.8528710937499998 
0.9852929687499998 
0.7286523437499998 
0.98060546875 
1.18216796875 
1.0544335937500002 
0.8370507812499999 
0.8792382812499998 
0.8388085937499998 
0.9888085937499999 
1.06087890625 
0.6817773437499999 
0.8774804687499997 
1.06498046875 
0.7655664062499998 
1.09779296875 
0.8265039062499999 
0.8540429687499999 
0.8018945312499999 
1.1106835937500001 
0.6700585937499999 
0.7890039062499999 
0.7368554687499997 
0.7690820312499999 
0.7333398437499998 
0.6917382812499998 
0.6507226562499998 
1.1809960937500001 
0.94955078125 
0.95775390625 
0.7725976562499999 
0.96712890625 
0.7403710937499998 
0.7638085937499999 
1.13177734375 
1.14818359375 
0.94955078125 
0.6964257812499999 
0.9091210937499998 
0.92201171875 
1.30228515625 
0.6448632812499999 
0.94779296875 
1.06615234375 
0.6677148437499999 
0.7749414062499999 
1.03333984375 
0.7819726562499999 
1.2893945312500001 
1.06087890625 
0.91029296875 
0.8593164062499998 
0.9911523437499998 
0.9735742187499999 
1.0890039062499999 
0.8815820312499998 
0.8581445312499999 
0.7479882812499998 
0.8306054687499999 
1.01048828125 
0.6653710937499998 
0.8768945312499998 
0.6390039062499999 
0.7655664062499998 
0.8909570312499998 
1.0989648437500001 
0.8944726562499998 
0.9015039062499999 
0.7948632812499999 
0.6477929687499998 
0.7913476562499999 
0.8792382812499998 
0.7573632812499999 
0.98177734375 
1.2671289062500002 
0.9876367187499998 
0.8634179687499999 
0.7913476562499999 
0.91263671875 
0.8464257812499999 
0.96244140625 
0.9425195312500001 
0.7538476562499998 
0.8675195312499999 
0.8921289062499999 
0.91673828125 
0.92845703125 
0.92611328125 
0.8628320312499999 
0.91966796875 
0.9179101562499999 
0.6641992187499998 
1.14349609375 
0.7690820312499999 
0.9882226562499998 
0.96244140625 
1.16048828125 
0.7175195312499999 
0.6811914062499999 
1.0263085937500003 
0.8897851562499998 
0.8071679687499999 
0.7749414062499999 
0.5997460937499999 
1.2888085937500002 
0.7479882812499998 
0.6864648437499998 
0.5862695312499999 
1.05736328125 
0.6888085937499998 
0.7550195312499999 
0.8757226562499998 
0.8511132812499999 
0.92787109375 
0.7620507812499999 
0.8997460937499998 
0.8294335937499999 
1.01517578125 
1.1698632812499998 
0.6138085937499999 
0.8558007812499999 
0.9173242187499999 
0.8763085937499998 
1.2817773437500002 
0.7491601562499998 
0.6184960937499998 
0.7350976562499998 
0.8968164062499998 
0.8247460937499999 
0.5329492187499999 
0.91087890625 
0.7714257812499999 
0.9401757812500001 
0.94427734375 
1.2841210937500003 
0.6747460937499998 
0.97240234375 
1.0345117187500001 
0.7860742187499998 
0.9524804687499999 
0.95189453125 
1.0948632812499999 
0.8780664062499998 
0.92845703125 
1.2776757812500001 
1.0743554687499999 
0.8095117187499998 
0.8733789062499998 
1.06439453125 
0.91849609375 
0.91087890625 
0.7069726562499998 
1.1247460937500002 
0.8827539062499998 
0.7052148437499999 
0.9308007812500001 
0.7913476562499999 
1.02748046875 
1.2220117187500001 
1.07787109375 
1.32923828125 
0.7227929687499998 
