23 26 1 
1.13470703125 
0.95072265625 
0.98177734375 
0.5751367187499998 
0.7597070312499998 
0.8347070312499999 
0.7309960937499997 
0.6495507812499999 
0.7954492187499999 
0.7989648437499999 
0.8657617187499999 
0.8095117187499998 
0.8622460937499998 
0.6653710937499998 
1.0251367187500002 
0.7433007812499999 
0.93255859375 
0.8393945312499999 
0.8745507812499999 
0.8933007812499999 
1.08080078125 
0.7198632812499999 
0.6987695312499999 
0.8868554687499998 
1.07201171875 
1.05267578125 
0.5874414062499999 
0.8054101562499998 
0.6044335937499999 
0.8991601562499998 
0.7526757812499999 
0.93373046875 
1.07201171875 
0.8018945312499999 
0.97884765625 
0.7837304687499999 
0.93783203125 
0.6847070312499999 
0.8106835937499999 
0.9530664062499999 
0.7995507812499999 
0.9050195312499999 
0.91556640625 
0.7684960937499998 
0.7386132812499998 
1.26244140625 
0.7427148437499999 
0.7421289062499998 
0.6366601562499998 
0.6647851562499998 
0.8100976562499999 
0.6811914062499999 
0.7849023437499999 
0.6630273437499998 
1.02923828125 
0.7620507812499999 
0.8722070312499999 
0.9548242187499999 
0.9079492187499998 
0.8511132812499999 
0.8868554687499998 
1.0579492187500001 
0.96244140625 
0.92083984375 
0.7743554687499998 
0.6964257812499999 
0.94427734375 
0.5763085937499999 
1.07669921875 
0.8042382812499999 
0.9934960937499998 
0.9448632812500001 
0.98177734375 
0.8253320312499999 
0.6987695312499999 
0.7192773437499999 
0.8288476562499999 
0.9501367187499999 
1.0186914062499999 
0.5968164062499999 
0.7673242187499998 
0.91263671875 
0.6015039062499999 
0.93724609375 
0.9050195312499999 
0.8013085937499999 
0.7567773437499998 
1.20970703125 
0.9015039062499999 
0.8141992187499998 
0.6319726562499999 
0.7485742187499997 
0.8141992187499998 
1.05091796875 
1.06732421875 
1.0702539062499998 
1.30111328125 
0.9524804687499999 
0.7643945312499999 
1.13236328125 
0.6061914062499999 
0.7497460937499998 
0.7327539062499998 
1.18568359375 
0.93607421875 
0.7983789062499999 
0.7878320312499999 
0.8265039062499999 
0.92376953125 
0.91380859375 
0.6097070312499999 
0.7491601562499998 
0.64017578125 
0.7890039062499999 
1.17982421875 
0.6683007812499999 
0.6946679687499998 
0.8013085937499999 
0.8235742187499998 
0.7034570312499998 
0.7579492187499998 
1.33275390625 
0.8458398437499999 
0.8581445312499999 
0.8645898437499999 
0.8686914062499999 
0.8405664062499998 
0.8481835937499999 
0.8434960937499998 
0.6360742187499998 
0.8171289062499999 
0.6583398437499999 
0.6952539062499998 
1.04095703125 
0.7028710937499998 
0.8634179687499999 
0.7474023437499998 
0.94427734375 
0.94603515625 
0.6747460937499998 
0.6724023437499999 
0.8528710937499998 
0.9032617187499998 
0.8218164062499999 
0.8616601562499998 
1.13060546875 
1.0743554687499999 
0.8581445312499999 
1.09017578125 
0.6530664062499998 
0.7198632812499999 
0.93607421875 
0.8845117187499998 
0.6630273437499998 
0.98236328125 
0.6993554687499998 
0.6647851562499998 
0.95892578125 
1.1106835937500001 
0.7433007812499999 
1.13763671875 
0.9395898437500001 
0.8282617187499999 
0.7966210937499999 
0.5950585937499999 
0.9970117187499998 
0.7567773437499998 
0.8516992187499998 
0.8206445312499999 
0.7298242187499997 
0.8552148437499999 
0.8352929687499998 
0.8886132812499998 
0.9056054687499998 
0.9888085937499999 
0.8804101562499997 
0.5511132812499999 
0.7702539062499999 
0.8124414062499998 
0.8739648437499998 
0.8516992187499998 
0.94134765625 
0.7509179687499998 
0.7878320312499999 
0.8141992187499998 
0.91029296875 
1.1827539062499999 
1.06146484375 
0.7919335937499999 
0.6390039062499999 
1.0122460937500002 
0.6243554687499998 
1.11126953125 
1.0356835937500002 
0.6765039062499999 
0.9770898437500001 
0.8839257812499999 
0.8470117187499998 
0.9214257812500001 
0.7538476562499998 
0.7802148437499999 
0.97533203125 
0.9395898437500001 
0.94837890625 
0.7667382812499999 
0.95951171875 
0.6407617187499999 
0.95189453125 
0.7304101562499997 
0.8493554687499998 
0.6225976562499999 
0.9899804687499998 
0.8141992187499998 
0.7128320312499998 
0.8511132812499999 
1.08841796875 
0.9501367187499999 
0.5974023437499999 
0.7485742187499997 
0.7485742187499997 
0.6729882812499999 
0.7655664062499998 
0.7825585937499999 
0.6571679687499998 
1.10306640625 
0.7368554687499997 
0.6823632812499999 
0.98470703125 
1.00169921875 
0.7245507812499998 
0.8071679687499999 
0.94369140625 
1.0315820312500001 
0.8481835937499999 
0.7409570312499998 
0.7233789062499998 
0.8141992187499998 
0.5968164062499999 
1.06087890625 
1.0485742187500002 
0.8891992187499997 
0.6735742187499998 
0.9929101562499998 
1.22669921875 
1.3227929687500002 
0.6788476562499999 
0.97416015625 
0.94369140625 
0.8692773437499999 
0.7327539062499998 
0.7942773437499999 
0.5909570312499999 
0.8809960937499998 
0.7948632812499999 
1.00697265625 
0.8036523437499998 
0.6718164062499998 
0.95833984375 
0.8042382812499999 
0.7468164062499998 
0.7040429687499998 
0.7602929687499999 
0.6220117187499998 
1.09720703125 
0.8522851562499998 
1.0227929687500001 
0.8118554687499998 
1.0315820312500001 
0.8710351562499998 
0.8792382812499998 
0.92376953125 
0.8306054687499999 
0.7585351562499998 
1.0550195312500001 
1.0462304687500001 
0.8681054687499998 
0.8610742187499998 
0.94544921875 
0.9970117187499998 
0.8329492187499998 
0.7151757812499999 
0.8657617187499999 
0.7163476562499999 
0.94896484375 
0.6811914062499999 
1.06205078125 
0.8001367187499998 
0.8733789062499998 
0.8259179687499999 
0.6624414062499998 
0.8780664062499998 
0.91146484375 
0.92025390625 
0.94662109375 
1.1106835937500001 
0.8405664062499998 
0.7421289062499998 
0.8440820312499998 
0.91087890625 
0.7790429687499999 
