15 27 8 
0.8997460937499998 
0.7479882812499998 
0.7433007812499999 
0.8686914062499999 
0.96126953125 
0.8546289062499999 
1.3122460937500002 
1.07083984375 
0.8159570312499999 
1.2542382812500001 
1.0474023437500002 
0.97416015625 
0.94076171875 
0.9776757812500001 
0.9524804687499999 
1.1938867187500002 
0.8124414062499998 
1.2132226562500001 
0.8124414062499998 
0.7620507812499999 
0.7884179687499999 
0.97943359375 
0.5827539062499999 
0.8575585937499999 
1.20560546875 
0.7245507812499998 
0.9050195312499999 
1.0743554687499999 
1.1294335937500002 
0.7028710937499998 
0.93431640625 
0.9940820312499998 
1.18041015625 
1.0268945312500002 
0.6231835937499999 
0.96888671875 
1.09134765625 
0.94662109375 
0.98353515625 
0.7972070312499999 
0.7567773437499998 
0.92435546875 
0.93607421875 
0.7936914062499999 
0.6255273437499999 
0.7321679687499998 
1.20033203125 
0.9020898437499999 
0.9448632812500001 
0.8376367187499998 
0.9390039062500001 
1.05736328125 
1.31517578125 
0.7468164062499998 
1.1001367187500002 
0.8259179687499999 
0.8886132812499998 
0.7503320312499998 
1.2829492187500002 
0.8833398437499999 
1.07201171875 
0.94310546875 
0.9858789062499999 
1.20326171875 
0.7649804687499998 
0.8089257812499999 
1.1475976562499999 
1.02103515625 
0.7936914062499999 
0.8475976562499998 
0.8007226562499998 
0.9266992187499999 
1.2694726562500003 
0.7321679687499998 
1.17279296875 
0.94837890625 
0.6706445312499999 
0.9097070312499999 
0.7919335937499999 
0.6694726562499999 
0.8698632812499999 
0.9097070312499999 
1.09955078125 
0.6905664062499998 
1.00404296875 
1.19095703125 
1.02455078125 
1.2044335937500001 
1.00287109375 
0.8487695312499999 
0.7831445312499999 
0.8393945312499999 
1.03802734375 
1.17982421875 
1.00287109375 
0.92318359375 
0.96068359375 
0.8558007812499999 
0.6489648437499999 
1.00697265625 
1.06673828125 
0.7556054687499998 
1.03509765625 
0.6577539062499999 
1.06673828125 
1.0298242187500002 
0.93255859375 
0.94603515625 
0.6934960937499998 
0.8522851562499998 
0.8505273437499998 
1.0579492187500001 
0.8487695312499999 
0.8259179687499999 
0.7163476562499999 
1.08548828125 
0.98353515625 
0.9085351562499998 
1.17572265625 
0.93490234375 
1.1048242187500001 
1.0497460937500003 
0.6606835937499999 
0.7515039062499999 
0.9923242187499998 
0.5563867187499999 
0.7468164062499998 
1.11302734375 
0.8446679687499998 
1.1018945312500001 
0.9073632812499999 
0.94720703125 
0.6917382812499998 
0.91673828125 
0.95365234375 
0.91849609375 
0.91673828125 
1.13822265625 
0.6934960937499998 
0.8147851562499998 
1.12181640625 
1.08021484375 
1.11302734375 
1.06087890625 
0.8200585937499999 
0.7163476562499999 
0.8968164062499998 
0.8241601562499998 
0.9893945312499999 
0.8423242187499997 
0.6934960937499998 
0.7175195312499999 
0.8739648437499998 
0.95072265625 
0.95189453125 
0.7649804687499998 
1.18216796875 
0.8558007812499999 
0.7790429687499999 
1.03919921875 
1.18158203125 
0.7837304687499999 
1.15169921875 
1.07669921875 
0.7872460937499999 
0.7837304687499999 
1.10716796875 
0.8698632812499999 
1.09603515625 
1.22845703125 
0.7040429687499998 
0.5897851562499998 
0.8282617187499999 
0.9401757812500001 
0.8909570312499998 
0.8306054687499999 
0.6243554687499998 
0.8229882812499999 
1.1059960937500002 
0.91146484375 
0.98353515625 
1.1165429687500001 
1.1464257812499998 
0.94779296875 
0.6888085937499998 
0.8845117187499998 
0.8950585937499999 
1.01166015625 
0.5845117187499999 
0.9952539062499999 
0.7567773437499998 
0.9308007812500001 
0.6870507812499999 
1.15521484375 
0.8224023437499999 
0.8686914062499999 
0.8171289062499999 
0.8475976562499998 
0.8534570312499998 
0.97884765625 
1.00169921875 
0.8716210937499999 
0.8739648437499998 
1.11302734375 
0.6841210937499999 
0.8288476562499999 
1.08958984375 
0.6975976562499998 
1.3532617187500002 
1.0450585937500003 
0.8265039062499999 
0.8575585937499999 
0.7936914062499999 
1.3345117187500002 
1.2319726562500002 
1.00287109375 
0.7936914062499999 
1.0268945312500002 
0.8417382812499998 
0.7942773437499999 
0.8294335937499999 
1.14232421875 
1.18626953125 
0.9735742187499999 
0.9559960937499999 
0.7538476562499998 
1.24017578125 
0.95130859375 
0.94134765625 
1.14876953125 
1.0052148437500001 
1.08841796875 
1.22845703125 
0.6149804687499998 
0.8487695312499999 
0.7561914062499998 
0.8177148437499999 
0.8733789062499998 
0.92083984375 
0.7151757812499999 
0.9395898437500001 
0.91322265625 
0.9554101562499999 
0.8921289062499999 
0.7526757812499999 
0.8798242187499997 
0.8645898437499999 
0.7972070312499999 
0.7761132812499999 
0.7339257812499999 
1.08783203125 
0.8809960937499998 
0.6442773437499999 
1.06322265625 
0.92201171875 
0.7433007812499999 
0.8423242187499997 
1.00052734375 
0.7860742187499998 
0.93724609375 
1.03041015625 
1.01517578125 
0.7427148437499999 
0.95833984375 
0.8335351562499999 
1.01634765625 
0.6841210937499999 
0.8165429687499999 
0.9056054687499998 
0.8153710937499998 
1.11712890625 
0.7960351562499999 
1.0825585937500002 
1.00228515625 
0.8604882812499999 
0.8856835937499998 
0.9149804687499999 
0.7690820312499999 
0.7977929687499998 
0.8159570312499999 
0.7825585937499999 
1.08080078125 
0.8306054687499999 
0.8675195312499999 
0.8839257812499999 
1.00345703125 
1.1177148437500002 
0.7116601562499998 
0.8388085937499998 
0.8757226562499998 
0.9876367187499998 
0.94662109375 
0.7286523437499998 
1.0749414062499998 
0.6811914062499999 
1.20912109375 
0.7907617187499999 
0.92376953125 
0.98412109375 
0.9067773437499999 
