16 27 7 
0.7872460937499999 
1.0503320312500002 
1.1593164062499999 
0.92025390625 
0.9395898437500001 
0.8270898437499999 
0.91556640625 
0.91673828125 
0.9038476562499999 
1.13060546875 
0.8036523437499998 
0.98470703125 
0.98236328125 
0.8722070312499999 
0.92728515625 
0.7661523437499999 
0.9050195312499999 
1.06791015625 
0.7585351562499998 
1.17279296875 
0.9331445312500001 
0.8622460937499998 
0.9020898437499999 
0.9425195312500001 
1.18158203125 
0.8335351562499999 
0.7573632812499999 
1.1763085937500002 
0.7040429687499998 
0.7977929687499998 
0.8505273437499998 
0.5540429687499999 
1.06029296875 
0.9852929687499998 
0.9981835937499999 
1.1874414062499998 
0.9308007812500001 
0.6729882812499999 
0.8218164062499999 
0.8417382812499998 
0.97416015625 
0.8698632812499999 
1.0989648437500001 
0.8511132812499999 
0.8809960937499998 
0.6366601562499998 
0.6009179687499999 
1.2876367187500002 
0.79017578125 
0.8868554687499998 
1.16927734375 
0.8159570312499999 
0.92318359375 
1.09603515625 
1.0520898437500001 
0.6472070312499999 
0.6630273437499998 
0.96712890625 
0.8569726562499999 
0.6677148437499999 
0.96947265625 
0.97884765625 
1.12298828125 
1.20970703125 
0.9020898437499999 
0.5839257812499999 
0.7509179687499998 
1.02455078125 
0.7661523437499999 
0.6970117187499998 
0.8528710937499998 
0.94779296875 
1.1446679687499999 
0.8083398437499999 
0.8610742187499998 
0.8024804687499998 
0.7966210937499999 
1.3304101562500001 
1.08373046875 
0.7169335937499999 
0.7403710937499998 
0.9302148437500001 
0.7831445312499999 
0.95658203125 
0.7702539062499999 
0.8722070312499999 
1.17572265625 
0.7831445312499999 
1.14818359375 
0.95833984375 
0.93724609375 
0.8130273437499999 
0.8768945312499998 
0.7268945312499998 
0.5124414062499999 
0.6899804687499997 
0.95775390625 
0.7491601562499998 
0.7515039062499999 
1.1956445312500001 
0.8628320312499999 
0.93783203125 
0.8458398437499999 
0.6290429687499999 
0.96361328125 
0.96947265625 
1.05677734375 
0.79017578125 
0.7532617187499998 
0.8938867187499998 
0.9987695312499999 
0.8710351562499998 
1.17279296875 
0.7192773437499999 
0.7977929687499998 
0.7573632812499999 
0.7538476562499998 
0.8159570312499999 
0.9770898437500001 
1.3474023437500002 
0.7509179687499998 
1.00462890625 
0.8850976562499998 
0.92904296875 
0.9501367187499999 
0.8669335937499999 
0.9026757812499999 
0.9056054687499998 
0.7304101562499997 
0.6225976562499999 
0.7632226562499999 
0.5751367187499998 
0.7116601562499998 
0.7350976562499998 
0.7145898437499999 
0.8194726562499999 
0.8915429687499998 
1.0702539062499998 
0.60501953125 
1.2061914062499999 
1.14583984375 
1.16634765625 
0.6190820312499998 
0.8669335937499999 
0.93607421875 
0.55580078125 
0.7192773437499999 
0.7011132812499998 
0.7983789062499999 
0.7854882812499999 
0.8429101562499998 
1.2683007812500002 
0.7028710937499998 
1.1593164062499999 
1.01400390625 
0.7227929687499998 
0.8417382812499998 
0.6993554687499998 
0.8311914062499999 
1.09076171875 
0.6765039062499999 
1.09603515625 
0.92025390625 
0.8048242187499998 
0.91966796875 
0.7304101562499997 
0.7550195312499999 
1.06322265625 
0.95130859375 
0.7034570312499998 
0.94369140625 
0.94427734375 
1.0655664062499999 
0.8915429687499998 
0.8546289062499999 
0.8475976562499998 
0.91849609375 
0.9214257812500001 
1.26244140625 
0.9302148437500001 
0.8065820312499998 
0.9302148437500001 
0.91029296875 
1.0298242187500002 
0.8253320312499999 
0.92962890625 
0.7966210937499999 
0.97474609375 
0.7350976562499998 
1.03978515625 
0.8311914062499999 
0.6987695312499999 
1.09779296875 
0.91322265625 
0.6595117187499998 
0.8118554687499998 
0.9015039062499999 
0.92904296875 
1.1013085937500002 
0.8200585937499999 
1.09779296875 
0.6477929687499998 
0.8042382812499999 
0.9149804687499999 
0.8733789062499998 
0.8100976562499999 
0.7509179687499998 
1.17748046875 
1.29525390625 
1.3110742187500002 
0.8423242187499997 
1.12767578125 
0.9032617187499998 
0.94544921875 
0.9044335937499999 
0.6987695312499999 
1.00697265625 
0.7638085937499999 
0.7561914062499998 
0.6618554687499998 
0.8440820312499998 
1.03685546875 
0.8241601562499998 
0.96009765625 
1.13763671875 
0.8259179687499999 
0.6923242187499997 
0.8382226562499998 
0.7515039062499999 
1.0474023437500002 
1.20033203125 
0.8335351562499999 
0.8640039062499999 
0.8376367187499998 
0.92845703125 
0.7362695312499998 
0.7626367187499998 
0.7819726562499999 
0.6747460937499998 
1.1013085937500002 
0.8364648437499999 
0.9050195312499999 
1.05384765625 
0.5850976562499999 
1.13998046875 
0.8446679687499998 
1.01927734375 
0.8751367187499998 
0.7679101562499998 
1.0749414062499998 
0.8341210937499999 
0.8218164062499999 
1.13822265625 
1.17455078125 
0.7854882812499999 
0.8909570312499998 
0.6565820312499998 
0.9038476562499999 
0.98236328125 
1.0544335937500002 
0.6249414062499998 
0.8311914062499999 
0.7966210937499999 
1.13177734375 
0.94837890625 
0.8645898437499999 
0.9056054687499998 
0.9085351562499998 
1.1059960937500002 
0.7649804687499998 
1.21966796875 
0.9530664062499999 
0.95775390625 
0.8036523437499998 
0.7034570312499998 
0.8827539062499998 
1.01048828125 
0.9934960937499998 
0.7380273437499998 
0.9882226562499998 
1.1253320312500001 
0.7227929687499998 
0.8464257812499999 
0.8634179687499999 
0.92435546875 
1.1640039062499998 
0.92845703125 
1.14701171875 
1.06615234375 
0.8499414062499998 
0.7556054687499998 
0.7304101562499997 
0.8938867187499998 
0.8522851562499998 
1.03216796875 
0.6964257812499999 
0.7866601562499999 
0.96068359375 
0.6817773437499999 
0.8411523437499998 
