48 2 0 
1.3450585937500004 
1.3503320312500002 
1.3216210937500001 
1.39955078125 
1.35560546875 
1.39251953125 
1.36673828125 
1.4235742187500002 
1.36087890625 
1.37259765625 
1.3216210937500001 
1.3403710937500002 
1.3356835937500002 
1.35560546875 
1.45169921875 
1.3356835937500002 
1.33275390625 
1.43236328125 
1.39251953125 
1.36673828125 
1.40716796875 
1.3309960937500003 
1.4153710937500001 
1.36087890625 
1.38548828125 
1.45169921875 
1.4153710937500001 
1.3356835937500002 
1.40716796875 
1.3052148437500002 
1.35560546875 
1.36673828125 
1.33275390625 
1.35560546875 
1.33275390625 
1.39251953125 
1.36673828125 
1.39955078125 
1.35560546875 
1.3216210937500001 
1.40716796875 
1.4153710937500001 
1.3356835937500002 
1.30580078125 
1.33275390625 
1.4235742187500002 
1.3503320312500002 
1.35560546875 
1.4235742187500002 
1.32103515625 
1.3450585937500004 
1.3356835937500002 
1.40716796875 
1.24427734375 
1.35560546875 
1.32103515625 
1.3274804687500001 
1.3403710937500002 
1.30580078125 
1.3503320312500002 
1.33275390625 
1.3503320312500002 
1.36087890625 
1.45169921875 
1.36673828125 
1.3216210937500001 
1.3503320312500002 
1.4235742187500002 
1.24369140625 
1.36087890625 
1.3403710937500002 
1.43236328125 
1.33275390625 
1.3503320312500002 
1.3450585937500004 
1.3503320312500002 
1.3503320312500002 
1.44173828125 
1.3450585937500004 
1.36087890625 
1.43236328125 
1.3503320312500002 
1.24369140625 
1.3403710937500002 
1.39955078125 
1.24369140625 
1.43236328125 
1.39955078125 
1.39955078125 
1.3309960937500003 
1.3403710937500002 
1.39251953125 
1.36087890625 
1.37259765625 
1.40716796875 
1.37259765625 
1.43236328125 
1.39955078125 
1.3503320312500002 
1.3503320312500002 
1.43236328125 
1.39955078125 
1.40716796875 
1.43236328125 
1.37259765625 
1.3450585937500004 
1.4153710937500001 
1.39251953125 
1.36673828125 
1.36673828125 
1.43236328125 
1.3309960937500003 
1.39955078125 
1.39955078125 
1.36087890625 
1.3356835937500002 
1.36087890625 
1.4235742187500002 
1.35560546875 
1.3403710937500002 
1.3268945312500002 
1.39251953125 
1.44173828125 
1.44173828125 
1.3274804687500001 
1.36673828125 
1.37904296875 
1.3503320312500002 
1.32103515625 
1.24369140625 
1.38548828125 
1.4153710937500001 
1.39251953125 
1.35560546875 
1.3356835937500002 
1.37904296875 
1.24427734375 
1.36087890625 
1.3274804687500001 
1.33275390625 
1.36673828125 
1.35560546875 
1.39955078125 
1.3450585937500004 
1.4235742187500002 
1.32103515625 
1.32103515625 
1.38548828125 
1.3309960937500003 
1.43236328125 
1.35560546875 
1.38548828125 
1.39955078125 
1.43236328125 
1.37259765625 
1.3309960937500003 
1.3274804687500001 
1.36087890625 
1.3403710937500002 
1.39955078125 
1.35560546875 
1.44173828125 
1.4153710937500001 
1.39251953125 
1.3356835937500002 
1.3356835937500002 
1.32103515625 
1.3450585937500004 
1.3403710937500002 
1.45169921875 
1.35560546875 
1.33275390625 
1.36673828125 
1.3052148437500002 
1.43236328125 
1.3216210937500001 
1.3309960937500003 
1.35560546875 
1.36087890625 
1.43236328125 
1.3450585937500004 
1.40716796875 
1.3356835937500002 
1.3052148437500002 
1.3268945312500002 
1.4235742187500002 
1.3503320312500002 
1.4235742187500002 
1.3052148437500002 
1.36087890625 
1.33275390625 
1.3268945312500002 
1.3309960937500003 
1.36673828125 
1.3052148437500002 
1.45169921875 
1.37259765625 
1.3403710937500002 
1.37259765625 
1.3503320312500002 
1.36673828125 
1.32103515625 
1.3450585937500004 
1.36087890625 
1.39251953125 
1.3052148437500002 
1.36087890625 
1.39251953125 
1.44173828125 
1.36087890625 
1.43236328125 
1.45169921875 
1.35560546875 
1.3403710937500002 
1.3403710937500002 
1.36087890625 
1.24369140625 
1.4153710937500001 
1.36673828125 
1.3403710937500002 
1.33275390625 
1.39251953125 
1.44173828125 
1.37904296875 
1.43236328125 
1.39251953125 
1.4153710937500001 
1.35560546875 
1.3450585937500004 
1.37904296875 
1.3503320312500002 
1.37259765625 
1.32103515625 
1.3216210937500001 
1.3356835937500002 
1.39251953125 
1.24369140625 
1.3503320312500002 
1.43236328125 
1.38548828125 
1.32103515625 
1.3309960937500003 
1.24427734375 
1.3403710937500002 
1.3216210937500001 
1.37904296875 
1.36673828125 
1.3052148437500002 
1.24369140625 
1.37259765625 
1.3450585937500004 
1.36673828125 
1.3356835937500002 
1.4153710937500001 
1.36673828125 
1.24369140625 
1.3356835937500002 
1.3216210937500001 
1.38548828125 
1.44173828125 
1.39251953125 
1.3274804687500001 
1.3356835937500002 
1.45169921875 
1.39251953125 
1.39955078125 
1.44173828125 
1.24369140625 
1.3052148437500002 
1.3216210937500001 
1.36673828125 
1.37259765625 
1.3052148437500002 
1.35560546875 
1.3309960937500003 
1.36087890625 
1.3216210937500001 
1.39955078125 
1.3403710937500002 
1.4235742187500002 
1.3052148437500002 
1.24427734375 
1.36673828125 
1.37259765625 
1.43236328125 
1.36087890625 
1.30580078125 
1.3309960937500003 
1.37904296875 
1.3450585937500004 
1.37904296875 
1.3274804687500001 
1.3274804687500001 
1.3356835937500002 
1.3268945312500002 
1.38548828125 
1.37259765625 
1.36087890625 
1.24369140625 
1.3356835937500002 
