1 3 46 
1.38666015625 
1.34681640625 
1.37376953125 
1.5583398437500002 
1.3544335937500003 
1.54017578125 
1.3268945312500002 
1.5120507812500001 
1.3860742187500001 
1.40541015625 
1.36615234375 
1.36556640625 
1.37201171875 
1.30580078125 
1.33978515625 
1.39720703125 
1.39076171875 
1.40306640625 
1.3831445312500001 
1.43119140625 
1.38431640625 
1.3450585937500004 
1.36791015625 
1.36556640625 
1.32220703125 
1.4065820312500001 
1.3503320312500002 
1.41126953125 
1.36615234375 
1.38431640625 
1.41419921875 
1.39720703125 
1.43822265625 
1.38431640625 
1.37787109375 
1.3579492187500002 
1.39310546875 
1.39427734375 
1.39076171875 
1.34681640625 
1.39251953125 
1.37201171875 
1.3509179687500001 
1.45990234375 
1.39955078125 
1.33509765625 
1.3872460937500002 
1.39955078125 
1.4388085937500001 
1.34681640625 
1.36556640625 
1.36732421875 
1.36556640625 
1.34681640625 
1.2501367187500003 
1.35619140625 
1.40423828125 
1.29056640625 
1.3872460937500002 
1.5671289062500002 
1.3532617187500002 
1.5630273437500002 
1.34681640625 
1.4036523437500001 
1.37083984375 
1.3491601562500002 
1.38666015625 
1.39955078125 
1.3579492187500002 
1.6052148437500002 
1.36556640625 
1.5893945312500002 
1.3802148437500001 
1.37083984375 
1.38431640625 
1.33275390625 
1.39662109375 
1.5653710937500003 
1.45931640625 
1.3333398437500001 
1.3919335937500001 
1.41361328125 
1.40248046875 
1.3520898437500002 
1.40248046875 
1.39017578125 
1.40248046875 
1.3438867187500003 
1.2747460937500004 
1.38490234375 
1.41419921875 
1.4065820312500001 
1.3597070312500001 
1.39310546875 
1.5354882812500001 
1.3919335937500001 
1.3491601562500002 
1.3450585937500004 
1.3456445312500003 
1.43177734375 
1.41126953125 
1.5618554687500001 
1.59642578125 
1.38958984375 
1.4013085937500003 
1.46048828125 
1.3936914062499999 
1.38490234375 
1.46107421875 
1.37376953125 
1.5161523437500002 
1.3684960937500001 
1.45169921875 
1.33802734375 
1.44173828125 
1.2817773437500002 
1.30345703125 
1.39134765625 
1.37259765625 
1.2706445312500003 
1.3919335937500001 
1.3538476562500001 
1.4048242187500002 
1.35560546875 
1.40775390625 
1.3597070312500001 
1.38373046875 
1.2659570312500001 
1.3702539062499999 
1.3538476562500001 
1.38431640625 
1.46517578125 
1.36673828125 
1.3099023437500001 
1.38490234375 
1.37376953125 
1.44876953125 
1.3403710937500002 
1.39251953125 
1.3462304687500002 
1.35560546875 
1.2489648437500003 
1.54017578125 
1.4106835937500002 
1.3456445312500003 
1.4059960937500002 
1.3286523437500002 
1.5829492187500003 
1.38958984375 
1.33392578125 
1.5161523437500002 
1.36029296875 
1.33275390625 
1.50677734375 
1.38841796875 
1.3544335937500003 
1.45404296875 
1.37376953125 
1.26185546875 
1.4018945312500002 
1.2606835937500003 
1.39427734375 
1.36556640625 
1.40248046875 
1.43119140625 
1.36791015625 
1.36556640625 
1.40248046875 
1.3597070312500001 
1.3872460937500002 
1.41126953125 
1.5630273437500002 
1.41185546875 
1.37376953125 
1.4300195312500001 
1.5495507812500002 
1.44173828125 
1.39720703125 
1.4106835937500002 
1.3315820312500002 
1.39076171875 
1.3761132812499999 
1.30228515625 
1.41478515625 
1.23900390625 
1.40248046875 
1.39427734375 
1.52611328125 
1.39720703125 
1.40541015625 
1.3626367187500001 
1.3626367187500001 
1.36966796875 
1.39720703125 
1.3638085937500002 
1.36791015625 
1.41478515625 
1.36498046875 
1.41185546875 
1.3491601562500002 
1.37962890625 
1.41302734375 
1.3761132812499999 
1.3567773437500001 
1.38958984375 
1.39955078125 
1.41244140625 
1.4997460937500002 
1.2518945312500003 
1.37787109375 
1.4048242187500002 
1.4282617187500002 
1.25892578125 
1.3761132812499999 
1.36791015625 
1.41419921875 
1.3802148437500001 
1.38783203125 
1.4212304687500001 
1.2630273437500001 
1.2841210937500003 
1.3684960937500001 
1.23900390625 
1.3333398437500001 
1.58587890625 
1.40833984375 
1.4247460937500003 
1.35267578125 
1.38666015625 
1.39720703125 
1.3415429687500002 
1.3538476562500001 
1.41361328125 
1.5495507812500002 
1.31634765625 
1.3936914062499999 
1.39955078125 
1.4106835937500002 
1.3427148437500003 
1.37787109375 
1.5677148437500004 
1.2729882812500002 
1.4048242187500002 
1.3538476562500001 
1.35853515625 
1.37728515625 
1.5893945312500002 
1.4059960937500002 
1.40541015625 
1.40248046875 
1.3919335937500001 
1.3825585937500002 
1.59759765625 
1.39427734375 
1.2606835937500003 
1.37669921875 
1.3684960937500001 
1.40248046875 
1.38958984375 
1.36029296875 
1.3802148437500001 
1.3702539062499999 
1.28587890625 
1.36732421875 
1.33978515625 
1.59466796875 
1.40892578125 
1.37259765625 
1.50150390625 
1.41419921875 
1.42591796875 
1.5729882812500002 
1.37376953125 
1.42181640625 
1.43822265625 
1.60111328125 
1.26185546875 
1.4018945312500002 
1.3977929687500001 
1.39486328125 
1.2864648437500001 
1.3977929687500001 
1.31400390625 
1.32044921875 
1.43587890625 
1.33802734375 
1.37669921875 
1.39662109375 
1.38490234375 
1.35619140625 
1.2718164062500001 
1.2595117187500002 
1.36673828125 
1.3421289062500001 
1.37376953125 
1.33392578125 
1.41419921875 
1.3761132812499999 
1.2700585937500004 
1.4165429687500002 
