11 28 11 
0.93255859375 
0.7198632812499999 
1.06205078125 
0.5511132812499999 
0.92259765625 
0.5733789062499999 
1.20794921875 
1.2132226562500001 
1.16458984375 
0.7245507812499998 
1.29525390625 
0.6466210937499999 
0.7081445312499999 
1.13177734375 
0.92494140625 
0.8153710937499998 
0.95833984375 
1.2102929687500001 
0.8739648437499998 
1.07904296875 
0.7485742187499997 
1.16576171875 
1.29291015625 
0.8780664062499998 
0.8944726562499998 
1.2337304687500001 
1.12708984375 
0.9964257812499999 
0.8288476562499999 
0.8768945312499998 
0.8065820312499998 
0.4925195312499999 
0.9149804687499999 
0.8534570312499998 
1.0239648437500002 
1.1686914062499998 
1.0544335937500002 
0.9975976562499999 
1.0356835937500002 
1.30287109375 
0.9061914062499998 
0.8839257812499999 
1.28236328125 
1.2782617187500003 
0.8692773437499999 
1.17337890625 
0.98470703125 
0.6841210937499999 
1.00990234375 
0.8141992187499998 
1.13998046875 
1.20853515625 
0.9044335937499999 
1.17806640625 
0.9009179687499999 
1.2729882812500002 
0.7104882812499999 
1.0948632812499999 
1.3157617187500001 
0.8007226562499998 
1.16693359375 
1.02455078125 
0.9975976562499999 
1.1575585937500001 
0.8493554687499998 
0.8909570312499998 
1.16166015625 
1.10833984375 
0.6571679687499998 
1.2360742187500002 
1.2518945312500003 
0.94779296875 
0.7034570312499998 
0.6600976562499998 
0.92728515625 
0.7239648437499998 
0.95833984375 
0.8751367187499998 
1.17279296875 
0.9044335937499999 
0.7028710937499998 
0.5944726562499999 
0.7796289062499999 
1.18451171875 
0.7860742187499998 
1.14291015625 
0.95658203125 
0.7825585937499999 
0.7509179687499998 
1.1886132812499999 
0.9946679687499999 
1.20560546875 
0.8018945312499999 
0.7479882812499998 
1.1294335937500002 
1.31400390625 
1.2600976562500001 
1.2313867187500003 
0.8253320312499999 
1.20326171875 
0.9934960937499998 
1.23431640625 
0.9179101562499999 
1.41478515625 
1.06439453125 
1.3462304687500002 
1.10775390625 
0.8827539062499998 
1.28822265625 
1.1475976562499999 
1.30052734375 
0.93607421875 
0.6671289062499999 
1.23900390625 
1.30580078125 
1.14291015625 
0.7649804687499998 
1.21087890625 
0.8886132812499998 
0.7479882812499998 
0.92611328125 
0.79251953125 
1.03216796875 
0.5868554687499998 
0.8692773437499999 
1.17572265625 
0.7983789062499999 
1.03041015625 
0.91322265625 
0.94076171875 
0.93490234375 
1.1235742187500002 
1.23548828125 
1.39134765625 
0.8944726562499998 
0.6231835937499999 
1.0813867187500001 
0.7309960937499997 
1.2425195312500001 
1.30462890625 
0.7960351562499999 
0.7843164062499999 
0.7884179687499999 
0.94837890625 
0.9079492187499998 
0.7661523437499999 
0.7339257812499999 
0.8218164062499999 
0.8780664062499998 
1.29291015625 
1.20150390625 
0.7725976562499999 
1.2583398437500002 
0.6806054687499998 
1.0474023437500002 
0.8440820312499998 
1.0075585937500002 
0.7450585937499998 
1.3427148437500003 
1.24310546875 
0.7233789062499998 
1.1886132812499999 
1.0503320312500002 
1.22669921875 
0.7069726562499998 
1.10072265625 
0.8475976562499998 
1.22845703125 
0.95892578125 
0.9870507812499999 
1.2395898437500001 
0.7245507812499998 
0.96888671875 
1.22552734375 
1.1956445312500001 
1.0169335937500001 
1.08666015625 
1.21966796875 
0.6870507812499999 
0.8229882812499999 
1.2841210937500003 
0.95833984375 
1.11302734375 
0.91556640625 
0.7696679687499999 
0.94076171875 
0.7907617187499999 
0.7796289062499999 
0.9917382812499999 
1.16283203125 
0.7638085937499999 
1.10072265625 
0.7837304687499999 
1.26244140625 
0.7778710937499999 
0.6952539062499998 
1.0438867187500003 
1.1698632812499998 
0.8007226562499998 
0.9770898437500001 
1.17455078125 
0.9554101562499999 
1.17689453125 
1.2325585937500003 
0.8534570312499998 
0.9050195312499999 
1.44349609375 
0.8897851562499998 
1.00345703125 
0.8868554687499998 
0.92201171875 
0.7825585937499999 
1.20501953125 
0.7069726562499998 
1.0257226562500001 
1.01048828125 
1.03626953125 
1.14349609375 
1.28587890625 
1.1048242187500001 
1.17455078125 
1.30873046875 
1.16283203125 
0.8177148437499999 
1.0638085937500001 
0.8165429687499999 
1.12181640625 
0.7755273437499999 
0.8716210937499999 
0.9266992187499999 
1.2612695312500002 
1.29642578125 
1.08841796875 
1.03861328125 
0.94134765625 
1.29935546875 
1.3239648437500002 
0.8704492187499998 
1.0655664062499999 
1.22435546875 
0.7526757812499999 
1.2753320312500003 
1.32103515625 
1.0052148437500001 
0.97533203125 
1.11361328125 
0.8886132812499998 
0.97005859375 
1.00697265625 
0.8968164062499998 
0.97123046875 
0.8487695312499999 
0.91205078125 
1.3063867187500002 
0.93431640625 
1.30580078125 
0.95775390625 
1.0110742187500001 
1.30228515625 
1.28587890625 
1.1358789062499999 
0.96302734375 
0.8956445312499999 
0.8938867187499998 
0.8897851562499998 
1.22845703125 
1.24310546875 
0.7556054687499998 
0.7151757812499999 
0.6770898437499999 
0.94310546875 
1.05150390625 
1.2407617187500002 
1.2513085937500004 
0.9044335937499999 
0.8446679687499998 
1.2612695312500002 
1.28529296875 
0.9179101562499999 
1.22435546875 
0.8780664062499998 
0.8751367187499998 
1.08783203125 
0.8974023437499998 
1.2800195312500002 
1.2466210937500002 
1.07787109375 
0.8862695312499999 
0.9999414062499997 
0.7585351562499998 
1.0474023437500002 
0.9800195312500001 
0.91908203125 
0.8804101562499997 
1.21966796875 
0.7761132812499999 
0.9302148437500001 
1.02806640625 
1.2794335937500003 
1.03861328125 
