17 28 5 
0.7421289062499998 
1.17923828125 
0.7913476562499999 
0.8681054687499998 
1.1417382812499999 
0.94955078125 
0.7579492187499998 
1.0110742187500001 
0.5979882812499999 
0.78080078125 
1.15580078125 
1.2161523437500001 
0.8663476562499999 
0.8552148437499999 
1.20384765625 
0.9026757812499999 
0.8856835937499998 
0.9179101562499999 
0.7251367187499997 
0.9149804687499999 
0.96712890625 
0.8218164062499999 
0.92376953125 
0.93841796875 
0.96302734375 
1.0503320312500002 
1.14583984375 
1.1013085937500002 
1.00345703125 
0.92787109375 
0.5809960937499998 
0.6536523437499998 
0.93841796875 
0.91556640625 
0.98294921875 
0.6888085937499998 
0.6847070312499999 
1.05384765625 
0.96302734375 
0.8054101562499998 
0.9056054687499998 
0.8317773437499999 
0.9050195312499999 
0.7515039062499999 
0.8897851562499998 
0.91849609375 
0.7122460937499998 
0.96068359375 
1.09310546875 
0.9999414062499997 
1.1475976562499999 
1.03509765625 
1.06029296875 
1.02337890625 
1.06205078125 
0.7145898437499999 
0.7766992187499998 
0.8669335937499999 
0.7462304687499998 
0.8352929687499998 
0.8487695312499999 
0.8534570312499998 
0.6624414062499998 
0.7749414062499999 
0.7661523437499999 
1.20033203125 
1.02044921875 
0.8669335937499999 
0.6753320312499999 
0.93490234375 
0.8241601562499998 
0.9858789062499999 
0.96302734375 
0.7509179687499998 
0.93490234375 
0.7860742187499998 
0.6882226562499998 
0.9940820312499998 
0.8364648437499999 
0.6917382812499998 
0.92962890625 
0.9003320312499998 
0.8856835937499998 
0.8833398437499999 
1.06205078125 
0.9952539062499999 
0.9964257812499999 
1.2290429687500002 
0.9852929687499998 
1.2407617187500002 
0.8059960937499998 
0.8095117187499998 
0.97416015625 
0.6015039062499999 
0.93197265625 
0.7983789062499999 
0.8751367187499998 
0.7579492187499998 
0.8300195312499999 
0.7274804687499997 
1.0063867187500002 
1.1177148437500002 
0.46087890624999994 
0.8593164062499998 
0.8827539062499998 
1.2308007812500001 
1.18626953125 
0.8704492187499998 
0.9003320312499998 
0.9501367187499999 
0.7327539062499998 
0.7614648437499999 
0.9554101562499999 
1.2718164062500001 
0.8481835937499999 
0.91205078125 
0.7356835937499998 
0.7989648437499999 
0.8891992187499997 
0.96361328125 
0.7233789062499998 
0.9858789062499999 
0.7772851562499998 
1.04798828125 
0.7573632812499999 
0.8013085937499999 
0.7931054687499999 
0.7380273437499998 
0.94720703125 
0.5452539062499999 
0.7761132812499999 
0.7948632812499999 
1.1499414062499997 
0.8505273437499998 
0.8095117187499998 
0.6653710937499998 
1.2583398437500002 
0.8265039062499999 
0.9559960937499999 
1.11712890625 
1.0749414062499998 
0.7942773437499999 
0.7233789062499998 
0.6448632812499999 
0.93490234375 
0.9097070312499999 
0.7485742187499997 
1.00345703125 
0.8270898437499999 
0.9056054687499998 
0.8663476562499999 
0.7040429687499998 
0.6835351562499998 
0.6641992187499998 
0.9266992187499999 
1.1013085937500002 
1.2782617187500003 
1.2319726562500002 
0.7643945312499999 
0.8247460937499999 
1.06673828125 
0.8405664062499998 
0.9044335937499999 
1.17220703125 
0.7345117187499998 
1.05091796875 
0.97064453125 
0.92787109375 
0.6747460937499998 
0.6829492187499998 
0.9893945312499999 
0.91263671875 
0.8681054687499998 
0.8950585937499999 
0.6208398437499999 
0.8212304687499998 
0.98119140625 
0.6981835937499998 
0.8886132812499998 
0.6284570312499999 
0.5745507812499999 
0.8745507812499999 
1.1018945312500001 
0.8962304687499998 
0.8235742187499998 
0.6495507812499999 
0.8686914062499999 
0.6606835937499999 
0.8300195312499999 
0.8921289062499999 
0.8985742187499998 
0.92025390625 
0.7890039062499999 
0.9390039062500001 
0.95072265625 
0.8024804687499998 
0.9554101562499999 
0.94544921875 
0.9905664062499998 
1.05267578125 
0.7778710937499999 
0.9964257812499999 
0.7474023437499998 
0.7403710937499998 
0.8095117187499998 
0.7684960937499998 
0.7825585937499999 
0.8534570312499998 
0.94837890625 
0.8153710937499998 
0.93373046875 
0.6466210937499999 
0.8745507812499999 
0.93724609375 
1.2788476562500002 
0.9401757812500001 
0.7995507812499999 
1.26478515625 
0.8604882812499999 
0.8194726562499999 
0.5809960937499998 
0.7995507812499999 
0.8968164062499998 
0.9050195312499999 
0.9683007812500001 
0.93255859375 
0.94720703125 
0.6589257812499999 
0.94369140625 
0.91908203125 
0.6858789062499998 
0.8089257812499999 
0.94662109375 
0.9149804687499999 
1.05560546875 
0.92611328125 
0.96537109375 
0.7509179687499998 
0.7743554687499998 
0.94427734375 
0.7368554687499997 
0.9061914062499998 
0.96361328125 
0.5886132812499999 
0.8739648437499998 
0.5282617187499999 
0.7222070312499999 
0.7849023437499999 
0.96654296875 
0.55814453125 
1.31986328125 
0.9073632812499999 
0.9401757812500001 
0.93431640625 
0.6618554687499998 
0.8534570312499998 
0.8552148437499999 
0.7714257812499999 
0.6126367187499998 
0.91556640625 
0.8821679687499998 
0.7280664062499997 
0.7602929687499999 
0.7263085937499998 
0.7163476562499999 
1.01927734375 
0.8083398437499999 
0.9548242187499999 
0.7725976562499999 
1.01517578125 
0.8921289062499999 
0.8153710937499998 
0.91673828125 
0.8745507812499999 
0.7515039062499999 
0.96947265625 
0.8388085937499998 
0.6501367187499998 
0.8610742187499998 
0.7380273437499998 
0.8663476562499999 
1.06966796875 
0.9149804687499999 
0.9970117187499998 
0.5505273437499999 
0.7667382812499999 
0.7386132812499998 
1.12884765625 
0.5493554687499999 
0.6184960937499998 
0.6454492187499998 
0.8335351562499999 
1.12416015625 
1.14583984375 
0.6272851562499998 
1.04095703125 
0.7485742187499997 
0.7597070312499998 
0.8669335937499999 
1.14583984375 
