0.11437500000007293 
0.13062500000007296 
0.09937500000007292 
0.20187500000007302 
0.161875000000073 
0.181875000000073 
0.14312500000007297 
0.180625000000073 
0.178125000000073 
0.12562500000007296 
0.14187500000007297 
0.10062500000007292 
0.12937500000007296 
0.20312500000007302 
0.11562500000007293 
0.20687500000007303 
0.11187500000007293 
0.166875000000073 
0.11187500000007293 
0.11062500000007293 
0.14937500000007298 
0.13187500000007296 
0.12937500000007296 
0.10437500000007292 
0.08812500000007295 
0.169375000000073 
0.15062500000007298 
0.15187500000007298 
0.13187500000007296 
0.15187500000007298 
0.11312500000007293 
0.14187500000007297 
0.174375000000073 
0.13187500000007296 
0.13562500000007296 
0.12812500000007296 
0.161875000000073 
0.14812500000007298 
0.12312500000007294 
0.10687500000007293 
0.14562500000007297 
0.14187500000007297 
0.12187500000007294 
0.14312500000007297 
0.11062500000007293 
0.161875000000073 
0.10312500000007292 
0.11312500000007293 
0.13312500000007296 
0.12937500000007296 
0.20437500000007303 
0.14187500000007297 
0.13937500000007297 
0.14062500000007297 
0.13812500000007297 
0.11937500000007294 
0.11687500000007293 
0.15562500000007298 
0.168125000000073 
0.10687500000007293 
0.10312500000007292 
0.10187500000007293 
0.09187500000007291 
0.10937500000007293 
0.14937500000007298 
0.13062500000007296 
0.11437500000007293 
0.21187500000007303 
0.15062500000007298 
0.184375000000073 
0.13187500000007296 
0.14937500000007298 
0.14187500000007297 
0.11312500000007293 
0.11062500000007293 
0.13562500000007296 
0.13312500000007296 
0.175625000000073 
0.12937500000007296 
0.21312500000007303 
0.12187500000007294 
0.20437500000007303 
0.14187500000007297 
0.15062500000007298 
0.12437500000007294 
0.12187500000007294 
0.13312500000007296 
0.13187500000007296 
0.12187500000007294 
0.12812500000007296 
0.11562500000007293 
0.12562500000007296 
0.12562500000007296 
0.13562500000007296 
0.13687500000007297 
0.13437500000007296 
0.178125000000073 
0.11687500000007293 
0.14687500000007297 
0.11062500000007293 
0.12437500000007294 
0.11562500000007293 
0.11062500000007293 
0.11187500000007293 
0.20437500000007303 
0.12937500000007296 
0.10312500000007292 
0.12062500000007294 
0.189375000000073 
0.14187500000007297 
0.176875000000073 
0.13062500000007296 
0.14187500000007297 
0.13937500000007297 
0.163125000000073 
0.22687500000007305 
0.12312500000007294 
0.12437500000007294 
0.14437500000007297 
0.15437500000007298 
0.166875000000073 
0.15437500000007298 
0.19187500000007301 
0.12812500000007296 
0.20187500000007302 
0.11937500000007294 
0.11187500000007293 
0.13437500000007296 
0.15937500000007299 
0.10687500000007293 
0.12812500000007296 
0.181875000000073 
0.164375000000073 
0.12312500000007294 
0.11312500000007293 
0.11437500000007293 
0.11937500000007294 
0.10312500000007292 
0.13062500000007296 
0.165625000000073 
0.12687500000007296 
0.12062500000007294 
0.14312500000007297 
0.11187500000007293 
0.165625000000073 
0.15187500000007298 
0.13187500000007296 
0.13937500000007297 
0.14562500000007297 
0.28812500000007396 
0.11437500000007293 
0.163125000000073 
0.14187500000007297 
0.166875000000073 
0.20437500000007303 
0.11312500000007293 
0.11812500000007294 
0.175625000000073 
0.15312500000007298 
0.12437500000007294 
0.13312500000007296 
0.13437500000007296 
0.166875000000073 
0.13312500000007296 
0.13187500000007296 
0.164375000000073 
0.12937500000007296 
0.09562500000007293 
0.13062500000007296 
0.14687500000007297 
0.12812500000007296 
0.21062500000007303 
0.13562500000007296 
0.14187500000007297 
0.15062500000007298 
0.11687500000007293 
0.165625000000073 
0.13562500000007296 
0.15687500000007298 
0.13437500000007296 
0.09437500000007291 
0.181875000000073 
0.19687500000007302 
0.12062500000007294 
0.19562500000007302 
0.15937500000007299 
0.12562500000007296 
0.15312500000007298 
0.171875000000073 
0.11312500000007293 
0.180625000000073 
0.11812500000007294 
0.19812500000007302 
0.22562500000007327 
0.10187500000007293 
0.13062500000007296 
0.13062500000007296 
0.10562500000007292 
0.13187500000007296 
0.14312500000007297 
0.11937500000007294 
0.13187500000007296 
0.13312500000007296 
0.165625000000073 
0.13312500000007296 
0.31562500000007404 
0.14062500000007297 
0.189375000000073 
0.21937500000007304 
0.13437500000007296 
0.14187500000007297 
0.13687500000007297 
0.10812500000007293 
0.15687500000007298 
0.10562500000007292 
0.12562500000007296 
0.14187500000007297 
0.11062500000007293 
0.13312500000007296 
0.11312500000007293 
0.14187500000007297 
0.178125000000073 
0.11937500000007294 
0.14312500000007297 
0.13437500000007296 
0.24812500000007373 
0.15062500000007298 
0.11062500000007293 
0.173125000000073 
0.12187500000007294 
0.13187500000007296 
0.14687500000007297 
0.15562500000007298 
0.15187500000007298 
0.15812500000007298 
0.166875000000073 
0.11062500000007293 
0.25437500000007385 
0.14937500000007298 
0.15812500000007298 
0.11187500000007293 
0.14312500000007297 
0.11062500000007293 
0.14812500000007298 
0.13687500000007297 
0.13187500000007296 
0.174375000000073 
0.10437500000007292 
0.14187500000007297 
0.14937500000007298 
0.14687500000007297 
0.14062500000007297 
0.164375000000073 
0.10187500000007292 
0.15937500000007299 
0.10562500000007294 
0.15312500000007298 
0.10562500000007292 
0.14062500000007297 
0.09937500000007292 
0.13562500000007296 
0.11937500000007294 
0.12187500000007294 
0.164375000000073 
0.2456250000000735 
0.20812500000007303 
0.14812500000007298 
0.11937500000007294 
0.11187500000007293 
0.15562500000007298 
0.15562500000007298 
0.11687500000007293 
0.12312500000007294 
0.13312500000007296 
0.12937500000007296 
0.13562500000007296 
0.19937500000007302 
0.10937500000007293 
0.173125000000073 
0.2206250000000731 
0.11437500000007293 
0.174375000000073 
0.10062500000007292 
0.12437500000007294 
0.08812500000007292 
0.13187500000007296 
0.11562500000007293 
0.12562500000007296 
0.166875000000073 
0.14437500000007297 
0.12312500000007294 
0.10687500000007293 
0.13062500000007296 
0.11812500000007294 
0.10937500000007293 
0.12437500000007294 
0.09437500000007293 
0.179375000000073 
0.13312500000007296 
0.19687500000007302 
