0.2546875000000731 
0.2393750000000734 
0.171875000000073 
0.169375000000073 
0.13187500000007296 
0.13687500000007297 
0.23812500000007322 
0.170625000000073 
0.171875000000073 
0.27062500000007333 
0.170625000000073 
0.171875000000073 
0.168437500000073 
0.166875000000073 
0.21187500000007303 
0.163125000000073 
0.27312500000007356 
0.14437500000007297 
0.22687500000007305 
0.20687500000007303 
0.12687500000007296 
0.188125000000073 
0.15562500000007298 
0.25312500000007315 
0.168125000000073 
0.13312500000007296 
0.14187500000007297 
0.23437500000007327 
0.13062500000007296 
0.168125000000073 
0.2518750000000731 
0.163125000000073 
0.15562500000007298 
0.13187500000007296 
0.14562500000007297 
0.183125000000073 
0.12937500000007296 
0.14937500000007298 
0.13062500000007296 
0.168125000000073 
0.2518750000000731 
0.20312500000007302 
0.190625000000073 
0.20687500000007303 
0.180625000000073 
0.14312500000007297 
0.15562500000007298 
0.22187500000007304 
0.2931250000000738 
0.2718750000000732 
0.163125000000073 
0.169375000000073 
0.14062500000007297 
0.174375000000073 
0.13687500000007297 
0.176875000000073 
0.14187500000007297 
0.169375000000073 
0.21062500000007303 
0.12062500000007294 
0.2543750000000731 
0.170625000000073 
0.12687500000007296 
0.180625000000073 
0.178125000000073 
0.170625000000073 
0.169687500000073 
0.181875000000073 
0.21687500000007304 
0.189375000000073 
0.25187500000007307 
0.20812500000007303 
0.12687500000007296 
0.169375000000073 
0.173437500000073 
0.179375000000073 
0.15812500000007298 
0.181875000000073 
0.168437500000073 
0.14937500000007298 
0.14187500000007297 
0.168437500000073 
0.169375000000073 
0.2531250000000731 
0.13937500000007297 
0.168125000000073 
0.2356250000000731 
0.20562500000007303 
0.13718750000007296 
0.12187500000007294 
0.178125000000073 
0.14437500000007297 
0.176875000000073 
0.170625000000073 
0.2518750000000738 
0.3068750000000739 
0.171875000000073 
0.171875000000073 
0.13062500000007296 
0.168125000000073 
0.174375000000073 
0.164375000000073 
0.2831250000000737 
0.171875000000073 
0.178125000000073 
0.14687500000007297 
0.168125000000073 
0.20718750000007302 
0.178125000000073 
0.168125000000073 
0.174375000000073 
0.21062500000007303 
0.15562500000007298 
0.168125000000073 
0.178125000000073 
0.176875000000073 
0.181875000000073 
0.170625000000073 
0.25187500000007307 
0.174375000000073 
0.169375000000073 
0.14312500000007297 
0.14437500000007297 
0.13687500000007297 
0.20437500000007303 
0.26312500000007366 
0.190625000000073 
0.168125000000073 
0.13812500000007297 
0.13562500000007296 
0.13062500000007296 
0.19562500000007302 
0.19437500000007302 
0.15312500000007298 
0.13187500000007296 
0.13437500000007296 
0.180625000000073 
0.2531250000000737 
0.19187500000007301 
0.25187500000007307 
0.179375000000073 
0.13687500000007297 
0.20562500000007303 
0.20562500000007303 
0.15687500000007298 
0.12812500000007296 
0.19812500000007302 
0.163125000000073 
0.189375000000073 
0.170625000000073 
0.174375000000073 
0.174375000000073 
0.20937500000007303 
0.169375000000073 
0.183125000000073 
0.25187500000007307 
0.22312500000007304 
0.14687500000007297 
0.175625000000073 
0.171875000000073 
0.2556250000000731 
0.163125000000073 
0.12968750000007295 
0.19562500000007302 
0.180625000000073 
0.169375000000073 
0.160625000000073 
0.13562500000007296 
0.2543750000000731 
0.188125000000073 
0.169375000000073 
0.14687500000007297 
0.13812500000007297 
0.21187500000007303 
0.12937500000007296 
0.14812500000007298 
0.14312500000007297 
0.189375000000073 
0.184687500000073 
0.14062500000007297 
0.21687500000007304 
0.24437500000007362 
0.12687500000007296 
0.14687500000007297 
0.175937500000073 
0.168125000000073 
0.183125000000073 
0.160625000000073 
0.179375000000073 
0.14437500000007297 
0.25187500000007307 
0.3231250000000742 
0.13562500000007296 
0.175625000000073 
0.13437500000007296 
0.183125000000073 
0.13562500000007296 
0.12937500000007296 
0.169375000000073 
0.13312500000007296 
0.179375000000073 
0.21437500000007303 
0.168437500000073 
0.14687500000007297 
0.2531250000000731 
0.19187500000007301 
0.180625000000073 
0.171875000000073 
0.168125000000073 
0.2531250000000731 
0.173125000000073 
0.188125000000073 
0.14437500000007297 
0.15437500000007298 
0.20062500000007302 
0.25437500000007307 
0.14437500000007297 
0.171875000000073 
0.170625000000073 
0.169375000000073 
0.2681250000000731 
0.14437500000007297 
0.171875000000073 
0.20437500000007303 
0.14312500000007297 
0.15687500000007298 
0.169375000000073 
0.14437500000007297 
0.3056250000000732 
0.168437500000073 
0.168125000000073 
0.12937500000007296 
0.168125000000073 
0.184375000000073 
0.13187500000007296 
0.170937500000073 
0.20812500000007303 
0.183125000000073 
0.19312500000007302 
0.15062500000007298 
0.13562500000007296 
0.21062500000007303 
0.27062500000007317 
0.176875000000073 
0.168125000000073 
0.2556250000000731 
0.179375000000073 
0.14187500000007297 
0.14687500000007297 
0.25187500000007307 
0.170625000000073 
0.21687500000007304 
0.24187500000007306 
0.15562500000007298 
0.25187500000007307 
0.168125000000073 
0.14187500000007297 
0.174375000000073 
0.19437500000007302 
0.176875000000073 
0.14062500000007297 
0.25937500000007324 
0.174375000000073 
0.14062500000007297 
0.165625000000073 
0.22937500000007305 
0.173125000000073 
0.170625000000073 
0.168125000000073 
0.14812500000007298 
0.21687500000007304 
0.185625000000073 
0.11062500000007293 
0.12937500000007296 
0.171875000000073 
0.169375000000073 
0.170625000000073 
0.15437500000007298 
0.25187500000007307 
0.13562500000007296 
0.170625000000073 
0.174375000000073 
0.166875000000073 
0.25187500000007307 
0.168437500000073 
0.14562500000007297 
0.168437500000073 
0.25187500000007307 
0.12937500000007296 
0.171875000000073 
0.14687500000007297 
0.25437500000007346 
0.165625000000073 
0.160625000000073 
0.12687500000007296 
0.19312500000007302 
0.173125000000073 
0.24062500000007306 
0.184375000000073 
0.178125000000073 
