0.2643750000000731 
0.2806250000000731 
0.2581250000000731 
0.23187500000007305 
0.2556250000000731 
0.25437500000007307 
0.24937500000007323 
0.33468750000007313 
0.28687500000007327 
0.2534375000000731 
0.29812500000007314 
0.25218750000007306 
0.2506250000000731 
0.21562500000007304 
0.33468750000007313 
0.29812500000007325 
0.25437500000007307 
0.34968750000007315 
0.22312500000007304 
0.33468750000007313 
0.41312500000007324 
0.25437500000007307 
0.33484375000007316 
0.33437500000007314 
0.25437500000007307 
0.25359375000007306 
0.33843750000007317 
0.2531250000000731 
0.20687500000007303 
0.2706250000000731 
0.2893750000000734 
0.34718750000007315 
0.20812500000007303 
0.2668750000000731 
0.25437500000007324 
0.2368750000000731 
0.28312500000007335 
0.30312500000007336 
0.20812500000007303 
0.25109375000007306 
0.25234375000007303 
0.178125000000073 
0.33687500000007314 
0.2618750000000731 
0.2509375000000731 
0.21562500000007304 
0.2659375000000731 
0.2606250000000731 
0.22687500000007305 
0.2509375000000731 
0.25437500000007307 
0.33468750000007313 
0.20687500000007303 
0.2509375000000731 
0.33593750000007316 
0.25109375000007306 
0.2568750000000731 
0.33937500000007315 
0.2581250000000731 
0.20312500000007302 
0.21437500000007303 
0.26437500000007313 
0.176875000000073 
0.25937500000007313 
0.2631250000000731 
0.2534375000000731 
0.25937500000007313 
0.2681250000000731 
0.2556250000000731 
0.20468750000007302 
0.34437500000007315 
0.25437500000007307 
0.3431250000000732 
0.33437500000007314 
0.20937500000007303 
0.23812500000007306 
0.180625000000073 
0.2943750000000731 
0.2631250000000731 
0.3609375000000732 
0.2731250000000731 
0.33437500000007314 
0.25109375000007306 
0.22562500000007304 
0.2531250000000731 
0.2593750000000731 
0.2531250000000731 
0.27937500000007315 
0.2606250000000731 
0.25937500000007313 
0.20093750000007302 
0.38437500000007324 
0.33437500000007314 
0.2556250000000731 
0.25468750000007306 
0.33437500000007314 
0.23187500000007305 
0.33687500000007314 
0.35187500000007316 
0.29312500000007313 
0.2568750000000731 
0.25234375000007303 
0.25109375000007306 
0.20437500000007303 
0.33843750000007317 
0.20312500000007302 
0.33468750000007313 
0.23312500000007305 
0.33562500000007317 
0.19812500000007302 
0.2518750000000732 
0.33437500000007314 
0.25609375000007306 
0.2546875000000731 
0.33437500000007314 
0.2606250000000731 
0.2506250000000731 
0.20437500000007303 
0.31687500000007346 
0.33468750000007313 
0.2534375000000731 
0.20468750000007302 
0.33609375000007313 
0.20687500000007303 
0.25187500000007307 
0.25187500000007307 
0.34312500000007323 
0.25187500000007307 
0.33609375000007313 
0.2568750000000731 
0.33562500000007317 
0.28437500000007315 
0.178125000000073 
0.2631250000000731 
0.2568750000000731 
0.2581250000000731 
0.2556250000000731 
0.33437500000007314 
0.33937500000007315 
0.25437500000007307 
0.2609375000000731 
0.25937500000007313 
0.3018750000000732 
0.27437500000007337 
0.33718750000007314 
0.5018750000000733 
0.2531250000000731 
0.26468750000007313 
0.3381250000000732 
0.26187500000007313 
0.21812500000007304 
0.2609375000000731 
0.20093750000007302 
0.2806250000000731 
0.2556250000000731 
0.25187500000007307 
0.2534375000000731 
0.2523437500000731 
0.22187500000007304 
0.33687500000007314 
0.2581250000000731 
0.33484375000007316 
0.2659375000000731 
0.3068750000000732 
0.2509375000000731 
0.2531250000000731 
0.2881250000000732 
0.20937500000007303 
0.33687500000007314 
0.22062500000007304 
0.21312500000007303 
0.5006250000000734 
0.33437500000007314 
0.20187500000007302 
0.20687500000007303 
0.2631250000000731 
0.33562500000007317 
0.2868750000000731 
0.2634375000000731 
0.33687500000007314 
0.3168750000000732 
0.26687500000007314 
0.2606250000000733 
0.2593750000000731 
0.33468750000007313 
0.3406250000000732 
0.22687500000007305 
0.2706250000000731 
0.3506250000000732 
0.25187500000007307 
0.25562500000007315 
0.23687500000007305 
0.30687500000007323 
0.2656250000000731 
0.25312500000007315 
0.25437500000007307 
0.23687500000007305 
0.25468750000007306 
0.25687500000007313 
0.2568750000000731 
0.2918750000000734 
0.2521875000000731 
0.21437500000007303 
0.3459375000000732 
0.3481250000000732 
0.22812500000007305 
0.27187500000007336 
0.2631250000000731 
0.2931250000000732 
0.25109375000007306 
0.21812500000007304 
0.5023437500000734 
0.27312500000007317 
0.2531250000000731 
0.2534375000000731 
0.3931250000000737 
0.189375000000073 
0.5006250000000734 
0.2531250000000731 
0.2631250000000733 
0.25437500000007307 
0.20187500000007302 
0.27437500000007314 
0.3381250000000732 
0.29312500000007313 
0.3018750000000734 
0.20687500000007303 
0.33687500000007314 
0.2906250000000732 
0.33687500000007314 
0.33562500000007317 
0.25718750000007307 
0.25937500000007313 
0.33468750000007313 
0.33937500000007315 
0.3581250000000732 
0.2593750000000731 
0.2743750000000731 
0.26562500000007316 
0.175625000000073 
0.2706250000000731 
0.2556250000000731 
0.22812500000007305 
0.24812500000007362 
0.170625000000073 
0.34187500000007315 
0.20687500000007303 
0.33984375000007316 
0.2884375000000731 
0.33593750000007316 
0.34687500000007376 
0.2693750000000731 
0.33687500000007314 
0.25468750000007306 
0.5018750000000733 
0.25187500000007307 
0.34687500000007315 
0.25234375000007303 
0.30187500000007317 
0.25312500000007315 
0.5006250000000734 
0.33484375000007316 
0.2806250000000731 
0.2581250000000731 
0.25484375000007303 
0.33937500000007315 
0.3456250000000732 
0.23562500000007305 
0.33562500000007317 
0.25218750000007306 
0.2531250000000731 
0.3509375000000732 
0.2656250000000733 
0.3381250000000732 
0.28937500000007316 
0.33937500000007315 
0.2593750000000731 
0.2556250000000731 
0.26187500000007313 
0.2618750000000731 
0.2631250000000731 
0.3381250000000732 
0.33437500000007314 
0.180625000000073 
0.4443750000000743 
0.2509375000000731 
0.2668750000000736 
0.2531250000000732 
0.30312500000007314 
0.2756250000000732 
0.33687500000007314 
0.2621875000000731 
0.201093750000073 
0.34187500000007315 
0.2509375000000731 
0.2968750000000732 
0.25234375000007303 
0.26937500000007314 
0.2756250000000731 
0.5243750000000733 
