0.33687500000007314 
0.2631250000000732 
0.2609375000000731 
0.24187500000007306 
0.27187500000007314 
0.33437500000007314 
0.2581250000000731 
0.3493750000000732 
0.2534375000000731 
0.2531250000000731 
0.20812500000007303 
0.3431250000000732 
0.20937500000007303 
0.34218750000007314 
0.33687500000007314 
0.169375000000073 
0.33468750000007313 
0.24687500000007323 
0.23312500000007305 
0.33468750000007313 
0.171875000000073 
0.25187500000007307 
0.20562500000007303 
0.3406250000000732 
0.21562500000007304 
0.25109375000007306 
0.34312500000007323 
0.3406250000000732 
0.21187500000007303 
0.20812500000007303 
0.2559375000000731 
0.2706250000000731 
0.23812500000007306 
0.2706250000000731 
0.20093750000007302 
0.2584375000000731 
0.5031250000000733 
0.3381250000000732 
0.3418750000000737 
0.33468750000007313 
0.25187500000007307 
0.14937500000007298 
0.25187500000007307 
0.2509375000000731 
0.2956250000000733 
0.26937500000007314 
0.3381250000000732 
0.3368750000000732 
0.2593750000000731 
0.24687500000007306 
0.2631250000000731 
0.25437500000007307 
0.33562500000007317 
0.21187500000007303 
0.2634375000000731 
0.2568750000000731 
0.3646875000000732 
0.21562500000007304 
0.22062500000007304 
0.33937500000007315 
0.33562500000007317 
0.2806250000000731 
0.2606250000000731 
0.3706250000000732 
0.3206250000000732 
0.29312500000007313 
0.2618750000000731 
0.2618750000000731 
0.40812500000007335 
0.2618750000000731 
0.33937500000007315 
0.2573437500000731 
0.28687500000007315 
0.2556250000000731 
0.2656250000000731 
0.25812500000007316 
0.23062500000007305 
0.2556250000000731 
0.2593750000000731 
0.2531250000000731 
0.24187500000007306 
0.170625000000073 
0.3381250000000732 
0.2618750000000731 
0.2531250000000731 
0.2831250000000731 
0.27687500000007315 
0.22937500000007305 
0.2581250000000731 
0.2543750000000732 
0.20437500000007303 
0.21062500000007303 
0.33687500000007314 
0.20343750000007302 
0.33437500000007314 
0.28187500000007315 
0.2568750000000731 
0.2581250000000731 
0.33718750000007314 
0.20687500000007303 
0.29812500000007336 
0.26937500000007314 
0.33718750000007314 
0.25187500000007307 
0.2659375000000731 
0.22937500000007305 
0.25062500000007315 
0.2584375000000731 
0.25687500000007313 
0.2568750000000731 
0.171875000000073 
0.2681250000000731 
0.29312500000007313 
0.2693750000000731 
0.2506250000000731 
0.2531250000000731 
0.33687500000007314 
0.3406250000000732 
0.20812500000007303 
0.2568750000000731 
0.2556250000000731 
0.2531250000000731 
0.33687500000007314 
0.2556250000000731 
0.20843750000007302 
0.2543750000000731 
0.33437500000007314 
0.23312500000007305 
0.2521875000000731 
0.25187500000007307 
0.25312500000007326 
0.2621875000000731 
0.33468750000007313 
0.2596875000000731 
0.309375000000074 
0.25109375000007306 
0.29312500000007347 
0.33718750000007314 
0.2606250000000731 
0.25718750000007307 
0.33593750000007316 
0.25437500000007307 
0.20812500000007303 
0.2818750000000731 
0.33468750000007313 
0.2656250000000731 
0.19562500000007302 
0.185625000000073 
0.2606250000000731 
0.2781250000000733 
0.26687500000007336 
0.2706250000000731 
0.3531250000000734 
0.29187500000007327 
0.2509375000000731 
0.34687500000007315 
0.3556250000000732 
0.2606250000000732 
0.33937500000007315 
0.26437500000007336 
0.28437500000007315 
0.2681250000000731 
0.22562500000007304 
0.22812500000007305 
0.25187500000007307 
0.2606250000000731 
0.33437500000007314 
0.5006250000000734 
0.33593750000007316 
0.2656250000000731 
0.3118750000000732 
0.2534375000000731 
0.34687500000007315 
0.20093750000007302 
0.27937500000007315 
0.20093750000007302 
0.33437500000007314 
0.2521875000000731 
0.26062500000007316 
0.2534375000000731 
0.19687500000007302 
0.25062500000007315 
0.3031250000000732 
0.2556250000000731 
0.35937500000007316 
0.25187500000007307 
0.27187500000007325 
0.21062500000007303 
0.2556250000000731 
0.26187500000007313 
0.2621875000000731 
0.25187500000007307 
0.2631250000000731 
0.28812500000007313 
0.33593750000007316 
0.33562500000007317 
0.35187500000007316 
0.5018750000000733 
0.25968750000007307 
0.2556250000000731 
0.25187500000007307 
0.2606250000000731 
0.33437500000007314 
0.2534375000000731 
0.33593750000007316 
0.33937500000007315 
0.3806250000000732 
0.22812500000007305 
0.2843750000000732 
0.20843750000007302 
0.33937500000007315 
0.33937500000007315 
0.2718750000000731 
0.25437500000007307 
0.2531250000000731 
0.183125000000073 
0.3381250000000732 
0.2634375000000731 
0.33843750000007317 
0.2593750000000731 
0.20312500000007302 
0.35687500000007316 
0.25437500000007307 
0.25187500000007307 
0.3348437500000731 
0.20562500000007303 
0.2593750000000731 
0.2531250000000731 
0.2546875000000731 
0.2718750000000731 
0.23187500000007305 
0.2631250000000731 
0.21812500000007304 
0.25468750000007306 
0.33968750000007314 
0.25437500000007307 
0.27187500000007314 
0.2618750000000732 
0.2606250000000731 
0.25187500000007307 
0.2618750000000731 
0.2581250000000731 
0.2531250000000731 
0.33562500000007317 
0.22562500000007304 
0.26812500000007317 
0.2581250000000731 
0.20812500000007303 
0.33734375000007316 
0.24187500000007306 
0.26187500000007313 
0.33562500000007317 
0.20187500000007302 
0.33687500000007314 
0.25468750000007306 
0.2531250000000731 
0.2506250000000731 
0.2609375000000731 
0.33468750000007313 
0.3481250000000732 
0.2668750000000736 
0.2743750000000731 
0.5018750000000733 
0.25468750000007306 
0.2706250000000731 
0.27437500000007325 
0.33562500000007317 
0.28812500000007363 
0.25234375000007303 
0.2743750000000731 
0.25218750000007306 
0.26187500000007313 
0.3243750000000738 
0.33437500000007314 
0.26687500000007386 
0.33437500000007314 
0.2656250000000731 
0.2993750000000732 
0.24312500000007306 
0.34687500000007315 
0.2831250000000733 
0.25109375000007306 
0.26437500000007336 
0.20562500000007303 
0.25562500000007315 
0.33562500000007317 
0.22562500000007304 
0.5018750000000733 
0.175625000000073 
0.25437500000007307 
0.20187500000007302 
0.178125000000073 
0.3581250000000732 
0.27687500000007315 
0.2581250000000731 
0.25343750000007315 
0.20484375000007302 
0.34468750000007314 
0.25109375000007306 
0.21437500000007303 
