0.20937500000007303 
0.2531250000000731 
0.2656250000000731 
0.33843750000007317 
0.2593750000000731 
0.2568750000000731 
0.188125000000073 
0.27062500000007317 
0.27187500000007325 
0.2656250000000731 
0.21187500000007303 
0.25437500000007307 
0.2531250000000731 
0.33437500000007314 
0.25437500000007307 
0.2631250000000734 
0.25359375000007306 
0.33484375000007316 
0.33484375000007316 
0.21312500000007303 
0.33437500000007314 
0.26437500000007313 
0.33562500000007317 
0.2531250000000732 
0.20968750000007302 
0.25687500000007313 
0.170937500000073 
0.171875000000073 
0.2531250000000734 
0.2956250000000732 
0.2548437500000731 
0.33562500000007317 
0.5009375000000733 
0.25437500000007307 
0.21562500000007304 
0.25187500000007307 
0.2556250000000731 
0.2556250000000731 
0.33437500000007325 
0.26187500000007313 
0.180625000000073 
0.2531250000000731 
0.2509375000000731 
0.33687500000007314 
0.33437500000007314 
0.33843750000007317 
0.3431250000000732 
0.20687500000007303 
0.33593750000007316 
0.33968750000007314 
0.2531250000000731 
0.26187500000007313 
0.20937500000007303 
0.2943750000000731 
0.5021875000000733 
0.33437500000007314 
0.2693750000000732 
0.2631250000000731 
0.3381250000000732 
0.2568750000000731 
0.33437500000007314 
0.14718750000007297 
0.20937500000007303 
0.2581250000000731 
0.2556250000000731 
0.25468750000007306 
0.2556250000000731 
0.186875000000073 
0.2509375000000731 
0.20687500000007303 
0.3406250000000732 
0.181875000000073 
0.201093750000073 
0.3031250000000733 
0.21187500000007303 
0.2548437500000731 
0.26812500000007317 
0.2546875000000731 
0.2581250000000731 
0.2693750000000733 
0.2556250000000731 
0.29562500000007313 
0.2531250000000731 
0.3193750000000732 
0.5006250000000734 
0.21687500000007304 
0.2543750000000733 
0.2518750000000732 
0.2556250000000731 
0.2531250000000731 
0.26687500000007336 
0.26062500000007316 
0.5006250000000734 
0.26937500000007314 
0.2656250000000731 
0.33562500000007317 
0.2559375000000731 
0.33937500000007315 
0.25437500000007307 
0.2509375000000731 
0.2568750000000732 
0.25437500000007307 
0.29187500000007316 
0.26687500000007314 
0.2581250000000731 
0.2646875000000731 
0.2531250000000731 
0.20437500000007303 
0.2581250000000731 
0.2531250000000731 
0.25718750000007307 
0.25187500000007307 
0.25359375000007306 
0.20687500000007303 
0.20312500000007302 
0.3531250000000732 
0.2556250000000731 
0.33437500000007314 
0.25109375000007306 
0.20562500000007303 
0.33468750000007313 
0.21343750000007303 
0.20437500000007303 
0.25437500000007307 
0.2768750000000733 
0.459375000000075 
0.15812500000007298 
0.2506250000000731 
0.25187500000007307 
0.3018750000000731 
0.33468750000007313 
0.33593750000007316 
0.26687500000007314 
0.26687500000007314 
0.2531250000000731 
0.22312500000007304 
0.2706250000000731 
0.25437500000007307 
0.2506250000000731 
0.2831250000000732 
0.33437500000007314 
0.2543750000000733 
0.33593750000007316 
0.20062500000007302 
0.20359375000007301 
0.23187500000007305 
0.20937500000007303 
0.33593750000007316 
0.2756250000000732 
0.25187500000007307 
0.25437500000007307 
0.20812500000007303 
0.33437500000007314 
0.2931250000000732 
0.2656250000000731 
0.2656250000000731 
0.2593750000000731 
0.2581250000000731 
0.20187500000007302 
0.27312500000007317 
0.28687500000007315 
0.33468750000007313 
0.20312500000007302 
0.35687500000007316 
0.22062500000007304 
0.33562500000007317 
0.2593750000000731 
0.20968750000007302 
0.2581250000000731 
0.175625000000073 
0.2546875000000731 
0.20687500000007303 
0.25218750000007306 
0.21437500000007303 
0.33437500000007314 
0.25218750000007306 
0.2631250000000731 
0.21562500000007304 
0.33468750000007313 
0.2656250000000731 
0.25718750000007307 
0.2606250000000731 
0.25187500000007307 
0.30812500000007315 
0.2546875000000731 
0.2593750000000731 
0.2606250000000731 
0.25187500000007307 
0.20562500000007303 
0.2581250000000731 
0.25437500000007307 
0.2593750000000731 
0.4531250000000733 
0.25109375000007306 
0.25437500000007324 
0.33437500000007314 
0.26687500000007314 
0.25437500000007307 
0.33968750000007314 
0.23187500000007305 
0.2643750000000731 
0.173125000000073 
0.2581250000000731 
0.2559375000000731 
0.33437500000007314 
0.32562500000007316 
0.3431250000000732 
0.21312500000007303 
0.5009375000000733 
0.34187500000007315 
0.2631250000000731 
0.2631250000000731 
0.20468750000007302 
0.2806250000000731 
0.20593750000007302 
0.2956250000000733 
0.26437500000007313 
0.2531250000000731 
0.2531250000000731 
0.2568750000000731 
0.20312500000007302 
0.23562500000007305 
0.34093750000007317 
0.2521875000000731 
0.2593750000000734 
0.2556250000000731 
0.33937500000007315 
0.3406250000000732 
0.27187500000007314 
0.2531250000000731 
0.25109375000007306 
0.2631250000000731 
0.21187500000007303 
0.26687500000007314 
0.3431250000000732 
0.20937500000007303 
0.2531250000000731 
0.25218750000007306 
0.2581250000000731 
0.27312500000007317 
0.2706250000000733 
0.3406250000000732 
0.25218750000007306 
0.20687500000007303 
0.2596875000000731 
0.25718750000007307 
0.21437500000007303 
0.25609375000007306 
0.25968750000007307 
0.3471875000000732 
0.3406250000000732 
0.27562500000007323 
0.178125000000073 
0.25437500000007307 
0.2618750000000731 
0.25109375000007306 
0.2568750000000731 
0.21937500000007304 
0.3656250000000732 
0.29062500000007313 
0.2581250000000731 
0.2556250000000731 
0.2656250000000731 
0.20562500000007303 
0.26437500000007313 
0.5009375000000733 
0.25437500000007307 
0.2556250000000731 
0.2581250000000731 
0.2856250000000731 
0.33937500000007315 
0.21437500000007303 
0.25187500000007307 
0.25359375000007306 
0.21062500000007303 
0.2781250000000732 
0.33937500000007315 
0.2606250000000733 
0.23562500000007305 
0.2581250000000731 
0.41562500000007324 
0.33437500000007314 
0.33593750000007316 
0.2693750000000735 
0.20187500000007302 
0.2668750000000732 
0.33437500000007314 
0.20718750000007302 
0.36187500000007317 
0.21437500000007303 
0.35187500000007316 
0.2559375000000731 
0.34343750000007317 
0.179375000000073 
0.25187500000007307 
0.25687500000007324 
0.3381250000000732 
0.3381250000000732 
0.34234375000007317 
0.23187500000007305 
