0.21562500000007304 
0.2568750000000731 
0.3818750000000732 
0.186875000000073 
0.2568750000000732 
0.25437500000007307 
0.26468750000007313 
0.3381250000000732 
0.2593750000000731 
0.2759375000000731 
0.2568750000000731 
0.29687500000007316 
0.30312500000007314 
0.23312500000007305 
0.3656250000000732 
0.3381250000000732 
0.22312500000007304 
0.25234375000007303 
0.22812500000007305 
0.25109375000007306 
0.20812500000007303 
0.27687500000007315 
0.3431250000000732 
0.26687500000007314 
0.2743750000000731 
0.3406250000000732 
0.26562500000007344 
0.21187500000007303 
0.33437500000007314 
0.35187500000007316 
0.2656250000000731 
0.2618750000000731 
0.3381250000000732 
0.22937500000007305 
0.20843750000007302 
0.2793750000000736 
0.2548437500000731 
0.2593750000000731 
0.2556250000000731 
0.2706250000000731 
0.2556250000000731 
0.20937500000007303 
0.29187500000007377 
0.3346875000000732 
0.2681250000000731 
0.2581250000000731 
0.2531250000000731 
0.33718750000007314 
0.27437500000007314 
0.2806250000000731 
0.2593750000000731 
0.184375000000073 
0.25562500000007315 
0.25437500000007307 
0.33593750000007316 
0.2981250000000732 
0.2718750000000731 
0.33437500000007314 
0.2568750000000731 
0.2556250000000731 
0.33562500000007317 
0.2656250000000731 
0.2509375000000731 
0.2506250000000731 
0.3243750000000732 
0.2656250000000734 
0.23062500000007305 
0.22062500000007304 
0.2531250000000731 
0.2656250000000731 
0.24437500000007306 
0.26437500000007313 
0.26187500000007313 
0.33687500000007314 
0.2609375000000731 
0.3431250000000732 
0.3348437500000731 
0.2548437500000731 
0.3459375000000732 
0.20437500000007303 
0.25437500000007307 
0.21187500000007303 
0.2556250000000731 
0.33718750000007314 
0.3093750000000731 
0.2831250000000731 
0.3468750000000732 
0.5006250000000734 
0.5043750000000733 
0.34968750000007315 
0.20859375000007302 
0.21562500000007304 
0.2581250000000731 
0.2571875000000731 
0.33437500000007314 
0.25187500000007307 
0.2559375000000731 
0.2618750000000731 
0.22812500000007305 
0.5009375000000733 
0.25718750000007307 
0.2509375000000731 
0.26187500000007324 
0.25437500000007307 
0.2781250000000731 
0.25359375000007306 
0.2568750000000731 
0.29312500000007313 
0.2681250000000731 
0.34468750000007314 
0.25718750000007307 
0.30312500000007314 
0.2584375000000731 
0.25187500000007307 
0.2556250000000731 
0.3656250000000732 
0.3481250000000732 
0.34687500000007315 
0.22562500000007304 
0.26218750000007307 
0.2534375000000731 
0.33437500000007364 
0.24812500000007318 
0.2556250000000731 
0.2634375000000731 
0.3348437500000731 
0.30437500000007317 
0.25359375000007306 
0.25937500000007313 
0.2618750000000731 
0.33593750000007316 
0.2523437500000731 
0.27187500000007314 
0.27218750000007313 
0.33437500000007314 
0.2568750000000731 
0.2559375000000731 
0.2956250000000732 
0.179375000000073 
0.2568750000000732 
0.21687500000007304 
0.2531250000000731 
0.2634375000000731 
0.3606250000000732 
0.33437500000007314 
0.20562500000007303 
0.33562500000007317 
0.3509375000000732 
0.2781250000000731 
0.20937500000007303 
0.25218750000007306 
0.33609375000007313 
0.24562500000007306 
0.2331250000000731 
0.2559375000000731 
0.2618750000000731 
0.25812500000007316 
0.2696875000000731 
0.24687500000007312 
0.2456250000000734 
0.3556250000000732 
0.180625000000073 
0.2881250000000732 
0.2556250000000731 
0.33468750000007313 
0.2631250000000731 
0.26562500000007316 
0.33484375000007316 
0.3343750000000734 
0.2581250000000731 
0.21093750000007302 
0.2556250000000731 
0.2706250000000731 
0.25218750000007306 
0.2709375000000731 
0.25062500000007315 
0.2781250000000731 
0.25437500000007307 
0.31062500000007315 
0.2534375000000731 
0.28937500000007316 
0.24187500000007317 
0.2718750000000731 
0.34343750000007317 
0.25687500000007313 
0.21062500000007303 
0.22062500000007304 
0.34687500000007315 
0.2548437500000731 
0.3509375000000732 
0.27562500000007323 
0.25468750000007306 
0.21187500000007303 
0.2606250000000733 
0.3456250000000732 
0.22937500000007305 
0.25468750000007306 
0.20687500000007303 
0.22062500000007304 
0.20968750000007302 
0.21312500000007303 
0.29062500000007374 
0.22312500000007304 
0.34343750000007317 
0.2581250000000731 
0.21843750000007303 
0.20562500000007303 
0.33687500000007314 
0.38937500000007325 
0.23812500000007306 
0.25468750000007306 
0.2631250000000731 
0.2706250000000731 
0.34468750000007314 
0.34343750000007317 
0.2618750000000732 
0.2993750000000732 
0.25859375000007306 
0.21437500000007303 
0.26687500000007314 
0.2556250000000736 
0.20562500000007303 
0.2918750000000731 
0.2659375000000731 
0.21812500000007304 
0.25109375000007306 
0.25187500000007307 
0.20812500000007303 
0.33468750000007313 
0.25109375000007306 
0.2531250000000731 
0.179375000000073 
0.27187500000007336 
0.2568750000000731 
0.2568750000000731 
0.20843750000007302 
0.25218750000007306 
0.21312500000007303 
0.33718750000007314 
0.33687500000007314 
0.21687500000007304 
0.2681250000000731 
0.2556250000000731 
0.5006250000000734 
0.3418750000000732 
0.2668750000000731 
0.5006250000000734 
0.2718750000000731 
0.26437500000007313 
0.2768750000000731 
0.20562500000007303 
0.3346875000000732 
0.33843750000007317 
0.29312500000007324 
0.3456250000000732 
0.31562500000007315 
0.25234375000007303 
0.2531250000000731 
0.22437500000007304 
0.2668750000000731 
0.34437500000007315 
0.4343750000000746 
0.21468750000007303 
0.34437500000007315 
0.33468750000007313 
0.2523437500000731 
0.33562500000007317 
0.27687500000007315 
0.23187500000007305 
0.25468750000007306 
0.2531250000000731 
0.2556250000000731 
0.2581250000000731 
0.28687500000007315 
0.2531250000000731 
0.33593750000007316 
0.24437500000007306 
0.3643750000000733 
0.20718750000007302 
0.33562500000007317 
0.2618750000000731 
0.25218750000007306 
0.2706250000000731 
0.2943750000000737 
0.2581250000000731 
0.2509375000000731 
0.36812500000007325 
0.2856250000000732 
0.21187500000007303 
0.20468750000007302 
0.25437500000007307 
0.21562500000007304 
0.25187500000007307 
0.5006250000000734 
0.172187500000073 
0.29812500000007314 
0.3943750000000732 
0.2556250000000731 
0.23437500000007305 
0.26937500000007314 
