0.12437500000007294 
0.169375000000073 
0.11812500000007294 
0.15187500000007298 
0.166875000000073 
0.20437500000007303 
0.09937500000007292 
0.12062500000007294 
0.14562500000007297 
0.176875000000073 
0.170625000000073 
0.14312500000007297 
0.11187500000007293 
0.14687500000007297 
0.10687500000007293 
0.12812500000007296 
0.13062500000007296 
0.170625000000073 
0.11187500000007293 
0.161875000000073 
0.11687500000007293 
0.166875000000073 
0.13312500000007296 
0.173125000000073 
0.14187500000007297 
0.15187500000007298 
0.20062500000007302 
0.12687500000007296 
0.164375000000073 
0.165625000000073 
0.13562500000007296 
0.11062500000007293 
0.10812500000007293 
0.166875000000073 
0.12562500000007296 
0.20187500000007302 
0.09937500000007292 
0.13062500000007296 
0.15812500000007298 
0.15062500000007298 
0.10687500000007293 
0.12187500000007294 
0.13812500000007297 
0.14187500000007297 
0.11187500000007293 
0.183125000000073 
0.10812500000007293 
0.166875000000073 
0.14187500000007297 
0.13812500000007297 
0.13312500000007296 
0.12937500000007296 
0.185625000000073 
0.12437500000007294 
0.12562500000007296 
0.07687500000007294 
0.10937500000007293 
0.160625000000073 
0.13812500000007297 
0.13812500000007297 
0.10437500000007292 
0.11562500000007293 
0.15937500000007299 
0.13187500000007296 
0.10687500000007293 
0.12687500000007296 
0.11937500000007294 
0.13062500000007296 
0.11187500000007293 
0.13437500000007296 
0.160625000000073 
0.14812500000007298 
0.15187500000007298 
0.15312500000007298 
0.13437500000007296 
0.13562500000007296 
0.21562500000007304 
0.09437500000007294 
0.13312500000007296 
0.180625000000073 
0.14187500000007297 
0.11687500000007293 
0.11687500000007293 
0.11062500000007293 
0.171875000000073 
0.12937500000007296 
0.13562500000007296 
0.11687500000007293 
0.14562500000007297 
0.11562500000007293 
0.10687500000007293 
0.163125000000073 
0.13312500000007296 
0.11937500000007294 
0.13187500000007296 
0.11062500000007293 
0.11062500000007293 
0.22562500000007316 
0.10437500000007292 
0.10687500000007293 
0.14562500000007297 
0.11937500000007294 
0.10937500000007293 
0.11937500000007294 
0.10937500000007293 
0.15687500000007298 
0.15937500000007299 
0.15312500000007298 
0.20687500000007303 
0.19562500000007302 
0.180625000000073 
0.20312500000007302 
0.14437500000007297 
0.14312500000007297 
0.184375000000073 
0.12937500000007296 
0.161875000000073 
0.10187500000007292 
0.07687500000007293 
0.13562500000007296 
0.21187500000007303 
0.163125000000073 
0.10687500000007293 
0.14062500000007297 
0.13312500000007296 
0.09687500000007293 
0.171875000000073 
0.185625000000073 
0.11312500000007293 
0.13687500000007297 
0.166875000000073 
0.14062500000007297 
0.13062500000007296 
0.186875000000073 
0.11312500000007293 
0.15812500000007298 
0.09562500000007292 
0.10062500000007292 
0.185625000000073 
0.11562500000007293 
0.11562500000007293 
0.14312500000007297 
0.161875000000073 
0.12312500000007294 
0.14062500000007297 
0.11312500000007293 
0.10687500000007293 
0.12687500000007296 
0.12437500000007294 
0.12437500000007294 
0.174375000000073 
0.13937500000007297 
0.24187500000007361 
0.186875000000073 
0.12937500000007296 
0.184375000000073 
0.22937500000007333 
0.180625000000073 
0.13937500000007297 
0.19312500000007302 
0.10062500000007293 
0.12937500000007296 
0.19937500000007302 
0.10687500000007293 
0.14437500000007297 
0.13062500000007296 
0.14812500000007298 
0.12187500000007294 
0.15687500000007298 
0.14312500000007297 
0.166875000000073 
0.12812500000007296 
0.14562500000007297 
0.22187500000007304 
0.164375000000073 
0.10687500000007293 
0.14437500000007297 
0.160625000000073 
0.11937500000007294 
0.13812500000007297 
0.09312500000007291 
0.15312500000007298 
0.14062500000007297 
0.13812500000007297 
0.14687500000007297 
0.183125000000073 
0.14937500000007298 
0.14437500000007297 
0.12062500000007294 
0.12562500000007296 
0.14062500000007297 
0.10937500000007293 
0.13062500000007296 
0.15187500000007298 
0.10062500000007292 
0.11187500000007293 
0.15562500000007298 
0.13312500000007296 
0.15312500000007298 
0.09937500000007292 
0.14312500000007297 
0.11437500000007293 
0.13687500000007297 
0.13187500000007296 
0.09687500000007292 
0.15562500000007298 
0.14937500000007298 
0.12562500000007296 
0.13437500000007296 
0.12562500000007296 
0.12812500000007296 
0.12062500000007294 
0.15937500000007299 
0.164375000000073 
0.10312500000007292 
0.09312500000007293 
0.11062500000007293 
0.15812500000007298 
0.2681250000000739 
0.12937500000007296 
0.14812500000007298 
0.13187500000007296 
0.14687500000007297 
0.09562500000007292 
0.13062500000007296 
0.11187500000007293 
0.170625000000073 
0.15687500000007298 
0.12187500000007294 
0.11312500000007293 
0.11062500000007293 
0.179375000000073 
0.12937500000007296 
0.161875000000073 
0.10687500000007293 
0.27187500000007375 
0.13687500000007297 
0.12812500000007296 
0.186875000000073 
0.168125000000073 
0.12687500000007296 
0.161875000000073 
0.10312500000007292 
0.15687500000007298 
0.11062500000007293 
0.174375000000073 
0.21187500000007303 
0.171875000000073 
0.08937500000007294 
0.185625000000073 
0.12312500000007294 
0.12312500000007294 
0.2756250000000738 
0.13937500000007297 
0.12687500000007296 
0.12812500000007296 
0.12562500000007296 
0.12062500000007294 
0.12187500000007294 
0.14812500000007298 
0.14937500000007298 
0.169375000000073 
0.184375000000073 
0.12937500000007296 
0.11062500000007293 
0.15437500000007298 
0.11312500000007293 
0.13187500000007296 
0.11312500000007293 
0.11937500000007294 
0.14312500000007297 
0.166875000000073 
0.14437500000007297 
0.12437500000007294 
0.11562500000007293 
0.12062500000007294 
0.166875000000073 
0.12187500000007294 
0.10812500000007293 
0.20062500000007302 
0.11812500000007294 
0.180625000000073 
0.13437500000007296 
0.13937500000007297 
0.13062500000007296 
0.13187500000007296 
0.165625000000073 
0.12062500000007294 
0.21812500000007304 
0.11562500000007293 
0.180625000000073 
0.13812500000007297 
0.13062500000007296 
0.14562500000007297 
0.160625000000073 
0.20812500000007303 
0.13187500000007296 
0.19187500000007301 
0.175625000000073 
0.11437500000007293 
