0.34187500000007315 
0.2618750000000731 
0.3456250000000732 
0.25359375000007306 
0.34812500000007324 
0.21187500000007303 
0.26937500000007353 
0.20093750000007302 
0.4743750000000733 
0.5009375000000733 
0.20312500000007302 
0.38218750000007323 
0.2681250000000732 
0.2718750000000731 
0.25218750000007306 
0.25687500000007346 
0.33843750000007317 
0.3006250000000735 
0.26437500000007313 
0.2584375000000731 
0.26437500000007313 
0.25484375000007303 
0.2643750000000731 
0.2584375000000731 
0.23812500000007306 
0.2731250000000731 
0.24062500000007306 
0.23562500000007305 
0.25187500000007307 
0.3431250000000732 
0.2618750000000732 
0.14437500000007297 
0.25187500000007307 
0.22437500000007304 
0.21437500000007303 
0.24437500000007323 
0.33562500000007317 
0.21687500000007304 
0.34187500000007315 
0.25234375000007303 
0.2534375000000731 
0.25562500000007315 
0.2831250000000731 
0.3406250000000732 
0.2609375000000731 
0.2523437500000731 
0.20718750000007302 
0.2643750000000731 
0.35437500000007316 
0.33437500000007314 
0.25812500000007316 
0.2581250000000731 
0.22562500000007304 
0.19562500000007302 
0.20218750000007302 
0.21062500000007303 
0.2968750000000739 
0.33562500000007317 
0.33484375000007316 
0.25468750000007306 
0.20187500000007302 
0.25437500000007307 
0.21562500000007304 
0.3431250000000732 
0.25109375000007306 
0.3418750000000732 
0.33593750000007316 
0.25468750000007306 
0.34437500000007315 
0.34109375000007314 
0.2793750000000731 
0.41562500000007396 
0.35062500000007335 
0.25187500000007307 
0.2631250000000731 
0.2509375000000731 
0.33562500000007317 
0.2606250000000732 
0.20937500000007303 
0.2759375000000731 
0.5206250000000734 
0.2509375000000731 
0.26187500000007313 
0.24687500000007329 
0.2668750000000731 
0.33593750000007316 
0.2506250000000731 
0.2548437500000731 
0.26218750000007307 
0.20468750000007302 
0.24687500000007334 
0.25218750000007306 
0.23312500000007305 
0.33468750000007313 
0.25609375000007306 
0.2743750000000732 
0.33437500000007314 
0.25484375000007303 
0.33609375000007313 
0.170625000000073 
0.2531250000000731 
0.33468750000007313 
0.20812500000007303 
0.33593750000007316 
0.20312500000007302 
0.2806250000000731 
0.2593750000000731 
0.33968750000007314 
0.3706250000000732 
0.2593750000000737 
0.26718750000007313 
0.21562500000007304 
0.2718750000000731 
0.2531250000000731 
0.2543750000000732 
0.33437500000007314 
0.2556250000000731 
0.33734375000007316 
0.34437500000007315 
0.2656250000000731 
0.2906250000000732 
0.34343750000007317 
0.25218750000007306 
0.2631250000000731 
0.25484375000007303 
0.29687500000007316 
0.3431250000000732 
0.42437500000007344 
0.21812500000007304 
0.34187500000007315 
0.34218750000007314 
0.30562500000007325 
0.201093750000073 
0.25468750000007306 
0.2668750000000731 
0.33437500000007314 
0.3381250000000732 
0.2531250000000731 
0.2531250000000731 
0.23562500000007305 
0.169375000000073 
0.33437500000007314 
0.33562500000007317 
0.3481250000000732 
0.2831250000000731 
0.2643750000000731 
0.33437500000007314 
0.2534375000000731 
0.33718750000007314 
0.29187500000007316 
0.2671875000000731 
0.2818750000000737 
0.21062500000007303 
0.22812500000007305 
0.3406250000000732 
0.3231250000000732 
0.2531250000000731 
0.3531250000000732 
0.33437500000007314 
0.2556250000000731 
0.25718750000007307 
0.20187500000007302 
0.26437500000007313 
0.34062500000007334 
0.5009375000000733 
0.3656250000000732 
0.5118750000000734 
0.33937500000007315 
0.2559375000000731 
0.25437500000007307 
0.2556250000000731 
0.28187500000007315 
0.21312500000007303 
0.2681250000000731 
0.5043750000000733 
0.2584375000000731 
0.14812500000007298 
0.25437500000007307 
0.28187500000007315 
0.21187500000007303 
0.21437500000007303 
0.2559375000000731 
0.24312500000007306 
0.33718750000007314 
0.2806250000000731 
0.2631250000000731 
0.23812500000007322 
0.25187500000007307 
0.33937500000007315 
0.3381250000000732 
0.20718750000007302 
0.2581250000000731 
0.2609375000000731 
0.33437500000007314 
0.33468750000007313 
0.25218750000007306 
0.26968750000007313 
0.33687500000007314 
0.33437500000007314 
0.5006250000000734 
0.25218750000007306 
0.2668750000000731 
0.20687500000007303 
0.20187500000007302 
0.3531250000000732 
0.20312500000007302 
0.33843750000007317 
0.2668750000000733 
0.20359375000007301 
0.3446875000000732 
0.21187500000007303 
0.26687500000007325 
0.2584375000000731 
0.22312500000007304 
0.33687500000007314 
0.2556250000000731 
0.161875000000073 
0.2593750000000731 
0.3118750000000733 
0.2584375000000731 
0.33687500000007314 
0.2606250000000732 
0.20687500000007303 
0.2581250000000731 
0.2581250000000731 
0.21187500000007303 
0.23062500000007305 
0.2631250000000731 
0.2606250000000731 
0.3956250000000748 
0.2531250000000731 
0.33687500000007314 
0.26687500000007314 
0.27687500000007315 
0.25109375000007306 
0.2518750000000731 
0.22687500000007305 
0.5031250000000733 
0.26937500000007314 
0.22937500000007305 
0.3793750000000732 
0.2668750000000736 
0.22062500000007304 
0.33562500000007317 
0.33593750000007316 
0.2531250000000731 
0.2581250000000731 
0.2856250000000731 
0.2631250000000731 
0.2634375000000731 
0.21937500000007304 
0.2556250000000731 
0.2509375000000731 
0.33843750000007317 
0.2668750000000731 
0.2556250000000731 
0.2556250000000731 
0.25218750000007306 
0.25187500000007307 
0.33484375000007316 
0.2568750000000731 
0.21062500000007303 
0.2531250000000731 
0.20562500000007303 
0.33937500000007315 
0.25187500000007307 
0.25812500000007316 
0.2621875000000731 
0.33687500000007314 
0.25968750000007307 
0.2781250000000731 
0.20218750000007302 
0.2643750000000731 
0.2531250000000731 
0.3406250000000732 
0.2531250000000731 
0.21812500000007304 
0.25437500000007307 
0.20562500000007303 
0.2559375000000731 
0.2556250000000731 
0.2668750000000731 
0.2531250000000731 
0.2581250000000731 
0.26187500000007313 
0.188125000000073 
0.2706250000000731 
0.2593750000000732 
0.33687500000007314 
0.25218750000007306 
0.25468750000007306 
0.33718750000007314 
0.21312500000007303 
0.2606250000000731 
0.2559375000000731 
0.22437500000007304 
0.20343750000007302 
0.2668750000000731 
0.2643750000000731 
0.27562500000007323 
