0.23187500000007305 
0.33562500000007317 
0.19812500000007302 
0.25109375000007306 
0.2506250000000731 
0.2531250000000731 
0.33687500000007314 
0.3118750000000732 
0.27062500000007345 
0.20312500000007302 
0.25218750000007306 
0.25937500000007313 
0.33468750000007313 
0.2523437500000731 
0.28187500000007315 
0.25937500000007313 
0.33562500000007317 
0.25437500000007307 
0.34093750000007317 
0.25437500000007307 
0.3431250000000732 
0.30312500000007314 
0.2618750000000732 
0.20937500000007303 
0.2568750000000731 
0.2531250000000731 
0.22062500000007304 
0.25187500000007307 
0.2793750000000732 
0.25437500000007307 
0.29062500000007313 
0.173437500000073 
0.2781250000000733 
0.24062500000007306 
0.33562500000007317 
0.2531250000000731 
0.25312500000007365 
0.20687500000007303 
0.34812500000007346 
0.33687500000007314 
0.33843750000007317 
0.20218750000007302 
0.2706250000000731 
0.2906250000000732 
0.33593750000007316 
0.2606250000000731 
0.2731250000000737 
0.34343750000007317 
0.21062500000007303 
0.21062500000007303 
0.2668750000000733 
0.25187500000007307 
0.3068750000000735 
0.25218750000007306 
0.3348437500000731 
0.3381250000000732 
0.2531250000000731 
0.19562500000007302 
0.2531250000000731 
0.5009375000000733 
0.2556250000000731 
0.2631250000000731 
0.21312500000007303 
0.2534375000000731 
0.20562500000007303 
0.2581250000000731 
0.20812500000007303 
0.3381250000000732 
0.2531250000000731 
0.23812500000007306 
0.33437500000007314 
0.33562500000007317 
0.25718750000007307 
0.3348437500000731 
0.28937500000007316 
0.2584375000000731 
0.3643750000000732 
0.33687500000007314 
0.25609375000007306 
0.2793750000000731 
0.20812500000007303 
0.2556250000000731 
0.28562500000007385 
0.33984375000007316 
0.25109375000007306 
0.2559375000000731 
0.33437500000007314 
0.2556250000000731 
0.20562500000007303 
0.25812500000007327 
0.2581250000000731 
0.25687500000007313 
0.28937500000007316 
0.5018750000000733 
0.2681250000000731 
0.23562500000007305 
0.163125000000073 
0.3331250000000733 
0.26437500000007313 
0.33562500000007317 
0.20312500000007302 
0.33562500000007317 
0.2509375000000731 
0.33562500000007317 
0.20437500000007303 
0.2693750000000735 
0.33468750000007313 
0.25437500000007307 
0.2534375000000731 
0.2531250000000731 
0.27187500000007314 
0.20812500000007303 
0.25187500000007307 
0.33687500000007314 
0.174375000000073 
0.3118750000000732 
0.34109375000007314 
0.26312500000007316 
0.2643750000000731 
0.2556250000000731 
0.34187500000007315 
0.20312500000007302 
0.2531250000000731 
0.14937500000007298 
0.20937500000007303 
0.33968750000007314 
0.3381250000000732 
0.2731250000000731 
0.21812500000007304 
0.26468750000007313 
0.33437500000007314 
0.25187500000007307 
0.33593750000007316 
0.25187500000007307 
0.2606250000000731 
0.2743750000000735 
0.33734375000007316 
0.2506250000000731 
0.21562500000007304 
0.20312500000007302 
0.2581250000000732 
0.25437500000007324 
0.33562500000007317 
0.25187500000007307 
0.33468750000007313 
0.33562500000007317 
0.20687500000007303 
0.30187500000007333 
0.2531250000000731 
0.27812500000007323 
0.2618750000000732 
0.2531250000000733 
0.33437500000007314 
0.20812500000007303 
0.2556250000000731 
0.2509375000000731 
0.22437500000007304 
0.33843750000007317 
0.20562500000007303 
0.20687500000007303 
0.2631250000000731 
0.21937500000007304 
0.21093750000007302 
0.2559375000000731 
0.25109375000007306 
0.5006250000000734 
0.33718750000007314 
0.2559375000000731 
0.21062500000007303 
0.20687500000007303 
0.25109375000007306 
0.25468750000007306 
0.2556250000000731 
0.21687500000007304 
0.2581250000000731 
0.3206250000000732 
0.2668750000000731 
0.31312500000007343 
0.20437500000007303 
0.2918750000000732 
0.23187500000007305 
0.25718750000007307 
0.25218750000007306 
0.28437500000007315 
0.2509375000000731 
0.33468750000007313 
0.20593750000007302 
0.25218750000007306 
0.33593750000007316 
0.27937500000007315 
0.5006250000000734 
0.34718750000007315 
0.2606250000000731 
0.25437500000007307 
0.21562500000007304 
0.2881250000000735 
0.2548437500000731 
0.20468750000007302 
0.5009375000000733 
0.5081250000000733 
0.25187500000007307 
0.25218750000007306 
0.170625000000073 
0.3373437500000731 
0.20312500000007302 
0.2509375000000731 
0.21437500000007303 
0.2531250000000731 
0.33968750000007314 
0.2581250000000731 
0.3371875000000732 
0.20812500000007303 
0.183125000000073 
0.33843750000007317 
0.33687500000007314 
0.25437500000007307 
0.33437500000007314 
0.2831250000000734 
0.25437500000007307 
0.23312500000007305 
0.20687500000007303 
0.2593750000000731 
0.2646875000000731 
0.20187500000007302 
0.21062500000007303 
0.2656250000000733 
0.5018750000000733 
0.20593750000007302 
0.5109375000000733 
0.3381250000000732 
0.2556250000000731 
0.2531250000000731 
0.5018750000000733 
0.20968750000007302 
0.21093750000007302 
0.19312500000007302 
0.26937500000007314 
0.33562500000007317 
0.20312500000007302 
0.22312500000007304 
0.33687500000007314 
0.2531250000000731 
0.2634375000000731 
0.2609375000000731 
0.34437500000007387 
0.2531250000000731 
0.25218750000007306 
0.3381250000000732 
0.33437500000007314 
0.5009375000000733 
0.33562500000007317 
0.5006250000000734 
0.25187500000007307 
0.2531250000000732 
0.21687500000007304 
0.2593750000000732 
0.2856250000000731 
0.33359375000007313 
0.2643750000000731 
0.2556250000000731 
0.33468750000007313 
0.2756250000000731 
0.33687500000007314 
0.33437500000007314 
0.2806250000000731 
0.33937500000007315 
0.3243750000000732 
0.2643750000000731 
0.22187500000007304 
0.2556250000000731 
0.2718750000000731 
0.2593750000000731 
0.3371875000000732 
0.25687500000007313 
0.3396875000000732 
0.3431250000000732 
0.33593750000007316 
0.2656250000000731 
0.25437500000007307 
0.26562500000007316 
0.22187500000007304 
0.25468750000007306 
0.2606250000000731 
0.33687500000007314 
0.202343750000073 
0.25718750000007307 
0.4293750000000732 
0.2993750000000732 
0.3431250000000732 
0.5009375000000733 
0.28687500000007315 
0.33562500000007317 
0.2506250000000731 
0.22062500000007304 
0.26968750000007313 
0.27468750000007314 
0.20312500000007302 
0.5009375000000733 
0.2606250000000731 
0.2618750000000731 
