0.10812500000007293 
0.15812500000007298 
0.20187500000007302 
0.13812500000007297 
0.08812500000007291 
0.14062500000007297 
0.21812500000007304 
0.11937500000007294 
0.12937500000007296 
0.11062500000007293 
0.13937500000007297 
0.10187500000007292 
0.12312500000007294 
0.10437500000007292 
0.12937500000007296 
0.11312500000007293 
0.08687500000007292 
0.14812500000007298 
0.10937500000007293 
0.171875000000073 
0.12437500000007294 
0.12812500000007296 
0.10937500000007293 
0.15187500000007298 
0.10312500000007292 
0.14937500000007298 
0.12187500000007294 
0.10812500000007293 
0.13437500000007296 
0.168125000000073 
0.10437500000007292 
0.12062500000007294 
0.14687500000007297 
0.10062500000007292 
0.13187500000007296 
0.170625000000073 
0.10187500000007292 
0.07937500000007294 
0.11937500000007294 
0.12187500000007294 
0.10062500000007292 
0.09562500000007292 
0.09687500000007292 
0.14812500000007298 
0.09812500000007292 
0.10312500000007292 
0.15812500000007298 
0.10937500000007293 
0.161875000000073 
0.11687500000007293 
0.10687500000007293 
0.189375000000073 
0.11062500000007293 
0.24687500000007367 
0.11062500000007293 
0.12437500000007294 
0.11937500000007294 
0.11687500000007293 
0.14812500000007298 
0.14687500000007297 
0.08187500000007292 
0.10312500000007292 
0.13312500000007296 
0.08812500000007292 
0.09062500000007292 
0.09187500000007293 
0.2743750000000739 
0.10687500000007293 
0.11562500000007293 
0.11437500000007293 
0.09937500000007292 
0.08062500000007293 
0.09937500000007292 
0.14437500000007297 
0.09062500000007291 
0.15812500000007298 
0.09562500000007292 
0.10562500000007292 
0.12562500000007296 
0.10687500000007293 
0.186875000000073 
0.20312500000007302 
0.10812500000007293 
0.10687500000007293 
0.12437500000007294 
0.10937500000007293 
0.06812500000007295 
0.13562500000007296 
0.13187500000007296 
0.188125000000073 
0.09312500000007291 
0.173125000000073 
0.19937500000007302 
0.09312500000007291 
0.15937500000007299 
0.13562500000007296 
0.08187500000007292 
0.174375000000073 
0.11812500000007294 
0.12187500000007294 
0.15062500000007298 
0.09937500000007292 
0.10687500000007293 
0.07937500000007294 
0.10062500000007292 
0.09062500000007292 
0.12062500000007294 
0.15312500000007298 
0.11937500000007294 
0.15312500000007298 
0.13187500000007296 
0.2218750000000731 
0.09062500000007291 
0.12687500000007296 
0.11812500000007294 
0.10437500000007292 
0.11812500000007294 
0.11687500000007293 
0.13562500000007296 
0.11937500000007294 
0.12812500000007296 
0.12687500000007296 
0.10812500000007293 
0.12062500000007294 
0.285625000000074 
0.11937500000007294 
0.10437500000007292 
0.08437500000007292 
0.15562500000007298 
0.10562500000007292 
0.14812500000007298 
0.14062500000007297 
0.11062500000007293 
0.13687500000007297 
0.08187500000007294 
0.20187500000007302 
0.12812500000007296 
0.12687500000007296 
0.08937500000007291 
0.10187500000007292 
0.10312500000007292 
0.07812500000007293 
0.23312500000007305 
0.11812500000007294 
0.12187500000007294 
0.10312500000007292 
0.15687500000007298 
0.13562500000007296 
0.12562500000007296 
0.13562500000007296 
0.10437500000007292 
0.14562500000007297 
0.14562500000007297 
0.10562500000007292 
0.13312500000007296 
0.13062500000007296 
0.09812500000007292 
0.13437500000007296 
0.20187500000007302 
0.14437500000007297 
0.13312500000007296 
0.09312500000007293 
0.175625000000073 
0.12812500000007296 
0.164375000000073 
0.11187500000007293 
0.19812500000007302 
0.10062500000007292 
0.12937500000007296 
0.14187500000007297 
0.176875000000073 
0.10437500000007292 
0.11562500000007293 
0.12687500000007296 
0.09062500000007292 
0.13062500000007296 
0.11437500000007293 
0.176875000000073 
0.11937500000007294 
0.10437500000007292 
0.11687500000007293 
0.11937500000007294 
0.13812500000007297 
0.13062500000007296 
0.14062500000007297 
0.10062500000007292 
0.11562500000007293 
0.11687500000007293 
0.10562500000007292 
0.13062500000007296 
0.11812500000007294 
0.10687500000007293 
0.19437500000007302 
0.13812500000007297 
0.12812500000007296 
0.10812500000007293 
0.13187500000007296 
0.12937500000007296 
0.09437500000007291 
0.13187500000007296 
0.09312500000007291 
0.13437500000007296 
0.10312500000007292 
0.15312500000007298 
0.15062500000007298 
0.169375000000073 
0.10312500000007292 
0.09437500000007291 
0.11812500000007294 
0.11312500000007293 
0.09937500000007292 
0.09062500000007291 
0.168125000000073 
0.12062500000007294 
0.12687500000007296 
0.14812500000007298 
0.08812500000007292 
0.15687500000007298 
0.11812500000007294 
0.10812500000007293 
0.13687500000007297 
0.15187500000007298 
0.11062500000007293 
0.15062500000007298 
0.15062500000007298 
0.14187500000007297 
0.14937500000007298 
0.12937500000007296 
0.11187500000007293 
0.11562500000007293 
0.13937500000007297 
0.10187500000007292 
0.20687500000007303 
0.08687500000007292 
0.11562500000007293 
0.12437500000007294 
0.13812500000007297 
0.09437500000007291 
0.13937500000007297 
0.24062500000007345 
0.181875000000073 
0.25937500000007396 
0.10687500000007293 
0.07812500000007291 
0.10437500000007292 
0.13062500000007296 
0.24687500000007373 
0.13937500000007297 
0.11187500000007293 
0.09187500000007293 
0.13187500000007296 
0.10562500000007292 
0.12812500000007296 
0.12437500000007294 
0.12312500000007294 
0.09062500000007292 
0.13812500000007297 
0.12937500000007296 
0.13312500000007296 
0.11687500000007293 
0.180625000000073 
0.181875000000073 
0.14312500000007297 
0.11187500000007293 
0.12562500000007296 
0.10312500000007292 
0.174375000000073 
0.13812500000007297 
0.08437500000007292 
0.14937500000007298 
0.11937500000007294 
0.09812500000007292 
0.09312500000007291 
0.13687500000007297 
0.09937500000007292 
0.11437500000007293 
0.09312500000007291 
0.10312500000007292 
0.07812500000007294 
0.10937500000007293 
0.13687500000007297 
0.10187500000007292 
0.14687500000007297 
0.12437500000007294 
0.10187500000007292 
0.08812500000007292 
0.11062500000007293 
0.15312500000007298 
0.12812500000007296 
0.10312500000007292 
0.14562500000007297 
0.10437500000007292 
0.12937500000007296 
0.10437500000007292 
0.13187500000007296 
0.10437500000007292 
0.160625000000073 
0.07812500000007296 
0.10937500000007293 
0.13187500000007296 
