0.2581250000000731 
0.25437500000007307 
0.20937500000007303 
0.2568750000000731 
0.27437500000007337 
0.2806250000000731 
0.25187500000007307 
0.21062500000007303 
0.2534375000000731 
0.21593750000007303 
0.33562500000007317 
0.33593750000007316 
0.21687500000007304 
0.2581250000000731 
0.161875000000073 
0.25234375000007303 
0.2756250000000731 
0.2618750000000731 
0.2556250000000731 
0.25687500000007313 
0.2618750000000732 
0.2556250000000731 
0.2731250000000731 
0.2531250000000731 
0.3043750000000731 
0.33937500000007365 
0.25437500000007307 
0.2831250000000731 
0.25218750000007306 
0.34343750000007317 
0.2568750000000731 
0.2718750000000731 
0.3731250000000733 
0.2593750000000731 
0.26468750000007313 
0.21562500000007304 
0.21312500000007303 
0.2556250000000731 
0.2756250000000731 
0.20187500000007302 
0.2831250000000731 
0.2581250000000731 
0.2568750000000731 
0.28218750000007314 
0.26437500000007325 
0.34468750000007314 
0.25109375000007306 
0.2618750000000731 
0.33468750000007313 
0.20187500000007302 
0.3373437500000731 
0.2618750000000731 
0.21562500000007304 
0.26687500000007314 
0.20593750000007302 
0.2509375000000731 
0.25359375000007306 
0.3268750000000732 
0.5018750000000733 
0.20562500000007303 
0.176875000000073 
0.33437500000007314 
0.26187500000007313 
0.33843750000007317 
0.2581250000000731 
0.20718750000007302 
0.3456250000000732 
0.2506250000000731 
0.33687500000007314 
0.3618750000000733 
0.21187500000007303 
0.2568750000000733 
0.21593750000007303 
0.23312500000007305 
0.22937500000007305 
0.2631250000000732 
0.2559375000000731 
0.3484375000000732 
0.5081250000000733 
0.25187500000007323 
0.36062500000007336 
0.33468750000007313 
0.33562500000007317 
0.2559375000000731 
0.25437500000007307 
0.40687500000007326 
0.3481250000000732 
0.33437500000007314 
0.21562500000007304 
0.2531250000000731 
0.5009375000000733 
0.25187500000007307 
0.2659375000000731 
0.3143750000000737 
0.2571875000000731 
0.5018750000000733 
0.3509375000000732 
0.30187500000007317 
0.35437500000007316 
0.21093750000007302 
0.20812500000007303 
0.5021875000000733 
0.2521875000000731 
0.33718750000007314 
0.3406250000000732 
0.2559375000000731 
0.3431250000000732 
0.21062500000007303 
0.22562500000007304 
0.29187500000007316 
0.3556250000000732 
0.31187500000007334 
0.2531250000000731 
0.29937500000007317 
0.25437500000007307 
0.2631250000000733 
0.34437500000007315 
0.2531250000000731 
0.2568750000000731 
0.2634375000000731 
0.25343750000007315 
0.3381250000000732 
0.25187500000007307 
0.22062500000007304 
0.33687500000007314 
0.25859375000007306 
0.2618750000000731 
0.20562500000007303 
0.22687500000007305 
0.27687500000007337 
0.33437500000007314 
0.21687500000007304 
0.28187500000007315 
0.2556250000000731 
0.20437500000007303 
0.23687500000007328 
0.20968750000007302 
0.21187500000007303 
0.2556250000000731 
0.3843750000000732 
0.2581250000000731 
0.2618750000000731 
0.2943750000000736 
0.2506250000000731 
0.21312500000007303 
0.22968750000007304 
0.25968750000007307 
0.2568750000000731 
0.2618750000000732 
0.184375000000073 
0.24687500000007306 
0.2756250000000731 
0.35062500000007324 
0.3406250000000732 
0.26187500000007313 
0.25437500000007307 
0.20437500000007303 
0.25437500000007307 
0.2609375000000731 
0.34187500000007315 
0.2606250000000731 
0.34234375000007317 
0.2606250000000731 
0.2793750000000731 
0.2531250000000731 
0.3618750000000732 
0.21437500000007303 
0.33937500000007315 
0.33468750000007313 
0.25468750000007306 
0.201093750000073 
0.25718750000007307 
0.25218750000007306 
0.33687500000007314 
0.21062500000007303 
0.2818750000000731 
0.27187500000007336 
0.2581250000000731 
0.2621875000000731 
0.20812500000007303 
0.33718750000007314 
0.24187500000007306 
0.3068750000000732 
0.14843750000007297 
0.2593750000000731 
0.23562500000007305 
0.21312500000007303 
0.2556250000000731 
0.21062500000007303 
0.29937500000007344 
0.178125000000073 
0.2543750000000732 
0.178125000000073 
0.33812500000007334 
0.188125000000073 
0.33437500000007314 
0.21812500000007304 
0.3581250000000733 
0.25187500000007307 
0.2523437500000731 
0.2668750000000731 
0.26312500000007316 
0.20687500000007303 
0.3556250000000732 
0.2546875000000731 
0.25718750000007307 
0.2593750000000733 
0.3381250000000732 
0.3406250000000732 
0.31937500000007324 
0.2643750000000731 
0.2556250000000731 
0.2568750000000731 
0.3631250000000732 
0.3693750000000732 
0.3718750000000732 
0.2568750000000731 
0.21468750000007303 
0.3243750000000732 
0.21562500000007304 
0.21062500000007303 
0.28437500000007315 
0.35687500000007316 
0.5018750000000733 
0.3193750000000732 
0.21812500000007304 
0.2634375000000731 
0.2656250000000731 
0.26562500000007333 
0.34468750000007314 
0.25187500000007307 
0.34687500000007315 
0.175625000000073 
0.27437500000007314 
0.33843750000007317 
0.27687500000007315 
0.28812500000007346 
0.2631250000000731 
0.33734375000007316 
0.25187500000007307 
0.3406250000000732 
0.21812500000007304 
0.2546875000000731 
0.33687500000007314 
0.23437500000007305 
0.25218750000007306 
0.2556250000000731 
0.33437500000007314 
0.21812500000007304 
0.2509375000000731 
0.2509375000000731 
0.27187500000007325 
0.28437500000007315 
0.26187500000007313 
0.33468750000007313 
0.2718750000000731 
0.29062500000007313 
0.33609375000007313 
0.2509375000000731 
0.20562500000007303 
0.2856250000000731 
0.25234375000007303 
0.22437500000007304 
0.34187500000007315 
0.2556250000000731 
0.2593750000000735 
0.21062500000007303 
0.2568750000000731 
0.2531250000000731 
0.26968750000007313 
0.3406250000000732 
0.2684375000000731 
0.34093750000007317 
0.25687500000007313 
0.2631250000000731 
0.171875000000073 
0.21562500000007304 
0.20812500000007303 
0.3456250000000732 
0.33593750000007316 
0.34468750000007314 
0.176875000000073 
0.20312500000007302 
0.20218750000007302 
0.2571875000000731 
0.25437500000007307 
0.2531250000000731 
0.2681250000000731 
0.33593750000007316 
0.25234375000007303 
0.2568750000000731 
0.3118750000000738 
0.2756250000000731 
0.24062500000007306 
0.3596875000000732 
0.2556250000000731 
0.2731250000000731 
0.2618750000000731 
0.2668750000000731 
0.27968750000007314 
