0.34437500000007315 
0.3381250000000732 
0.5031250000000733 
0.2806250000000731 
0.2656250000000731 
0.2681250000000735 
0.22437500000007304 
0.2506250000000731 
0.185625000000073 
0.20937500000007303 
0.2568750000000731 
0.2584375000000731 
0.2534375000000731 
0.25218750000007306 
0.26437500000007313 
0.22718750000007304 
0.33937500000007315 
0.25359375000007306 
0.25187500000007307 
0.33562500000007317 
0.3556250000000732 
0.3081250000000736 
0.24062500000007306 
0.2506250000000731 
0.5018750000000733 
0.2581250000000731 
0.26312500000007316 
0.2706250000000731 
0.2931250000000732 
0.20312500000007302 
0.2559375000000731 
0.33562500000007317 
0.2523437500000731 
0.2559375000000731 
0.175625000000073 
0.2631250000000731 
0.2618750000000731 
0.23562500000007305 
0.33562500000007317 
0.2531250000000731 
0.25187500000007307 
0.3406250000000738 
0.21468750000007303 
0.34343750000007317 
0.20593750000007302 
0.25437500000007307 
0.33437500000007314 
0.2593750000000731 
0.21343750000007303 
0.27687500000007315 
0.22312500000007304 
0.25109375000007306 
0.2534375000000731 
0.2571875000000731 
0.2556250000000731 
0.2656250000000731 
0.2531250000000731 
0.2843750000000731 
0.20218750000007302 
0.20187500000007302 
0.3418750000000732 
0.35187500000007316 
0.22937500000007305 
0.2581250000000731 
0.2706250000000731 
0.2531250000000731 
0.20593750000007302 
0.29312500000007385 
0.27687500000007365 
0.25187500000007307 
0.30187500000007317 
0.25437500000007307 
0.20937500000007303 
0.2606250000000731 
0.23687500000007305 
0.2634375000000731 
0.33687500000007314 
0.22312500000007304 
0.25218750000007306 
0.25468750000007306 
0.2531250000000731 
0.20687500000007303 
0.34312500000007323 
0.2531250000000731 
0.5006250000000734 
0.3568750000000733 
0.5021875000000733 
0.23562500000007305 
0.33843750000007317 
0.2509375000000731 
0.2709375000000731 
0.33718750000007314 
0.20593750000007302 
0.24312500000007312 
0.27187500000007314 
0.33468750000007313 
0.21562500000007304 
0.33593750000007316 
0.20687500000007303 
0.25109375000007306 
0.25468750000007306 
0.25187500000007307 
0.29687500000007316 
0.3806250000000732 
0.2606250000000731 
0.2631250000000731 
0.20812500000007303 
0.21687500000007304 
0.25437500000007324 
0.25718750000007307 
0.33843750000007317 
0.2568750000000731 
0.24312500000007306 
0.26187500000007313 
0.170625000000073 
0.2568750000000731 
0.2581250000000731 
0.2831250000000732 
0.27437500000007314 
0.2556250000000733 
0.33562500000007317 
0.2581250000000731 
0.33687500000007314 
0.25718750000007307 
0.2806250000000731 
0.25187500000007307 
0.2556250000000731 
0.2643750000000736 
0.20687500000007303 
0.2571875000000731 
0.4493750000000733 
0.20437500000007303 
0.33687500000007314 
0.20187500000007302 
0.5006250000000734 
0.20312500000007302 
0.5006250000000734 
0.25859375000007306 
0.2559375000000731 
0.20593750000007302 
0.2781250000000736 
0.33437500000007314 
0.3381250000000732 
0.2743750000000735 
0.25718750000007307 
0.33687500000007314 
0.2556250000000731 
0.2643750000000731 
0.5031250000000733 
0.33562500000007317 
0.2543750000000731 
0.202343750000073 
0.2881250000000732 
0.21062500000007303 
0.30437500000007317 
0.28437500000007315 
0.5043750000000733 
0.2606250000000731 
0.21187500000007303 
0.3181250000000733 
0.21312500000007303 
0.2671875000000731 
0.25218750000007306 
0.2531250000000731 
0.2534375000000731 
0.21312500000007303 
0.3318750000000732 
0.2556250000000731 
0.33437500000007314 
0.33687500000007337 
0.2818750000000732 
0.34187500000007315 
0.2506250000000731 
0.34218750000007314 
0.33968750000007314 
0.21437500000007303 
0.20718750000007302 
0.20687500000007303 
0.25312500000007326 
0.17109375000007299 
0.2596875000000731 
0.27437500000007314 
0.2593750000000731 
0.2534375000000731 
0.23062500000007305 
0.21562500000007304 
0.25187500000007307 
0.28312500000007323 
0.2581250000000731 
0.3393750000000733 
0.21187500000007303 
0.2706250000000731 
0.2581250000000731 
0.33937500000007315 
0.3381250000000732 
0.2631250000000731 
0.33437500000007314 
0.4431250000000735 
0.25359375000007306 
0.25437500000007307 
0.2606250000000731 
0.20187500000007302 
0.34687500000007315 
0.27687500000007315 
0.3018750000000732 
0.185625000000073 
0.2609375000000731 
0.25437500000007307 
0.20312500000007302 
0.5018750000000733 
0.2506250000000731 
0.23937500000007306 
0.33437500000007314 
0.20312500000007302 
0.2593750000000731 
0.21593750000007303 
0.2581250000000731 
0.21812500000007304 
0.3456250000000732 
0.23937500000007306 
0.33562500000007317 
0.2631250000000731 
0.33437500000007314 
0.26687500000007314 
0.2581250000000731 
0.3346875000000732 
0.2581250000000731 
0.2509375000000731 
0.30937500000007323 
0.28187500000007315 
0.25187500000007307 
0.20468750000007302 
0.23312500000007305 
0.3156250000000734 
0.2523437500000731 
0.2556250000000731 
0.2609375000000731 
0.3471875000000732 
0.25359375000007306 
0.2656250000000731 
0.33468750000007313 
0.25218750000007306 
0.21437500000007303 
0.25437500000007307 
0.34343750000007317 
0.5009375000000733 
0.22437500000007304 
0.21812500000007304 
0.40062500000007323 
0.5009375000000733 
0.3231250000000739 
0.25187500000007307 
0.33593750000007316 
0.185625000000073 
0.34687500000007315 
0.33437500000007314 
0.2531250000000731 
0.33968750000007314 
0.21687500000007304 
0.2596875000000731 
0.2534375000000731 
0.2634375000000731 
0.3131250000000732 
0.33593750000007316 
0.26062500000007316 
0.2631250000000731 
0.20937500000007303 
0.2531250000000731 
0.25187500000007307 
0.163125000000073 
0.26312500000007316 
0.21062500000007303 
0.2631250000000731 
0.25218750000007306 
0.33718750000007314 
0.2631250000000731 
0.28187500000007315 
0.2584375000000731 
0.3118750000000732 
0.25218750000007306 
0.22562500000007304 
0.5009375000000733 
0.2606250000000731 
0.21062500000007303 
0.22312500000007304 
0.2568750000000731 
0.33593750000007316 
0.2556250000000731 
0.33468750000007313 
0.2843750000000736 
0.2806250000000733 
0.2546875000000731 
0.25437500000007307 
0.2506250000000731 
0.21937500000007304 
0.20812500000007303 
0.20562500000007303 
0.22812500000007305 
0.21937500000007304 
0.2521875000000731 
