0.2556250000000732 
0.25109375000007306 
0.25218750000007306 
0.21062500000007303 
0.2581250000000731 
0.2709375000000731 
0.33843750000007317 
0.2506250000000731 
0.2531250000000731 
0.20812500000007303 
0.22437500000007304 
0.2506250000000731 
0.2618750000000732 
0.21312500000007303 
0.2581250000000731 
0.3381250000000732 
0.2806250000000732 
0.2756250000000731 
0.2509375000000731 
0.33468750000007313 
0.2531250000000731 
0.5106250000000734 
0.28562500000007335 
0.21062500000007303 
0.2593750000000731 
0.2531250000000731 
0.21187500000007303 
0.2606250000000731 
0.33437500000007314 
0.2556250000000732 
0.2509375000000731 
0.2556250000000731 
0.2509375000000731 
0.27062500000007317 
0.33562500000007317 
0.24437500000007306 
0.33562500000007317 
0.2543750000000734 
0.2593750000000731 
0.33687500000007314 
0.21312500000007303 
0.33593750000007316 
0.5009375000000733 
0.25437500000007307 
0.20218750000007302 
0.25437500000007307 
0.21687500000007304 
0.30562500000007314 
0.5006250000000734 
0.20468750000007302 
0.2659375000000731 
0.25468750000007306 
0.3534375000000732 
0.22437500000007304 
0.28937500000007316 
0.2581250000000731 
0.33734375000007316 
0.2531250000000731 
0.2521875000000731 
0.3381250000000732 
0.23812500000007306 
0.26187500000007313 
0.5056250000000734 
0.2843750000000731 
0.20312500000007302 
0.25437500000007307 
0.20562500000007303 
0.3721875000000732 
0.24437500000007306 
0.2706250000000731 
0.2559375000000731 
0.3381250000000732 
0.34187500000007315 
0.28937500000007316 
0.2581250000000731 
0.2643750000000733 
0.26937500000007314 
0.33562500000007317 
0.23312500000007316 
0.26437500000007313 
0.3393750000000732 
0.26312500000007344 
0.25109375000007306 
0.26062500000007316 
0.3459375000000732 
0.20562500000007303 
0.2581250000000731 
0.23312500000007305 
0.24687500000007317 
0.2568750000000731 
0.4393750000000733 
0.25609375000007306 
0.33687500000007314 
0.33562500000007317 
0.33562500000007317 
0.2584375000000731 
0.33937500000007315 
0.25109375000007306 
0.3406250000000732 
0.25218750000007306 
0.2568750000000731 
0.27937500000007326 
0.2593750000000731 
0.23437500000007305 
0.3118750000000732 
0.2668750000000731 
0.25109375000007306 
0.3381250000000732 
0.15187500000007298 
0.25437500000007307 
0.33937500000007315 
0.21687500000007304 
0.25218750000007306 
0.33468750000007313 
0.20312500000007302 
0.22187500000007304 
0.202343750000073 
0.2731250000000731 
0.23062500000007305 
0.25187500000007307 
0.27468750000007314 
0.33734375000007316 
0.26312500000007316 
0.20937500000007303 
0.33968750000007314 
0.25437500000007307 
0.2568750000000731 
0.2618750000000731 
0.25437500000007307 
0.2531250000000731 
0.27937500000007326 
0.21937500000007304 
0.26312500000007316 
0.2521875000000731 
0.25218750000007306 
0.2918750000000732 
0.26687500000007314 
0.2531250000000731 
0.2531250000000731 
0.25187500000007307 
0.2506250000000731 
0.25234375000007303 
0.2856250000000733 
0.2806250000000732 
0.33562500000007317 
0.2556250000000731 
0.25359375000007306 
0.2531250000000731 
0.33593750000007316 
0.5018750000000733 
0.2743750000000732 
0.2523437500000731 
0.22437500000007304 
0.2706250000000731 
0.25437500000007307 
0.2631250000000733 
0.2734375000000731 
0.2643750000000731 
0.25437500000007335 
0.34468750000007314 
0.2668750000000731 
0.33562500000007317 
0.25109375000007306 
0.3843750000000733 
0.25468750000007306 
0.27437500000007314 
0.2656250000000731 
0.25468750000007306 
0.27937500000007315 
0.2568750000000731 
0.25218750000007306 
0.33562500000007317 
0.20609375000007302 
0.33437500000007314 
0.2534375000000731 
0.5018750000000733 
0.2523437500000731 
0.3181250000000732 
0.33718750000007314 
0.2556250000000731 
0.25437500000007307 
0.24187500000007306 
0.20562500000007303 
0.178125000000073 
0.3381250000000732 
0.25187500000007307 
0.2743750000000731 
0.2506250000000731 
0.3506250000000733 
0.2784375000000731 
0.2593750000000731 
0.5156250000000734 
0.2531250000000732 
0.2559375000000731 
0.25109375000007306 
0.2509375000000731 
0.37968750000007323 
0.20812500000007303 
0.25359375000007306 
0.3381250000000732 
0.2521875000000731 
0.21687500000007304 
0.2521875000000731 
0.33687500000007314 
0.20562500000007303 
0.25109375000007306 
0.2818750000000731 
0.19687500000007302 
0.33468750000007313 
0.3381250000000732 
0.33812500000007323 
0.25687500000007313 
0.2559375000000731 
0.25812500000007327 
0.21468750000007303 
0.5009375000000733 
0.2523437500000731 
0.2518750000000732 
0.20437500000007303 
0.3256250000000733 
0.2734375000000731 
0.2281250000000731 
0.20437500000007303 
0.21468750000007303 
0.2543750000000732 
0.3068750000000737 
0.2523437500000731 
0.20968750000007302 
0.21218750000007303 
0.25218750000007306 
0.33562500000007317 
0.31812500000007327 
0.25812500000007355 
0.3571875000000732 
0.29062500000007313 
0.33593750000007316 
0.21812500000007304 
0.3381250000000732 
0.2956250000000732 
0.2856250000000732 
0.2571875000000731 
0.33437500000007314 
0.26437500000007313 
0.2643750000000731 
0.27218750000007313 
0.2568750000000731 
0.2943750000000735 
0.21718750000007303 
0.25468750000007306 
0.20562500000007303 
0.2656250000000731 
0.20187500000007302 
0.25187500000007307 
0.21937500000007304 
0.33468750000007313 
0.184375000000073 
0.3043750000000731 
0.26562500000007333 
0.3631250000000732 
0.25687500000007313 
0.25187500000007307 
0.34187500000007315 
0.33468750000007313 
0.2631250000000731 
0.2534375000000731 
0.2893750000000732 
0.23312500000007305 
0.2559375000000731 
0.23562500000007305 
0.25468750000007306 
0.2581250000000731 
0.2593750000000731 
0.2568750000000731 
0.33562500000007317 
0.25312500000007326 
0.169375000000073 
0.2606250000000731 
0.2531250000000731 
0.3546875000000732 
0.2568750000000731 
0.34718750000007315 
0.5059375000000733 
0.34687500000007315 
0.181875000000073 
0.2581250000000731 
0.170625000000073 
0.2546875000000731 
0.2581250000000731 
0.2606250000000731 
0.22187500000007304 
0.25109375000007306 
0.202343750000073 
0.170625000000073 
0.20187500000007302 
0.2531250000000731 
0.33609375000007313 
0.21562500000007304 
0.2843750000000731 
0.2534375000000731 
0.20312500000007302 
