0.28437500000007315 
0.3431250000000732 
0.30062500000007325 
0.3373437500000731 
0.20468750000007302 
0.25109375000007306 
0.25187500000007307 
0.33937500000007315 
0.20687500000007303 
0.34437500000007315 
0.33562500000007317 
0.2568750000000731 
0.34218750000007314 
0.2531250000000731 
0.26312500000007333 
0.33562500000007317 
0.2643750000000735 
0.33718750000007314 
0.30687500000007345 
0.2593750000000731 
0.5006250000000734 
0.2534375000000731 
0.2731250000000731 
0.3459375000000732 
0.33687500000007314 
0.27937500000007315 
0.2493750000000734 
0.3381250000000732 
0.2631250000000731 
0.172187500000073 
0.21062500000007303 
0.5031250000000733 
0.24437500000007306 
0.2596875000000731 
0.2568750000000731 
0.26187500000007313 
0.2531250000000731 
0.2556250000000731 
0.2559375000000731 
0.2831250000000731 
0.5010937500000734 
0.33468750000007313 
0.2706250000000731 
0.33687500000007314 
0.2568750000000731 
0.2534375000000731 
0.23312500000007305 
0.2706250000000731 
0.21562500000007304 
0.33562500000007317 
0.21093750000007302 
0.25187500000007307 
0.25187500000007307 
0.2621875000000731 
0.40812500000007335 
0.2731250000000731 
0.2681250000000731 
0.33562500000007317 
0.202343750000073 
0.25187500000007307 
0.2656250000000731 
0.2509375000000731 
0.2843750000000731 
0.3471875000000732 
0.32937500000007314 
0.29187500000007316 
0.2531250000000731 
0.27187500000007314 
0.3373437500000731 
0.3406250000000732 
0.2684375000000731 
0.34437500000007315 
0.29812500000007314 
0.29062500000007313 
0.33718750000007314 
0.25468750000007306 
0.20437500000007303 
0.25187500000007307 
0.33718750000007314 
0.33687500000007314 
0.23562500000007305 
0.37187500000007334 
0.33593750000007316 
0.23312500000007305 
0.33968750000007314 
0.3348437500000731 
0.2856250000000737 
0.33593750000007316 
0.5009375000000733 
0.20937500000007303 
0.2534375000000731 
0.20562500000007303 
0.26937500000007314 
0.33437500000007314 
0.25187500000007307 
0.2681250000000731 
0.23562500000007305 
0.33687500000007314 
0.33937500000007315 
0.201093750000073 
0.5006250000000734 
0.25968750000007307 
0.20937500000007303 
0.2518750000000731 
0.3731250000000732 
0.33687500000007314 
0.25718750000007307 
0.3348437500000731 
0.2684375000000731 
0.20812500000007303 
0.21312500000007303 
0.28937500000007316 
0.25187500000007307 
0.5006250000000734 
0.20593750000007302 
0.33437500000007314 
0.20687500000007303 
0.25187500000007307 
0.33562500000007317 
0.25218750000007306 
0.25437500000007307 
0.2893750000000731 
0.3381250000000732 
0.20687500000007303 
0.21062500000007303 
0.33562500000007317 
0.2556250000000732 
0.33437500000007314 
0.2693750000000732 
0.2693750000000735 
0.2743750000000732 
0.33718750000007314 
0.33562500000007317 
0.33937500000007337 
0.2568750000000731 
0.21812500000007304 
0.27437500000007314 
0.2531250000000731 
0.33593750000007316 
0.3521875000000732 
0.2631250000000731 
0.33562500000007317 
0.25468750000007306 
0.26187500000007324 
0.2768750000000731 
0.3131250000000732 
0.21187500000007303 
0.2534375000000731 
0.2668750000000735 
0.2506250000000731 
0.5156250000000734 
0.21187500000007303 
0.2593750000000731 
0.2643750000000731 
0.33562500000007317 
0.20562500000007303 
0.2568750000000731 
0.5006250000000734 
0.20312500000007302 
0.24937500000007312 
0.2568750000000731 
0.2656250000000731 
0.2621875000000731 
0.2581250000000731 
0.3456250000000732 
0.27062500000007317 
0.34343750000007317 
0.22312500000007304 
0.2609375000000731 
0.20062500000007302 
0.27187500000007314 
0.2568750000000731 
0.2781250000000731 
0.5084375000000733 
0.33937500000007315 
0.33718750000007314 
0.31187500000007323 
0.2506250000000732 
0.2531250000000731 
0.25359375000007306 
0.33593750000007316 
0.26218750000007307 
0.3431250000000732 
0.25187500000007307 
0.33593750000007316 
0.2531250000000731 
0.2523437500000731 
0.21937500000007304 
0.5006250000000734 
0.33562500000007317 
0.2581250000000731 
0.2818750000000731 
0.2506250000000731 
0.2643750000000731 
0.22187500000007304 
0.21187500000007303 
0.3606250000000732 
0.21937500000007304 
0.22312500000007304 
0.2743750000000732 
0.3406250000000732 
0.25218750000007306 
0.29312500000007347 
0.22062500000007304 
0.2509375000000731 
0.22562500000007304 
0.25218750000007306 
0.33687500000007314 
0.2509375000000731 
0.25437500000007307 
0.23312500000007305 
0.25437500000007307 
0.21562500000007304 
0.2618750000000731 
0.26687500000007314 
0.21109375000007302 
0.2643750000000731 
0.25218750000007306 
0.20812500000007303 
0.2568750000000731 
0.2956250000000733 
0.25187500000007307 
0.19312500000007302 
0.2534375000000731 
0.33437500000007314 
0.2618750000000731 
0.2534375000000731 
0.25359375000007306 
0.22812500000007305 
0.20343750000007302 
0.21062500000007303 
0.33562500000007317 
0.2568750000000731 
0.2581250000000731 
0.2643750000000731 
0.2534375000000731 
0.3356250000000735 
0.21312500000007303 
0.21187500000007303 
0.26687500000007314 
0.19437500000007302 
0.24187500000007306 
0.25437500000007307 
0.2621875000000731 
0.20718750000007302 
0.25109375000007306 
0.2584375000000731 
0.25437500000007307 
0.22187500000007304 
0.2618750000000731 
0.20312500000007302 
0.28812500000007313 
0.33437500000007314 
0.25718750000007307 
0.26187500000007313 
0.2559375000000731 
0.27937500000007315 
0.2509375000000731 
0.33437500000007314 
0.33437500000007314 
0.33687500000007314 
0.28937500000007316 
0.28187500000007315 
0.2981250000000732 
0.20312500000007302 
0.33562500000007317 
0.20562500000007303 
0.33562500000007317 
0.25359375000007306 
0.26062500000007316 
0.22312500000007304 
0.2556250000000731 
0.22437500000007304 
0.25218750000007306 
0.2556250000000731 
0.3343750000000732 
0.33937500000007315 
0.5131250000000733 
0.2656250000000731 
0.2756250000000732 
0.27937500000007315 
0.26937500000007314 
0.22812500000007305 
0.25218750000007306 
0.3348437500000731 
0.2509375000000731 
0.21812500000007304 
0.22687500000007305 
0.28187500000007315 
0.34187500000007315 
0.28937500000007316 
0.2606250000000731 
0.33468750000007313 
0.174375000000073 
0.2556250000000731 
0.22187500000007304 
0.29062500000007313 
0.3581250000000732 
0.21687500000007304 
0.33562500000007317 
