0.12187500000007294 
0.171875000000073 
0.14687500000007297 
0.15937500000007299 
0.178125000000073 
0.11937500000007294 
0.14062500000007297 
0.13437500000007296 
0.11562500000007293 
0.11687500000007293 
0.11937500000007294 
0.184375000000073 
0.164375000000073 
0.20562500000007303 
0.12562500000007296 
0.11562500000007293 
0.14062500000007297 
0.19312500000007302 
0.12312500000007294 
0.12812500000007296 
0.170625000000073 
0.175625000000073 
0.15937500000007299 
0.13312500000007296 
0.13062500000007296 
0.13937500000007297 
0.19562500000007302 
0.186875000000073 
0.15437500000007298 
0.11437500000007293 
0.14062500000007297 
0.12062500000007294 
0.173125000000073 
0.164375000000073 
0.175625000000073 
0.11437500000007293 
0.14312500000007297 
0.174375000000073 
0.2293750000000731 
0.11812500000007294 
0.12937500000007296 
0.176875000000073 
0.23312500000007305 
0.14937500000007298 
0.12312500000007294 
0.15062500000007298 
0.164375000000073 
0.13312500000007296 
0.19937500000007302 
0.21062500000007303 
0.14187500000007297 
0.15562500000007298 
0.181875000000073 
0.11437500000007293 
0.179375000000073 
0.161875000000073 
0.178125000000073 
0.170625000000073 
0.171875000000073 
0.11187500000007293 
0.11312500000007293 
0.12187500000007294 
0.20812500000007303 
0.181875000000073 
0.169375000000073 
0.15312500000007298 
0.14187500000007297 
0.12812500000007296 
0.12937500000007296 
0.11562500000007293 
0.15187500000007298 
0.14812500000007298 
0.11562500000007293 
0.12437500000007294 
0.174375000000073 
0.14687500000007297 
0.13437500000007296 
0.13062500000007296 
0.10312500000007292 
0.2306250000000731 
0.14812500000007298 
0.176875000000073 
0.21812500000007304 
0.12562500000007296 
0.12812500000007296 
0.13187500000007296 
0.160625000000073 
0.14312500000007297 
0.13937500000007297 
0.14812500000007298 
0.11062500000007293 
0.13687500000007297 
0.14812500000007298 
0.14187500000007297 
0.178125000000073 
0.13062500000007296 
0.12062500000007294 
0.12062500000007294 
0.19437500000007302 
0.164375000000073 
0.171875000000073 
0.11562500000007293 
0.12812500000007296 
0.09437500000007294 
0.11937500000007294 
0.170625000000073 
0.14562500000007297 
0.164375000000073 
0.14187500000007297 
0.19937500000007302 
0.12437500000007294 
0.11562500000007293 
0.14312500000007297 
0.12562500000007296 
0.14687500000007297 
0.189375000000073 
0.14312500000007297 
0.19312500000007302 
0.11687500000007293 
0.188125000000073 
0.15937500000007299 
0.09687500000007292 
0.11437500000007293 
0.13812500000007297 
0.13187500000007296 
0.12812500000007296 
0.184375000000073 
0.178125000000073 
0.13312500000007296 
0.2293750000000731 
0.11062500000007293 
0.14562500000007297 
0.2556250000000732 
0.178125000000073 
0.13687500000007297 
0.170625000000073 
0.15062500000007298 
0.12562500000007296 
0.14187500000007297 
0.2381250000000734 
0.164375000000073 
0.12687500000007296 
0.166875000000073 
0.12937500000007296 
0.22937500000007305 
0.169375000000073 
0.160625000000073 
0.13687500000007297 
0.26812500000007383 
0.09562500000007293 
0.12062500000007294 
0.10937500000007293 
0.15562500000007298 
0.12812500000007296 
0.14812500000007298 
0.12687500000007296 
0.12937500000007296 
0.11312500000007293 
0.15312500000007298 
0.170625000000073 
0.169375000000073 
0.14562500000007297 
0.11312500000007293 
0.15187500000007298 
0.11562500000007293 
0.12937500000007296 
0.12062500000007294 
0.11562500000007293 
0.15312500000007298 
0.183125000000073 
0.170625000000073 
0.186875000000073 
0.12312500000007294 
0.14687500000007297 
0.14812500000007298 
0.12687500000007296 
0.179375000000073 
0.13187500000007296 
0.164375000000073 
0.165625000000073 
0.11437500000007293 
0.174375000000073 
0.166875000000073 
0.11437500000007293 
0.10812500000007293 
0.14312500000007297 
0.169375000000073 
0.12562500000007296 
0.171875000000073 
0.13812500000007297 
0.11562500000007295 
0.13687500000007297 
0.170625000000073 
0.15062500000007298 
0.15562500000007298 
0.14562500000007297 
0.185625000000073 
0.12187500000007294 
0.169375000000073 
0.12937500000007296 
0.161875000000073 
0.12812500000007296 
0.29437500000007394 
0.12687500000007296 
0.33812500000007417 
0.21437500000007303 
0.13187500000007296 
0.178125000000073 
0.174375000000073 
0.14187500000007297 
0.14437500000007297 
0.11812500000007294 
0.176875000000073 
0.13812500000007297 
0.19437500000007302 
0.14812500000007298 
0.15187500000007298 
0.174375000000073 
0.185625000000073 
0.181875000000073 
0.10687500000007293 
0.11562500000007293 
0.15187500000007298 
0.13937500000007297 
0.14562500000007297 
0.170625000000073 
0.12437500000007294 
0.10937500000007293 
0.13187500000007296 
0.12812500000007296 
0.15937500000007299 
0.14187500000007297 
0.166875000000073 
0.11437500000007293 
0.13687500000007297 
0.13812500000007297 
0.12562500000007296 
0.13437500000007296 
0.20562500000007303 
0.179375000000073 
0.13562500000007296 
0.169375000000073 
0.12562500000007296 
0.13062500000007296 
0.20687500000007303 
0.164375000000073 
0.15312500000007298 
0.23062500000007316 
0.33312500000007417 
0.13687500000007297 
0.12062500000007294 
0.14937500000007298 
0.170625000000073 
0.13187500000007296 
0.13562500000007296 
0.10812500000007293 
0.14562500000007297 
0.14062500000007297 
0.169375000000073 
0.11687500000007293 
0.12937500000007296 
0.19937500000007302 
0.169375000000073 
0.13187500000007296 
0.186875000000073 
0.11812500000007294 
0.13062500000007296 
0.15187500000007298 
0.13437500000007296 
0.11937500000007294 
0.161875000000073 
0.2631250000000736 
0.10687500000007293 
0.11187500000007293 
0.15687500000007298 
0.14437500000007297 
0.21062500000007303 
0.14062500000007297 
0.14312500000007297 
0.12937500000007296 
0.12187500000007294 
0.12937500000007296 
0.13812500000007297 
0.168125000000073 
0.11437500000007293 
0.14187500000007297 
0.169375000000073 
0.12562500000007296 
0.13187500000007296 
0.14312500000007297 
0.169375000000073 
0.11812500000007294 
0.11312500000007293 
0.12937500000007296 
0.12937500000007296 
0.12312500000007294 
0.171875000000073 
0.11437500000007293 
0.12937500000007296 
0.170625000000073 
