0.166875000000073 
0.22062500000007304 
0.168437500000073 
0.23312500000007305 
0.190625000000073 
0.188125000000073 
0.178125000000073 
0.2768750000000738 
0.21937500000007304 
0.20687500000007303 
0.22687500000007305 
0.20187500000007302 
0.19937500000007302 
0.176875000000073 
0.19937500000007302 
0.21187500000007303 
0.2806250000000733 
0.175625000000073 
0.189375000000073 
0.190625000000073 
0.13437500000007296 
0.28187500000007315 
0.19687500000007302 
0.176875000000073 
0.23312500000007305 
0.19437500000007302 
0.2606250000000731 
0.2943750000000739 
0.19562500000007302 
0.186875000000073 
0.14437500000007297 
0.21437500000007303 
0.14937500000007298 
0.166875000000073 
0.181875000000073 
0.25187500000007307 
0.23812500000007306 
0.19687500000007302 
0.21687500000007304 
0.22062500000007304 
0.20187500000007302 
0.183125000000073 
0.19687500000007302 
0.2559375000000731 
0.19562500000007302 
0.163125000000073 
0.30062500000007386 
0.178125000000073 
0.20312500000007302 
0.2843750000000733 
0.181875000000073 
0.2506250000000736 
0.190625000000073 
0.19937500000007302 
0.185625000000073 
0.15812500000007298 
0.23062500000007305 
0.161875000000073 
0.20343750000007302 
0.2556250000000733 
0.19937500000007302 
0.22187500000007304 
0.183125000000073 
0.24687500000007356 
0.19812500000007302 
0.25437500000007307 
0.180625000000073 
0.176875000000073 
0.20812500000007303 
0.19187500000007301 
0.169375000000073 
0.21187500000007303 
0.174375000000073 
0.181875000000073 
0.23937500000007322 
0.168125000000073 
0.21312500000007303 
0.189375000000073 
0.22937500000007305 
0.24687500000007345 
0.20062500000007302 
0.20562500000007303 
0.20812500000007303 
0.171875000000073 
0.186875000000073 
0.189375000000073 
0.2556250000000731 
0.21562500000007304 
0.15812500000007298 
0.176875000000073 
0.183125000000073 
0.2468750000000735 
0.15187500000007298 
0.2656250000000731 
0.16468750000007298 
0.164375000000073 
0.188125000000073 
0.176875000000073 
0.19937500000007302 
0.190625000000073 
0.169687500000073 
0.15562500000007298 
0.15812500000007298 
0.164375000000073 
0.26187500000007313 
0.179375000000073 
0.13562500000007296 
0.22187500000007304 
0.19437500000007302 
0.2531250000000731 
0.178125000000073 
0.25437500000007307 
0.173125000000073 
0.168437500000073 
0.183125000000073 
0.169687500000073 
0.2581250000000733 
0.185625000000073 
0.19187500000007301 
0.171875000000073 
0.15937500000007299 
0.188125000000073 
0.19562500000007302 
0.19437500000007302 
0.21062500000007303 
0.19937500000007302 
0.26187500000007324 
0.22062500000007304 
0.19812500000007302 
0.172187500000073 
0.163125000000073 
0.175625000000073 
0.15062500000007298 
0.19968750000007301 
0.178125000000073 
0.176875000000073 
0.175625000000073 
0.2518750000000731 
0.168125000000073 
0.20562500000007303 
0.19562500000007302 
0.2531250000000731 
0.2518750000000731 
0.190625000000073 
0.178125000000073 
0.179375000000073 
0.19437500000007302 
0.14343750000007296 
0.19187500000007301 
0.178125000000073 
0.183125000000073 
0.20687500000007303 
0.19937500000007302 
0.29187500000007366 
0.29937500000007383 
0.19437500000007302 
0.186875000000073 
0.21062500000007303 
0.19437500000007302 
0.173125000000073 
0.15312500000007298 
0.25187500000007307 
0.175937500000073 
0.19562500000007302 
0.22812500000007305 
0.2531250000000731 
0.19312500000007302 
0.19187500000007301 
0.172187500000073 
0.20937500000007303 
0.179375000000073 
0.25187500000007307 
0.170625000000073 
0.188125000000073 
0.20562500000007303 
0.2531250000000731 
0.180625000000073 
0.22312500000007304 
0.173125000000073 
0.20687500000007303 
0.180625000000073 
0.161875000000073 
0.19562500000007302 
0.188125000000073 
0.20937500000007303 
0.183125000000073 
0.181875000000073 
0.14937500000007298 
0.20812500000007303 
0.20937500000007303 
0.24187500000007328 
0.23218750000007304 
0.20937500000007303 
0.21562500000007304 
0.19187500000007301 
0.30437500000007317 
0.22437500000007304 
0.188125000000073 
0.21437500000007303 
0.19187500000007301 
0.21812500000007304 
0.20562500000007303 
0.3306250000000732 
0.19312500000007302 
0.23187500000007305 
0.2756250000000732 
0.25187500000007307 
0.19937500000007302 
0.19937500000007302 
0.19437500000007302 
0.21687500000007304 
0.180625000000073 
0.170625000000073 
0.3659375000000732 
0.181875000000073 
0.21812500000007304 
0.170625000000073 
0.190625000000073 
0.23687500000007305 
0.23593750000007305 
0.164375000000073 
0.20062500000007302 
0.181875000000073 
0.23062500000007316 
0.20312500000007302 
0.22687500000007305 
0.173125000000073 
0.21312500000007303 
0.176875000000073 
0.2606250000000731 
0.25187500000007307 
0.15062500000007298 
0.24562500000007345 
0.169375000000073 
0.15812500000007298 
0.2531250000000731 
0.25187500000007307 
0.24437500000007328 
0.169375000000073 
0.2556250000000732 
0.186875000000073 
0.165625000000073 
0.20218750000007302 
0.27937500000007315 
0.185625000000073 
0.183125000000073 
0.170625000000073 
0.190625000000073 
0.24812500000007362 
0.175625000000073 
0.171875000000073 
0.22937500000007305 
0.189375000000073 
0.176875000000073 
0.183125000000073 
0.14812500000007298 
0.19312500000007302 
0.14812500000007298 
0.2531250000000731 
0.171875000000073 
0.184375000000073 
0.25437500000007307 
0.176875000000073 
0.171875000000073 
0.174375000000073 
0.21812500000007304 
0.15562500000007298 
0.20562500000007303 
0.25187500000007307 
0.2606250000000731 
0.183125000000073 
0.177187500000073 
0.176875000000073 
0.186875000000073 
0.15937500000007299 
0.189375000000073 
0.2793750000000731 
0.20187500000007302 
0.160625000000073 
0.186875000000073 
0.184687500000073 
0.181875000000073 
0.190625000000073 
0.185625000000073 
0.14562500000007297 
0.20937500000007303 
0.15687500000007298 
0.176875000000073 
0.166875000000073 
0.169375000000073 
0.168437500000073 
0.179687500000073 
0.2534375000000731 
0.23062500000007305 
0.2518750000000731 
0.24312500000007345 
0.2531250000000731 
0.42437500000007344 
0.2756250000000731 
0.21312500000007303 
