0.179375000000073 
0.173437500000073 
0.180625000000073 
0.20812500000007303 
0.15437500000007298 
0.15687500000007298 
0.25187500000007307 
0.15062500000007298 
0.12812500000007296 
0.173125000000073 
0.168125000000073 
0.23937500000007306 
0.2406250000000731 
0.185625000000073 
0.19312500000007302 
0.15437500000007298 
0.3143750000000739 
0.188125000000073 
0.19562500000007302 
0.13187500000007296 
0.25187500000007307 
0.169375000000073 
0.14187500000007297 
0.14562500000007297 
0.163125000000073 
0.169375000000073 
0.176875000000073 
0.22312500000007304 
0.13437500000007296 
0.176875000000073 
0.190625000000073 
0.25687500000007313 
0.24562500000007345 
0.178125000000073 
0.25187500000007307 
0.20187500000007302 
0.15937500000007299 
0.190625000000073 
0.25187500000007307 
0.13062500000007296 
0.172187500000073 
0.168437500000073 
0.14812500000007298 
0.169375000000073 
0.14562500000007297 
0.174375000000073 
0.13562500000007296 
0.174375000000073 
0.173125000000073 
0.189375000000073 
0.12937500000007296 
0.25312500000007315 
0.166875000000073 
0.21562500000007304 
0.188125000000073 
0.185625000000073 
0.165625000000073 
0.180625000000073 
0.170937500000073 
0.170625000000073 
0.186875000000073 
0.19437500000007302 
0.25812500000007316 
0.25187500000007307 
0.21187500000007303 
0.173125000000073 
0.14437500000007297 
0.183125000000073 
0.13187500000007296 
0.168437500000073 
0.13812500000007297 
0.11312500000007293 
0.171875000000073 
0.20312500000007302 
0.19312500000007302 
0.164375000000073 
0.15312500000007298 
0.13812500000007297 
0.14687500000007297 
0.22937500000007305 
0.169375000000073 
0.179375000000073 
0.178125000000073 
0.178125000000073 
0.181875000000073 
0.19562500000007302 
0.19187500000007301 
0.185625000000073 
0.2543750000000731 
0.170625000000073 
0.20937500000007303 
0.168125000000073 
0.14187500000007297 
0.179375000000073 
0.11937500000007294 
0.13687500000007297 
0.190625000000073 
0.15812500000007298 
0.189375000000073 
0.14687500000007297 
0.174375000000073 
0.169375000000073 
0.174375000000073 
0.173125000000073 
0.181875000000073 
0.174375000000073 
0.186875000000073 
0.13437500000007296 
0.2631250000000737 
0.14437500000007297 
0.19562500000007302 
0.184375000000073 
0.179375000000073 
0.170625000000073 
0.21187500000007303 
0.168437500000073 
0.14937500000007298 
0.168125000000073 
0.13687500000007297 
0.169375000000073 
0.13312500000007296 
0.20562500000007303 
0.181875000000073 
0.15312500000007298 
0.14812500000007298 
0.25187500000007307 
0.13187500000007296 
0.171875000000073 
0.2506250000000735 
0.190625000000073 
0.174375000000073 
0.12687500000007296 
0.22343750000007304 
0.169375000000073 
0.170625000000073 
0.173125000000073 
0.170625000000073 
0.14187500000007297 
0.20062500000007302 
0.13937500000007297 
0.179375000000073 
0.14937500000007298 
0.168125000000073 
0.168125000000073 
0.179375000000073 
0.20062500000007302 
0.20062500000007302 
0.174375000000073 
0.2518750000000731 
0.15937500000007299 
0.168437500000073 
0.160625000000073 
0.12687500000007296 
0.15937500000007299 
0.2531250000000731 
0.179375000000073 
0.20562500000007303 
0.15687500000007298 
0.13562500000007296 
0.180625000000073 
0.19437500000007302 
0.170625000000073 
0.22562500000007304 
0.15062500000007298 
0.171875000000073 
0.170625000000073 
0.176875000000073 
0.3393750000000741 
0.13062500000007296 
0.20437500000007303 
0.24562500000007306 
0.170625000000073 
0.165625000000073 
0.21562500000007304 
0.15437500000007298 
0.169375000000073 
0.14687500000007297 
0.20562500000007303 
0.3881250000000733 
0.166875000000073 
0.171875000000073 
0.26437500000007313 
0.168125000000073 
0.15437500000007298 
0.168125000000073 
0.170625000000073 
0.176875000000073 
0.176875000000073 
0.15812500000007298 
0.12843750000007295 
0.169375000000073 
0.15312500000007298 
0.12187500000007294 
0.174375000000073 
0.168125000000073 
0.15312500000007298 
0.163125000000073 
0.19937500000007302 
0.165625000000073 
0.169375000000073 
0.13187500000007296 
0.170625000000073 
0.15562500000007298 
0.180625000000073 
0.14812500000007298 
0.15312500000007298 
0.21812500000007304 
0.174375000000073 
0.169375000000073 
0.173125000000073 
0.22437500000007304 
0.14687500000007297 
0.13187500000007296 
0.23562500000007344 
0.179375000000073 
0.2668750000000736 
0.22437500000007304 
0.27187500000007386 
0.21437500000007303 
0.12937500000007296 
0.176875000000073 
0.176875000000073 
0.2543750000000732 
0.15937500000007299 
0.14312500000007297 
0.188125000000073 
0.179375000000073 
0.10812500000007293 
0.168125000000073 
0.13562500000007296 
0.168437500000073 
0.15187500000007298 
0.21437500000007303 
0.170625000000073 
0.15687500000007298 
0.19687500000007302 
0.171875000000073 
0.181875000000073 
0.24937500000007312 
0.14312500000007297 
0.13062500000007296 
0.15687500000007298 
0.14562500000007297 
0.22562500000007304 
0.13437500000007296 
0.166875000000073 
0.24062500000007317 
0.186875000000073 
0.168125000000073 
0.24437500000007306 
0.14687500000007297 
0.19562500000007302 
0.189375000000073 
0.20812500000007303 
0.178125000000073 
0.175625000000073 
0.178125000000073 
0.166875000000073 
0.173125000000073 
0.14312500000007297 
0.19187500000007301 
0.12687500000007296 
0.14312500000007297 
0.14937500000007298 
0.188125000000073 
0.19437500000007302 
0.13812500000007297 
0.181875000000073 
0.169375000000073 
0.14812500000007298 
0.175625000000073 
0.169375000000073 
0.2656250000000737 
0.184375000000073 
0.2268750000000731 
0.15937500000007299 
0.168437500000073 
0.173125000000073 
0.174375000000073 
0.169375000000073 
0.13437500000007296 
0.22562500000007304 
0.176875000000073 
0.168437500000073 
0.13062500000007296 
0.14437500000007297 
0.186875000000073 
0.170625000000073 
0.14437500000007297 
0.14937500000007298 
0.13187500000007296 
0.179375000000073 
0.174375000000073 
0.175625000000073 
0.166875000000073 
0.173125000000073 
0.174375000000073 
0.21187500000007303 
0.168125000000073 
0.13062500000007296 
