0.161875000000073 
0.19312500000007302 
0.184375000000073 
0.19687500000007302 
0.22062500000007304 
0.179375000000073 
0.168437500000073 
0.15812500000007298 
0.19937500000007302 
0.19312500000007302 
0.169375000000073 
0.15062500000007298 
0.13937500000007297 
0.189375000000073 
0.170625000000073 
0.190625000000073 
0.170625000000073 
0.15312500000007298 
0.14437500000007297 
0.15437500000007298 
0.35812500000007397 
0.170625000000073 
0.12687500000007296 
0.170625000000073 
0.178125000000073 
0.174375000000073 
0.19312500000007302 
0.168125000000073 
0.168125000000073 
0.170625000000073 
0.169687500000073 
0.14312500000007297 
0.14937500000007298 
0.168437500000073 
0.19937500000007302 
0.15312500000007298 
0.20312500000007302 
0.15562500000007298 
0.12812500000007296 
0.179375000000073 
0.15687500000007298 
0.172187500000073 
0.168437500000073 
0.21812500000007304 
0.26062500000007366 
0.174375000000073 
0.14812500000007298 
0.13687500000007297 
0.13937500000007297 
0.21062500000007303 
0.15562500000007298 
0.171875000000073 
0.13687500000007297 
0.169375000000073 
0.169375000000073 
0.15187500000007298 
0.26687500000007375 
0.170625000000073 
0.169375000000073 
0.13062500000007296 
0.19937500000007302 
0.2534375000000731 
0.13468750000007296 
0.160625000000073 
0.15562500000007298 
0.174375000000073 
0.14437500000007297 
0.2731250000000736 
0.168125000000073 
0.20562500000007303 
0.09562500000007294 
0.181875000000073 
0.189375000000073 
0.21687500000007304 
0.15937500000007299 
0.168125000000073 
0.170625000000073 
0.15062500000007298 
0.170625000000073 
0.21312500000007303 
0.179375000000073 
0.186875000000073 
0.188125000000073 
0.22187500000007304 
0.13937500000007297 
0.13062500000007296 
0.12687500000007296 
0.15812500000007298 
0.14062500000007297 
0.161875000000073 
0.174375000000073 
0.168125000000073 
0.15312500000007298 
0.169375000000073 
0.174375000000073 
0.20687500000007303 
0.175625000000073 
0.12812500000007296 
0.168125000000073 
0.186875000000073 
0.14687500000007297 
0.183125000000073 
0.168125000000073 
0.175625000000073 
0.24062500000007317 
0.14437500000007297 
0.168437500000073 
0.160625000000073 
0.168125000000073 
0.169375000000073 
0.176875000000073 
0.163125000000073 
0.13937500000007297 
0.14562500000007297 
0.14812500000007298 
0.12718750000007295 
0.15062500000007298 
0.169375000000073 
0.170625000000073 
0.15062500000007298 
0.13937500000007297 
0.13812500000007297 
0.2568750000000731 
0.170625000000073 
0.173437500000073 
0.14062500000007297 
0.13062500000007296 
0.169375000000073 
0.178125000000073 
0.171875000000073 
0.23437500000007305 
0.20437500000007303 
0.170625000000073 
0.23687500000007328 
0.15687500000007298 
0.15187500000007298 
0.15437500000007298 
0.169375000000073 
0.22562500000007304 
0.170625000000073 
0.23562500000007328 
0.170625000000073 
0.15312500000007298 
0.20187500000007302 
0.20812500000007303 
0.21062500000007303 
0.20062500000007302 
0.175625000000073 
0.179375000000073 
0.169375000000073 
0.175625000000073 
0.12937500000007296 
0.25187500000007307 
0.19562500000007302 
0.20812500000007303 
0.169375000000073 
0.176875000000073 
0.15687500000007298 
0.20187500000007302 
0.185625000000073 
0.15812500000007298 
0.21812500000007304 
0.31312500000007365 
0.170625000000073 
0.14937500000007298 
0.20062500000007302 
0.15562500000007298 
0.19812500000007302 
0.14687500000007297 
0.12687500000007296 
0.14312500000007297 
0.15562500000007298 
0.13562500000007296 
0.170625000000073 
0.176875000000073 
0.164375000000073 
0.20062500000007302 
0.169375000000073 
0.174375000000073 
0.20187500000007302 
0.174375000000073 
0.173125000000073 
0.168125000000073 
0.189375000000073 
0.19562500000007302 
0.15062500000007298 
0.15062500000007298 
0.179375000000073 
0.14937500000007298 
0.170625000000073 
0.14062500000007297 
0.21437500000007303 
0.19437500000007302 
0.174375000000073 
0.185625000000073 
0.160625000000073 
0.2546875000000731 
0.170625000000073 
0.170625000000073 
0.168437500000073 
0.168125000000073 
0.13937500000007297 
0.21312500000007303 
0.2568750000000731 
0.14812500000007298 
0.19687500000007302 
0.13062500000007296 
0.169375000000073 
0.15312500000007298 
0.170625000000073 
0.2356250000000734 
0.13437500000007296 
0.2518750000000732 
0.15687500000007298 
0.164375000000073 
0.175625000000073 
0.12812500000007296 
0.173125000000073 
0.13812500000007297 
0.170625000000073 
0.178125000000073 
0.20687500000007303 
0.169375000000073 
0.168125000000073 
0.181875000000073 
0.21312500000007303 
0.14812500000007298 
0.13062500000007296 
0.13187500000007296 
0.169375000000073 
0.21312500000007303 
0.171875000000073 
0.13812500000007297 
0.20437500000007303 
0.19562500000007302 
0.169687500000073 
0.160625000000073 
0.20687500000007303 
0.168437500000073 
0.25187500000007307 
0.22937500000007321 
0.176875000000073 
0.169375000000073 
0.14187500000007297 
0.19562500000007302 
0.20437500000007303 
0.184375000000073 
0.185625000000073 
0.178437500000073 
0.179375000000073 
0.179375000000073 
0.178125000000073 
0.180625000000073 
0.14437500000007297 
0.2531250000000731 
0.14562500000007297 
0.20062500000007302 
0.13937500000007297 
0.178125000000073 
0.14437500000007297 
0.13937500000007297 
0.14062500000007297 
0.171875000000073 
0.15562500000007298 
0.175625000000073 
0.173125000000073 
0.13937500000007297 
0.14687500000007297 
0.25312500000007315 
0.190625000000073 
0.11562500000007293 
0.171875000000073 
0.174375000000073 
0.161875000000073 
0.176875000000073 
0.14687500000007297 
0.22312500000007304 
0.175625000000073 
0.12937500000007296 
0.176875000000073 
0.179375000000073 
0.169375000000073 
0.19687500000007302 
0.13437500000007296 
0.171875000000073 
0.174375000000073 
0.12812500000007296 
0.181875000000073 
0.22312500000007304 
0.15937500000007299 
0.185625000000073 
0.15312500000007298 
0.26937500000007364 
0.21187500000007303 
0.175625000000073 
0.19312500000007302 
0.168125000000073 
0.13937500000007297 
0.22812500000007305 
0.10218750000007294 
