0.5006250000000734 
0.30812500000007315 
0.22812500000007305 
0.24187500000007306 
0.2509375000000731 
0.3268750000000732 
0.33468750000007313 
0.2531250000000731 
0.173437500000073 
0.20187500000007302 
0.2584375000000731 
0.25468750000007306 
0.2556250000000731 
0.3506250000000732 
0.3671875000000732 
0.33484375000007316 
0.2618750000000731 
0.2731250000000731 
0.38312500000007355 
0.25187500000007307 
0.33937500000007315 
0.33937500000007315 
0.33437500000007314 
0.33687500000007314 
0.33562500000007317 
0.3268750000000732 
0.2768750000000731 
0.2606250000000731 
0.33562500000007317 
0.2581250000000731 
0.2906250000000734 
0.2506250000000731 
0.27937500000007315 
0.33437500000007314 
0.2618750000000731 
0.2556250000000731 
0.20343750000007302 
0.20312500000007302 
0.2818750000000731 
0.20718750000007302 
0.20937500000007303 
0.2509375000000731 
0.31062500000007315 
0.28187500000007315 
0.23187500000007305 
0.33937500000007315 
0.20359375000007301 
0.2543750000000731 
0.33562500000007317 
0.29562500000007313 
0.3943750000000732 
0.25187500000007307 
0.2634375000000731 
0.2534375000000731 
0.27687500000007315 
0.2631250000000731 
0.2506250000000731 
0.20593750000007302 
0.21812500000007304 
0.21187500000007303 
0.26562500000007316 
0.3406250000000732 
0.25437500000007307 
0.2706250000000731 
0.21687500000007304 
0.5006250000000734 
0.25187500000007307 
0.20437500000007303 
0.20687500000007303 
0.20437500000007303 
0.20718750000007302 
0.21562500000007304 
0.2759375000000731 
0.2584375000000731 
0.3406250000000732 
0.2631250000000737 
0.3381250000000732 
0.2531250000000731 
0.21687500000007304 
0.33437500000007314 
0.3381250000000732 
0.23687500000007305 
0.2556250000000731 
0.20968750000007302 
0.3206250000000733 
0.2668750000000731 
0.3381250000000732 
0.3446875000000732 
0.20359375000007301 
0.25187500000007307 
0.37937500000007324 
0.21593750000007303 
0.23062500000007305 
0.2668750000000731 
0.29437500000007316 
0.33937500000007315 
0.20718750000007302 
0.2518750000000731 
0.20562500000007303 
0.3431250000000732 
0.20437500000007303 
0.33593750000007316 
0.33437500000007314 
0.25437500000007307 
0.33843750000007317 
0.3381250000000732 
0.20312500000007302 
0.2718750000000731 
0.23437500000007305 
0.2531250000000731 
0.22312500000007304 
0.2559375000000731 
0.23062500000007305 
0.2559375000000731 
0.2581250000000731 
0.2818750000000734 
0.20437500000007303 
0.33562500000007317 
0.21937500000007304 
0.3431250000000732 
0.34937500000007343 
0.25359375000007306 
0.2556250000000731 
0.2556250000000731 
0.2534375000000731 
0.22812500000007305 
0.2731250000000731 
0.2781250000000731 
0.2543750000000731 
0.25437500000007307 
0.23562500000007305 
0.2681250000000731 
0.2568750000000731 
0.33609375000007313 
0.23187500000007305 
0.2509375000000731 
0.33937500000007315 
0.2643750000000731 
0.33843750000007317 
0.33437500000007314 
0.33562500000007317 
0.33968750000007314 
0.22312500000007304 
0.33437500000007314 
0.33484375000007316 
0.25187500000007307 
0.184375000000073 
0.2668750000000731 
0.3406250000000732 
0.2518750000000731 
0.24187500000007306 
0.20812500000007303 
0.3756250000000732 
0.25609375000007306 
0.22437500000007304 
0.33609375000007313 
0.2856250000000731 
0.2656250000000731 
0.26218750000007307 
0.5006250000000734 
0.25468750000007306 
0.29062500000007313 
0.33687500000007314 
0.33562500000007317 
0.31812500000007343 
0.21062500000007303 
0.2581250000000731 
0.23187500000007305 
0.2581250000000731 
0.2931250000000732 
0.3406250000000732 
0.20093750000007302 
0.33718750000007314 
0.22562500000007304 
0.33437500000007314 
0.2509375000000731 
0.26468750000007313 
0.25937500000007313 
0.34437500000007315 
0.3093750000000732 
0.2581250000000731 
0.33437500000007314 
0.184375000000073 
0.2831250000000731 
0.3356250000000733 
0.5006250000000734 
0.25437500000007324 
0.25187500000007307 
0.21437500000007303 
0.5006250000000734 
0.33687500000007314 
0.20562500000007303 
0.5006250000000734 
0.25062500000007354 
0.2581250000000734 
0.29187500000007316 
0.33562500000007317 
0.25468750000007306 
0.25062500000007326 
0.25218750000007306 
0.20343750000007302 
0.5021875000000733 
0.23312500000007305 
0.2756250000000731 
0.35937500000007316 
0.2509375000000731 
0.2556250000000731 
0.2756250000000731 
0.2706250000000733 
0.33718750000007314 
0.21687500000007304 
0.2581250000000731 
0.25437500000007307 
0.20562500000007303 
0.25687500000007313 
0.33593750000007316 
0.2568750000000731 
0.2531250000000731 
0.34187500000007315 
0.173125000000073 
0.33468750000007313 
0.21812500000007304 
0.2559375000000731 
0.25718750000007307 
0.2634375000000731 
0.25937500000007313 
0.2768750000000732 
0.2593750000000731 
0.21093750000007302 
0.25468750000007306 
0.2643750000000731 
0.25437500000007307 
0.2593750000000731 
0.20343750000007302 
0.2556250000000731 
0.2609375000000731 
0.25468750000007306 
0.25562500000007315 
0.33968750000007314 
0.3193750000000738 
0.4131250000000733 
0.2606250000000731 
0.2643750000000731 
0.33562500000007317 
0.33859375000007313 
0.2531250000000731 
0.21812500000007304 
0.2706250000000731 
0.2581250000000731 
0.2531250000000731 
0.20218750000007302 
0.33437500000007314 
0.26937500000007314 
0.31062500000007337 
0.2556250000000731 
0.2581250000000731 
0.25437500000007307 
0.20312500000007302 
0.2573437500000731 
0.3656250000000733 
0.25359375000007306 
0.30312500000007314 
0.25109375000007306 
0.23562500000007305 
0.33937500000007315 
0.2656250000000732 
0.25109375000007306 
0.20343750000007302 
0.2559375000000731 
0.20562500000007303 
0.2893750000000732 
0.2596875000000731 
0.3381250000000732 
0.2568750000000731 
0.25968750000007307 
0.25187500000007307 
0.20437500000007303 
0.19312500000007302 
0.2531250000000731 
0.20343750000007302 
0.190625000000073 
0.2731250000000731 
0.25437500000007307 
0.2531250000000731 
0.27687500000007315 
0.2606250000000731 
0.2546875000000731 
0.33468750000007313 
0.33437500000007314 
0.20312500000007302 
0.2868750000000732 
0.2531250000000731 
0.3406250000000732 
0.33937500000007315 
0.3343750000000733 
0.2643750000000731 
0.20687500000007303 
0.5006250000000734 
0.25187500000007307 
0.25437500000007307 
