0.21562500000007304 
0.12718750000007295 
0.171875000000073 
0.174375000000073 
0.180625000000073 
0.165625000000073 
0.15187500000007298 
0.188125000000073 
0.21562500000007304 
0.177187500000073 
0.21437500000007303 
0.180625000000073 
0.12687500000007296 
0.163125000000073 
0.13562500000007296 
0.14187500000007297 
0.2568750000000734 
0.13437500000007296 
0.168125000000073 
0.179375000000073 
0.14312500000007297 
0.173125000000073 
0.15937500000007299 
0.20062500000007302 
0.190625000000073 
0.166875000000073 
0.170625000000073 
0.19437500000007302 
0.170625000000073 
0.171875000000073 
0.165625000000073 
0.14562500000007297 
0.20562500000007303 
0.189375000000073 
0.169375000000073 
0.13062500000007296 
0.13312500000007296 
0.173125000000073 
0.22312500000007304 
0.160625000000073 
0.180625000000073 
0.20562500000007303 
0.168437500000073 
0.12812500000007296 
0.13562500000007296 
0.13437500000007296 
0.3393750000000744 
0.12687500000007296 
0.20312500000007302 
0.173125000000073 
0.14812500000007298 
0.160625000000073 
0.28687500000007393 
0.186875000000073 
0.180625000000073 
0.165625000000073 
0.20687500000007303 
0.168437500000073 
0.174375000000073 
0.12937500000007296 
0.175625000000073 
0.188125000000073 
0.169375000000073 
0.161875000000073 
0.29312500000007324 
0.22187500000007304 
0.19312500000007302 
0.175625000000073 
0.14562500000007297 
0.169375000000073 
0.14437500000007297 
0.168125000000073 
0.166875000000073 
0.14937500000007298 
0.168125000000073 
0.15812500000007298 
0.169375000000073 
0.176875000000073 
0.15062500000007298 
0.13062500000007296 
0.15687500000007298 
0.25812500000007355 
0.25187500000007307 
0.168125000000073 
0.168125000000073 
0.15437500000007298 
0.13812500000007297 
0.2531250000000731 
0.25437500000007346 
0.169375000000073 
0.22437500000007304 
0.171875000000073 
0.20312500000007302 
0.168125000000073 
0.170625000000073 
0.160625000000073 
0.13312500000007296 
0.164375000000073 
0.19187500000007301 
0.19562500000007302 
0.170625000000073 
0.168125000000073 
0.166875000000073 
0.13562500000007296 
0.13437500000007296 
0.14562500000007297 
0.174375000000073 
0.21812500000007304 
0.169375000000073 
0.19937500000007302 
0.180625000000073 
0.15437500000007298 
0.173125000000073 
0.169375000000073 
0.11437500000007293 
0.174375000000073 
0.20562500000007303 
0.169375000000073 
0.22937500000007321 
0.168125000000073 
0.19562500000007302 
0.178125000000073 
0.19562500000007302 
0.15687500000007298 
0.15937500000007299 
0.171875000000073 
0.15187500000007298 
0.15062500000007298 
0.179375000000073 
0.14562500000007297 
0.15437500000007298 
0.173125000000073 
0.169375000000073 
0.15437500000007298 
0.189375000000073 
0.172187500000073 
0.15437500000007298 
0.25187500000007307 
0.169375000000073 
0.175625000000073 
0.20687500000007303 
0.13312500000007296 
0.168125000000073 
0.21312500000007303 
0.19562500000007302 
0.174375000000073 
0.170937500000073 
0.169375000000073 
0.24812500000007318 
0.190625000000073 
0.179375000000073 
0.20062500000007302 
0.15437500000007298 
0.12687500000007296 
0.174375000000073 
0.13562500000007296 
0.175625000000073 
0.169375000000073 
0.13187500000007296 
0.171875000000073 
0.14062500000007297 
0.14312500000007297 
0.183125000000073 
0.13187500000007296 
0.170625000000073 
0.19562500000007302 
0.15187500000007298 
0.170625000000073 
0.163125000000073 
0.19187500000007301 
0.21687500000007304 
0.21437500000007303 
0.13187500000007296 
0.168125000000073 
0.19312500000007302 
0.15937500000007299 
0.25187500000007307 
0.22312500000007304 
0.185937500000073 
0.2693750000000732 
0.176875000000073 
0.12812500000007296 
0.178125000000073 
0.174375000000073 
0.189375000000073 
0.165625000000073 
0.176875000000073 
0.13312500000007296 
0.13062500000007296 
0.15187500000007298 
0.163125000000073 
0.171875000000073 
0.25187500000007307 
0.171875000000073 
0.169687500000073 
0.188125000000073 
0.168437500000073 
0.163125000000073 
0.25187500000007307 
0.14437500000007297 
0.164375000000073 
0.161875000000073 
0.169375000000073 
0.14687500000007297 
0.13187500000007296 
0.184375000000073 
0.170625000000073 
0.14312500000007297 
0.163125000000073 
0.19312500000007302 
0.13687500000007297 
0.15062500000007298 
0.169375000000073 
0.14812500000007298 
0.170625000000073 
0.169375000000073 
0.168125000000073 
0.19187500000007301 
0.163125000000073 
0.160625000000073 
0.171875000000073 
0.184375000000073 
0.14187500000007297 
0.168437500000073 
0.14062500000007297 
0.2268750000000731 
0.169687500000073 
0.169687500000073 
0.19312500000007302 
0.15312500000007298 
0.14312500000007297 
0.8006250000000737 
0.168125000000073 
0.21062500000007303 
0.13937500000007297 
0.183125000000073 
0.19187500000007301 
0.168125000000073 
0.14562500000007297 
0.13687500000007297 
0.169375000000073 
0.21187500000007303 
0.188125000000073 
0.180625000000073 
0.169375000000073 
0.185625000000073 
0.171875000000073 
0.19937500000007302 
0.21687500000007304 
0.179375000000073 
0.180625000000073 
0.2531250000000731 
0.166875000000073 
0.2593750000000731 
0.171875000000073 
0.184375000000073 
0.178125000000073 
0.190625000000073 
0.15312500000007298 
0.24062500000007306 
0.168125000000073 
0.19687500000007302 
0.15187500000007298 
0.19437500000007302 
0.15312500000007298 
0.13062500000007296 
0.174375000000073 
0.15437500000007298 
0.168125000000073 
0.173125000000073 
0.20937500000007303 
0.174375000000073 
0.174375000000073 
0.21937500000007304 
0.13062500000007296 
0.168125000000073 
0.7868750000000737 
0.12812500000007296 
0.15687500000007298 
0.170625000000073 
0.168125000000073 
0.174375000000073 
0.15187500000007298 
0.188125000000073 
0.169375000000073 
0.13562500000007296 
0.15187500000007298 
0.13062500000007296 
0.23312500000007305 
0.21812500000007304 
0.24437500000007367 
0.19937500000007302 
0.168125000000073 
0.20562500000007303 
0.21937500000007304 
0.169375000000073 
0.166875000000073 
0.13937500000007297 
0.178125000000073 
0.21937500000007304 
