0.25062500000007315 
0.33437500000007314 
0.2659375000000731 
0.2534375000000731 
0.33937500000007315 
0.33437500000007314 
0.25218750000007306 
0.34437500000007315 
0.2556250000000731 
0.2556250000000731 
0.2534375000000731 
0.2568750000000731 
0.2509375000000731 
0.2523437500000731 
0.2756250000000731 
0.20437500000007303 
0.25218750000007306 
0.3484375000000732 
0.33562500000007317 
0.32312500000007316 
0.2546875000000731 
0.2831250000000731 
0.40187500000007326 
0.21437500000007303 
0.21937500000007304 
0.41062500000007346 
0.3143750000000733 
0.21312500000007303 
0.20687500000007303 
0.2606250000000733 
0.33609375000007313 
0.33843750000007317 
0.2546875000000731 
0.3168750000000732 
0.33468750000007313 
0.176875000000073 
0.183125000000073 
0.22312500000007304 
0.27187500000007314 
0.20968750000007302 
0.186875000000073 
0.33562500000007317 
0.26062500000007316 
0.27187500000007314 
0.2631250000000731 
0.36687500000007317 
0.32437500000007397 
0.2568750000000734 
0.20218750000007302 
0.25968750000007307 
0.2534375000000731 
0.2509375000000731 
0.25468750000007306 
0.33562500000007317 
0.20437500000007303 
0.33937500000007315 
0.5146875000000732 
0.2868750000000733 
0.33687500000007314 
0.2709375000000731 
0.3348437500000731 
0.2718750000000731 
0.3406250000000732 
0.25718750000007307 
0.2806250000000731 
0.21312500000007303 
0.25312500000007315 
0.21562500000007304 
0.3348437500000731 
0.33593750000007316 
0.2531250000000731 
0.20687500000007303 
0.33562500000007317 
0.202343750000073 
0.33687500000007314 
0.20937500000007303 
0.2509375000000731 
0.33593750000007316 
0.2534375000000731 
0.33562500000007317 
0.2509375000000731 
0.25359375000007306 
0.2606250000000731 
0.25187500000007307 
0.3431250000000732 
0.33468750000007313 
0.2606250000000731 
0.20843750000007302 
0.25187500000007307 
0.20187500000007302 
0.25218750000007306 
0.26687500000007314 
0.20437500000007303 
0.2668750000000731 
0.178125000000073 
0.2534375000000731 
0.2618750000000731 
0.25109375000007306 
0.21437500000007303 
0.2668750000000731 
0.2631250000000731 
0.20937500000007303 
0.201171875000073 
0.30187500000007317 
0.3393750000000733 
0.25437500000007307 
0.33562500000007317 
0.25187500000007307 
0.27937500000007315 
0.27812500000007323 
0.33437500000007314 
0.3218750000000732 
0.2509375000000731 
0.2981250000000732 
0.20687500000007303 
0.2531250000000731 
0.2581250000000732 
0.27687500000007326 
0.2718750000000731 
0.2731250000000731 
0.3506250000000732 
0.2509375000000731 
0.25359375000007306 
0.2856250000000738 
0.2534375000000731 
0.2784375000000731 
0.27687500000007315 
0.2843750000000734 
0.2509375000000731 
0.25468750000007306 
0.26812500000007333 
0.2581250000000731 
0.21687500000007304 
0.27937500000007315 
0.3496875000000732 
0.20687500000007303 
0.27687500000007315 
0.2534375000000731 
0.2531250000000731 
0.2631250000000731 
0.29437500000007316 
0.23937500000007306 
0.21437500000007303 
0.22312500000007304 
0.27687500000007326 
0.21812500000007304 
0.33312500000007395 
0.180625000000073 
0.25218750000007306 
0.33484375000007316 
0.33437500000007314 
0.33437500000007314 
0.2571875000000731 
0.2596875000000731 
0.19812500000007302 
0.20562500000007303 
0.25468750000007306 
0.2531250000000731 
0.3406250000000732 
0.2509375000000731 
0.3093750000000732 
0.2643750000000731 
0.2756250000000732 
0.21187500000007303 
0.25437500000007307 
0.26218750000007307 
0.2693750000000731 
0.2618750000000731 
0.2584375000000731 
0.28687500000007315 
0.2509375000000731 
0.25187500000007307 
0.34343750000007317 
0.25218750000007306 
0.2668750000000734 
0.33562500000007317 
0.2631250000000731 
0.174375000000073 
0.35187500000007316 
0.33593750000007316 
0.26687500000007325 
0.20562500000007303 
0.2681250000000731 
0.26312500000007316 
0.2506250000000731 
0.34937500000007315 
0.21562500000007304 
0.2518750000000733 
0.25437500000007307 
0.25968750000007307 
0.26562500000007316 
0.2509375000000731 
0.22687500000007305 
0.21937500000007304 
0.2621875000000731 
0.26937500000007314 
0.25187500000007307 
0.25187500000007307 
0.2581250000000731 
0.20687500000007303 
0.20437500000007303 
0.22187500000007304 
0.2618750000000731 
0.33468750000007313 
0.22687500000007305 
0.3443750000000732 
0.3443750000000732 
0.33562500000007317 
0.21312500000007303 
0.33437500000007314 
0.3406250000000732 
0.3681250000000741 
0.25468750000007306 
0.2523437500000731 
0.3534375000000732 
0.33937500000007315 
0.3596875000000732 
0.188125000000073 
0.27437500000007314 
0.21937500000007304 
0.33843750000007317 
0.27437500000007314 
0.2568750000000731 
0.33437500000007314 
0.2756250000000731 
0.20562500000007303 
0.33843750000007317 
0.2559375000000731 
0.33687500000007314 
0.2534375000000731 
0.22687500000007305 
0.26687500000007314 
0.25437500000007307 
0.33687500000007314 
0.33593750000007316 
0.2531250000000731 
0.33687500000007314 
0.2668750000000731 
0.33437500000007314 
0.20312500000007302 
0.33437500000007314 
0.2618750000000731 
0.20312500000007302 
0.3471875000000732 
0.21187500000007303 
0.20687500000007303 
0.25437500000007307 
0.33437500000007314 
0.2656250000000732 
0.3431250000000732 
0.21437500000007303 
0.33687500000007314 
0.27187500000007314 
0.20187500000007302 
0.40562500000007323 
0.176875000000073 
0.2593750000000731 
0.202343750000073 
0.33468750000007313 
0.30187500000007317 
0.2593750000000731 
0.2559375000000731 
0.21562500000007304 
0.33843750000007317 
0.2531250000000731 
0.21062500000007303 
0.29062500000007313 
0.2593750000000731 
0.2568750000000731 
0.33593750000007316 
0.24062500000007306 
0.25718750000007307 
0.20312500000007302 
0.2731250000000731 
0.26812500000007317 
0.33468750000007313 
0.2631250000000731 
0.33437500000007314 
0.34343750000007317 
0.25187500000007307 
0.33593750000007316 
0.33437500000007314 
0.25437500000007307 
0.5009375000000733 
0.2621875000000731 
0.5006250000000734 
0.2868750000000731 
0.25109375000007306 
0.23937500000007306 
0.2509375000000731 
0.2581250000000731 
0.2693750000000731 
0.2656250000000731 
0.21937500000007304 
0.20312500000007302 
0.23187500000007305 
0.33593750000007316 
0.33593750000007316 
0.2559375000000731 
0.21437500000007303 
