0.33562500000007317 
0.33593750000007316 
0.25187500000007307 
0.3443750000000732 
0.26437500000007313 
0.22062500000007304 
0.2534375000000731 
0.25437500000007307 
0.2634375000000731 
0.25359375000007306 
0.5018750000000733 
0.20843750000007302 
0.33937500000007315 
0.2631250000000731 
0.2631250000000731 
0.28937500000007316 
0.33593750000007316 
0.34187500000007315 
0.33562500000007317 
0.33468750000007313 
0.20718750000007302 
0.25937500000007313 
0.26437500000007313 
0.33562500000007317 
0.2568750000000731 
0.2631250000000731 
0.3456250000000732 
0.23562500000007305 
0.3156250000000734 
0.2543750000000732 
0.34687500000007315 
0.170625000000073 
0.2509375000000731 
0.20093750000007302 
0.2568750000000731 
0.3931250000000732 
0.2606250000000731 
0.3381250000000732 
0.25968750000007307 
0.21218750000007303 
0.3381250000000732 
0.2534375000000731 
0.2534375000000731 
0.3406250000000732 
0.2831250000000732 
0.2684375000000731 
0.33593750000007316 
0.21062500000007303 
0.2643750000000731 
0.25437500000007307 
0.25437500000007307 
0.33937500000007315 
0.33968750000007314 
0.3506250000000737 
0.2531250000000731 
0.22812500000007305 
0.2643750000000731 
0.25187500000007307 
0.26937500000007314 
0.26687500000007314 
0.25187500000007323 
0.3393750000000732 
0.27062500000007317 
0.174375000000073 
0.21093750000007302 
0.2643750000000731 
0.25312500000007315 
0.3381250000000732 
0.22812500000007305 
0.33859375000007313 
0.2531250000000731 
0.33562500000007317 
0.2556250000000731 
0.25187500000007307 
0.25359375000007306 
0.29187500000007316 
0.25187500000007307 
0.201093750000073 
0.31562500000007315 
0.33468750000007313 
0.2656250000000731 
0.174375000000073 
0.29437500000007316 
0.2584375000000731 
0.27937500000007315 
0.2581250000000731 
0.20187500000007302 
0.5118750000000734 
0.25359375000007306 
0.25187500000007307 
0.2606250000000731 
0.20093750000007302 
0.20562500000007303 
0.3593750000000732 
0.33937500000007315 
0.174375000000073 
0.33562500000007384 
0.2531250000000731 
0.161875000000073 
0.25109375000007306 
0.22687500000007305 
0.21062500000007303 
0.22062500000007304 
0.2559375000000731 
0.3348437500000731 
0.2534375000000731 
0.21937500000007304 
0.25437500000007324 
0.29468750000007315 
0.2868750000000736 
0.2534375000000731 
0.3293750000000732 
0.25109375000007306 
0.2618750000000731 
0.21437500000007303 
0.38562500000007327 
0.3556250000000732 
0.30687500000007395 
0.2531250000000731 
0.25218750000007306 
0.20312500000007302 
0.25812500000007316 
0.33734375000007316 
0.3743750000000732 
0.180625000000073 
0.2509375000000731 
0.2559375000000731 
0.3456250000000732 
0.2631250000000731 
0.29687500000007333 
0.27562500000007323 
0.2534375000000731 
0.36187500000007317 
0.2534375000000731 
0.33937500000007315 
0.3431250000000732 
0.2568750000000731 
0.33593750000007316 
0.2534375000000731 
0.3243750000000733 
0.3406250000000732 
0.29812500000007314 
0.2693750000000731 
0.2568750000000731 
0.21687500000007304 
0.2656250000000731 
0.3181250000000733 
0.3381250000000732 
0.34093750000007317 
0.21062500000007303 
0.2556250000000731 
0.33437500000007314 
0.5281250000000733 
0.33437500000007314 
0.33687500000007314 
0.33593750000007316 
0.23062500000007305 
0.20062500000007302 
0.26718750000007313 
0.2534375000000731 
0.35437500000007316 
0.20312500000007302 
0.2593750000000731 
0.2668750000000733 
0.2706250000000731 
0.2643750000000731 
0.2634375000000731 
0.25187500000007307 
0.5018750000000733 
0.20343750000007302 
0.19187500000007301 
0.2556250000000731 
0.25187500000007307 
0.40687500000007376 
0.20562500000007303 
0.34437500000007315 
0.5043750000000733 
0.20562500000007303 
0.24312500000007323 
0.2681250000000731 
0.20937500000007303 
0.20187500000007302 
0.25218750000007306 
0.19937500000007302 
0.2606250000000731 
0.24062500000007306 
0.20437500000007303 
0.2568750000000731 
0.34687500000007315 
0.20687500000007303 
0.2584375000000731 
0.33937500000007315 
0.25187500000007307 
0.25218750000007323 
0.25187500000007307 
0.25437500000007307 
0.29937500000007317 
0.21437500000007303 
0.2681250000000731 
0.20187500000007302 
0.21812500000007304 
0.33687500000007314 
0.2571875000000731 
0.28687500000007315 
0.25187500000007307 
0.20343750000007302 
0.2581250000000731 
0.21437500000007303 
0.25687500000007313 
0.20562500000007303 
0.2668750000000731 
0.2856250000000733 
0.173437500000073 
0.25218750000007306 
0.2631250000000731 
0.25109375000007306 
0.2518750000000731 
0.24812500000007312 
0.2559375000000731 
0.26437500000007313 
0.27437500000007314 
0.3031250000000734 
0.2693750000000731 
0.2693750000000731 
0.14687500000007297 
0.21687500000007304 
0.34187500000007315 
0.35437500000007316 
0.2543750000000731 
0.27437500000007314 
0.27718750000007314 
0.2556250000000733 
0.21687500000007304 
0.30187500000007317 
0.22187500000007304 
0.2581250000000731 
0.25187500000007307 
0.28937500000007316 
0.2568750000000731 
0.20562500000007303 
0.26937500000007325 
0.33437500000007314 
0.26437500000007313 
0.5093750000000733 
0.25187500000007307 
0.2593750000000731 
0.27687500000007315 
0.25218750000007306 
0.3481250000000739 
0.20187500000007302 
0.20437500000007303 
0.33687500000007314 
0.37937500000007396 
0.3381250000000732 
0.33593750000007316 
0.2743750000000732 
0.25437500000007307 
0.27437500000007314 
0.21562500000007304 
0.2709375000000731 
0.25437500000007307 
0.2571875000000731 
0.2581250000000731 
0.5306250000000752 
0.21093750000007302 
0.22187500000007304 
0.25437500000007307 
0.25359375000007306 
0.24437500000007306 
0.2568750000000731 
0.33562500000007317 
0.21687500000007304 
0.33562500000007317 
0.2793750000000734 
0.2931250000000732 
0.33718750000007314 
0.30062500000007325 
0.25437500000007307 
0.22437500000007304 
0.21437500000007303 
0.20468750000007302 
0.27687500000007315 
0.2681250000000731 
0.2518750000000731 
0.28562500000007385 
0.26468750000007313 
0.2509375000000731 
0.33437500000007314 
0.33593750000007316 
0.33968750000007314 
0.20093750000007302 
0.25187500000007307 
0.5006250000000734 
0.2618750000000731 
0.25109375000007306 
0.25187500000007307 
0.25359375000007306 
0.2568750000000731 
0.22687500000007305 
0.2618750000000731 
